/*--------------------------------*- C++ -*----------------------------------*\
  =========                 |
  \\      /  F ield         | OpenFOAM: The Open Source CFD Toolbox
   \\    /   O peration     | Website:  https://openfoam.org
    \\  /    A nd           | Version:  dev
     \\/     M anipulation  |
\*---------------------------------------------------------------------------*/
FoamFile
{
    format      ascii;
    class       volScalarField;
    location    "1";
    object      p;
}
// * * * * * * * * * * * * * * * * * * * * * * * * * * * * * * * * * * * * * //

dimensions      [0 2 -2 0 0 0 0];

internalField   nonuniform List<scalar> 
4000
(
0.00683508
0.00656898
0.00632184
0.00610791
0.00594348
0.00583273
0.00577258
0.00575939
0.0057574
0.00571841
0.00564406
0.00557634
0.00553814
0.00551275
0.00548007
0.00543988
0.00540069
0.00536543
0.00533196
0.00529874
0.005266
0.00523417
0.00520311
0.00517251
0.0051422
0.00511211
0.00508217
0.00505235
0.00502262
0.00499295
0.00496334
0.00493378
0.00490425
0.00487476
0.00484531
0.00481587
0.00478647
0.00475708
0.0047277
0.00469835
0.004669
0.00463967
0.00461034
0.00458102
0.00455171
0.00452241
0.00449311
0.00446382
0.00443452
0.00440523
0.00437595
0.00434667
0.00431738
0.0042881
0.00425883
0.00422955
0.00420027
0.004171
0.00414172
0.00411245
0.00408318
0.0040539
0.00402463
0.00399536
0.00396609
0.00393682
0.00390755
0.00387827
0.003849
0.00381973
0.00379046
0.00376119
0.00373192
0.00370265
0.00367338
0.00364411
0.00361484
0.00358557
0.0035563
0.00352703
0.00349776
0.00346849
0.00343922
0.00340995
0.00338069
0.00335142
0.00332215
0.00329288
0.00326361
0.00323434
0.00320507
0.0031758
0.00314653
0.00311726
0.00308799
0.00305872
0.00302945
0.00300018
0.00297091
0.00294164
0.00291237
0.0028831
0.00285383
0.00282456
0.00279529
0.00276602
0.00273675
0.00270748
0.00267821
0.00264894
0.00261967
0.0025904
0.00256113
0.00253186
0.00250259
0.00247332
0.00244405
0.00241478
0.00238551
0.00235624
0.00232697
0.0022977
0.00226843
0.00223916
0.00220989
0.00218062
0.00215135
0.00212208
0.00209281
0.00206354
0.00203427
0.002005
0.00197573
0.00194646
0.00191719
0.00188792
0.00185865
0.00182938
0.00180011
0.00177083
0.00174156
0.00171229
0.00168302
0.00165375
0.00162448
0.00159521
0.00156594
0.00153667
0.0015074
0.00147813
0.00144886
0.00141959
0.00139032
0.00136105
0.00133178
0.00130251
0.00127324
0.00124397
0.0012147
0.00118544
0.00115617
0.0011269
0.00109763
0.00106836
0.00103909
0.00100982
0.00098055
0.00095128
0.00092201
0.00089274
0.000863471
0.000834201
0.000804931
0.000775661
0.000746392
0.000717122
0.000687853
0.000658583
0.000629314
0.000600044
0.000570774
0.000541504
0.000512234
0.000482964
0.000453694
0.000424424
0.000395153
0.000365883
0.000336612
0.000307342
0.000278071
0.000248801
0.00021953
0.000190259
0.000160989
0.000131718
0.000102447
7.31767e-05
4.3906e-05
1.46353e-05
0.00635533
0.00628511
0.00619134
0.00607684
0.00595836
0.00585247
0.00576786
0.00572287
0.00571769
0.00570447
0.00564814
0.00557779
0.00553126
0.00550486
0.00547557
0.00543729
0.00539815
0.0053629
0.00532996
0.00529734
0.00526502
0.00523347
0.00520262
0.0051722
0.00514201
0.00511199
0.0050821
0.00505231
0.0050226
0.00499294
0.00496333
0.00493377
0.00490425
0.00487476
0.0048453
0.00481587
0.00478646
0.00475707
0.0047277
0.00469834
0.004669
0.00463966
0.00461034
0.00458102
0.00455171
0.00452241
0.00449311
0.00446381
0.00443452
0.00440523
0.00437595
0.00434666
0.00431738
0.0042881
0.00425883
0.00422955
0.00420027
0.004171
0.00414172
0.00411245
0.00408318
0.0040539
0.00402463
0.00399536
0.00396609
0.00393682
0.00390755
0.00387827
0.003849
0.00381973
0.00379046
0.00376119
0.00373192
0.00370265
0.00367338
0.00364411
0.00361484
0.00358557
0.0035563
0.00352703
0.00349776
0.00346849
0.00343922
0.00340995
0.00338069
0.00335142
0.00332215
0.00329288
0.00326361
0.00323434
0.00320507
0.0031758
0.00314653
0.00311726
0.00308799
0.00305872
0.00302945
0.00300018
0.00297091
0.00294164
0.00291237
0.0028831
0.00285383
0.00282456
0.00279529
0.00276602
0.00273675
0.00270748
0.00267821
0.00264894
0.00261967
0.0025904
0.00256113
0.00253186
0.00250259
0.00247332
0.00244405
0.00241478
0.00238551
0.00235624
0.00232697
0.0022977
0.00226843
0.00223916
0.00220989
0.00218062
0.00215135
0.00212208
0.00209281
0.00206354
0.00203427
0.002005
0.00197573
0.00194646
0.00191719
0.00188792
0.00185865
0.00182938
0.00180011
0.00177083
0.00174156
0.00171229
0.00168302
0.00165375
0.00162448
0.00159521
0.00156594
0.00153667
0.0015074
0.00147813
0.00144886
0.00141959
0.00139032
0.00136105
0.00133178
0.00130251
0.00127324
0.00124397
0.0012147
0.00118544
0.00115617
0.0011269
0.00109763
0.00106836
0.00103909
0.00100982
0.00098055
0.00095128
0.00092201
0.00089274
0.00086347
0.000834201
0.000804931
0.000775661
0.000746392
0.000717122
0.000687853
0.000658583
0.000629314
0.000600044
0.000570774
0.000541504
0.000512234
0.000482964
0.000453694
0.000424424
0.000395153
0.000365883
0.000336612
0.000307342
0.000278071
0.000248801
0.00021953
0.000190259
0.000160989
0.000131718
0.000102447
7.31766e-05
4.3906e-05
1.46353e-05
0.00625197
0.00621166
0.00614874
0.00606221
0.00596417
0.00586922
0.00577991
0.00571629
0.00569839
0.00569359
0.00565371
0.00558695
0.00553362
0.00550311
0.00547555
0.0054398
0.00540124
0.00536573
0.00533274
0.00530016
0.00526763
0.00523563
0.0052043
0.00517343
0.00514287
0.00511256
0.00508246
0.00505253
0.00502271
0.00499299
0.00496335
0.00493377
0.00490423
0.00487474
0.00484528
0.00481585
0.00478644
0.00475705
0.00472768
0.00469833
0.00466899
0.00463965
0.00461033
0.00458101
0.00455171
0.0045224
0.0044931
0.00446381
0.00443452
0.00440523
0.00437595
0.00434666
0.00431738
0.0042881
0.00425882
0.00422955
0.00420027
0.004171
0.00414172
0.00411245
0.00408317
0.0040539
0.00402463
0.00399536
0.00396609
0.00393682
0.00390755
0.00387827
0.003849
0.00381973
0.00379046
0.00376119
0.00373192
0.00370265
0.00367338
0.00364411
0.00361484
0.00358557
0.0035563
0.00352703
0.00349776
0.00346849
0.00343922
0.00340995
0.00338069
0.00335142
0.00332215
0.00329288
0.00326361
0.00323434
0.00320507
0.0031758
0.00314653
0.00311726
0.00308799
0.00305872
0.00302945
0.00300018
0.00297091
0.00294164
0.00291237
0.0028831
0.00285383
0.00282456
0.00279529
0.00276602
0.00273675
0.00270748
0.00267821
0.00264894
0.00261967
0.0025904
0.00256113
0.00253186
0.00250259
0.00247332
0.00244405
0.00241478
0.00238551
0.00235624
0.00232697
0.0022977
0.00226843
0.00223916
0.00220989
0.00218062
0.00215135
0.00212208
0.00209281
0.00206354
0.00203427
0.002005
0.00197573
0.00194646
0.00191719
0.00188792
0.00185865
0.00182938
0.00180011
0.00177083
0.00174156
0.00171229
0.00168302
0.00165375
0.00162448
0.00159521
0.00156594
0.00153667
0.0015074
0.00147813
0.00144886
0.00141959
0.00139032
0.00136105
0.00133178
0.00130251
0.00127324
0.00124397
0.0012147
0.00118544
0.00115617
0.0011269
0.00109763
0.00106836
0.00103909
0.00100982
0.00098055
0.00095128
0.00092201
0.00089274
0.00086347
0.000834201
0.000804931
0.000775661
0.000746392
0.000717122
0.000687853
0.000658583
0.000629314
0.000600044
0.000570774
0.000541504
0.000512234
0.000482964
0.000453694
0.000424424
0.000395153
0.000365883
0.000336612
0.000307342
0.000278071
0.000248801
0.00021953
0.000190259
0.000160989
0.000131718
0.000102447
7.31766e-05
4.3906e-05
1.46353e-05
0.00610424
0.0060784
0.00603782
0.00598104
0.0059116
0.0058411
0.00577137
0.00570845
0.00567297
0.00565976
0.00563301
0.0055808
0.00552831
0.00549285
0.00546483
0.00543214
0.00539571
0.00536079
0.00532831
0.00529661
0.00526496
0.00523364
0.00520281
0.00517234
0.0051421
0.00511203
0.00508209
0.00505226
0.00502252
0.00499284
0.00496323
0.00493367
0.00490415
0.00487467
0.00484522
0.0048158
0.0047864
0.00475702
0.00472765
0.0046983
0.00466896
0.00463963
0.00461031
0.004581
0.00455169
0.00452239
0.00449309
0.0044638
0.00443451
0.00440522
0.00437594
0.00434666
0.00431738
0.0042881
0.00425882
0.00422954
0.00420027
0.00417099
0.00414172
0.00411245
0.00408317
0.0040539
0.00402463
0.00399536
0.00396609
0.00393682
0.00390754
0.00387827
0.003849
0.00381973
0.00379046
0.00376119
0.00373192
0.00370265
0.00367338
0.00364411
0.00361484
0.00358557
0.0035563
0.00352703
0.00349776
0.00346849
0.00343922
0.00340995
0.00338069
0.00335142
0.00332215
0.00329288
0.00326361
0.00323434
0.00320507
0.0031758
0.00314653
0.00311726
0.00308799
0.00305872
0.00302945
0.00300018
0.00297091
0.00294164
0.00291237
0.0028831
0.00285383
0.00282456
0.00279529
0.00276602
0.00273675
0.00270748
0.00267821
0.00264894
0.00261967
0.0025904
0.00256113
0.00253186
0.00250259
0.00247332
0.00244405
0.00241478
0.00238551
0.00235624
0.00232697
0.0022977
0.00226843
0.00223916
0.00220989
0.00218062
0.00215135
0.00212208
0.00209281
0.00206354
0.00203427
0.002005
0.00197573
0.00194646
0.00191719
0.00188792
0.00185865
0.00182938
0.00180011
0.00177083
0.00174156
0.00171229
0.00168302
0.00165375
0.00162448
0.00159521
0.00156594
0.00153667
0.0015074
0.00147813
0.00144886
0.00141959
0.00139032
0.00136105
0.00133178
0.00130251
0.00127324
0.00124397
0.0012147
0.00118544
0.00115617
0.0011269
0.00109763
0.00106836
0.00103909
0.00100982
0.00098055
0.00095128
0.00092201
0.00089274
0.00086347
0.000834201
0.000804931
0.000775661
0.000746392
0.000717122
0.000687853
0.000658583
0.000629314
0.000600044
0.000570774
0.000541504
0.000512234
0.000482964
0.000453694
0.000424424
0.000395153
0.000365883
0.000336612
0.000307342
0.000278071
0.000248801
0.00021953
0.000190259
0.000160989
0.000131718
0.000102447
7.31766e-05
4.3906e-05
1.46353e-05
0.00601742
0.00600183
0.00597474
0.00593556
0.00588396
0.00582799
0.005771
0.00571272
0.00566737
0.00564355
0.00562115
0.00558085
0.0055325
0.00549345
0.00546315
0.00543195
0.00539732
0.0053627
0.00532988
0.00529799
0.00526625
0.00523471
0.00520359
0.00517286
0.00514241
0.00511217
0.00508212
0.00505222
0.00502244
0.00499274
0.00496313
0.00493357
0.00490406
0.00487458
0.00484514
0.00481573
0.00478634
0.00475696
0.00472761
0.00469826
0.00466893
0.0046396
0.00461029
0.00458098
0.00455167
0.00452238
0.00449308
0.00446379
0.0044345
0.00440522
0.00437593
0.00434665
0.00431737
0.00428809
0.00425882
0.00422954
0.00420027
0.00417099
0.00414172
0.00411245
0.00408317
0.0040539
0.00402463
0.00399536
0.00396609
0.00393681
0.00390754
0.00387827
0.003849
0.00381973
0.00379046
0.00376119
0.00373192
0.00370265
0.00367338
0.00364411
0.00361484
0.00358557
0.0035563
0.00352703
0.00349776
0.00346849
0.00343922
0.00340995
0.00338069
0.00335142
0.00332215
0.00329288
0.00326361
0.00323434
0.00320507
0.0031758
0.00314653
0.00311726
0.00308799
0.00305872
0.00302945
0.00300018
0.00297091
0.00294164
0.00291237
0.0028831
0.00285383
0.00282456
0.00279529
0.00276602
0.00273675
0.00270748
0.00267821
0.00264894
0.00261967
0.0025904
0.00256113
0.00253186
0.00250259
0.00247332
0.00244405
0.00241478
0.00238551
0.00235624
0.00232697
0.0022977
0.00226843
0.00223916
0.00220989
0.00218062
0.00215135
0.00212208
0.00209281
0.00206354
0.00203427
0.002005
0.00197573
0.00194646
0.00191719
0.00188792
0.00185865
0.00182938
0.00180011
0.00177083
0.00174156
0.00171229
0.00168302
0.00165375
0.00162448
0.00159521
0.00156594
0.00153667
0.0015074
0.00147813
0.00144886
0.00141959
0.00139032
0.00136105
0.00133178
0.00130251
0.00127324
0.00124397
0.0012147
0.00118544
0.00115617
0.0011269
0.00109763
0.00106836
0.00103909
0.00100982
0.00098055
0.00095128
0.00092201
0.00089274
0.00086347
0.000834201
0.000804931
0.000775661
0.000746392
0.000717122
0.000687853
0.000658583
0.000629314
0.000600044
0.000570774
0.000541505
0.000512235
0.000482964
0.000453694
0.000424424
0.000395153
0.000365883
0.000336612
0.000307342
0.000278071
0.000248801
0.00021953
0.000190259
0.000160989
0.000131718
0.000102447
7.31766e-05
4.3906e-05
1.46353e-05
0.00594366
0.00593175
0.00591034
0.0058799
0.00583975
0.00579398
0.0057469
0.0056982
0.00565412
0.00562374
0.00559973
0.00556664
0.00552473
0.0054859
0.005454
0.00542352
0.0053909
0.00535763
0.00532547
0.00529425
0.0052633
0.00523246
0.00520188
0.00517157
0.00514144
0.00511145
0.00508157
0.00505179
0.0050221
0.00499247
0.00496291
0.00493338
0.0049039
0.00487445
0.00484503
0.00481563
0.00478626
0.00475689
0.00472755
0.00469821
0.00466888
0.00463957
0.00461025
0.00458095
0.00455165
0.00452235
0.00449306
0.00446377
0.00443449
0.00440521
0.00437592
0.00434664
0.00431737
0.00428809
0.00425881
0.00422954
0.00420026
0.00417099
0.00414172
0.00411244
0.00408317
0.0040539
0.00402463
0.00399536
0.00396608
0.00393681
0.00390754
0.00387827
0.003849
0.00381973
0.00379046
0.00376119
0.00373192
0.00370265
0.00367338
0.00364411
0.00361484
0.00358557
0.0035563
0.00352703
0.00349776
0.00346849
0.00343922
0.00340995
0.00338069
0.00335142
0.00332215
0.00329288
0.00326361
0.00323434
0.00320507
0.0031758
0.00314653
0.00311726
0.00308799
0.00305872
0.00302945
0.00300018
0.00297091
0.00294164
0.00291237
0.0028831
0.00285383
0.00282456
0.00279529
0.00276602
0.00273675
0.00270748
0.00267821
0.00264894
0.00261967
0.0025904
0.00256113
0.00253186
0.00250259
0.00247332
0.00244405
0.00241478
0.00238551
0.00235624
0.00232697
0.0022977
0.00226843
0.00223916
0.00220989
0.00218062
0.00215135
0.00212208
0.00209281
0.00206354
0.00203427
0.002005
0.00197573
0.00194646
0.00191719
0.00188792
0.00185865
0.00182938
0.00180011
0.00177083
0.00174156
0.00171229
0.00168302
0.00165375
0.00162448
0.00159521
0.00156594
0.00153667
0.0015074
0.00147813
0.00144886
0.00141959
0.00139032
0.00136105
0.00133178
0.00130251
0.00127324
0.00124397
0.0012147
0.00118544
0.00115617
0.0011269
0.00109763
0.00106836
0.00103909
0.00100982
0.000980549
0.00095128
0.00092201
0.00089274
0.00086347
0.000834201
0.000804931
0.000775662
0.000746392
0.000717123
0.000687853
0.000658584
0.000629314
0.000600044
0.000570774
0.000541505
0.000512235
0.000482964
0.000453694
0.000424424
0.000395153
0.000365883
0.000336612
0.000307342
0.000278071
0.000248801
0.00021953
0.000190259
0.000160989
0.000131718
0.000102447
7.31766e-05
4.3906e-05
1.46353e-05
0.00588332
0.00587438
0.00585773
0.00583407
0.00580295
0.00576604
0.00572717
0.00568683
0.00564682
0.00561344
0.00558645
0.00555677
0.00552059
0.0054838
0.0054511
0.00542054
0.00538907
0.00535675
0.00532487
0.00529368
0.00526281
0.00523206
0.0052015
0.00517118
0.00514105
0.00511107
0.00508122
0.00505147
0.00502181
0.00499221
0.00496267
0.00493318
0.00490373
0.0048743
0.0048449
0.00481552
0.00478616
0.00475681
0.00472747
0.00469815
0.00466883
0.00463952
0.00461022
0.00458092
0.00455162
0.00452233
0.00449304
0.00446376
0.00443447
0.00440519
0.00437591
0.00434663
0.00431736
0.00428808
0.00425881
0.00422953
0.00420026
0.00417099
0.00414171
0.00411244
0.00408317
0.0040539
0.00402463
0.00399535
0.00396608
0.00393681
0.00390754
0.00387827
0.003849
0.00381973
0.00379046
0.00376119
0.00373192
0.00370265
0.00367338
0.00364411
0.00361484
0.00358557
0.0035563
0.00352703
0.00349776
0.00346849
0.00343922
0.00340995
0.00338069
0.00335142
0.00332215
0.00329288
0.00326361
0.00323434
0.00320507
0.0031758
0.00314653
0.00311726
0.00308799
0.00305872
0.00302945
0.00300018
0.00297091
0.00294164
0.00291237
0.0028831
0.00285383
0.00282456
0.00279529
0.00276602
0.00273675
0.00270748
0.00267821
0.00264894
0.00261967
0.0025904
0.00256113
0.00253186
0.00250259
0.00247332
0.00244405
0.00241478
0.00238551
0.00235624
0.00232697
0.0022977
0.00226843
0.00223916
0.00220989
0.00218062
0.00215135
0.00212208
0.00209281
0.00206354
0.00203427
0.002005
0.00197573
0.00194646
0.00191719
0.00188792
0.00185865
0.00182938
0.00180011
0.00177083
0.00174156
0.00171229
0.00168302
0.00165375
0.00162448
0.00159521
0.00156594
0.00153667
0.0015074
0.00147813
0.00144886
0.00141959
0.00139032
0.00136105
0.00133178
0.00130251
0.00127324
0.00124397
0.0012147
0.00118544
0.00115617
0.0011269
0.00109763
0.00106836
0.00103909
0.00100982
0.000980549
0.00095128
0.00092201
0.00089274
0.000863471
0.000834201
0.000804931
0.000775662
0.000746392
0.000717123
0.000687853
0.000658584
0.000629314
0.000600044
0.000570775
0.000541505
0.000512235
0.000482964
0.000453694
0.000424424
0.000395153
0.000365883
0.000336612
0.000307342
0.000278071
0.000248801
0.00021953
0.000190259
0.000160989
0.000131718
0.000102447
7.31766e-05
4.3906e-05
1.46353e-05
0.00583348
0.00582647
0.00581311
0.00579388
0.0057687
0.00573825
0.00570503
0.00567009
0.00563416
0.00560103
0.00557246
0.005544
0.00551157
0.00547727
0.00544483
0.0054143
0.00538372
0.00535252
0.0053214
0.00529074
0.00526037
0.00523011
0.00519995
0.00516994
0.00514006
0.00511027
0.00508057
0.00505094
0.00502137
0.00499185
0.00496237
0.00493293
0.00490351
0.00487412
0.00484474
0.00481539
0.00478604
0.00475671
0.00472739
0.00469808
0.00466877
0.00463947
0.00461017
0.00458088
0.00455159
0.0045223
0.00449302
0.00446374
0.00443446
0.00440518
0.0043759
0.00434662
0.00431735
0.00428807
0.0042588
0.00422953
0.00420025
0.00417098
0.00414171
0.00411244
0.00408317
0.00405389
0.00402462
0.00399535
0.00396608
0.00393681
0.00390754
0.00387827
0.003849
0.00381973
0.00379046
0.00376119
0.00373192
0.00370265
0.00367338
0.00364411
0.00361484
0.00358557
0.0035563
0.00352703
0.00349776
0.00346849
0.00343922
0.00340995
0.00338069
0.00335142
0.00332215
0.00329288
0.00326361
0.00323434
0.00320507
0.0031758
0.00314653
0.00311726
0.00308799
0.00305872
0.00302945
0.00300018
0.00297091
0.00294164
0.00291237
0.0028831
0.00285383
0.00282456
0.00279529
0.00276602
0.00273675
0.00270748
0.00267821
0.00264894
0.00261967
0.0025904
0.00256113
0.00253186
0.00250259
0.00247332
0.00244405
0.00241478
0.00238551
0.00235624
0.00232697
0.0022977
0.00226843
0.00223916
0.00220989
0.00218062
0.00215135
0.00212208
0.00209281
0.00206354
0.00203427
0.002005
0.00197573
0.00194646
0.00191719
0.00188792
0.00185865
0.00182938
0.00180011
0.00177083
0.00174156
0.00171229
0.00168302
0.00165375
0.00162448
0.00159521
0.00156594
0.00153667
0.0015074
0.00147813
0.00144886
0.00141959
0.00139032
0.00136105
0.00133178
0.00130251
0.00127324
0.00124397
0.0012147
0.00118544
0.00115617
0.0011269
0.00109763
0.00106836
0.00103909
0.00100982
0.000980549
0.00095128
0.00092201
0.00089274
0.000863471
0.000834201
0.000804931
0.000775662
0.000746392
0.000717123
0.000687853
0.000658584
0.000629314
0.000600044
0.000570775
0.000541505
0.000512235
0.000482965
0.000453694
0.000424424
0.000395153
0.000365883
0.000336612
0.000307342
0.000278071
0.000248801
0.00021953
0.000190259
0.000160989
0.000131718
0.000102447
7.31766e-05
4.3906e-05
1.46353e-05
0.0057915
0.00578578
0.00577473
0.0057586
0.00573758
0.00571198
0.00568324
0.00565257
0.00562057
0.00558926
0.00556059
0.00553281
0.0055029
0.00547106
0.00543969
0.00540955
0.00537966
0.00534935
0.0053189
0.00528865
0.0052586
0.00522864
0.00519874
0.00516892
0.00513919
0.00510954
0.00507995
0.00505041
0.00502092
0.00499147
0.00496204
0.00493265
0.00490327
0.00487392
0.00484457
0.00481524
0.00478592
0.00475661
0.0047273
0.004698
0.0046687
0.00463941
0.00461012
0.00458084
0.00455155
0.00452227
0.00449299
0.00446372
0.00443444
0.00440516
0.00437589
0.00434661
0.00431734
0.00428807
0.00425879
0.00422952
0.00420025
0.00417098
0.00414171
0.00411243
0.00408316
0.00405389
0.00402462
0.00399535
0.00396608
0.00393681
0.00390754
0.00387827
0.003849
0.00381973
0.00379046
0.00376119
0.00373192
0.00370265
0.00367338
0.00364411
0.00361484
0.00358557
0.0035563
0.00352703
0.00349776
0.00346849
0.00343922
0.00340995
0.00338068
0.00335142
0.00332215
0.00329288
0.00326361
0.00323434
0.00320507
0.0031758
0.00314653
0.00311726
0.00308799
0.00305872
0.00302945
0.00300018
0.00297091
0.00294164
0.00291237
0.0028831
0.00285383
0.00282456
0.00279529
0.00276602
0.00273675
0.00270748
0.00267821
0.00264894
0.00261967
0.0025904
0.00256113
0.00253186
0.00250259
0.00247332
0.00244405
0.00241478
0.00238551
0.00235624
0.00232697
0.0022977
0.00226843
0.00223916
0.00220989
0.00218062
0.00215135
0.00212208
0.00209281
0.00206354
0.00203427
0.002005
0.00197573
0.00194646
0.00191719
0.00188792
0.00185865
0.00182938
0.00180011
0.00177083
0.00174156
0.00171229
0.00168302
0.00165375
0.00162448
0.00159521
0.00156594
0.00153667
0.0015074
0.00147813
0.00144886
0.00141959
0.00139032
0.00136105
0.00133178
0.00130251
0.00127324
0.00124397
0.0012147
0.00118544
0.00115617
0.0011269
0.00109763
0.00106836
0.00103909
0.00100982
0.000980549
0.000951279
0.00092201
0.00089274
0.000863471
0.000834201
0.000804931
0.000775662
0.000746392
0.000717123
0.000687853
0.000658584
0.000629314
0.000600045
0.000570775
0.000541505
0.000512235
0.000482965
0.000453694
0.000424424
0.000395153
0.000365883
0.000336612
0.000307342
0.000278071
0.000248801
0.00021953
0.000190259
0.000160989
0.000131718
0.000102447
7.31766e-05
4.3906e-05
1.46353e-05
0.00575584
0.00575102
0.00574163
0.00572782
0.00570984
0.00568787
0.00566274
0.00563554
0.00560688
0.00557785
0.00554993
0.00552273
0.00549439
0.00546448
0.00543428
0.00540467
0.00537531
0.0053457
0.00531589
0.00528612
0.00525646
0.00522684
0.00519724
0.00516768
0.00513816
0.00510868
0.00507923
0.00504981
0.00502041
0.00499104
0.00496168
0.00493234
0.00490302
0.0048737
0.00484439
0.00481508
0.00478579
0.00475649
0.0047272
0.00469792
0.00466863
0.00463935
0.00461007
0.00458079
0.00455152
0.00452224
0.00449297
0.00446369
0.00443442
0.00440515
0.00437587
0.0043466
0.00431733
0.00428806
0.00425879
0.00422951
0.00420024
0.00417097
0.0041417
0.00411243
0.00408316
0.00405389
0.00402462
0.00399535
0.00396608
0.00393681
0.00390754
0.00387827
0.003849
0.00381973
0.00379046
0.00376119
0.00373192
0.00370265
0.00367338
0.00364411
0.00361484
0.00358557
0.0035563
0.00352703
0.00349776
0.00346849
0.00343922
0.00340995
0.00338068
0.00335142
0.00332215
0.00329288
0.00326361
0.00323434
0.00320507
0.0031758
0.00314653
0.00311726
0.00308799
0.00305872
0.00302945
0.00300018
0.00297091
0.00294164
0.00291237
0.0028831
0.00285383
0.00282456
0.00279529
0.00276602
0.00273675
0.00270748
0.00267821
0.00264894
0.00261967
0.0025904
0.00256113
0.00253186
0.00250259
0.00247332
0.00244405
0.00241478
0.00238551
0.00235624
0.00232697
0.0022977
0.00226843
0.00223916
0.00220989
0.00218062
0.00215135
0.00212208
0.00209281
0.00206354
0.00203427
0.002005
0.00197573
0.00194646
0.00191719
0.00188792
0.00185865
0.00182938
0.00180011
0.00177084
0.00174156
0.00171229
0.00168302
0.00165375
0.00162448
0.00159521
0.00156594
0.00153667
0.0015074
0.00147813
0.00144886
0.00141959
0.00139032
0.00136105
0.00133178
0.00130251
0.00127324
0.00124397
0.0012147
0.00118543
0.00115617
0.0011269
0.00109763
0.00106836
0.00103909
0.00100982
0.000980549
0.000951279
0.00092201
0.00089274
0.000863471
0.000834201
0.000804932
0.000775662
0.000746393
0.000717123
0.000687854
0.000658584
0.000629314
0.000600045
0.000570775
0.000541505
0.000512235
0.000482965
0.000453694
0.000424424
0.000395153
0.000365883
0.000336612
0.000307342
0.000278071
0.000248801
0.00021953
0.000190259
0.000160989
0.000131718
0.000102447
7.31766e-05
4.3906e-05
1.46353e-05
0.00572543
0.00572126
0.00571311
0.00570108
0.00568535
0.00566611
0.0056439
0.00561954
0.00559359
0.00556671
0.00553989
0.00551332
0.00548611
0.00545772
0.00542874
0.00539985
0.00537107
0.0053421
0.00531291
0.00528364
0.00525436
0.00522507
0.00519576
0.00516644
0.00513712
0.00510781
0.0050785
0.00504919
0.00501989
0.0049906
0.00496131
0.00493203
0.00490275
0.00487347
0.0048442
0.00481492
0.00478565
0.00475638
0.0047271
0.00469783
0.00466856
0.00463929
0.00461002
0.00458075
0.00455148
0.00452221
0.00449294
0.00446367
0.0044344
0.00440513
0.00437586
0.00434659
0.00431732
0.00428805
0.00425878
0.00422951
0.00420024
0.00417097
0.0041417
0.00411243
0.00408316
0.00405389
0.00402462
0.00399535
0.00396608
0.00393681
0.00390754
0.00387827
0.003849
0.00381973
0.00379046
0.00376119
0.00373192
0.00370265
0.00367338
0.00364411
0.00361484
0.00358557
0.0035563
0.00352703
0.00349776
0.00346849
0.00343922
0.00340995
0.00338068
0.00335141
0.00332215
0.00329288
0.00326361
0.00323434
0.00320507
0.0031758
0.00314653
0.00311726
0.00308799
0.00305872
0.00302945
0.00300018
0.00297091
0.00294164
0.00291237
0.0028831
0.00285383
0.00282456
0.00279529
0.00276602
0.00273675
0.00270748
0.00267821
0.00264894
0.00261967
0.0025904
0.00256113
0.00253186
0.00250259
0.00247332
0.00244405
0.00241478
0.00238551
0.00235624
0.00232697
0.0022977
0.00226843
0.00223916
0.00220989
0.00218062
0.00215135
0.00212208
0.00209281
0.00206354
0.00203427
0.002005
0.00197573
0.00194646
0.00191719
0.00188792
0.00185865
0.00182938
0.00180011
0.00177084
0.00174156
0.00171229
0.00168302
0.00165375
0.00162448
0.00159521
0.00156594
0.00153667
0.0015074
0.00147813
0.00144886
0.00141959
0.00139032
0.00136105
0.00133178
0.00130251
0.00127324
0.00124397
0.0012147
0.00118543
0.00115617
0.0011269
0.00109763
0.00106836
0.00103909
0.00100982
0.000980549
0.000951279
0.00092201
0.00089274
0.000863471
0.000834201
0.000804932
0.000775662
0.000746393
0.000717123
0.000687854
0.000658584
0.000629315
0.000600045
0.000570775
0.000541505
0.000512235
0.000482965
0.000453694
0.000424424
0.000395153
0.000365883
0.000336612
0.000307342
0.000278071
0.000248801
0.00021953
0.000190259
0.000160989
0.000131718
0.000102447
7.31766e-05
4.3906e-05
1.46353e-05
0.00569949
0.00569581
0.00568861
0.00567793
0.00566393
0.00564679
0.00562689
0.00560478
0.00558097
0.00555597
0.00553043
0.00550471
0.00547845
0.00545128
0.00542339
0.00539527
0.00536706
0.00533866
0.00531001
0.0052812
0.00525229
0.00522332
0.00519428
0.0051652
0.00513607
0.00510692
0.00507775
0.00504857
0.00501937
0.00499016
0.00496094
0.00493171
0.00490248
0.00487324
0.004844
0.00481476
0.00478551
0.00475626
0.004727
0.00469775
0.00466849
0.00463923
0.00460997
0.00458071
0.00455144
0.00452218
0.00449291
0.00446365
0.00443438
0.00440511
0.00437584
0.00434658
0.00431731
0.00428804
0.00425877
0.0042295
0.00420023
0.00417096
0.00414169
0.00411242
0.00408315
0.00405388
0.00402462
0.00399535
0.00396608
0.00393681
0.00390754
0.00387827
0.003849
0.00381973
0.00379046
0.00376119
0.00373192
0.00370265
0.00367338
0.00364411
0.00361484
0.00358557
0.0035563
0.00352703
0.00349776
0.00346849
0.00343922
0.00340995
0.00338068
0.00335141
0.00332215
0.00329288
0.00326361
0.00323434
0.00320507
0.0031758
0.00314653
0.00311726
0.00308799
0.00305872
0.00302945
0.00300018
0.00297091
0.00294164
0.00291237
0.0028831
0.00285383
0.00282456
0.00279529
0.00276602
0.00273675
0.00270748
0.00267821
0.00264894
0.00261967
0.0025904
0.00256113
0.00253186
0.00250259
0.00247332
0.00244405
0.00241478
0.00238551
0.00235624
0.00232697
0.0022977
0.00226843
0.00223916
0.00220989
0.00218062
0.00215135
0.00212208
0.00209281
0.00206354
0.00203427
0.002005
0.00197573
0.00194646
0.00191719
0.00188792
0.00185865
0.00182938
0.00180011
0.00177084
0.00174156
0.00171229
0.00168302
0.00165375
0.00162448
0.00159521
0.00156594
0.00153667
0.0015074
0.00147813
0.00144886
0.00141959
0.00139032
0.00136105
0.00133178
0.00130251
0.00127324
0.00124397
0.0012147
0.00118543
0.00115617
0.0011269
0.00109763
0.00106836
0.00103909
0.00100982
0.000980549
0.000951279
0.00092201
0.00089274
0.000863471
0.000834201
0.000804932
0.000775662
0.000746393
0.000717123
0.000687854
0.000658584
0.000629315
0.000600045
0.000570775
0.000541505
0.000512235
0.000482965
0.000453694
0.000424424
0.000395153
0.000365883
0.000336612
0.000307342
0.000278071
0.000248801
0.00021953
0.000190259
0.000160989
0.000131718
0.000102447
7.31766e-05
4.3906e-05
1.46353e-05
0.00567745
0.00567415
0.00566766
0.00565804
0.00564538
0.00562987
0.00561175
0.00559145
0.00556939
0.005546
0.00552174
0.00549692
0.00547151
0.00544528
0.00541833
0.00539094
0.0053633
0.00533541
0.00530725
0.00527885
0.0052503
0.00522163
0.00519286
0.00516399
0.00513506
0.00510607
0.00507703
0.00504796
0.00501885
0.00498972
0.00496057
0.0049314
0.00490222
0.00487302
0.00484381
0.0048146
0.00478537
0.00475614
0.0047269
0.00469766
0.00466842
0.00463917
0.00460992
0.00458066
0.0045514
0.00452215
0.00449288
0.00446362
0.00443436
0.00440509
0.00437583
0.00434656
0.0043173
0.00428803
0.00425876
0.00422949
0.00420023
0.00417096
0.00414169
0.00411242
0.00408315
0.00405388
0.00402461
0.00399534
0.00396607
0.00393681
0.00390754
0.00387827
0.003849
0.00381973
0.00379046
0.00376119
0.00373192
0.00370265
0.00367338
0.00364411
0.00361484
0.00358557
0.0035563
0.00352703
0.00349776
0.00346849
0.00343922
0.00340995
0.00338068
0.00335141
0.00332215
0.00329288
0.00326361
0.00323434
0.00320507
0.0031758
0.00314653
0.00311726
0.00308799
0.00305872
0.00302945
0.00300018
0.00297091
0.00294164
0.00291237
0.0028831
0.00285383
0.00282456
0.00279529
0.00276602
0.00273675
0.00270748
0.00267821
0.00264894
0.00261967
0.0025904
0.00256113
0.00253186
0.00250259
0.00247332
0.00244405
0.00241478
0.00238551
0.00235624
0.00232697
0.0022977
0.00226843
0.00223916
0.00220989
0.00218062
0.00215135
0.00212208
0.00209281
0.00206354
0.00203427
0.002005
0.00197573
0.00194646
0.00191719
0.00188792
0.00185865
0.00182938
0.00180011
0.00177084
0.00174157
0.00171229
0.00168302
0.00165375
0.00162448
0.00159521
0.00156594
0.00153667
0.0015074
0.00147813
0.00144886
0.00141959
0.00139032
0.00136105
0.00133178
0.00130251
0.00127324
0.00124397
0.0012147
0.00118543
0.00115617
0.0011269
0.00109763
0.00106836
0.00103909
0.00100982
0.000980549
0.000951279
0.00092201
0.00089274
0.000863471
0.000834201
0.000804932
0.000775662
0.000746393
0.000717124
0.000687854
0.000658584
0.000629315
0.000600045
0.000570775
0.000541505
0.000512235
0.000482965
0.000453694
0.000424424
0.000395153
0.000365883
0.000336612
0.000307342
0.000278071
0.000248801
0.00021953
0.000190259
0.000160989
0.000131718
0.000102447
7.31766e-05
4.3906e-05
1.46353e-05
0.00565888
0.00565587
0.00564994
0.00564113
0.00562952
0.00561525
0.00559854
0.00557969
0.00555907
0.00553702
0.00551388
0.00548994
0.00546528
0.00543985
0.00541368
0.00538696
0.00535986
0.00533243
0.00530469
0.00527668
0.00524846
0.00522006
0.00519152
0.00516286
0.0051341
0.00510526
0.00507634
0.00504738
0.00501836
0.00498931
0.00496022
0.0049311
0.00490197
0.00487281
0.00484363
0.00481444
0.00478524
0.00475603
0.00472681
0.00469758
0.00466835
0.00463911
0.00460987
0.00458062
0.00455137
0.00452212
0.00449286
0.0044636
0.00443434
0.00440508
0.00437582
0.00434655
0.00431729
0.00428802
0.00425876
0.00422949
0.00420022
0.00417095
0.00414169
0.00411242
0.00408315
0.00405388
0.00402461
0.00399534
0.00396607
0.0039368
0.00390753
0.00387827
0.003849
0.00381973
0.00379046
0.00376119
0.00373192
0.00370265
0.00367338
0.00364411
0.00361484
0.00358557
0.0035563
0.00352703
0.00349776
0.00346849
0.00343922
0.00340995
0.00338068
0.00335141
0.00332215
0.00329288
0.00326361
0.00323434
0.00320507
0.0031758
0.00314653
0.00311726
0.00308799
0.00305872
0.00302945
0.00300018
0.00297091
0.00294164
0.00291237
0.0028831
0.00285383
0.00282456
0.00279529
0.00276602
0.00273675
0.00270748
0.00267821
0.00264894
0.00261967
0.0025904
0.00256113
0.00253186
0.00250259
0.00247332
0.00244405
0.00241478
0.00238551
0.00235624
0.00232697
0.0022977
0.00226843
0.00223916
0.00220989
0.00218062
0.00215135
0.00212208
0.00209281
0.00206354
0.00203427
0.002005
0.00197573
0.00194646
0.00191719
0.00188792
0.00185865
0.00182938
0.00180011
0.00177084
0.00174157
0.00171229
0.00168302
0.00165375
0.00162448
0.00159521
0.00156594
0.00153667
0.0015074
0.00147813
0.00144886
0.00141959
0.00139032
0.00136105
0.00133178
0.00130251
0.00127324
0.00124397
0.0012147
0.00118543
0.00115616
0.0011269
0.00109763
0.00106836
0.00103909
0.00100982
0.000980548
0.000951279
0.00092201
0.00089274
0.000863471
0.000834201
0.000804932
0.000775663
0.000746393
0.000717124
0.000687854
0.000658585
0.000629315
0.000600045
0.000570775
0.000541505
0.000512235
0.000482965
0.000453694
0.000424424
0.000395153
0.000365883
0.000336612
0.000307342
0.000278071
0.000248801
0.00021953
0.000190259
0.000160989
0.000131718
0.000102447
7.31766e-05
4.3906e-05
1.46353e-05
0.00564346
0.00564067
0.00563517
0.00562698
0.00561618
0.00560289
0.00558727
0.00556958
0.00555011
0.00552914
0.00550696
0.00548382
0.00545985
0.00543507
0.00540955
0.00538341
0.00535679
0.00532978
0.00530241
0.00527473
0.00524679
0.00521864
0.00519031
0.00516183
0.00513323
0.00510452
0.00507572
0.00504685
0.00501791
0.00498893
0.0049599
0.00493083
0.00490174
0.00487261
0.00484347
0.0048143
0.00478512
0.00475593
0.00472673
0.00469751
0.00466829
0.00463906
0.00460982
0.00458058
0.00455134
0.00452209
0.00449284
0.00446358
0.00443432
0.00440506
0.0043758
0.00434654
0.00431728
0.00428801
0.00425875
0.00422948
0.00420022
0.00417095
0.00414168
0.00411241
0.00408315
0.00405388
0.00402461
0.00399534
0.00396607
0.0039368
0.00390753
0.00387826
0.003849
0.00381973
0.00379046
0.00376119
0.00373192
0.00370265
0.00367338
0.00364411
0.00361484
0.00358557
0.0035563
0.00352703
0.00349776
0.00346849
0.00343922
0.00340995
0.00338068
0.00335141
0.00332214
0.00329288
0.00326361
0.00323434
0.00320507
0.0031758
0.00314653
0.00311726
0.00308799
0.00305872
0.00302945
0.00300018
0.00297091
0.00294164
0.00291237
0.0028831
0.00285383
0.00282456
0.00279529
0.00276602
0.00273675
0.00270748
0.00267821
0.00264894
0.00261967
0.0025904
0.00256113
0.00253186
0.00250259
0.00247332
0.00244405
0.00241478
0.00238551
0.00235624
0.00232697
0.0022977
0.00226843
0.00223916
0.00220989
0.00218062
0.00215135
0.00212208
0.00209281
0.00206354
0.00203427
0.002005
0.00197573
0.00194646
0.00191719
0.00188792
0.00185865
0.00182938
0.00180011
0.00177084
0.00174157
0.00171229
0.00168302
0.00165375
0.00162448
0.00159521
0.00156594
0.00153667
0.0015074
0.00147813
0.00144886
0.00141959
0.00139032
0.00136105
0.00133178
0.00130251
0.00127324
0.00124397
0.0012147
0.00118543
0.00115616
0.0011269
0.00109763
0.00106836
0.00103909
0.00100982
0.000980548
0.000951279
0.00092201
0.00089274
0.000863471
0.000834201
0.000804932
0.000775663
0.000746393
0.000717124
0.000687854
0.000658585
0.000629315
0.000600045
0.000570775
0.000541505
0.000512235
0.000482965
0.000453694
0.000424424
0.000395153
0.000365883
0.000336612
0.000307342
0.000278071
0.000248801
0.00021953
0.000190259
0.000160989
0.000131718
0.000102447
7.31766e-05
4.3906e-05
1.46353e-05
0.00563093
0.00562831
0.00562314
0.00561543
0.00560525
0.0055927
0.00557793
0.00556114
0.00554257
0.00552247
0.00550108
0.00547863
0.00545524
0.00543101
0.00540601
0.00538035
0.00535415
0.00532749
0.00530043
0.00527303
0.00524534
0.0052174
0.00518925
0.00516093
0.00513246
0.00510387
0.00507517
0.00504638
0.00501752
0.0049886
0.00495962
0.00493059
0.00490153
0.00487244
0.00484332
0.00481418
0.00478502
0.00475584
0.00472665
0.00469745
0.00466824
0.00463901
0.00460978
0.00458055
0.00455131
0.00452206
0.00449282
0.00446356
0.00443431
0.00440505
0.00437579
0.00434653
0.00431727
0.00428801
0.00425874
0.00422948
0.00420021
0.00417095
0.00414168
0.00411241
0.00408314
0.00405388
0.00402461
0.00399534
0.00396607
0.0039368
0.00390753
0.00387826
0.00384899
0.00381973
0.00379046
0.00376119
0.00373192
0.00370265
0.00367338
0.00364411
0.00361484
0.00358557
0.0035563
0.00352703
0.00349776
0.00346849
0.00343922
0.00340995
0.00338068
0.00335141
0.00332214
0.00329288
0.00326361
0.00323434
0.00320507
0.0031758
0.00314653
0.00311726
0.00308799
0.00305872
0.00302945
0.00300018
0.00297091
0.00294164
0.00291237
0.0028831
0.00285383
0.00282456
0.00279529
0.00276602
0.00273675
0.00270748
0.00267821
0.00264894
0.00261967
0.0025904
0.00256113
0.00253186
0.00250259
0.00247332
0.00244405
0.00241478
0.00238551
0.00235624
0.00232697
0.0022977
0.00226843
0.00223916
0.00220989
0.00218062
0.00215135
0.00212208
0.00209281
0.00206354
0.00203427
0.002005
0.00197573
0.00194646
0.00191719
0.00188792
0.00185865
0.00182938
0.00180011
0.00177084
0.00174157
0.00171229
0.00168302
0.00165375
0.00162448
0.00159521
0.00156594
0.00153667
0.0015074
0.00147813
0.00144886
0.00141959
0.00139032
0.00136105
0.00133178
0.00130251
0.00127324
0.00124397
0.0012147
0.00118543
0.00115616
0.0011269
0.00109763
0.00106836
0.00103909
0.00100982
0.000980548
0.000951279
0.00092201
0.00089274
0.000863471
0.000834202
0.000804932
0.000775663
0.000746393
0.000717124
0.000687854
0.000658585
0.000629315
0.000600045
0.000570775
0.000541505
0.000512235
0.000482965
0.000453694
0.000424424
0.000395153
0.000365883
0.000336612
0.000307342
0.000278071
0.0002488
0.00021953
0.000190259
0.000160989
0.000131718
0.000102447
7.31766e-05
4.3906e-05
1.46353e-05
0.00562111
0.00561861
0.00561368
0.00560634
0.00559663
0.00558464
0.0055705
0.00555438
0.0055365
0.00551707
0.00549631
0.00547441
0.0054515
0.00542771
0.00540312
0.00537784
0.00535197
0.00532561
0.00529881
0.00527163
0.00524414
0.00521638
0.00518838
0.00516019
0.00513183
0.00510333
0.00507471
0.00504599
0.00501719
0.00498832
0.00495938
0.00493039
0.00490137
0.0048723
0.0048432
0.00481408
0.00478493
0.00475577
0.00472659
0.00469739
0.00466819
0.00463897
0.00460975
0.00458052
0.00455129
0.00452204
0.0044928
0.00446355
0.0044343
0.00440504
0.00437578
0.00434653
0.00431726
0.004288
0.00425874
0.00422947
0.00420021
0.00417094
0.00414168
0.00411241
0.00408314
0.00405387
0.00402461
0.00399534
0.00396607
0.0039368
0.00390753
0.00387826
0.00384899
0.00381972
0.00379046
0.00376119
0.00373192
0.00370265
0.00367338
0.00364411
0.00361484
0.00358557
0.0035563
0.00352703
0.00349776
0.00346849
0.00343922
0.00340995
0.00338068
0.00335141
0.00332214
0.00329288
0.00326361
0.00323434
0.00320507
0.0031758
0.00314653
0.00311726
0.00308799
0.00305872
0.00302945
0.00300018
0.00297091
0.00294164
0.00291237
0.0028831
0.00285383
0.00282456
0.00279529
0.00276602
0.00273675
0.00270748
0.00267821
0.00264894
0.00261967
0.0025904
0.00256113
0.00253186
0.00250259
0.00247332
0.00244405
0.00241478
0.00238551
0.00235624
0.00232697
0.0022977
0.00226843
0.00223916
0.00220989
0.00218062
0.00215135
0.00212208
0.00209281
0.00206354
0.00203427
0.002005
0.00197573
0.00194646
0.00191719
0.00188792
0.00185865
0.00182938
0.00180011
0.00177084
0.00174157
0.0017123
0.00168302
0.00165375
0.00162448
0.00159521
0.00156594
0.00153667
0.0015074
0.00147813
0.00144886
0.00141959
0.00139032
0.00136105
0.00133178
0.00130251
0.00127324
0.00124397
0.0012147
0.00118543
0.00115616
0.0011269
0.00109763
0.00106836
0.00103909
0.00100982
0.000980548
0.000951279
0.00092201
0.00089274
0.000863471
0.000834202
0.000804932
0.000775663
0.000746393
0.000717124
0.000687854
0.000658585
0.000629315
0.000600045
0.000570775
0.000541505
0.000512235
0.000482965
0.000453694
0.000424424
0.000395153
0.000365883
0.000336612
0.000307342
0.000278071
0.0002488
0.00021953
0.000190259
0.000160989
0.000131718
0.000102447
7.31766e-05
4.3906e-05
1.46353e-05
0.00561386
0.00561145
0.00560669
0.0055996
0.00559022
0.00557863
0.00556494
0.00554932
0.00553193
0.00551299
0.00549269
0.0054712
0.00544866
0.0054252
0.00540092
0.00537593
0.00535031
0.00532417
0.00529756
0.00527056
0.00524322
0.00521559
0.00518771
0.00515961
0.00513134
0.00510291
0.00507436
0.00504569
0.00501694
0.0049881
0.0049592
0.00493024
0.00490123
0.00487219
0.00484311
0.004814
0.00478487
0.00475571
0.00472654
0.00469735
0.00466815
0.00463894
0.00460973
0.0045805
0.00455127
0.00452203
0.00449279
0.00446354
0.00443429
0.00440503
0.00437578
0.00434652
0.00431726
0.004288
0.00425874
0.00422947
0.00420021
0.00417094
0.00414167
0.00411241
0.00408314
0.00405387
0.00402461
0.00399534
0.00396607
0.0039368
0.00390753
0.00387826
0.00384899
0.00381972
0.00379046
0.00376119
0.00373192
0.00370265
0.00367338
0.00364411
0.00361484
0.00358557
0.0035563
0.00352703
0.00349776
0.00346849
0.00343922
0.00340995
0.00338068
0.00335141
0.00332214
0.00329288
0.00326361
0.00323434
0.00320507
0.0031758
0.00314653
0.00311726
0.00308799
0.00305872
0.00302945
0.00300018
0.00297091
0.00294164
0.00291237
0.0028831
0.00285383
0.00282456
0.00279529
0.00276602
0.00273675
0.00270748
0.00267821
0.00264894
0.00261967
0.0025904
0.00256113
0.00253186
0.00250259
0.00247332
0.00244405
0.00241478
0.00238551
0.00235624
0.00232697
0.0022977
0.00226843
0.00223916
0.00220989
0.00218062
0.00215135
0.00212208
0.00209281
0.00206354
0.00203427
0.002005
0.00197573
0.00194646
0.00191719
0.00188792
0.00185865
0.00182938
0.00180011
0.00177084
0.00174157
0.0017123
0.00168302
0.00165375
0.00162448
0.00159521
0.00156594
0.00153667
0.0015074
0.00147813
0.00144886
0.00141959
0.00139032
0.00136105
0.00133178
0.00130251
0.00127324
0.00124397
0.0012147
0.00118543
0.00115616
0.0011269
0.00109763
0.00106836
0.00103909
0.00100982
0.000980548
0.000951279
0.00092201
0.00089274
0.000863471
0.000834202
0.000804932
0.000775663
0.000746393
0.000717124
0.000687854
0.000658585
0.000629315
0.000600045
0.000570775
0.000541505
0.000512235
0.000482965
0.000453694
0.000424424
0.000395153
0.000365883
0.000336612
0.000307342
0.000278071
0.0002488
0.00021953
0.000190259
0.000160989
0.000131718
0.000102447
7.31766e-05
4.39059e-05
1.46353e-05
0.00560908
0.00560673
0.00560208
0.00559515
0.00558599
0.00557465
0.00556125
0.00554594
0.00552888
0.00551026
0.00549026
0.00546905
0.00544676
0.00542352
0.00539944
0.00537464
0.00534919
0.00532319
0.00529672
0.00526983
0.0052426
0.00521505
0.00518725
0.00515922
0.00513101
0.00510263
0.00507412
0.00504549
0.00501676
0.00498795
0.00495907
0.00493013
0.00490114
0.00487211
0.00484304
0.00481394
0.00478482
0.00475567
0.00472651
0.00469733
0.00466813
0.00463892
0.00460971
0.00458049
0.00455125
0.00452202
0.00449278
0.00446353
0.00443428
0.00440503
0.00437577
0.00434652
0.00431726
0.00428799
0.00425873
0.00422947
0.0042002
0.00417094
0.00414167
0.00411241
0.00408314
0.00405387
0.0040246
0.00399534
0.00396607
0.0039368
0.00390753
0.00387826
0.00384899
0.00381972
0.00379046
0.00376119
0.00373192
0.00370265
0.00367338
0.00364411
0.00361484
0.00358557
0.0035563
0.00352703
0.00349776
0.00346849
0.00343922
0.00340995
0.00338068
0.00335141
0.00332214
0.00329288
0.00326361
0.00323434
0.00320507
0.0031758
0.00314653
0.00311726
0.00308799
0.00305872
0.00302945
0.00300018
0.00297091
0.00294164
0.00291237
0.0028831
0.00285383
0.00282456
0.00279529
0.00276602
0.00273675
0.00270748
0.00267821
0.00264894
0.00261967
0.0025904
0.00256113
0.00253186
0.00250259
0.00247332
0.00244405
0.00241478
0.00238551
0.00235624
0.00232697
0.0022977
0.00226843
0.00223916
0.00220989
0.00218062
0.00215135
0.00212208
0.00209281
0.00206354
0.00203427
0.002005
0.00197573
0.00194646
0.00191719
0.00188792
0.00185865
0.00182938
0.00180011
0.00177084
0.00174157
0.0017123
0.00168302
0.00165375
0.00162448
0.00159521
0.00156594
0.00153667
0.0015074
0.00147813
0.00144886
0.00141959
0.00139032
0.00136105
0.00133178
0.00130251
0.00127324
0.00124397
0.0012147
0.00118543
0.00115616
0.0011269
0.00109763
0.00106836
0.00103909
0.00100982
0.000980548
0.000951279
0.00092201
0.00089274
0.000863471
0.000834202
0.000804932
0.000775663
0.000746393
0.000717124
0.000687854
0.000658585
0.000629315
0.000600045
0.000570775
0.000541505
0.000512235
0.000482965
0.000453694
0.000424424
0.000395153
0.000365883
0.000336612
0.000307342
0.000278071
0.0002488
0.00021953
0.000190259
0.000160989
0.000131718
0.000102447
7.31766e-05
4.39059e-05
1.46353e-05
0.0056067
0.00560438
0.00559979
0.00559294
0.00558388
0.00557267
0.00555941
0.00554426
0.00552736
0.00550889
0.00548904
0.00546797
0.0054458
0.00542267
0.0053987
0.00537399
0.00534863
0.0053227
0.0052963
0.00526947
0.00524228
0.00521478
0.00518702
0.00515902
0.00513084
0.00510249
0.005074
0.00504539
0.00501668
0.00498788
0.00495901
0.00493008
0.0049011
0.00487207
0.00484301
0.00481392
0.0047848
0.00475565
0.00472649
0.00469731
0.00466812
0.00463891
0.0046097
0.00458048
0.00455125
0.00452201
0.00449277
0.00446353
0.00443428
0.00440503
0.00437577
0.00434651
0.00431725
0.00428799
0.00425873
0.00422947
0.0042002
0.00417094
0.00414167
0.00411241
0.00408314
0.00405387
0.0040246
0.00399534
0.00396607
0.0039368
0.00390753
0.00387826
0.00384899
0.00381972
0.00379046
0.00376119
0.00373192
0.00370265
0.00367338
0.00364411
0.00361484
0.00358557
0.0035563
0.00352703
0.00349776
0.00346849
0.00343922
0.00340995
0.00338068
0.00335141
0.00332214
0.00329288
0.00326361
0.00323434
0.00320507
0.0031758
0.00314653
0.00311726
0.00308799
0.00305872
0.00302945
0.00300018
0.00297091
0.00294164
0.00291237
0.0028831
0.00285383
0.00282456
0.00279529
0.00276602
0.00273675
0.00270748
0.00267821
0.00264894
0.00261967
0.0025904
0.00256113
0.00253186
0.00250259
0.00247332
0.00244405
0.00241478
0.00238551
0.00235624
0.00232697
0.0022977
0.00226843
0.00223916
0.00220989
0.00218062
0.00215135
0.00212208
0.00209281
0.00206354
0.00203427
0.002005
0.00197573
0.00194646
0.00191719
0.00188792
0.00185865
0.00182938
0.00180011
0.00177084
0.00174157
0.0017123
0.00168302
0.00165375
0.00162448
0.00159521
0.00156594
0.00153667
0.0015074
0.00147813
0.00144886
0.00141959
0.00139032
0.00136105
0.00133178
0.00130251
0.00127324
0.00124397
0.0012147
0.00118543
0.00115616
0.0011269
0.00109763
0.00106836
0.00103909
0.00100982
0.000980548
0.000951279
0.00092201
0.00089274
0.000863471
0.000834202
0.000804932
0.000775663
0.000746393
0.000717124
0.000687854
0.000658585
0.000629315
0.000600045
0.000570775
0.000541505
0.000512235
0.000482965
0.000453694
0.000424424
0.000395153
0.000365883
0.000336612
0.000307342
0.000278071
0.0002488
0.00021953
0.000190259
0.000160989
0.000131718
0.000102447
7.31766e-05
4.39059e-05
1.46353e-05
)
;

boundaryField
{
    inlet
    {
        type            zeroGradient;
    }
    outlet
    {
        type            fixedValue;
        value           uniform 0;
    }
    top
    {
        type            zeroGradient;
    }
    bottom
    {
        type            zeroGradient;
    }
    frontAndBack
    {
        type            empty;
    }
}


// ************************************************************************* //
