/*--------------------------------*- C++ -*----------------------------------*\
  =========                 |
  \\      /  F ield         | OpenFOAM: The Open Source CFD Toolbox
   \\    /   O peration     | Website:  https://openfoam.org
    \\  /    A nd           | Version:  dev
     \\/     M anipulation  |
\*---------------------------------------------------------------------------*/
FoamFile
{
    format      ascii;
    class       surfaceScalarField;
    location    "1";
    object      phi;
}
// * * * * * * * * * * * * * * * * * * * * * * * * * * * * * * * * * * * * * //

dimensions      [0 3 -1 0 0 0 0];

internalField   nonuniform List<scalar> 
7780
(
0.00499905
9.5008e-07
0.00499706
1.98809e-06
0.00499454
2.51781e-06
0.00499185
2.6969e-06
0.00498927
2.58005e-06
0.00498683
2.43496e-06
0.00498444
2.39706e-06
0.00498189
2.54572e-06
0.00497907
2.81565e-06
0.0049762
2.87659e-06
0.0049735
2.69451e-06
0.00497097
2.53604e-06
0.00496839
2.57366e-06
0.00496561
2.7843e-06
0.00496259
3.01751e-06
0.00495946
3.13018e-06
0.00495642
3.0426e-06
0.00495366
2.75408e-06
0.00495134
2.32776e-06
0.00494948
1.85199e-06
0.00494808
1.40234e-06
0.00494706
1.02321e-06
0.00494633
7.28886e-07
0.00494582
5.13758e-07
0.00494545
3.62988e-07
0.00494519
2.5995e-07
0.004945
1.90169e-07
0.00494486
1.42639e-07
0.00494475
1.09684e-07
0.00494466
8.62362e-08
0.0049446
6.90546e-08
0.00494454
5.60975e-08
0.00494449
4.6074e-08
0.00494446
3.81555e-08
0.00494442
3.17962e-08
0.0049444
2.66242e-08
0.00494437
2.23768e-08
0.00494436
1.88627e-08
0.00494434
1.59382e-08
0.00494433
1.34933e-08
0.00494431
1.14416e-08
0.0049443
9.71473e-09
0.0049443
8.25763e-09
0.00494429
7.0256e-09
0.00494428
5.98209e-09
0.00494428
5.09695e-09
0.00494427
4.34524e-09
0.00494427
3.70617e-09
0.00494427
3.16238e-09
0.00494426
2.69933e-09
0.00494426
2.30477e-09
0.00494426
1.96838e-09
0.00494426
1.68146e-09
0.00494426
1.43663e-09
0.00494426
1.22765e-09
0.00494426
1.04921e-09
0.00494425
8.96816e-10
0.00494425
7.66635e-10
0.00494425
6.55408e-10
0.00494425
5.60359e-10
0.00494425
4.79125e-10
0.00494425
4.09691e-10
0.00494425
3.50337e-10
0.00494425
2.99594e-10
0.00494425
2.5621e-10
0.00494425
2.19114e-10
0.00494425
1.87395e-10
0.00494425
1.60271e-10
0.00494425
1.37076e-10
0.00494425
1.1724e-10
0.00494425
1.00275e-10
0.00494425
8.57661e-11
0.00494425
7.33575e-11
0.00494425
6.2745e-11
0.00494425
5.36682e-11
0.00494425
4.59042e-11
0.00494425
3.92632e-11
0.00494425
3.35831e-11
0.00494425
2.87254e-11
0.00494425
2.45713e-11
0.00494425
2.10185e-11
0.00494425
1.79793e-11
0.00494425
1.53787e-11
0.00494425
1.31535e-11
0.00494425
1.125e-11
0.00494425
9.62237e-12
0.00494425
8.23073e-12
0.00494425
7.04093e-12
0.00494425
6.02331e-12
0.00494425
5.15259e-12
0.00494425
4.40735e-12
0.00494425
3.7696e-12
0.00494425
3.22416e-12
0.00494425
2.7577e-12
0.00494425
2.35895e-12
0.00494425
2.01809e-12
0.00494425
1.72647e-12
0.00494425
1.47674e-12
0.00494425
1.26268e-12
0.00494425
1.07918e-12
0.00494425
9.22023e-13
0.00494425
7.8777e-13
0.00494425
6.73371e-13
0.00494425
5.76124e-13
0.00494425
4.93409e-13
0.00494425
4.22816e-13
0.00494425
3.62287e-13
0.00494425
3.10036e-13
0.00494425
2.64859e-13
0.00494425
2.25834e-13
0.00494425
1.92429e-13
0.00494425
1.64123e-13
0.00494425
1.40287e-13
0.00494425
1.20355e-13
0.00494425
1.03462e-13
0.00494425
8.90298e-14
0.00494425
7.63663e-14
0.00494425
6.5131e-14
0.00494425
5.52417e-14
0.00494425
4.65046e-14
0.00494425
3.90637e-14
0.00494425
3.28517e-14
0.00494425
2.77661e-14
0.00494425
2.36657e-14
0.00494425
2.02932e-14
0.00494425
1.74408e-14
0.00494425
1.4911e-14
0.00494425
1.25433e-14
0.00494425
1.03615e-14
0.00494425
8.4217e-15
0.00494425
6.79897e-15
0.00494425
5.60856e-15
0.00494425
4.85024e-15
0.00494425
4.5668e-15
0.00494425
4.64258e-15
0.00494425
4.94185e-15
0.00494425
5.39483e-15
0.00494425
5.85903e-15
0.00494425
6.1519e-15
0.00494425
6.07432e-15
0.00494425
5.57288e-15
0.00494425
4.69111e-15
0.00494425
3.57799e-15
0.00494425
2.46925e-15
0.00494425
1.55976e-15
0.00494425
7.59707e-16
0.00494425
2.76853e-16
0.00494425
2.25535e-16
0.00494425
5.50619e-16
0.00494425
1.15502e-15
0.00494425
1.83735e-15
0.00494425
2.58853e-15
0.00494425
3.08761e-15
0.00494425
3.41507e-15
0.00494425
3.45836e-15
0.00494425
3.11796e-15
0.00494425
2.67227e-15
0.00494425
1.89284e-15
0.00494425
1.17794e-15
0.00494425
2.23441e-16
0.00494425
-5.56775e-16
0.00494425
-1.06036e-15
0.00494425
-1.53564e-15
0.00494425
-1.75504e-15
0.00494425
-1.64643e-15
0.00494425
-1.39262e-15
0.00494425
-1.15512e-15
0.00494425
-8.12312e-16
0.00494425
-4.40205e-16
0.00494425
-1.68317e-16
0.00494425
3.74881e-17
0.00494425
1.61969e-16
0.00494425
3.58175e-17
0.00494425
3.43277e-18
0.00494425
-6.21518e-16
0.00494425
-9.36092e-16
0.00494425
-1.18086e-15
0.00494425
-1.42998e-15
0.00494425
-1.41664e-15
0.00494425
-1.68816e-15
0.00494425
-1.53387e-15
0.00494425
-1.70166e-15
0.00494425
-1.31144e-15
0.00494425
-1.27207e-15
0.00494425
-1.28296e-15
0.00494425
-6.22985e-16
0.00494425
-1.20311e-15
0.00494425
-4.7006e-16
0.00494425
-3.36333e-16
0.00494425
-3.52641e-16
0.00494425
3.25571e-16
0.00494425
-4.9695e-17
0.00494425
1.50371e-16
0.00494425
5.11695e-16
0.00494425
4.0859e-16
0.00494425
5.6876e-16
0.00494425
7.76418e-16
0.00494425
5.72312e-16
0.00494425
7.63199e-16
5.10005e-16
0.00500041
5.44272e-07
0.00500103
1.36359e-06
0.00500162
1.9246e-06
0.00500207
2.24643e-06
0.00500231
2.34299e-06
0.00500246
2.28495e-06
0.00500267
2.19044e-06
0.00500298
2.23734e-06
0.00500333
2.46576e-06
0.00500356
2.63802e-06
0.00500368
2.57552e-06
0.0050038
2.42042e-06
0.00500397
2.39893e-06
0.00500421
2.55014e-06
0.00500447
2.75429e-06
0.00500472
2.88279e-06
0.0050049
2.8637e-06
0.00500497
2.68174e-06
0.00500493
2.36883e-06
0.00500479
1.98614e-06
0.0050046
1.59677e-06
0.00500438
1.24536e-06
0.00500415
9.53167e-07
0.00500394
7.23524e-07
0.00500376
5.4964e-07
0.0050036
4.20755e-07
0.00500346
3.25947e-07
0.00500335
2.55972e-07
0.00500325
2.03752e-07
0.00500318
1.64181e-07
0.00500311
1.33687e-07
0.00500306
1.09806e-07
0.00500301
9.083e-08
0.00500297
7.55641e-08
0.00500294
6.3156e-08
0.00500292
5.29852e-08
0.00500289
4.45901e-08
0.00500288
3.76211e-08
0.00500286
3.18086e-08
0.00500285
2.69417e-08
0.00500284
2.28532e-08
0.00500283
1.94093e-08
0.00500282
1.65017e-08
0.00500281
1.40422e-08
0.0050028
1.19582e-08
0.0050028
1.019e-08
0.0050028
8.68805e-09
0.00500279
7.41088e-09
0.00500279
6.32397e-09
0.00500279
5.3983e-09
0.00500278
4.60946e-09
0.00500278
3.93687e-09
0.00500278
3.36313e-09
0.00500278
2.87353e-09
0.00500278
2.4556e-09
0.00500278
2.09873e-09
0.00500278
1.79393e-09
0.00500277
1.53355e-09
0.00500277
1.31107e-09
0.00500277
1.12095e-09
0.00500277
9.5846e-10
0.00500277
8.1957e-10
0.00500277
7.00839e-10
0.00500277
5.99333e-10
0.00500277
5.12546e-10
0.00500277
4.38339e-10
0.00500277
3.74886e-10
0.00500277
3.20625e-10
0.00500277
2.74224e-10
0.00500277
2.34542e-10
0.00500277
2.00604e-10
0.00500277
1.71579e-10
0.00500277
1.46755e-10
0.00500277
1.25524e-10
0.00500277
1.07365e-10
0.00500277
9.18332e-11
0.00500277
7.8549e-11
0.00500277
6.71871e-11
0.00500277
5.74697e-11
0.00500277
4.91585e-11
0.00500277
4.20492e-11
0.00500277
3.59672e-11
0.00500277
3.07638e-11
0.00500277
2.63125e-11
0.00500277
2.25055e-11
0.00500277
1.92501e-11
0.00500277
1.64666e-11
0.00500277
1.40862e-11
0.00500277
1.20499e-11
0.00500277
1.03076e-11
0.00500277
8.81685e-12
0.00500277
7.54148e-12
0.00500277
6.45059e-12
0.00500277
5.51767e-12
0.00500277
4.71968e-12
0.00500277
4.03691e-12
0.00500277
3.45256e-12
0.00500277
2.95231e-12
0.00500277
2.52417e-12
0.00500277
2.158e-12
0.00500277
1.84523e-12
0.00500277
1.57843e-12
0.00500277
1.35104e-12
0.00500277
1.15705e-12
0.00500277
9.91155e-13
0.00500277
8.48759e-13
0.00500277
7.26177e-13
0.00500277
6.20367e-13
0.00500277
5.29246e-13
0.00500277
4.51101e-13
0.00500277
3.84583e-13
0.00500277
3.28391e-13
0.00500277
2.81017e-13
0.00500277
2.41095e-13
0.00500277
2.07043e-13
0.00500277
1.77722e-13
0.00500277
1.52107e-13
0.00500277
1.29587e-13
0.00500277
1.09935e-13
0.00500277
9.27921e-14
0.00500277
7.81504e-14
0.00500277
6.57615e-14
0.00500277
5.53911e-14
0.00500277
4.67411e-14
0.00500277
3.95185e-14
0.00500277
3.34101e-14
0.00500277
2.82946e-14
0.00500277
2.40206e-14
0.00500277
2.05978e-14
0.00500277
1.79691e-14
0.00500277
1.60221e-14
0.00500277
1.47605e-14
0.00500277
1.39144e-14
0.00500277
1.34208e-14
0.00500277
1.30894e-14
0.00500277
1.26554e-14
0.00500277
1.20655e-14
0.00500277
1.12774e-14
0.00500277
1.03237e-14
0.00500277
9.07636e-15
0.00500277
7.76271e-15
0.00500277
6.41088e-15
0.00500277
5.19253e-15
0.00500277
4.33282e-15
0.00500277
3.79839e-15
0.00500277
3.57093e-15
0.00500277
3.63883e-15
0.00500277
3.87877e-15
0.00500277
4.18823e-15
0.00500277
4.45249e-15
0.00500277
4.61209e-15
0.00500277
4.51612e-15
0.00500277
4.19862e-15
0.00500277
3.64342e-15
0.00500277
2.8905e-15
0.00500277
2.04645e-15
0.00500277
1.21278e-15
0.00500277
4.01633e-16
0.00500277
-2.15694e-16
0.00500277
-8.13187e-16
0.00500277
-1.22941e-15
0.00500277
-1.37711e-15
0.00500277
-1.44772e-15
0.00500277
-1.33312e-15
0.00500277
-1.09839e-15
0.00500277
-8.38845e-16
0.00500277
-6.35318e-16
0.00500277
-5.44113e-16
0.00500277
-4.13779e-16
0.00500277
-4.39001e-16
0.00500277
-4.36296e-16
0.00500277
-5.41783e-16
0.00500277
-8.42799e-16
0.00500277
-9.31417e-16
0.00500277
-1.27795e-15
0.00500277
-1.46516e-15
0.00500277
-1.4344e-15
0.00500277
-1.41756e-15
0.00500277
-1.43626e-15
0.00500277
-1.36626e-15
0.00500277
-1.12273e-15
0.00500277
-1.22014e-15
0.00500277
-7.28065e-16
0.00500277
-8.01569e-16
0.00500277
-8.57273e-16
0.00500277
-4.67887e-16
0.00500277
-7.87876e-16
0.00500277
-2.14182e-16
0.00500277
-3.33598e-16
0.00500277
-4.64565e-16
0.00500277
-7.49659e-17
0.00500277
-1.78306e-16
0.00500277
-1.19647e-16
0.00500277
1.40547e-16
0.00500277
-7.63789e-18
0.00500277
1.02403e-17
0.00500277
2.80998e-16
0.00500277
2.04981e-16
0.00500277
2.6826e-16
1.61455e-16
0.00500018
3.59794e-07
0.00500061
9.33763e-07
0.00500112
1.41901e-06
0.00500157
1.7943e-06
0.00500191
2.0031e-06
0.00500212
2.07732e-06
0.00500226
2.05039e-06
0.00500248
2.01723e-06
0.00500281
2.13493e-06
0.00500311
2.33723e-06
0.00500329
2.40049e-06
0.0050034
2.30436e-06
0.00500356
2.24166e-06
0.00500379
2.32181e-06
0.00500406
2.47969e-06
0.00500434
2.60484e-06
0.00500457
2.63169e-06
0.00500472
2.53826e-06
0.00500475
2.33245e-06
0.00500469
2.04747e-06
0.00500456
1.72909e-06
0.00500439
1.41779e-06
0.0050042
1.13924e-06
0.00500402
9.04556e-07
0.00500385
7.14769e-07
0.00500371
5.65289e-07
0.00500359
4.49246e-07
0.00500348
3.596e-07
0.0050034
2.90201e-07
0.00500332
2.36113e-07
0.00500326
1.93565e-07
0.00500321
1.59749e-07
0.00500317
1.326e-07
0.00500314
1.10598e-07
0.00500311
9.26193e-08
0.00500308
7.78237e-08
0.00500306
6.5574e-08
0.00500304
5.53808e-08
0.00500303
4.68628e-08
0.00500302
3.97193e-08
0.00500301
3.37107e-08
0.005003
2.8644e-08
0.00500299
2.43625e-08
0.00500298
2.07381e-08
0.00500298
1.76653e-08
0.00500297
1.50567e-08
0.00500297
1.28399e-08
0.00500296
1.09543e-08
0.00500296
9.34898e-09
0.00500296
7.98148e-09
0.00500296
6.81587e-09
0.00500295
5.82184e-09
0.00500295
4.97377e-09
0.00500295
4.24997e-09
0.00500295
3.63204e-09
0.00500295
3.10434e-09
0.00500295
2.6536e-09
0.00500295
2.26852e-09
0.00500295
1.93948e-09
0.00500295
1.65827e-09
0.00500295
1.41793e-09
0.00500295
1.21248e-09
0.00500295
1.03684e-09
0.00500294
8.86683e-10
0.00500294
7.58295e-10
0.00500294
6.48515e-10
0.00500294
5.54642e-10
0.00500294
4.74368e-10
0.00500294
4.05719e-10
0.00500294
3.4701e-10
0.00500294
2.968e-10
0.00500294
2.53857e-10
0.00500294
2.1713e-10
0.00500294
1.85718e-10
0.00500294
1.58851e-10
0.00500294
1.35873e-10
0.00500294
1.16219e-10
0.00500294
9.9409e-11
0.00500294
8.50315e-11
0.00500294
7.27336e-11
0.00500294
6.22139e-11
0.00500294
5.32148e-11
0.00500294
4.55162e-11
0.00500294
3.89311e-11
0.00500294
3.32993e-11
0.00500294
2.84833e-11
0.00500294
2.43649e-11
0.00500294
2.08423e-11
0.00500294
1.7829e-11
0.00500294
1.52507e-11
0.00500294
1.3045e-11
0.00500294
1.11581e-11
0.00500294
9.54409e-12
0.00500294
8.16367e-12
0.00500294
6.98273e-12
0.00500294
5.9723e-12
0.00500294
5.10753e-12
0.00500294
4.36738e-12
0.00500294
3.73421e-12
0.00500294
3.19303e-12
0.00500294
2.731e-12
0.00500294
2.33683e-12
0.00500294
2.00054e-12
0.00500294
1.7133e-12
0.00500294
1.4673e-12
0.00500294
1.25599e-12
0.00500294
1.074e-12
0.00500294
9.17112e-13
0.00500294
7.82296e-13
0.00500294
6.67005e-13
0.00500294
5.69069e-13
0.00500294
4.86303e-13
0.00500294
4.16375e-13
0.00500294
3.57165e-13
0.00500294
3.06496e-13
0.00500294
2.62754e-13
0.00500294
2.24576e-13
0.00500294
1.91145e-13
0.00500294
1.62075e-13
0.00500294
1.36946e-13
0.00500294
1.15462e-13
0.00500294
9.72681e-14
0.00500294
8.19439e-14
0.00500294
6.91038e-14
0.00500294
5.83299e-14
0.00500294
4.92645e-14
0.00500294
4.17289e-14
0.00500294
3.55747e-14
0.00500294
3.07827e-14
0.00500294
2.71805e-14
0.00500294
2.46305e-14
0.00500294
2.29681e-14
0.00500294
2.18078e-14
0.00500294
2.09331e-14
0.00500294
2.0072e-14
0.00500294
1.89975e-14
0.00500294
1.76578e-14
0.00500294
1.60457e-14
0.00500294
1.42494e-14
0.00500294
1.23003e-14
0.00500294
1.0461e-14
0.00500294
8.81081e-15
0.00500294
7.4839e-15
0.00500294
6.68414e-15
0.00500294
6.28371e-15
0.00500294
6.23888e-15
0.00500294
6.43013e-15
0.00500294
6.65914e-15
0.00500294
6.83863e-15
0.00500294
6.83716e-15
0.00500294
6.63749e-15
0.00500294
6.11936e-15
0.00500294
5.3297e-15
0.00500294
4.3464e-15
0.00500294
3.13726e-15
0.00500294
2.02009e-15
0.00500294
9.39884e-16
0.00500294
5.68416e-18
0.00500294
-6.63907e-16
0.00500294
-1.22624e-15
0.00500294
-1.52055e-15
0.00500294
-1.60884e-15
0.00500294
-1.53994e-15
0.00500294
-1.35478e-15
0.00500294
-1.10841e-15
0.00500294
-8.67003e-16
0.00500294
-7.45511e-16
0.00500294
-7.06002e-16
0.00500294
-6.71137e-16
0.00500294
-7.69942e-16
0.00500294
-8.87494e-16
0.00500294
-1.11977e-15
0.00500294
-1.43343e-15
0.00500294
-1.59405e-15
0.00500294
-1.74685e-15
0.00500294
-1.81728e-15
0.00500294
-1.79444e-15
0.00500294
-1.72339e-15
0.00500294
-1.68494e-15
0.00500294
-1.49752e-15
0.00500294
-1.20773e-15
0.00500294
-1.16363e-15
0.00500294
-9.33762e-16
0.00500294
-8.61879e-16
0.00500294
-8.95702e-16
0.00500294
-5.92431e-16
0.00500294
-7.07292e-16
0.00500294
-4.67086e-16
0.00500294
-4.96893e-16
0.00500294
-5.68115e-16
0.00500294
-3.80442e-16
0.00500294
-2.27576e-16
0.00500294
-1.62786e-16
0.00500294
-1.07585e-16
0.00500294
-2.01799e-16
0.00500294
-3.82923e-17
0.00500294
1.85527e-16
0.00500294
1.27319e-16
0.00500294
1.07191e-16
4.81961e-17
0.00500011
2.47685e-07
0.00500035
6.95991e-07
0.00500067
1.0992e-06
0.00500101
1.45796e-06
0.00500132
1.69213e-06
0.00500158
1.8174e-06
0.00500176
1.86949e-06
0.00500191
1.86879e-06
0.00500212
1.92385e-06
0.00500238
2.07526e-06
0.0050026
2.1787e-06
0.00500276
2.1454e-06
0.00500291
2.08871e-06
0.0050031
2.13563e-06
0.00500331
2.2696e-06
0.00500352
2.39513e-06
0.00500371
2.44309e-06
0.00500386
2.38971e-06
0.00500395
2.23843e-06
0.00500399
2.0118e-06
0.00500397
1.74475e-06
0.00500392
1.47192e-06
0.00500384
1.21795e-06
0.00500375
9.95663e-07
0.00500365
8.08945e-07
0.00500356
6.56238e-07
0.00500348
5.33284e-07
0.0050034
4.34986e-07
0.00500334
3.56482e-07
0.00500328
2.93611e-07
0.00500323
2.43008e-07
0.00500319
2.02032e-07
0.00500315
1.68641e-07
0.00500312
1.41265e-07
0.00500309
1.18693e-07
0.00500307
9.99891e-08
0.00500305
8.44206e-08
0.00500304
7.1412e-08
0.00500302
6.05059e-08
0.00500301
5.13361e-08
0.005003
4.36072e-08
0.00500299
3.70791e-08
0.00500299
3.15552e-08
0.00500298
2.68738e-08
0.00500297
2.29012e-08
0.00500297
1.95262e-08
0.00500297
1.66562e-08
0.00500296
1.42135e-08
0.00500296
1.21332e-08
0.00500296
1.03603e-08
0.00500296
8.84861e-09
0.00500295
7.5591e-09
0.00500295
6.45868e-09
0.00500295
5.51932e-09
0.00500295
4.71721e-09
0.00500295
4.03213e-09
0.00500295
3.44688e-09
0.00500295
2.94684e-09
0.00500295
2.51951e-09
0.00500295
2.15429e-09
0.00500295
1.84212e-09
0.00500295
1.57525e-09
0.00500295
1.3471e-09
0.00500295
1.15203e-09
0.00500294
9.85235e-10
0.00500294
8.42614e-10
0.00500294
7.20655e-10
0.00500294
6.1636e-10
0.00500294
5.27167e-10
0.00500294
4.50887e-10
0.00500294
3.85649e-10
0.00500294
3.29854e-10
0.00500294
2.82133e-10
0.00500294
2.41319e-10
0.00500294
2.0641e-10
0.00500294
1.76553e-10
0.00500294
1.51016e-10
0.00500294
1.29173e-10
0.00500294
1.10491e-10
0.00500294
9.45101e-11
0.00500294
8.08404e-11
0.00500294
6.91469e-11
0.00500294
5.91442e-11
0.00500294
5.05886e-11
0.00500294
4.32715e-11
0.00500294
3.70138e-11
0.00500294
3.16618e-11
0.00500294
2.70838e-11
0.00500294
2.31674e-11
0.00500294
1.98167e-11
0.00500294
1.69503e-11
0.00500294
1.44984e-11
0.00500294
1.24012e-11
0.00500294
1.06075e-11
0.00500294
9.07299e-12
0.00500294
7.75996e-12
0.00500294
6.63625e-12
0.00500294
5.67466e-12
0.00500294
4.85232e-12
0.00500294
4.14958e-12
0.00500294
3.54963e-12
0.00500294
3.03767e-12
0.00500294
2.60068e-12
0.00500294
2.22708e-12
0.00500294
1.90676e-12
0.00500294
1.63154e-12
0.00500294
1.39463e-12
0.00500294
1.19078e-12
0.00500294
1.01595e-12
0.00500294
8.66652e-13
0.00500294
7.39875e-13
0.00500294
6.32577e-13
0.00500294
5.41739e-13
0.00500294
4.64459e-13
0.00500294
3.98193e-13
0.00500294
3.40889e-13
0.00500294
2.91005e-13
0.00500294
2.47546e-13
0.00500294
2.09884e-13
0.00500294
1.77474e-13
0.00500294
1.49809e-13
0.00500294
1.26458e-13
0.00500294
1.06671e-13
0.00500294
8.99966e-14
0.00500294
7.59211e-14
0.00500294
6.41226e-14
0.00500294
5.43682e-14
0.00500294
4.64799e-14
0.00500294
4.04385e-14
0.00500294
3.59578e-14
0.00500294
3.28081e-14
0.00500294
3.06632e-14
0.00500294
2.90797e-14
0.00500294
2.77176e-14
0.00500294
2.6282e-14
0.00500294
2.45863e-14
0.00500294
2.25409e-14
0.00500294
2.02636e-14
0.00500294
1.77623e-14
0.00500294
1.5275e-14
0.00500294
1.30452e-14
0.00500294
1.1169e-14
0.00500294
9.81175e-15
0.00500294
9.04784e-15
0.00500294
8.72817e-15
0.00500294
8.75519e-15
0.00500294
8.94808e-15
0.00500294
9.12175e-15
0.00500294
9.1582e-15
0.00500294
8.95217e-15
0.00500294
8.42893e-15
0.00500294
7.546e-15
0.00500294
6.29846e-15
0.00500294
4.8886e-15
0.00500294
3.39309e-15
0.00500294
2.01161e-15
0.00500294
7.46872e-16
0.00500294
-2.83098e-16
0.00500294
-1.06811e-15
0.00500294
-1.56226e-15
0.00500294
-1.80795e-15
0.00500294
-1.77814e-15
0.00500294
-1.5884e-15
0.00500294
-1.36628e-15
0.00500294
-1.09393e-15
0.00500294
-9.3324e-16
0.00500294
-8.6857e-16
0.00500294
-8.32379e-16
0.00500294
-9.38022e-16
0.00500294
-1.11267e-15
0.00500294
-1.37763e-15
0.00500294
-1.73996e-15
0.00500294
-1.96893e-15
0.00500294
-2.17658e-15
0.00500294
-2.21707e-15
0.00500294
-2.22178e-15
0.00500294
-2.22851e-15
0.00500294
-2.07092e-15
0.00500294
-1.91419e-15
0.00500294
-1.58275e-15
0.00500294
-1.38092e-15
0.00500294
-1.26051e-15
0.00500294
-1.08361e-15
0.00500294
-9.64353e-16
0.00500294
-8.64847e-16
0.00500294
-6.43259e-16
0.00500294
-7.58022e-16
0.00500294
-6.59428e-16
0.00500294
-6.84042e-16
0.00500294
-5.40587e-16
0.00500294
-4.35707e-16
0.00500294
-4.49353e-16
0.00500294
-4.34658e-16
0.00500294
-1.98618e-16
0.00500294
-1.29327e-16
0.00500294
-5.54429e-17
0.00500294
4.58174e-17
0.00500294
4.04417e-17
0.00500294
8.22912e-17
1.78342e-17
0.00500005
1.93807e-07
0.00500019
5.55672e-07
0.00500041
8.79599e-07
0.00500068
1.19163e-06
0.00500095
1.42646e-06
0.00500119
1.56823e-06
0.0050014
1.66372e-06
0.00500156
1.71418e-06
0.00500172
1.7562e-06
0.00500194
1.85413e-06
0.00500217
1.95678e-06
0.00500234
1.97464e-06
0.00500248
1.9443e-06
0.00500265
1.96907e-06
0.00500285
2.0697e-06
0.00500306
2.18107e-06
0.00500327
2.23809e-06
0.00500344
2.21357e-06
0.00500357
2.10691e-06
0.00500365
1.93253e-06
0.00500368
1.71529e-06
0.00500367
1.48276e-06
0.00500363
1.25711e-06
0.00500358
1.05187e-06
0.00500351
8.73118e-07
0.00500345
7.21888e-07
0.00500338
5.96298e-07
0.00500333
4.93097e-07
0.00500327
4.08697e-07
0.00500323
3.39727e-07
0.00500319
2.83275e-07
0.00500315
2.36927e-07
0.00500312
1.98729e-07
0.0050031
1.67122e-07
0.00500307
1.40867e-07
0.00500306
1.18978e-07
0.00500304
1.00668e-07
0.00500303
8.53052e-08
0.00500301
7.23827e-08
0.005003
6.14874e-08
0.00500299
5.2283e-08
0.00500299
4.44938e-08
0.00500298
3.78922e-08
0.00500298
3.22901e-08
0.00500297
2.75307e-08
0.00500297
2.34836e-08
0.00500296
2.00392e-08
0.00500296
1.71058e-08
0.00500296
1.46059e-08
0.00500296
1.24745e-08
0.00500295
1.06564e-08
0.00500295
9.10496e-09
0.00500295
7.7806e-09
0.00500295
6.64977e-09
0.00500295
5.68396e-09
0.00500295
4.85891e-09
0.00500295
4.15398e-09
0.00500295
3.55158e-09
0.00500295
3.03674e-09
0.00500295
2.59667e-09
0.00500295
2.22048e-09
0.00500295
1.89887e-09
0.00500295
1.62389e-09
0.00500294
1.38878e-09
0.00500294
1.18773e-09
0.00500294
1.01582e-09
0.00500294
8.68805e-10
0.00500294
7.4308e-10
0.00500294
6.35557e-10
0.00500294
5.43598e-10
0.00500294
4.64951e-10
0.00500294
3.97685e-10
0.00500294
3.40155e-10
0.00500294
2.90949e-10
0.00500294
2.48863e-10
0.00500294
2.12866e-10
0.00500294
1.82076e-10
0.00500294
1.55742e-10
0.00500294
1.33216e-10
0.00500294
1.13949e-10
0.00500294
9.74677e-11
0.00500294
8.33697e-11
0.00500294
7.13107e-11
0.00500294
6.09964e-11
0.00500294
5.21747e-11
0.00500294
4.46297e-11
0.00500294
3.81762e-11
0.00500294
3.26557e-11
0.00500294
2.79328e-11
0.00500294
2.38924e-11
0.00500294
2.04361e-11
0.00500294
1.74798e-11
0.00500294
1.49514e-11
0.00500294
1.27888e-11
0.00500294
1.09387e-11
0.00500294
9.35568e-12
0.00500294
8.00101e-12
0.00500294
6.84194e-12
0.00500294
5.85076e-12
0.00500294
5.00384e-12
0.00500294
4.28078e-12
0.00500294
3.6636e-12
0.00500294
3.13639e-12
0.00500294
2.6854e-12
0.00500294
2.29865e-12
0.00500294
1.96634e-12
0.00500294
1.68046e-12
0.00500294
1.43482e-12
0.00500294
1.22442e-12
0.00500294
1.04504e-12
0.00500294
8.9273e-13
0.00500294
7.63533e-13
0.00500294
6.53865e-13
0.00500294
5.60244e-13
0.00500294
4.79783e-13
0.00500294
4.10187e-13
0.00500294
3.49738e-13
0.00500294
2.97343e-13
0.00500294
2.52147e-13
0.00500294
2.13456e-13
0.00500294
1.80559e-13
0.00500294
1.52635e-13
0.00500294
1.28956e-13
0.00500294
1.08951e-13
0.00500294
9.19482e-14
0.00500294
7.77016e-14
0.00500294
6.59271e-14
0.00500294
5.65237e-14
0.00500294
4.93371e-14
0.00500294
4.4021e-14
0.00500294
4.02988e-14
0.00500294
3.76322e-14
0.00500294
3.55568e-14
0.00500294
3.36676e-14
0.00500294
3.16626e-14
0.00500294
2.9352e-14
0.00500294
2.66566e-14
0.00500294
2.37701e-14
0.00500294
2.07313e-14
0.00500294
1.78565e-14
0.00500294
1.53571e-14
0.00500294
1.33684e-14
0.00500294
1.20389e-14
0.00500294
1.13424e-14
0.00500294
1.10901e-14
0.00500294
1.11462e-14
0.00500294
1.12862e-14
0.00500294
1.1367e-14
0.00500294
1.12416e-14
0.00500294
1.07559e-14
0.00500294
9.8959e-15
0.00500294
8.61802e-15
0.00500294
7.04018e-15
0.00500294
5.27955e-15
0.00500294
3.54552e-15
0.00500294
1.95157e-15
0.00500294
5.56081e-16
0.00500294
-5.54161e-16
0.00500294
-1.38627e-15
0.00500294
-1.82163e-15
0.00500294
-1.98854e-15
0.00500294
-1.85304e-15
0.00500294
-1.61073e-15
0.00500294
-1.35338e-15
0.00500294
-1.08864e-15
0.00500294
-9.79031e-16
0.00500294
-9.50958e-16
0.00500294
-9.64919e-16
0.00500294
-1.20198e-15
0.00500294
-1.51595e-15
0.00500294
-1.87162e-15
0.00500294
-2.25168e-15
0.00500294
-2.42305e-15
0.00500294
-2.63356e-15
0.00500294
-2.68661e-15
0.00500294
-2.6245e-15
0.00500294
-2.556e-15
0.00500294
-2.26149e-15
0.00500294
-2.05883e-15
0.00500294
-1.67035e-15
0.00500294
-1.51625e-15
0.00500294
-1.39231e-15
0.00500294
-1.02429e-15
0.00500294
-9.66153e-16
0.00500294
-8.09538e-16
0.00500294
-7.75915e-16
0.00500294
-8.73779e-16
0.00500294
-6.36925e-16
0.00500294
-7.72672e-16
0.00500294
-5.67521e-16
0.00500294
-5.76081e-16
0.00500294
-5.53421e-16
0.00500294
-5.00755e-16
0.00500294
-2.57341e-16
0.00500294
-1.71306e-16
0.00500294
-2.16164e-16
0.00500294
-4.73657e-17
0.00500294
9.61933e-17
0.00500294
7.43626e-17
-4.23359e-17
0.00500004
1.54738e-07
0.00500015
4.4968e-07
0.00500031
7.18893e-07
0.00500051
9.86058e-07
0.00500073
1.20833e-06
0.00500094
1.35327e-06
0.00500115
1.46149e-06
0.00500131
1.54683e-06
0.00500146
1.60656e-06
0.00500164
1.67573e-06
0.00500184
1.75473e-06
0.00500203
1.79245e-06
0.00500218
1.79077e-06
0.00500233
1.81582e-06
0.0050025
1.89832e-06
0.00500269
1.99828e-06
0.00500287
2.05876e-06
0.00500303
2.05023e-06
0.00500317
1.96995e-06
0.00500327
1.82945e-06
0.00500334
1.64825e-06
0.00500337
1.44863e-06
0.00500338
1.24969e-06
0.00500337
1.06408e-06
0.00500334
8.98317e-07
0.00500331
7.54556e-07
0.00500327
6.32258e-07
0.00500324
5.29453e-07
0.0050032
4.43606e-07
0.00500317
3.72138e-07
0.00500314
3.12681e-07
0.00500311
2.63182e-07
0.00500309
2.21905e-07
0.00500307
1.87415e-07
0.00500305
1.5853e-07
0.00500304
1.34286e-07
0.00500302
1.13893e-07
0.00500301
9.67052e-08
0.005003
8.21918e-08
0.00500299
6.99167e-08
0.00500299
5.95196e-08
0.00500298
5.07017e-08
0.00500298
4.32146e-08
0.00500297
3.68512e-08
0.00500297
3.14381e-08
0.00500296
2.683e-08
0.00500296
2.29045e-08
0.00500296
1.95587e-08
0.00500296
1.67056e-08
0.00500295
1.42716e-08
0.00500295
1.21943e-08
0.00500295
1.0421e-08
0.00500295
8.90666e-09
0.00500295
7.61326e-09
0.00500295
6.50831e-09
0.00500295
5.56418e-09
0.00500295
4.75736e-09
0.00500295
4.06777e-09
0.00500295
3.47833e-09
0.00500295
2.97444e-09
0.00500295
2.54364e-09
0.00500295
2.17531e-09
0.00500294
1.86037e-09
0.00500294
1.59107e-09
0.00500294
1.36078e-09
0.00500294
1.16385e-09
0.00500294
9.95427e-10
0.00500294
8.51392e-10
0.00500294
7.28206e-10
0.00500294
6.22851e-10
0.00500294
5.32743e-10
0.00500294
4.55675e-10
0.00500294
3.89759e-10
0.00500294
3.3338e-10
0.00500294
2.85158e-10
0.00500294
2.43912e-10
0.00500294
2.08633e-10
0.00500294
1.78458e-10
0.00500294
1.52647e-10
0.00500294
1.3057e-10
0.00500294
1.11685e-10
0.00500294
9.55317e-11
0.00500294
8.17146e-11
0.00500294
6.98965e-11
0.00500294
5.97884e-11
0.00500294
5.11426e-11
0.00500294
4.37469e-11
0.00500294
3.742e-11
0.00500294
3.20073e-11
0.00500294
2.73769e-11
0.00500294
2.34161e-11
0.00500294
2.00286e-11
0.00500294
1.71316e-11
0.00500294
1.46538e-11
0.00500294
1.25341e-11
0.00500294
1.07203e-11
0.00500294
9.16818e-12
0.00500294
7.84031e-12
0.00500294
6.70483e-12
0.00500294
5.73469e-12
0.00500294
4.90626e-12
0.00500294
4.19889e-12
0.00500294
3.59444e-12
0.00500294
3.07701e-12
0.00500294
2.63319e-12
0.00500294
2.25194e-12
0.00500294
1.92433e-12
0.00500294
1.64327e-12
0.00500294
1.40289e-12
0.00500294
1.19799e-12
0.00500294
1.02386e-12
0.00500294
8.75897e-13
0.00500294
7.49934e-13
0.00500294
6.41963e-13
0.00500294
5.49062e-13
0.00500294
4.68781e-13
0.00500294
3.99281e-13
0.00500294
3.39341e-13
0.00500294
2.8798e-13
0.00500294
2.44132e-13
0.00500294
2.06904e-13
0.00500294
1.75269e-13
0.00500294
1.48357e-13
0.00500294
1.25493e-13
0.00500294
1.05988e-13
0.00500294
8.96526e-14
0.00500294
7.61867e-14
0.00500294
6.54538e-14
0.00500294
5.72703e-14
0.00500294
5.11907e-14
0.00500294
4.68512e-14
0.00500294
4.36326e-14
0.00500294
4.10322e-14
0.00500294
3.86018e-14
0.00500294
3.6038e-14
0.00500294
3.31634e-14
0.00500294
2.99454e-14
0.00500294
2.65505e-14
0.00500294
2.3131e-14
0.00500294
2.00092e-14
0.00500294
1.73779e-14
0.00500294
1.53911e-14
0.00500294
1.41239e-14
0.00500294
1.34602e-14
0.00500294
1.32235e-14
0.00500294
1.32724e-14
0.00500294
1.33535e-14
0.00500294
1.33365e-14
0.00500294
1.29796e-14
0.00500294
1.22126e-14
0.00500294
1.10298e-14
0.00500294
9.37386e-15
0.00500294
7.5509e-15
0.00500294
5.49712e-15
0.00500294
3.56253e-15
0.00500294
1.79862e-15
0.00500294
2.80077e-16
0.00500294
-8.53156e-16
0.00500294
-1.64508e-15
0.00500294
-2.00384e-15
0.00500294
-2.02437e-15
0.00500294
-1.8465e-15
0.00500294
-1.56786e-15
0.00500294
-1.29418e-15
0.00500294
-1.05276e-15
0.00500294
-9.6022e-16
0.00500294
-9.93878e-16
0.00500294
-1.1092e-15
0.00500294
-1.51116e-15
0.00500294
-1.90325e-15
0.00500294
-2.28234e-15
0.00500294
-2.67454e-15
0.00500294
-2.83371e-15
0.00500294
-3.02046e-15
0.00500294
-3.1235e-15
0.00500294
-2.98653e-15
0.00500294
-2.78361e-15
0.00500294
-2.39397e-15
0.00500294
-2.20455e-15
0.00500294
-1.85285e-15
0.00500294
-1.52452e-15
0.00500294
-1.37934e-15
0.00500294
-1.06609e-15
0.00500294
-9.29576e-16
0.00500294
-8.7776e-16
0.00500294
-7.77138e-16
0.00500294
-8.48092e-16
0.00500294
-5.82316e-16
0.00500294
-7.59214e-16
0.00500294
-6.86113e-16
0.00500294
-6.91037e-16
0.00500294
-5.79663e-16
0.00500294
-4.07464e-16
0.00500294
-3.3224e-16
0.00500294
-2.71101e-16
0.00500294
-1.38833e-16
0.00500294
-1.25889e-16
0.00500294
-3.60875e-17
0.00500294
2.24278e-17
-8.76132e-17
0.00500003
1.26978e-07
0.0050001
3.72712e-07
0.00500022
6.00192e-07
0.00500038
8.26483e-07
0.00500056
1.03191e-06
0.00500074
1.17381e-06
0.00500092
1.28035e-06
0.00500109
1.37784e-06
0.00500124
1.45539e-06
0.0050014
1.51799e-06
0.00500157
1.57841e-06
0.00500175
1.61923e-06
0.0050019
1.63607e-06
0.00500205
1.66548e-06
0.00500222
1.7343e-06
0.00500239
1.82056e-06
0.00500257
1.87951e-06
0.00500274
1.88207e-06
0.00500289
1.82278e-06
0.00500301
1.71038e-06
0.0050031
1.56032e-06
0.00500315
1.3905e-06
0.00500319
1.21697e-06
0.0050032
1.05121e-06
0.0050032
8.99805e-07
0.00500319
7.65627e-07
0.00500317
6.49109e-07
0.00500315
5.49268e-07
0.00500313
4.64431e-07
0.00500311
3.92692e-07
0.00500309
3.32184e-07
0.00500307
2.81204e-07
0.00500306
2.38252e-07
0.00500304
2.02044e-07
0.00500303
1.71494e-07
0.00500302
1.45689e-07
0.00500301
1.23866e-07
0.005003
1.05389e-07
0.00500299
8.97283e-08
0.00500298
7.64399e-08
0.00500298
6.51536e-08
0.00500297
5.55595e-08
0.00500297
4.73975e-08
0.00500297
4.04489e-08
0.00500296
3.45297e-08
0.00500296
2.94847e-08
0.00500296
2.51827e-08
0.00500296
2.15128e-08
0.00500295
1.8381e-08
0.00500295
1.57075e-08
0.00500295
1.34246e-08
0.00500295
1.14748e-08
0.00500295
9.80922e-09
0.00500295
8.38609e-09
0.00500295
7.16996e-09
0.00500295
6.13057e-09
0.00500295
5.24215e-09
0.00500295
4.48268e-09
0.00500295
3.83341e-09
0.00500295
3.27828e-09
0.00500294
2.80364e-09
0.00500294
2.39777e-09
0.00500294
2.05071e-09
0.00500294
1.75391e-09
0.00500294
1.5001e-09
0.00500294
1.28304e-09
0.00500294
1.09739e-09
0.00500294
9.38621e-10
0.00500294
8.02828e-10
0.00500294
6.86686e-10
0.00500294
5.87351e-10
0.00500294
5.02389e-10
0.00500294
4.2972e-10
0.00500294
3.67564e-10
0.00500294
3.14399e-10
0.00500294
2.68925e-10
0.00500294
2.30029e-10
0.00500294
1.9676e-10
0.00500294
1.68303e-10
0.00500294
1.43962e-10
0.00500294
1.23142e-10
0.00500294
1.05332e-10
0.00500294
9.00985e-11
0.00500294
7.70689e-11
0.00500294
6.59241e-11
0.00500294
5.63909e-11
0.00500294
4.82357e-11
0.00500294
4.12587e-11
0.00500294
3.52899e-11
0.00500294
3.01841e-11
0.00500294
2.5817e-11
0.00500294
2.20824e-11
0.00500294
1.88885e-11
0.00500294
1.61568e-11
0.00500294
1.38198e-11
0.00500294
1.18201e-11
0.00500294
1.01089e-11
0.00500294
8.64506e-12
0.00500294
7.39345e-12
0.00500294
6.32401e-12
0.00500294
5.41063e-12
0.00500294
4.63036e-12
0.00500294
3.96321e-12
0.00500294
3.39193e-12
0.00500294
2.90202e-12
0.00500294
2.48145e-12
0.00500294
2.12046e-12
0.00500294
1.8112e-12
0.00500294
1.54691e-12
0.00500294
1.32175e-12
0.00500294
1.13005e-12
0.00500294
9.66726e-13
0.00500294
8.27196e-13
0.00500294
7.07455e-13
0.00500294
6.04298e-13
0.00500294
5.15253e-13
0.00500294
4.38553e-13
0.00500294
3.7274e-13
0.00500294
3.16558e-13
0.00500294
2.68812e-13
0.00500294
2.2827e-13
0.00500294
1.93776e-13
0.00500294
1.64324e-13
0.00500294
1.39143e-13
0.00500294
1.17703e-13
0.00500294
9.96732e-14
0.00500294
8.48575e-14
0.00500294
7.30493e-14
0.00500294
6.39856e-14
0.00500294
5.72249e-14
0.00500294
5.22667e-14
0.00500294
4.85004e-14
0.00500294
4.53388e-14
0.00500294
4.23953e-14
0.00500294
3.931e-14
0.00500294
3.59329e-14
0.00500294
3.22892e-14
0.00500294
2.85678e-14
0.00500294
2.49527e-14
0.00500294
2.17078e-14
0.00500294
1.90806e-14
0.00500294
1.71464e-14
0.00500294
1.5952e-14
0.00500294
1.53663e-14
0.00500294
1.51208e-14
0.00500294
1.51302e-14
0.00500294
1.51215e-14
0.00500294
1.49097e-14
0.00500294
1.43295e-14
0.00500294
1.32859e-14
0.00500294
1.17888e-14
0.00500294
9.87581e-15
0.00500294
7.77461e-15
0.00500294
5.56044e-15
0.00500294
3.4571e-15
0.00500294
1.56924e-15
0.00500294
-4.34797e-18
0.00500294
-1.12308e-15
0.00500294
-1.80568e-15
0.00500294
-2.07814e-15
0.00500294
-2.01497e-15
0.00500294
-1.80755e-15
0.00500294
-1.5102e-15
0.00500294
-1.2169e-15
0.00500294
-1.00256e-15
0.00500294
-9.29597e-16
0.00500294
-1.04198e-15
0.00500294
-1.28054e-15
0.00500294
-1.76745e-15
0.00500294
-2.21145e-15
0.00500294
-2.57884e-15
0.00500294
-3.00528e-15
0.00500294
-3.26609e-15
0.00500294
-3.35918e-15
0.00500294
-3.4179e-15
0.00500294
-3.21136e-15
0.00500294
-2.93113e-15
0.00500294
-2.49929e-15
0.00500294
-2.30083e-15
0.00500294
-2.00492e-15
0.00500294
-1.47178e-15
0.00500294
-1.31015e-15
0.00500294
-1.04299e-15
0.00500294
-9.91866e-16
0.00500294
-8.18836e-16
0.00500294
-6.23929e-16
0.00500294
-8.89269e-16
0.00500294
-5.50641e-16
0.00500294
-7.5562e-16
0.00500294
-6.29238e-16
0.00500294
-5.92853e-16
0.00500294
-6.0592e-16
0.00500294
-5.60148e-16
0.00500294
-3.70612e-16
0.00500294
-2.21257e-16
0.00500294
-1.63509e-16
0.00500294
-1.56795e-16
0.00500294
-9.10478e-17
0.00500294
-5.66698e-17
-1.6142e-16
0.00500002
1.06451e-07
0.00500008
3.13403e-07
0.00500017
5.08032e-07
0.0050003
7.0141e-07
0.00500045
8.82942e-07
0.0050006
1.01728e-06
0.00500076
1.1199e-06
0.00500092
1.2189e-06
0.00500107
1.30563e-06
0.00500122
1.36938e-06
0.00500138
1.41929e-06
0.00500154
1.45607e-06
0.0050017
1.48178e-06
0.00500185
1.51694e-06
0.005002
1.57911e-06
0.00500217
1.65501e-06
0.00500233
1.71075e-06
0.0050025
1.72004e-06
0.00500264
1.67573e-06
0.00500277
1.58438e-06
0.00500287
1.45884e-06
0.00500295
1.31386e-06
0.005003
1.16293e-06
0.00500304
1.01613e-06
0.00500306
8.79665e-07
0.00500307
7.5661e-07
0.00500307
6.47932e-07
0.00500306
5.53299e-07
0.00500306
4.71668e-07
0.00500305
4.01686e-07
0.00500304
3.41927e-07
0.00500303
2.91023e-07
0.00500302
2.47721e-07
0.00500301
2.10912e-07
0.005003
1.7963e-07
0.00500299
1.53043e-07
0.00500299
1.30439e-07
0.00500298
1.11215e-07
0.00500298
9.48572e-08
0.00500297
8.0932e-08
0.00500297
6.90719e-08
0.00500296
5.89658e-08
0.00500296
5.03508e-08
0.00500296
4.30038e-08
0.00500296
3.6736e-08
0.00500295
3.13871e-08
0.00500295
2.68211e-08
0.00500295
2.29223e-08
0.00500295
1.95925e-08
0.00500295
1.67481e-08
0.00500295
1.43179e-08
0.00500295
1.22413e-08
0.00500295
1.04665e-08
0.00500295
8.94954e-09
0.00500295
7.65282e-09
0.00500295
6.54427e-09
0.00500295
5.59651e-09
0.00500295
4.78616e-09
0.00500294
4.09326e-09
0.00500294
3.50075e-09
0.00500294
2.99407e-09
0.00500294
2.56077e-09
0.00500294
2.19021e-09
0.00500294
1.8733e-09
0.00500294
1.60226e-09
0.00500294
1.37045e-09
0.00500294
1.17219e-09
0.00500294
1.00262e-09
0.00500294
8.5758e-10
0.00500294
7.33529e-10
0.00500294
6.27427e-10
0.00500294
5.36675e-10
0.00500294
4.59051e-10
0.00500294
3.92655e-10
0.00500294
3.35863e-10
0.00500294
2.87286e-10
0.00500294
2.45737e-10
0.00500294
2.10197e-10
0.00500294
1.79798e-10
0.00500294
1.53795e-10
0.00500294
1.31553e-10
0.00500294
1.12528e-10
0.00500294
9.6255e-11
0.00500294
8.23357e-11
0.00500294
7.04295e-11
0.00500294
6.02444e-11
0.00500294
5.15311e-11
0.00500294
4.40767e-11
0.00500294
3.76997e-11
0.00500294
3.22451e-11
0.00500294
2.758e-11
0.00500294
2.35905e-11
0.00500294
2.01787e-11
0.00500294
1.72605e-11
0.00500294
1.4764e-11
0.00500294
1.26277e-11
0.00500294
1.07999e-11
0.00500294
9.23639e-12
0.00500294
7.89958e-12
0.00500294
6.75719e-12
0.00500294
5.78113e-12
0.00500294
4.947e-12
0.00500294
4.23354e-12
0.00500294
3.62252e-12
0.00500294
3.09864e-12
0.00500294
2.64929e-12
0.00500294
2.26415e-12
0.00500294
1.93459e-12
0.00500294
1.6531e-12
0.00500294
1.4131e-12
0.00500294
1.20843e-12
0.00500294
1.03366e-12
0.00500294
8.83844e-13
0.00500294
7.55064e-13
0.00500294
6.44144e-13
0.00500294
5.48657e-13
0.00500294
4.66702e-13
0.00500294
3.96779e-13
0.00500294
3.37331e-13
0.00500294
2.86931e-13
0.00500294
2.44181e-13
0.00500294
2.077e-13
0.00500294
1.76496e-13
0.00500294
1.49656e-13
0.00500294
1.26799e-13
0.00500294
1.07517e-13
0.00500294
9.16673e-14
0.00500294
7.90468e-14
0.00500294
6.92819e-14
0.00500294
6.19444e-14
0.00500294
5.63836e-14
0.00500294
5.20562e-14
0.00500294
4.83913e-14
0.00500294
4.49296e-14
0.00500294
4.1417e-14
0.00500294
3.76511e-14
0.00500294
3.37211e-14
0.00500294
2.98277e-14
0.00500294
2.61287e-14
0.00500294
2.29485e-14
0.00500294
2.04105e-14
0.00500294
1.85858e-14
0.00500294
1.74796e-14
0.00500294
1.68726e-14
0.00500294
1.6666e-14
0.00500294
1.65878e-14
0.00500294
1.64507e-14
0.00500294
1.60932e-14
0.00500294
1.52563e-14
0.00500294
1.39945e-14
0.00500294
1.21782e-14
0.00500294
1.01082e-14
0.00500294
7.79559e-15
0.00500294
5.42995e-15
0.00500294
3.24461e-15
0.00500294
1.26567e-15
0.00500294
-2.59354e-16
0.00500294
-1.32706e-15
0.00500294
-1.92362e-15
0.00500294
-2.11861e-15
0.00500294
-2.01957e-15
0.00500294
-1.75372e-15
0.00500294
-1.42097e-15
0.00500294
-1.08996e-15
0.00500294
-8.94762e-16
0.00500294
-9.10784e-16
0.00500294
-1.12032e-15
0.00500294
-1.4653e-15
0.00500294
-1.9596e-15
0.00500294
-2.45896e-15
0.00500294
-2.86986e-15
0.00500294
-3.29694e-15
0.00500294
-3.62999e-15
0.00500294
-3.63536e-15
0.00500294
-3.56834e-15
0.00500294
-3.39479e-15
0.00500294
-3.06167e-15
0.00500294
-2.65042e-15
0.00500294
-2.23272e-15
0.00500294
-1.98863e-15
0.00500294
-1.52922e-15
0.00500294
-1.23482e-15
0.00500294
-9.95851e-16
0.00500294
-8.92547e-16
0.00500294
-8.00847e-16
0.00500294
-5.19344e-16
0.00500294
-7.73239e-16
0.00500294
-5.35064e-16
0.00500294
-7.26258e-16
0.00500294
-5.9729e-16
0.00500294
-5.54669e-16
0.00500294
-5.75758e-16
0.00500294
-5.54479e-16
0.00500294
-4.12937e-16
0.00500294
-2.91627e-16
0.00500294
-1.15648e-16
0.00500294
-1.21651e-16
0.00500294
-1.32292e-16
0.00500294
-1.24525e-16
-2.20546e-16
0.00500002
9.03345e-08
0.00500006
2.65886e-07
0.00500014
4.33163e-07
0.00500024
5.99515e-07
0.00500037
7.5666e-07
0.0050005
8.81454e-07
0.00500064
9.78318e-07
0.00500079
1.07225e-06
0.00500094
1.16081e-06
0.00500108
1.22736e-06
0.00500122
1.27266e-06
0.00500138
1.30526e-06
0.00500152
1.33403e-06
0.00500167
1.37236e-06
0.00500182
1.42985e-06
0.00500197
1.49686e-06
0.00500214
1.54794e-06
0.0050023
1.56079e-06
0.00500244
1.52768e-06
0.00500258
1.45324e-06
0.00500269
1.34813e-06
0.00500278
1.22464e-06
0.00500284
1.09407e-06
0.0050029
9.65121e-07
0.00500293
8.43429e-07
0.00500296
7.32068e-07
0.00500297
6.32292e-07
0.00500298
5.44203e-07
0.00500299
4.67225e-07
0.00500299
4.0044e-07
0.00500299
3.42788e-07
0.00500298
2.93198e-07
0.00500298
2.50648e-07
0.00500298
2.14202e-07
0.00500297
1.83022e-07
0.00500297
1.56368e-07
0.00500297
1.33593e-07
0.00500296
1.14139e-07
0.00500296
9.75236e-08
0.00500296
8.33335e-08
0.00500296
7.12142e-08
0.00500296
6.08628e-08
0.00500295
5.20205e-08
0.00500295
4.44665e-08
0.00500295
3.80124e-08
0.00500295
3.24974e-08
0.00500295
2.77843e-08
0.00500295
2.37561e-08
0.00500295
2.0313e-08
0.00500295
1.73697e-08
0.00500295
1.48535e-08
0.00500295
1.27023e-08
0.00500295
1.0863e-08
0.00500295
9.29024e-09
0.00500295
7.9454e-09
0.00500294
6.79538e-09
0.00500294
5.81192e-09
0.00500294
4.97087e-09
0.00500294
4.25158e-09
0.00500294
3.63643e-09
0.00500294
3.11031e-09
0.00500294
2.66033e-09
0.00500294
2.27547e-09
0.00500294
1.9463e-09
0.00500294
1.66476e-09
0.00500294
1.42395e-09
0.00500294
1.21798e-09
0.00500294
1.0418e-09
0.00500294
8.91116e-10
0.00500294
7.62227e-10
0.00500294
6.51983e-10
0.00500294
5.57686e-10
0.00500294
4.77028e-10
0.00500294
4.08035e-10
0.00500294
3.49022e-10
0.00500294
2.98544e-10
0.00500294
2.55368e-10
0.00500294
2.18437e-10
0.00500294
1.86847e-10
0.00500294
1.59826e-10
0.00500294
1.36712e-10
0.00500294
1.16942e-10
0.00500294
1.00031e-10
0.00500294
8.55662e-11
0.00500294
7.31927e-11
0.00500294
6.26075e-11
0.00500294
5.35519e-11
0.00500294
4.58047e-11
0.00500294
3.91776e-11
0.00500294
3.35092e-11
0.00500294
2.86615e-11
0.00500294
2.45159e-11
0.00500294
2.09705e-11
0.00500294
1.79379e-11
0.00500294
1.53434e-11
0.00500294
1.31235e-11
0.00500294
1.12243e-11
0.00500294
9.59962e-12
0.00500294
8.21052e-12
0.00500294
7.02329e-12
0.00500294
6.00854e-12
0.00500294
5.14101e-12
0.00500294
4.39873e-12
0.00500294
3.76302e-12
0.00500294
3.21835e-12
0.00500294
2.75159e-12
0.00500294
2.352e-12
0.00500294
2.01039e-12
0.00500294
1.71872e-12
0.00500294
1.46977e-12
0.00500294
1.25702e-12
0.00500294
1.07486e-12
0.00500294
9.18337e-13
0.00500294
7.83624e-13
0.00500294
6.67692e-13
0.00500294
5.68212e-13
0.00500294
4.83226e-13
0.00500294
4.11001e-13
0.00500294
3.49868e-13
0.00500294
2.98161e-13
0.00500294
2.54223e-13
0.00500294
2.16685e-13
0.00500294
1.84458e-13
0.00500294
1.56625e-13
0.00500294
1.32918e-13
0.00500294
1.12888e-13
0.00500294
9.64211e-14
0.00500294
8.32548e-14
0.00500294
7.29645e-14
0.00500294
6.51295e-14
0.00500294
5.9045e-14
0.00500294
5.42095e-14
0.00500294
5.00722e-14
0.00500294
4.619e-14
0.00500294
4.23112e-14
0.00500294
3.82752e-14
0.00500294
3.4242e-14
0.00500294
3.03296e-14
0.00500294
2.67224e-14
0.00500294
2.36729e-14
0.00500294
2.13191e-14
0.00500294
1.96165e-14
0.00500294
1.8572e-14
0.00500294
1.80097e-14
0.00500294
1.78056e-14
0.00500294
1.76267e-14
0.00500294
1.73532e-14
0.00500294
1.6792e-14
0.00500294
1.57211e-14
0.00500294
1.42822e-14
0.00500294
1.22411e-14
0.00500294
1.00144e-14
0.00500294
7.60407e-15
0.00500294
5.13738e-15
0.00500294
2.92468e-15
0.00500294
9.43364e-16
0.00500294
-5.23292e-16
0.00500294
-1.45449e-15
0.00500294
-1.98487e-15
0.00500294
-2.11909e-15
0.00500294
-1.965e-15
0.00500294
-1.65614e-15
0.00500294
-1.27674e-15
0.00500294
-9.52915e-16
0.00500294
-7.93501e-16
0.00500294
-8.90344e-16
0.00500294
-1.15166e-15
0.00500294
-1.56148e-15
0.00500294
-2.05553e-15
0.00500294
-2.59674e-15
0.00500294
-3.12076e-15
0.00500294
-3.48948e-15
0.00500294
-3.76538e-15
0.00500294
-3.79857e-15
0.00500294
-3.62912e-15
0.00500294
-3.45414e-15
0.00500294
-3.1106e-15
0.00500294
-2.71087e-15
0.00500294
-2.14348e-15
0.00500294
-1.86811e-15
0.00500294
-1.54058e-15
0.00500294
-1.13439e-15
0.00500294
-9.15797e-16
0.00500294
-6.9788e-16
0.00500294
-7.14146e-16
0.00500294
-4.92224e-16
0.00500294
-6.33847e-16
0.00500294
-4.65761e-16
0.00500294
-6.46451e-16
0.00500294
-5.66108e-16
0.00500294
-5.52047e-16
0.00500294
-4.96569e-16
0.00500294
-4.80805e-16
0.00500294
-2.97213e-16
0.00500294
-3.33235e-16
0.00500294
-1.76224e-16
0.00500294
-1.19936e-16
0.00500294
-1.17821e-16
0.00500294
-1.48499e-16
-2.86716e-16
0.00500001
7.70507e-08
0.00500005
2.26534e-07
0.00500012
3.70337e-07
0.0050002
5.13894e-07
0.00500031
6.49545e-07
0.00500043
7.61948e-07
0.00500055
8.51892e-07
0.00500069
9.38853e-07
0.00500082
1.0244e-06
0.00500096
1.09172e-06
0.0050011
1.13482e-06
0.00500124
1.16375e-06
0.00500138
1.192e-06
0.00500152
1.23071e-06
0.00500167
1.28441e-06
0.00500182
1.34439e-06
0.00500198
1.3909e-06
0.00500213
1.40559e-06
0.00500228
1.38097e-06
0.00500241
1.32019e-06
0.00500253
1.23207e-06
0.00500263
1.12698e-06
0.00500271
1.01444e-06
0.00500277
9.01904e-07
0.00500282
7.94382e-07
0.00500286
6.94777e-07
0.00500288
6.04456e-07
0.0050029
5.23778e-07
0.00500292
4.52491e-07
0.00500293
3.89998e-07
0.00500294
3.35537e-07
0.00500294
2.88284e-07
0.00500294
2.47424e-07
0.00500295
2.12182e-07
0.00500295
1.81847e-07
0.00500295
1.55774e-07
0.00500295
1.33391e-07
0.00500295
1.14193e-07
0.00500295
9.77381e-08
0.00500295
8.3641e-08
0.00500295
7.15686e-08
0.00500295
6.12334e-08
0.00500295
5.23872e-08
0.00500295
4.48167e-08
0.00500295
3.83389e-08
0.00500295
3.27965e-08
0.00500295
2.80548e-08
0.00500295
2.39982e-08
0.00500294
2.0528e-08
0.00500294
1.75595e-08
0.00500294
1.50201e-08
0.00500294
1.28479e-08
0.00500294
1.09899e-08
0.00500294
9.4005e-09
0.00500294
8.04097e-09
0.00500294
6.87806e-09
0.00500294
5.88332e-09
0.00500294
5.03245e-09
0.00500294
4.30463e-09
0.00500294
3.68207e-09
0.00500294
3.14955e-09
0.00500294
2.69405e-09
0.00500294
2.30442e-09
0.00500294
1.97115e-09
0.00500294
1.68607e-09
0.00500294
1.44222e-09
0.00500294
1.23364e-09
0.00500294
1.05522e-09
0.00500294
9.02613e-10
0.00500294
7.72075e-10
0.00500294
6.60416e-10
0.00500294
5.64906e-10
0.00500294
4.83208e-10
0.00500294
4.13326e-10
0.00500294
3.5355e-10
0.00500294
3.0242e-10
0.00500294
2.58686e-10
0.00500294
2.21276e-10
0.00500294
1.89277e-10
0.00500294
1.61905e-10
0.00500294
1.38491e-10
0.00500294
1.18464e-10
0.00500294
1.01333e-10
0.00500294
8.66802e-11
0.00500294
7.41454e-11
0.00500294
6.34221e-11
0.00500294
5.42483e-11
0.00500294
4.64003e-11
0.00500294
3.96871e-11
0.00500294
3.39454e-11
0.00500294
2.90349e-11
0.00500294
2.48356e-11
0.00500294
2.12441e-11
0.00500294
1.8172e-11
0.00500294
1.55438e-11
0.00500294
1.32951e-11
0.00500294
1.13712e-11
0.00500294
9.72564e-12
0.00500294
8.31857e-12
0.00500294
7.11562e-12
0.00500294
6.08712e-12
0.00500294
5.2075e-12
0.00500294
4.45477e-12
0.00500294
3.81022e-12
0.00500294
3.25831e-12
0.00500294
2.7859e-12
0.00500294
2.38197e-12
0.00500294
2.03683e-12
0.00500294
1.7421e-12
0.00500294
1.49018e-12
0.00500294
1.27445e-12
0.00500294
1.08923e-12
0.00500294
9.29794e-13
0.00500294
7.92502e-13
0.00500294
6.7458e-13
0.00500294
5.73672e-13
0.00500294
4.87899e-13
0.00500294
4.15256e-13
0.00500294
3.54e-13
0.00500294
3.02213e-13
0.00500294
2.58139e-13
0.00500294
2.20452e-13
0.00500294
1.8793e-13
0.00500294
1.59875e-13
0.00500294
1.35849e-13
0.00500294
1.15605e-13
0.00500294
9.88818e-14
0.00500294
8.54665e-14
0.00500294
7.48652e-14
0.00500294
6.66583e-14
0.00500294
6.01938e-14
0.00500294
5.49027e-14
0.00500294
5.03602e-14
0.00500294
4.61414e-14
0.00500294
4.20148e-14
0.00500294
3.78971e-14
0.00500294
3.38615e-14
0.00500294
3.00528e-14
0.00500294
2.66942e-14
0.00500294
2.3889e-14
0.00500294
2.17137e-14
0.00500294
2.02008e-14
0.00500294
1.92226e-14
0.00500294
1.87038e-14
0.00500294
1.84324e-14
0.00500294
1.8168e-14
0.00500294
1.77602e-14
0.00500294
1.69782e-14
0.00500294
1.57806e-14
0.00500294
1.4107e-14
0.00500294
1.20248e-14
0.00500294
9.67922e-15
0.00500294
7.2056e-15
0.00500294
4.73675e-15
0.00500294
2.48166e-15
0.00500294
6.75382e-16
0.00500294
-7.24006e-16
0.00500294
-1.59015e-15
0.00500294
-2.00309e-15
0.00500294
-2.09721e-15
0.00500294
-1.8774e-15
0.00500294
-1.51531e-15
0.00500294
-1.11661e-15
0.00500294
-7.99765e-16
0.00500294
-7.48373e-16
0.00500294
-8.46485e-16
0.00500294
-1.13681e-15
0.00500294
-1.59976e-15
0.00500294
-2.08117e-15
0.00500294
-2.68403e-15
0.00500294
-3.23616e-15
0.00500294
-3.50653e-15
0.00500294
-3.76759e-15
0.00500294
-3.81087e-15
0.00500294
-3.67909e-15
0.00500294
-3.38972e-15
0.00500294
-3.031e-15
0.00500294
-2.65981e-15
0.00500294
-2.12002e-15
0.00500294
-1.70997e-15
0.00500294
-1.37921e-15
0.00500294
-1.09809e-15
0.00500294
-7.01234e-16
0.00500294
-6.3754e-16
0.00500294
-5.5686e-16
0.00500294
-3.38477e-16
0.00500294
-6.41304e-16
0.00500294
-3.15954e-16
0.00500294
-5.41959e-16
0.00500294
-4.58058e-16
0.00500294
-4.99162e-16
0.00500294
-4.92285e-16
0.00500294
-3.88489e-16
0.00500294
-2.47019e-16
0.00500294
-2.42272e-16
0.00500294
-9.42447e-17
0.00500294
-8.53883e-17
0.00500294
-1.04051e-16
0.00500294
-1.82144e-16
-3.63462e-16
0.00500001
6.57113e-08
0.00500004
1.9313e-07
0.0050001
3.16352e-07
0.00500017
4.39933e-07
0.00500027
5.57141e-07
0.00500037
6.56103e-07
0.00500048
7.38215e-07
0.00500061
8.17391e-07
0.00500073
8.9666e-07
0.00500086
9.61455e-07
0.005001
1.003e-06
0.00500113
1.02962e-06
0.00500127
1.05621e-06
0.0050014
1.09341e-06
0.00500154
1.14318e-06
0.00500169
1.19703e-06
0.00500184
1.239e-06
0.005002
1.25418e-06
0.00500214
1.23587e-06
0.00500227
1.18619e-06
0.00500239
1.11242e-06
0.0050025
1.02329e-06
0.00500259
9.26826e-07
0.00500266
8.29371e-07
0.00500272
7.35298e-07
0.00500276
6.47254e-07
0.0050028
5.666e-07
0.00500283
4.93839e-07
0.00500286
4.28933e-07
0.00500287
3.71522e-07
0.00500289
3.21072e-07
0.0050029
2.76965e-07
0.00500291
2.3856e-07
0.00500292
2.0523e-07
0.00500292
1.76381e-07
0.00500293
1.51463e-07
0.00500293
1.29979e-07
0.00500293
1.11481e-07
0.00500293
9.55722e-08
0.00500294
8.19036e-08
0.00500294
7.01684e-08
0.00500294
6.00995e-08
0.00500294
5.14646e-08
0.00500294
4.40628e-08
0.00500294
3.772e-08
0.00500294
3.22863e-08
0.00500294
2.76326e-08
0.00500294
2.36476e-08
0.00500294
2.02359e-08
0.00500294
1.73153e-08
0.00500294
1.48155e-08
0.00500294
1.2676e-08
0.00500294
1.08451e-08
0.00500294
9.27838e-09
0.00500294
7.93777e-09
0.00500294
6.7907e-09
0.00500294
5.80928e-09
0.00500294
4.96961e-09
0.00500294
4.25125e-09
0.00500294
3.63669e-09
0.00500294
3.11093e-09
0.00500294
2.66116e-09
0.00500294
2.2764e-09
0.00500294
1.94726e-09
0.00500294
1.66569e-09
0.00500294
1.42484e-09
0.00500294
1.2188e-09
0.00500294
1.04256e-09
0.00500294
8.91796e-10
0.00500294
7.62835e-10
0.00500294
6.52522e-10
0.00500294
5.5816e-10
0.00500294
4.77443e-10
0.00500294
4.08398e-10
0.00500294
3.49338e-10
0.00500294
2.9882e-10
0.00500294
2.55608e-10
0.00500294
2.18645e-10
0.00500294
1.87027e-10
0.00500294
1.5998e-10
0.00500294
1.36845e-10
0.00500294
1.17057e-10
0.00500294
1.0013e-10
0.00500294
8.56503e-11
0.00500294
7.32642e-11
0.00500294
6.26682e-11
0.00500294
5.36034e-11
0.00500294
4.58489e-11
0.00500294
3.92159e-11
0.00500294
3.35429e-11
0.00500294
2.86911e-11
0.00500294
2.45418e-11
0.00500294
2.09928e-11
0.00500294
1.79571e-11
0.00500294
1.53599e-11
0.00500294
1.3138e-11
0.00500294
1.12372e-11
0.00500294
9.61127e-12
0.00500294
8.22087e-12
0.00500294
7.03184e-12
0.00500294
6.0149e-12
0.00500294
5.14491e-12
0.00500294
4.40035e-12
0.00500294
3.76313e-12
0.00500294
3.21787e-12
0.00500294
2.75167e-12
0.00500294
2.35338e-12
0.00500294
2.01323e-12
0.00500294
1.72259e-12
0.00500294
1.47369e-12
0.00500294
1.26012e-12
0.00500294
1.07631e-12
0.00500294
9.17981e-13
0.00500294
7.81635e-13
0.00500294
6.64766e-13
0.00500294
5.65121e-13
0.00500294
4.80741e-13
0.00500294
4.09566e-13
0.00500294
3.49645e-13
0.00500294
2.99002e-13
0.00500294
2.55842e-13
0.00500294
2.18828e-13
0.00500294
1.8679e-13
0.00500294
1.59122e-13
0.00500294
1.3543e-13
0.00500294
1.1543e-13
0.00500294
9.89202e-14
0.00500294
8.55447e-14
0.00500294
7.4897e-14
0.00500294
6.65042e-14
0.00500294
5.97512e-14
0.00500294
5.41932e-14
0.00500294
4.93294e-14
0.00500294
4.48987e-14
0.00500294
4.06614e-14
0.00500294
3.6547e-14
0.00500294
3.26735e-14
0.00500294
2.91245e-14
0.00500294
2.60484e-14
0.00500294
2.35488e-14
0.00500294
2.15963e-14
0.00500294
2.0247e-14
0.00500294
1.93615e-14
0.00500294
1.88586e-14
0.00500294
1.85408e-14
0.00500294
1.81748e-14
0.00500294
1.7654e-14
0.00500294
1.66702e-14
0.00500294
1.54104e-14
0.00500294
1.36117e-14
0.00500294
1.14894e-14
0.00500294
9.11949e-15
0.00500294
6.60874e-15
0.00500294
4.23995e-15
0.00500294
2.06445e-15
0.00500294
3.74217e-16
0.00500294
-9.01497e-16
0.00500294
-1.70199e-15
0.00500294
-2.0487e-15
0.00500294
-2.05278e-15
0.00500294
-1.72599e-15
0.00500294
-1.34062e-15
0.00500294
-1.00161e-15
0.00500294
-6.95109e-16
0.00500294
-6.85933e-16
0.00500294
-7.87359e-16
0.00500294
-1.09673e-15
0.00500294
-1.67523e-15
0.00500294
-2.08467e-15
0.00500294
-2.67597e-15
0.00500294
-3.22238e-15
0.00500294
-3.44997e-15
0.00500294
-3.74085e-15
0.00500294
-3.71763e-15
0.00500294
-3.64948e-15
0.00500294
-3.25023e-15
0.00500294
-2.8967e-15
0.00500294
-2.54814e-15
0.00500294
-2.03286e-15
0.00500294
-1.57976e-15
0.00500294
-1.17894e-15
0.00500294
-1.03174e-15
0.00500294
-6.02621e-16
0.00500294
-4.79478e-16
0.00500294
-4.4741e-16
0.00500294
-2.53072e-16
0.00500294
-4.94724e-16
0.00500294
-2.18545e-16
0.00500294
-4.66052e-16
0.00500294
-3.73199e-16
0.00500294
-3.43638e-16
0.00500294
-3.95049e-16
0.00500294
-3.52136e-16
0.00500294
-1.78558e-16
0.00500294
-1.75124e-16
0.00500294
-6.68336e-17
0.00500294
-7.55379e-17
0.00500294
-5.12381e-17
0.00500294
-1.21248e-16
-4.03627e-16
0.00500001
5.58246e-08
0.00500004
1.64051e-07
0.00500009
2.69032e-07
0.00500015
3.74871e-07
0.00500023
4.75661e-07
0.00500033
5.61501e-07
0.00500043
6.34682e-07
0.00500054
7.05575e-07
0.00500066
7.77062e-07
0.00500079
8.37228e-07
0.00500091
8.76819e-07
0.00500104
9.0171e-07
0.00500117
9.26102e-07
0.0050013
9.60423e-07
0.00500144
1.00569e-06
0.00500158
1.05377e-06
0.00500173
1.09129e-06
0.00500188
1.10614e-06
0.00500202
1.0926e-06
0.00500216
1.05212e-06
0.00500228
9.90634e-07
0.00500239
9.15471e-07
0.00500248
8.33402e-07
0.00500256
7.49784e-07
0.00500263
6.68378e-07
0.00500268
5.91533e-07
0.00500273
5.20535e-07
0.00500277
4.55947e-07
0.0050028
3.97864e-07
0.00500282
3.46092e-07
0.00500284
3.00269e-07
0.00500286
2.5994e-07
0.00500288
2.24611e-07
0.00500289
1.93782e-07
0.0050029
1.66964e-07
0.0050029
1.43698e-07
0.00500291
1.23559e-07
0.00500292
1.06159e-07
0.00500292
9.11481e-08
0.00500292
7.8216e-08
0.00500293
6.70868e-08
0.00500293
5.7518e-08
0.00500293
4.92972e-08
0.00500293
4.22391e-08
0.00500293
3.61827e-08
0.00500294
3.09881e-08
0.00500294
2.65346e-08
0.00500294
2.27177e-08
0.00500294
1.94473e-08
0.00500294
1.66459e-08
0.00500294
1.42466e-08
0.00500294
1.21922e-08
0.00500294
1.04333e-08
0.00500294
8.92768e-09
0.00500294
7.6389e-09
0.00500294
6.53588e-09
0.00500294
5.59193e-09
0.00500294
4.78415e-09
0.00500294
4.09294e-09
0.00500294
3.50152e-09
0.00500294
2.99549e-09
0.00500294
2.56255e-09
0.00500294
2.19215e-09
0.00500294
1.87526e-09
0.00500294
1.60417e-09
0.00500294
1.37225e-09
0.00500294
1.17385e-09
0.00500294
1.00413e-09
0.00500294
8.58939e-10
0.00500294
7.34742e-10
0.00500294
6.285e-10
0.00500294
5.37618e-10
0.00500294
4.59876e-10
0.00500294
3.93376e-10
0.00500294
3.36492e-10
0.00500294
2.87834e-10
0.00500294
2.46212e-10
0.00500294
2.10608e-10
0.00500294
1.80153e-10
0.00500294
1.54101e-10
0.00500294
1.31816e-10
0.00500294
1.12754e-10
0.00500294
9.64495e-11
0.00500294
8.25024e-11
0.00500294
7.05714e-11
0.00500294
6.03648e-11
0.00500294
5.16334e-11
0.00500294
4.41644e-11
0.00500294
3.77757e-11
0.00500294
3.23115e-11
0.00500294
2.76382e-11
0.00500294
2.36413e-11
0.00500294
2.02226e-11
0.00500294
1.72983e-11
0.00500294
1.47965e-11
0.00500294
1.26562e-11
0.00500294
1.08253e-11
0.00500294
9.25923e-12
0.00500294
7.91973e-12
0.00500294
6.77391e-12
0.00500294
5.79363e-12
0.00500294
4.95489e-12
0.00500294
4.23714e-12
0.00500294
3.62311e-12
0.00500294
3.09821e-12
0.00500294
2.64981e-12
0.00500294
2.26701e-12
0.00500294
1.94003e-12
0.00500294
1.66039e-12
0.00500294
1.42058e-12
0.00500294
1.21434e-12
0.00500294
1.03653e-12
0.00500294
8.83255e-13
0.00500294
7.51456e-13
0.00500294
6.38713e-13
0.00500294
5.42944e-13
0.00500294
4.62091e-13
0.00500294
3.94095e-13
0.00500294
3.36876e-13
0.00500294
2.88542e-13
0.00500294
2.47254e-13
0.00500294
2.11753e-13
0.00500294
1.80963e-13
0.00500294
1.54356e-13
0.00500294
1.31602e-13
0.00500294
1.12335e-13
0.00500294
9.64526e-14
0.00500294
8.34279e-14
0.00500294
7.29653e-14
0.00500294
6.46015e-14
0.00500294
5.7772e-14
0.00500294
5.2026e-14
0.00500294
4.70108e-14
0.00500294
4.24989e-14
0.00500294
3.83003e-14
0.00500294
3.43374e-14
0.00500294
3.07596e-14
0.00500294
2.75407e-14
0.00500294
2.47944e-14
0.00500294
2.26128e-14
0.00500294
2.09093e-14
0.00500294
1.97395e-14
0.00500294
1.89273e-14
0.00500294
1.84541e-14
0.00500294
1.80668e-14
0.00500294
1.76106e-14
0.00500294
1.69995e-14
0.00500294
1.59275e-14
0.00500294
1.45709e-14
0.00500294
1.27739e-14
0.00500294
1.06156e-14
0.00500294
8.31853e-15
0.00500294
5.88035e-15
0.00500294
3.65572e-15
0.00500294
1.6941e-15
0.00500294
7.98296e-17
0.00500294
-1.06979e-15
0.00500294
-1.77174e-15
0.00500294
-2.01304e-15
0.00500294
-1.91347e-15
0.00500294
-1.58874e-15
0.00500294
-1.21176e-15
0.00500294
-8.76831e-16
0.00500294
-5.98864e-16
0.00500294
-5.78911e-16
0.00500294
-7.08141e-16
0.00500294
-9.96988e-16
0.00500294
-1.60267e-15
0.00500294
-2.00064e-15
0.00500294
-2.49454e-15
0.00500294
-3.08778e-15
0.00500294
-3.25938e-15
0.00500294
-3.55204e-15
0.00500294
-3.4581e-15
0.00500294
-3.40891e-15
0.00500294
-3.05406e-15
0.00500294
-2.66672e-15
0.00500294
-2.30166e-15
0.00500294
-1.81921e-15
0.00500294
-1.41767e-15
0.00500294
-9.64477e-16
0.00500294
-8.56259e-16
0.00500294
-4.83478e-16
0.00500294
-3.73135e-16
0.00500294
-3.08054e-16
0.00500294
-1.26101e-16
0.00500294
-3.51308e-16
0.00500294
-9.75088e-17
0.00500294
-3.91112e-16
0.00500294
-2.8354e-16
0.00500294
-2.85837e-16
0.00500294
-2.63334e-16
0.00500294
-1.94137e-16
0.00500294
-3.28676e-17
0.00500294
-4.21284e-17
0.00500294
5.387e-17
0.00500294
-2.8189e-17
0.00500294
-9.76726e-17
0.00500294
-1.63836e-16
-4.3883e-16
0.00500001
4.70313e-08
0.00500003
1.38199e-07
0.00500008
2.26839e-07
0.00500014
3.16569e-07
0.00500021
4.0231e-07
0.00500029
4.75824e-07
0.00500039
5.39438e-07
0.00500049
6.01861e-07
0.00500061
6.64929e-07
0.00500072
7.19041e-07
0.00500084
7.5564e-07
0.00500097
7.78697e-07
0.00500109
8.00705e-07
0.00500122
8.31442e-07
0.00500136
8.71723e-07
0.0050015
9.14098e-07
0.00500164
9.4723e-07
0.00500178
9.61191e-07
0.00500193
9.51246e-07
0.00500206
9.18438e-07
0.00500218
8.67591e-07
0.00500229
8.04793e-07
0.00500239
7.35707e-07
0.00500248
6.64825e-07
0.00500255
5.95333e-07
0.00500261
5.29267e-07
0.00500266
4.67793e-07
0.00500271
4.11475e-07
0.00500275
3.60482e-07
0.00500278
3.14731e-07
0.0050028
2.73988e-07
0.00500283
2.37924e-07
0.00500284
2.06164e-07
0.00500286
1.78315e-07
0.00500287
1.53985e-07
0.00500288
1.32794e-07
0.00500289
1.14386e-07
0.0050029
9.84322e-08
0.00500291
8.4631e-08
0.00500291
7.27117e-08
0.00500292
6.2432e-08
0.00500292
5.35768e-08
0.00500292
4.59565e-08
0.00500293
3.94045e-08
0.00500293
3.37752e-08
0.00500293
2.89417e-08
0.00500293
2.47937e-08
0.00500293
2.12357e-08
0.00500294
1.8185e-08
0.00500294
1.55701e-08
0.00500294
1.33294e-08
0.00500294
1.14098e-08
0.00500294
9.76567e-09
0.00500294
8.35775e-09
0.00500294
7.15228e-09
0.00500294
6.1203e-09
0.00500294
5.23693e-09
0.00500294
4.48085e-09
0.00500294
3.83377e-09
0.00500294
3.28002e-09
0.00500294
2.80617e-09
0.00500294
2.40072e-09
0.00500294
2.0538e-09
0.00500294
1.75698e-09
0.00500294
1.50303e-09
0.00500294
1.28577e-09
0.00500294
1.0999e-09
0.00500294
9.4089e-10
0.00500294
8.04862e-10
0.00500294
6.88495e-10
0.00500294
5.88948e-10
0.00500294
5.03791e-10
0.00500294
4.30945e-10
0.00500294
3.68632e-10
0.00500294
3.15329e-10
0.00500294
2.69733e-10
0.00500294
2.3073e-10
0.00500294
1.97365e-10
0.00500294
1.68825e-10
0.00500294
1.44411e-10
0.00500294
1.23528e-10
0.00500294
1.05664e-10
0.00500294
9.03848e-11
0.00500294
7.73145e-11
0.00500294
6.61338e-11
0.00500294
5.65692e-11
0.00500294
4.83873e-11
0.00500294
4.13885e-11
0.00500294
3.54019e-11
0.00500294
3.02815e-11
0.00500294
2.59022e-11
0.00500294
2.21564e-11
0.00500294
1.89525e-11
0.00500294
1.62118e-11
0.00500294
1.38672e-11
0.00500294
1.18615e-11
0.00500294
1.01458e-11
0.00500294
8.67805e-12
0.00500294
7.42248e-12
0.00500294
6.34824e-12
0.00500294
5.42895e-12
0.00500294
4.64232e-12
0.00500294
3.96934e-12
0.00500294
3.39395e-12
0.00500294
2.90247e-12
0.00500294
2.48288e-12
0.00500294
2.12481e-12
0.00500294
1.81897e-12
0.00500294
1.55702e-12
0.00500294
1.33202e-12
0.00500294
1.13816e-12
0.00500294
9.70886e-13
0.00500294
8.26684e-13
0.00500294
7.02872e-13
0.00500294
5.97242e-13
0.00500294
5.07791e-13
0.00500294
4.32495e-13
0.00500294
3.69283e-13
0.00500294
3.16086e-13
0.00500294
2.71026e-13
0.00500294
2.32518e-13
0.00500294
1.99249e-13
0.00500294
1.70488e-13
0.00500294
1.45616e-13
0.00500294
1.24371e-13
0.00500294
1.06376e-13
0.00500294
9.14507e-14
0.00500294
7.91493e-14
0.00500294
6.91546e-14
0.00500294
6.10259e-14
0.00500294
5.42831e-14
0.00500294
4.85373e-14
0.00500294
4.35395e-14
0.00500294
3.90913e-14
0.00500294
3.50495e-14
0.00500294
3.14083e-14
0.00500294
2.81561e-14
0.00500294
2.53627e-14
0.00500294
2.29989e-14
0.00500294
2.11115e-14
0.00500294
1.96856e-14
0.00500294
1.86608e-14
0.00500294
1.7944e-14
0.00500294
1.74517e-14
0.00500294
1.69851e-14
0.00500294
1.65064e-14
0.00500294
1.57772e-14
0.00500294
1.47274e-14
0.00500294
1.33243e-14
0.00500294
1.15908e-14
0.00500294
9.52243e-15
0.00500294
7.32878e-15
0.00500294
5.09885e-15
0.00500294
3.03711e-15
0.00500294
1.28756e-15
0.00500294
-1.98931e-16
0.00500294
-1.18461e-15
0.00500294
-1.76031e-15
0.00500294
-1.92018e-15
0.00500294
-1.74426e-15
0.00500294
-1.45197e-15
0.00500294
-1.08449e-15
0.00500294
-7.52408e-16
0.00500294
-5.09347e-16
0.00500294
-4.99564e-16
0.00500294
-6.74758e-16
0.00500294
-9.17217e-16
0.00500294
-1.41947e-15
0.00500294
-1.8639e-15
0.00500294
-2.25874e-15
0.00500294
-2.82205e-15
0.00500294
-3.06141e-15
0.00500294
-3.199e-15
0.00500294
-3.18091e-15
0.00500294
-3.04639e-15
0.00500294
-2.82007e-15
0.00500294
-2.39863e-15
0.00500294
-1.97496e-15
0.00500294
-1.63382e-15
0.00500294
-1.22534e-15
0.00500294
-7.86974e-16
0.00500294
-6.06555e-16
0.00500294
-2.99887e-16
0.00500294
-2.24438e-16
0.00500294
-1.49428e-16
0.00500294
1.84255e-17
0.00500294
-2.36596e-16
0.00500294
-5.58261e-18
0.00500294
-2.43474e-16
0.00500294
-9.72866e-17
0.00500294
-1.47307e-16
0.00500294
-1.21935e-16
0.00500294
-5.92168e-17
0.00500294
4.82873e-17
0.00500294
1.10215e-16
0.00500294
1.82165e-16
0.00500294
-3.12618e-17
0.00500294
-1.07979e-16
0.00500294
-1.97727e-16
-5.00802e-16
0.00500001
3.90662e-08
0.00500003
1.14795e-07
0.00500007
1.88546e-07
0.00500012
2.63425e-07
0.00500019
3.35209e-07
0.00500027
3.97115e-07
0.00500036
4.51112e-07
0.00500045
5.0479e-07
0.00500056
5.59091e-07
0.00500067
6.06261e-07
0.00500079
6.38933e-07
0.00500091
6.59804e-07
0.00500103
6.79292e-07
0.00500116
7.06076e-07
0.00500129
7.40996e-07
0.00500142
7.7758e-07
0.00500156
8.06264e-07
0.00500171
8.18919e-07
0.00500185
8.11697e-07
0.00500198
7.85385e-07
0.0050021
7.43875e-07
0.00500221
6.92152e-07
0.00500232
6.34888e-07
0.0050024
5.75798e-07
0.00500248
5.17534e-07
0.00500255
4.61819e-07
0.00500261
4.09672e-07
0.00500266
3.61618e-07
0.0050027
3.1786e-07
0.00500274
2.78385e-07
0.00500277
2.43048e-07
0.00500279
2.11617e-07
0.00500282
1.83812e-07
0.00500284
1.5933e-07
0.00500285
1.37861e-07
0.00500286
1.19098e-07
0.00500288
1.0275e-07
0.00500289
8.85415e-08
0.00500289
7.62206e-08
0.0050029
6.55567e-08
0.00500291
5.63421e-08
0.00500291
4.8391e-08
0.00500292
4.15386e-08
0.00500292
3.56391e-08
0.00500292
3.05647e-08
0.00500293
2.62033e-08
0.00500293
2.24572e-08
0.00500293
1.92415e-08
0.00500293
1.64825e-08
0.00500293
1.41163e-08
0.00500294
1.20876e-08
0.00500294
1.0349e-08
0.00500294
8.85933e-09
0.00500294
7.58324e-09
0.00500294
6.49035e-09
0.00500294
5.55451e-09
0.00500294
4.75327e-09
0.00500294
4.06736e-09
0.00500294
3.48025e-09
0.00500294
2.97776e-09
0.00500294
2.54772e-09
0.00500294
2.17971e-09
0.00500294
1.8648e-09
0.00500294
1.59535e-09
0.00500294
1.36481e-09
0.00500294
1.16756e-09
0.00500294
9.98799e-10
0.00500294
8.54423e-10
0.00500294
7.30908e-10
0.00500294
6.25242e-10
0.00500294
5.34847e-10
0.00500294
4.57517e-10
0.00500294
3.91366e-10
0.00500294
3.34779e-10
0.00500294
2.86373e-10
0.00500294
2.44966e-10
0.00500294
2.09545e-10
0.00500294
1.79244e-10
0.00500294
1.53324e-10
0.00500294
1.31151e-10
0.00500294
1.12185e-10
0.00500294
9.59626e-11
0.00500294
8.20858e-11
0.00500294
7.02156e-11
0.00500294
6.00616e-11
0.00500294
5.13755e-11
0.00500294
4.39452e-11
0.00500294
3.75894e-11
0.00500294
3.21529e-11
0.00500294
2.75029e-11
0.00500294
2.35256e-11
0.00500294
2.01236e-11
0.00500294
1.72136e-11
0.00500294
1.47244e-11
0.00500294
1.2595e-11
0.00500294
1.07734e-11
0.00500294
9.21517e-12
0.00500294
7.88206e-12
0.00500294
6.74145e-12
0.00500294
5.76538e-12
0.00500294
4.93005e-12
0.00500294
4.21523e-12
0.00500294
3.60387e-12
0.00500294
3.08142e-12
0.00500294
2.63546e-12
0.00500294
2.25502e-12
0.00500294
1.93029e-12
0.00500294
1.6528e-12
0.00500294
1.41483e-12
0.00500294
1.2102e-12
0.00500294
1.03362e-12
0.00500294
8.81136e-13
0.00500294
7.49771e-13
0.00500294
6.37213e-13
0.00500294
5.41441e-13
0.00500294
4.60575e-13
0.00500294
3.92668e-13
0.00500294
3.35674e-13
0.00500294
2.87649e-13
0.00500294
2.46871e-13
0.00500294
2.11918e-13
0.00500294
1.81709e-13
0.00500294
1.5555e-13
0.00500294
1.33034e-13
0.00500294
1.13773e-13
0.00500294
9.75741e-14
0.00500294
8.40009e-14
0.00500294
7.27856e-14
0.00500294
6.35178e-14
0.00500294
5.58267e-14
0.00500294
4.94071e-14
0.00500294
4.38529e-14
0.00500294
3.90584e-14
0.00500294
3.48093e-14
0.00500294
3.10562e-14
0.00500294
2.78275e-14
0.00500294
2.50156e-14
0.00500294
2.26321e-14
0.00500294
2.06634e-14
0.00500294
1.90592e-14
0.00500294
1.78677e-14
0.00500294
1.69617e-14
0.00500294
1.63164e-14
0.00500294
1.58376e-14
0.00500294
1.5336e-14
0.00500294
1.48698e-14
0.00500294
1.41077e-14
0.00500294
1.30759e-14
0.00500294
1.1743e-14
0.00500294
1.00734e-14
0.00500294
8.20863e-15
0.00500294
6.2014e-15
0.00500294
4.22052e-15
0.00500294
2.39244e-15
0.00500294
8.14199e-16
0.00500294
-4.46445e-16
0.00500294
-1.27095e-15
0.00500294
-1.70971e-15
0.00500294
-1.79313e-15
0.00500294
-1.59014e-15
0.00500294
-1.2883e-15
0.00500294
-9.28217e-16
0.00500294
-6.20873e-16
0.00500294
-3.70727e-16
0.00500294
-4.03538e-16
0.00500294
-5.57745e-16
0.00500294
-7.6116e-16
0.00500294
-1.17932e-15
0.00500294
-1.62186e-15
0.00500294
-2.01796e-15
0.00500294
-2.3616e-15
0.00500294
-2.72906e-15
0.00500294
-2.73124e-15
0.00500294
-2.78027e-15
0.00500294
-2.59202e-15
0.00500294
-2.39499e-15
0.00500294
-2.07371e-15
0.00500294
-1.6095e-15
0.00500294
-1.36377e-15
0.00500294
-9.19233e-16
0.00500294
-6.21525e-16
0.00500294
-2.91143e-16
0.00500294
-1.6183e-16
0.00500294
-5.86191e-17
0.00500294
1.06265e-16
0.00500294
9.70283e-17
0.00500294
-2.15206e-17
0.00500294
1.32197e-16
0.00500294
-1.23853e-16
0.00500294
7.81884e-17
0.00500294
4.02184e-17
0.00500294
7.73692e-17
0.00500294
7.30144e-17
0.00500294
2.19262e-16
0.00500294
1.32253e-16
0.00500294
2.23805e-16
0.00500294
7.47939e-17
0.00500294
-1.34328e-16
0.00500294
-2.89933e-16
-5.71744e-16
0.00500001
3.173e-08
0.00500003
9.32498e-08
0.00500006
1.53225e-07
0.00500011
2.14261e-07
0.00500018
2.72938e-07
0.00500025
3.23769e-07
0.00500033
3.68368e-07
0.00500042
4.13051e-07
0.00500052
4.58434e-07
0.00500063
4.98171e-07
0.00500074
5.26215e-07
0.00500086
5.44429e-07
0.00500098
5.61181e-07
0.0050011
5.83787e-07
0.00500123
6.13105e-07
0.00500136
6.43776e-07
0.0050015
6.67912e-07
0.00500164
6.78938e-07
0.00500178
6.73781e-07
0.00500191
6.53058e-07
0.00500203
6.19858e-07
0.00500215
5.78181e-07
0.00500225
5.31795e-07
0.00500234
4.83708e-07
0.00500243
4.36073e-07
0.0050025
3.90307e-07
0.00500256
3.47268e-07
0.00500261
3.07418e-07
0.00500266
2.70961e-07
0.0050027
2.37925e-07
0.00500274
2.08223e-07
0.00500277
1.81698e-07
0.00500279
1.58146e-07
0.00500281
1.37336e-07
0.00500283
1.19029e-07
0.00500285
1.02983e-07
0.00500286
8.89661e-08
0.00500287
7.67555e-08
0.00500288
6.61447e-08
0.00500289
5.69438e-08
0.0050029
4.89802e-08
0.00500291
4.20986e-08
0.00500291
3.61602e-08
0.00500292
3.10419e-08
0.00500292
2.6635e-08
0.00500292
2.2844e-08
0.00500293
1.95855e-08
0.00500293
1.67864e-08
0.00500293
1.43834e-08
0.00500293
1.23215e-08
0.00500293
1.0553e-08
0.00500294
9.03676e-09
0.00500294
7.73718e-09
0.00500294
6.62363e-09
0.00500294
5.66971e-09
0.00500294
4.85269e-09
0.00500294
4.15305e-09
0.00500294
3.55403e-09
0.00500294
3.04122e-09
0.00500294
2.60226e-09
0.00500294
2.22656e-09
0.00500294
1.90502e-09
0.00500294
1.62986e-09
0.00500294
1.3944e-09
0.00500294
1.19293e-09
0.00500294
1.02054e-09
0.00500294
8.73051e-10
0.00500294
7.46865e-10
0.00500294
6.38909e-10
0.00500294
5.46549e-10
0.00500294
4.67536e-10
0.00500294
3.99943e-10
0.00500294
3.42119e-10
0.00500294
2.92655e-10
0.00500294
2.50342e-10
0.00500294
2.14145e-10
0.00500294
1.83181e-10
0.00500294
1.56692e-10
0.00500294
1.34033e-10
0.00500294
1.1465e-10
0.00500294
9.80706e-11
0.00500294
8.38889e-11
0.00500294
7.17582e-11
0.00500294
6.13815e-11
0.00500294
5.25051e-11
0.00500294
4.49121e-11
0.00500294
3.84169e-11
0.00500294
3.2861e-11
0.00500294
2.81088e-11
0.00500294
2.4044e-11
0.00500294
2.05672e-11
0.00500294
1.75931e-11
0.00500294
1.50491e-11
0.00500294
1.28728e-11
0.00500294
1.10112e-11
0.00500294
9.41866e-12
0.00500294
8.05632e-12
0.00500294
6.8908e-12
0.00500294
5.89352e-12
0.00500294
5.03997e-12
0.00500294
4.30941e-12
0.00500294
3.68432e-12
0.00500294
3.14984e-12
0.00500294
2.69338e-12
0.00500294
2.30389e-12
0.00500294
1.97165e-12
0.00500294
1.68809e-12
0.00500294
1.44555e-12
0.00500294
1.23739e-12
0.00500294
1.05806e-12
0.00500294
9.03229e-13
0.00500294
7.69592e-13
0.00500294
6.54629e-13
0.00500294
5.56309e-13
0.00500294
4.72879e-13
0.00500294
4.02572e-13
0.00500294
3.43552e-13
0.00500294
2.94016e-13
0.00500294
2.52194e-13
0.00500294
2.16516e-13
0.00500294
1.85883e-13
0.00500294
1.59419e-13
0.00500294
1.3656e-13
0.00500294
1.16926e-13
0.00500294
1.00194e-13
0.00500294
8.61346e-14
0.00500294
7.43073e-14
0.00500294
6.44357e-14
0.00500294
5.61775e-14
0.00500294
4.91978e-14
0.00500294
4.328e-14
0.00500294
3.81267e-14
0.00500294
3.36689e-14
0.00500294
2.98131e-14
0.00500294
2.64731e-14
0.00500294
2.36977e-14
0.00500294
2.13553e-14
0.00500294
1.9396e-14
0.00500294
1.78169e-14
0.00500294
1.64907e-14
0.00500294
1.55174e-14
0.00500294
1.47303e-14
0.00500294
1.41553e-14
0.00500294
1.36537e-14
0.00500294
1.31827e-14
0.00500294
1.26985e-14
0.00500294
1.19782e-14
0.00500294
1.10302e-14
0.00500294
9.8123e-15
0.00500294
8.32209e-15
0.00500294
6.69497e-15
0.00500294
5.00268e-15
0.00500294
3.29301e-15
0.00500294
1.73908e-15
0.00500294
3.80514e-16
0.00500294
-6.35551e-16
0.00500294
-1.27371e-15
0.00500294
-1.58174e-15
0.00500294
-1.61133e-15
0.00500294
-1.42187e-15
0.00500294
-1.10386e-15
0.00500294
-7.64586e-16
0.00500294
-4.9991e-16
0.00500294
-3.23353e-16
0.00500294
-3.07453e-16
0.00500294
-3.80893e-16
0.00500294
-5.77385e-16
0.00500294
-9.13305e-16
0.00500294
-1.32595e-15
0.00500294
-1.66928e-15
0.00500294
-1.85486e-15
0.00500294
-2.2257e-15
0.00500294
-2.24687e-15
0.00500294
-2.24738e-15
0.00500294
-2.0838e-15
0.00500294
-1.88973e-15
0.00500294
-1.66228e-15
0.00500294
-1.22973e-15
0.00500294
-9.56385e-16
0.00500294
-6.25923e-16
0.00500294
-3.86639e-16
0.00500294
-1.19711e-17
0.00500294
1.90851e-17
0.00500294
1.93215e-16
0.00500294
2.667e-16
0.00500294
2.82282e-16
0.00500294
2.26732e-16
0.00500294
3.20375e-16
0.00500294
9.8243e-17
0.00500294
1.88872e-16
0.00500294
1.85136e-16
0.00500294
2.7832e-16
0.00500294
1.99075e-16
0.00500294
3.05497e-16
0.00500294
1.595e-16
0.00500294
1.87656e-16
0.00500294
8.80343e-17
0.00500294
-1.41528e-16
0.00500294
-3.52112e-16
-6.18908e-16
0.00500001
2.48706e-08
0.00500003
7.31036e-08
0.00500006
1.20158e-07
0.00500011
1.68133e-07
0.00500016
2.14353e-07
0.00500023
2.54532e-07
0.00500031
2.89949e-07
0.0050004
3.25577e-07
0.0050005
3.61956e-07
0.0050006
3.93973e-07
0.00500071
4.1688e-07
0.00500082
4.31986e-07
0.00500094
4.45758e-07
0.00500106
4.64033e-07
0.00500118
4.87605e-07
0.00500131
5.12255e-07
0.00500145
5.31728e-07
0.00500159
5.40862e-07
0.00500173
5.37277e-07
0.00500186
5.21448e-07
0.00500198
4.95763e-07
0.0050021
4.63324e-07
0.0050022
4.27066e-07
0.00500229
3.89339e-07
0.00500238
3.51832e-07
0.00500245
3.15662e-07
0.00500252
2.81519e-07
0.00500258
2.49787e-07
0.00500263
2.20649e-07
0.00500267
1.94149e-07
0.00500271
1.70243e-07
0.00500274
1.48823e-07
0.00500277
1.29746e-07
0.0050028
1.12844e-07
0.00500282
9.79352e-08
0.00500283
8.48379e-08
0.00500285
7.33718e-08
0.00500286
6.33641e-08
0.00500287
5.46526e-08
0.00500288
4.7087e-08
0.00500289
4.05298e-08
0.0050029
3.48566e-08
0.00500291
2.99558e-08
0.00500291
2.57277e-08
0.00500292
2.20843e-08
0.00500292
1.89478e-08
0.00500292
1.62501e-08
0.00500293
1.39315e-08
0.00500293
1.194e-08
0.00500293
1.02304e-08
0.00500293
8.76365e-09
0.00500293
7.50565e-09
0.00500294
6.42713e-09
0.00500294
5.50276e-09
0.00500294
4.71073e-09
0.00500294
4.03225e-09
0.00500294
3.45116e-09
0.00500294
2.95357e-09
0.00500294
2.52754e-09
0.00500294
2.16283e-09
0.00500294
1.85064e-09
0.00500294
1.58345e-09
0.00500294
1.35478e-09
0.00500294
1.15909e-09
0.00500294
9.9164e-10
0.00500294
8.48359e-10
0.00500294
7.25767e-10
0.00500294
6.20878e-10
0.00500294
5.31139e-10
0.00500294
4.54363e-10
0.00500294
3.88681e-10
0.00500294
3.3249e-10
0.00500294
2.84422e-10
0.00500294
2.43301e-10
0.00500294
2.08124e-10
0.00500294
1.78032e-10
0.00500294
1.5229e-10
0.00500294
1.30268e-10
0.00500294
1.1143e-10
0.00500294
9.53157e-11
0.00500294
8.15323e-11
0.00500294
6.97424e-11
0.00500294
5.96574e-11
0.00500294
5.10307e-11
0.00500294
4.36512e-11
0.00500294
3.73386e-11
0.00500294
3.19389e-11
0.00500294
2.73201e-11
0.00500294
2.33695e-11
0.00500294
1.99903e-11
0.00500294
1.71e-11
0.00500294
1.46274e-11
0.00500294
1.25122e-11
0.00500294
1.07027e-11
0.00500294
9.15481e-12
0.00500294
7.83069e-12
0.00500294
6.69798e-12
0.00500294
5.72891e-12
0.00500294
4.89968e-12
0.00500294
4.18999e-12
0.00500294
3.58257e-12
0.00500294
3.06293e-12
0.00500294
2.61866e-12
0.00500294
2.23928e-12
0.00500294
1.91568e-12
0.00500294
1.63968e-12
0.00500294
1.40403e-12
0.00500294
1.2023e-12
0.00500294
1.02901e-12
0.00500294
8.79582e-13
0.00500294
7.505e-13
0.00500294
6.39194e-13
0.00500294
5.43656e-13
0.00500294
4.62119e-13
0.00500294
3.9315e-13
0.00500294
3.35084e-13
0.00500294
2.86341e-13
0.00500294
2.4531e-13
0.00500294
2.10494e-13
0.00500294
1.80708e-13
0.00500294
1.55049e-13
0.00500294
1.32918e-13
0.00500294
1.13923e-13
0.00500294
9.76879e-14
0.00500294
8.39599e-14
0.00500294
7.2394e-14
0.00500294
6.26255e-14
0.00500294
5.44117e-14
0.00500294
4.73874e-14
0.00500294
4.13312e-14
0.00500294
3.60744e-14
0.00500294
3.1488e-14
0.00500294
2.75444e-14
0.00500294
2.42109e-14
0.00500294
2.1409e-14
0.00500294
1.9163e-14
0.00500294
1.73069e-14
0.00500294
1.57689e-14
0.00500294
1.45072e-14
0.00500294
1.34569e-14
0.00500294
1.26704e-14
0.00500294
1.1972e-14
0.00500294
1.14446e-14
0.00500294
1.09233e-14
0.00500294
1.05241e-14
0.00500294
1.00823e-14
0.00500294
9.43879e-15
0.00500294
8.6496e-15
0.00500294
7.6314e-15
0.00500294
6.39924e-15
0.00500294
5.07916e-15
0.00500294
3.70581e-15
0.00500294
2.31212e-15
0.00500294
1.06104e-15
0.00500294
-1.41879e-17
0.00500294
-7.83133e-16
0.00500294
-1.20662e-15
0.00500294
-1.43581e-15
0.00500294
-1.41425e-15
0.00500294
-1.19657e-15
0.00500294
-9.26222e-16
0.00500294
-6.52954e-16
0.00500294
-4.10471e-16
0.00500294
-3.08017e-16
0.00500294
-1.64391e-16
0.00500294
-2.16994e-16
0.00500294
-4.3561e-16
0.00500294
-5.80234e-16
0.00500294
-9.4789e-16
0.00500294
-1.20611e-15
0.00500294
-1.37011e-15
0.00500294
-1.59809e-15
0.00500294
-1.64135e-15
0.00500294
-1.70257e-15
0.00500294
-1.52308e-15
0.00500294
-1.4055e-15
0.00500294
-1.21197e-15
0.00500294
-8.32629e-16
0.00500294
-5.66035e-16
0.00500294
-2.13651e-16
0.00500294
-1.11821e-16
0.00500294
2.7147e-16
0.00500294
3.33144e-16
0.00500294
4.1045e-16
0.00500294
4.77007e-16
0.00500294
4.46699e-16
0.00500294
4.68499e-16
0.00500294
5.14848e-16
0.00500294
3.09835e-16
0.00500294
4.14231e-16
0.00500294
3.1046e-16
0.00500294
4.36081e-16
0.00500294
3.4889e-16
0.00500294
2.91117e-16
0.00500294
1.60534e-16
0.00500294
1.00092e-16
0.00500294
-1.11822e-16
0.00500294
-2.14195e-16
0.00500294
-4.26774e-16
-7.24718e-16
0.00500001
1.83655e-08
0.00500003
5.39904e-08
0.00500006
8.87631e-08
0.0050001
1.24261e-07
0.00500016
1.58517e-07
0.00500022
1.88373e-07
0.0050003
2.14783e-07
0.00500038
2.41407e-07
0.00500048
2.68719e-07
0.00500058
2.92843e-07
0.00500068
3.1027e-07
0.00500079
3.21905e-07
0.00500091
3.32463e-07
0.00500102
3.46286e-07
0.00500115
3.64027e-07
0.00500128
3.82575e-07
0.00500141
3.97278e-07
0.00500155
4.04311e-07
0.00500168
4.01927e-07
0.00500181
3.90476e-07
0.00500194
3.71707e-07
0.00500205
3.4789e-07
0.00500216
3.21183e-07
0.00500226
2.93316e-07
0.00500234
2.65534e-07
0.00500242
2.38669e-07
0.00500249
2.13236e-07
0.00500255
1.89532e-07
0.0050026
1.67704e-07
0.00500265
1.47798e-07
0.00500269
1.29793e-07
0.00500272
1.1362e-07
0.00500275
9.91828e-08
0.00500278
8.63628e-08
0.0050028
7.50328e-08
0.00500282
6.5061e-08
0.00500284
5.63165e-08
0.00500285
4.86729e-08
0.00500287
4.20103e-08
0.00500288
3.6217e-08
0.00500289
3.11905e-08
0.0050029
2.68375e-08
0.0050029
2.30739e-08
0.00500291
1.98245e-08
0.00500291
1.70226e-08
0.00500292
1.46092e-08
0.00500292
1.25323e-08
0.00500292
1.07465e-08
0.00500293
9.21201e-09
0.00500293
7.89436e-09
0.00500293
6.76346e-09
0.00500293
5.7933e-09
0.00500293
4.96137e-09
0.00500294
4.2482e-09
0.00500294
3.63704e-09
0.00500294
3.11342e-09
0.00500294
2.6649e-09
0.00500294
2.28079e-09
0.00500294
1.95189e-09
0.00500294
1.67031e-09
0.00500294
1.42926e-09
0.00500294
1.22294e-09
0.00500294
1.04636e-09
0.00500294
8.95239e-10
0.00500294
7.65921e-10
0.00500294
6.55266e-10
0.00500294
5.60584e-10
0.00500294
4.79573e-10
0.00500294
4.10262e-10
0.00500294
3.50962e-10
0.00500294
3.00229e-10
0.00500294
2.56828e-10
0.00500294
2.19699e-10
0.00500294
1.87937e-10
0.00500294
1.60765e-10
0.00500294
1.37521e-10
0.00500294
1.17635e-10
0.00500294
1.00625e-10
0.00500294
8.60733e-11
0.00500294
7.36264e-11
0.00500294
6.29797e-11
0.00500294
5.38728e-11
0.00500294
4.60826e-11
0.00500294
3.94188e-11
0.00500294
3.37184e-11
0.00500294
2.88421e-11
0.00500294
2.46712e-11
0.00500294
2.11036e-11
0.00500294
1.80522e-11
0.00500294
1.54423e-11
0.00500294
1.32097e-11
0.00500294
1.12998e-11
0.00500294
9.66569e-12
0.00500294
8.26767e-12
0.00500294
7.07173e-12
0.00500294
6.04872e-12
0.00500294
5.1737e-12
0.00500294
4.42522e-12
0.00500294
3.78482e-12
0.00500294
3.23673e-12
0.00500294
2.76765e-12
0.00500294
2.36629e-12
0.00500294
2.02322e-12
0.00500294
1.73027e-12
0.00500294
1.48036e-12
0.00500294
1.26714e-12
0.00500294
1.08504e-12
0.00500294
9.29023e-13
0.00500294
7.94878e-13
0.00500294
6.79186e-13
0.00500294
5.79323e-13
0.00500294
4.93334e-13
0.00500294
4.19695e-13
0.00500294
3.57066e-13
0.00500294
3.04158e-13
0.00500294
2.59664e-13
0.00500294
2.22209e-13
0.00500294
1.9056e-13
0.00500294
1.63492e-13
0.00500294
1.40247e-13
0.00500294
1.20235e-13
0.00500294
1.02994e-13
0.00500294
8.82878e-14
0.00500294
7.58347e-14
0.00500294
6.54028e-14
0.00500294
5.66665e-14
0.00500294
4.92567e-14
0.00500294
4.29115e-14
0.00500294
3.73522e-14
0.00500294
3.24194e-14
0.00500294
2.80433e-14
0.00500294
2.41631e-14
0.00500294
2.09054e-14
0.00500294
1.81623e-14
0.00500294
1.59662e-14
0.00500294
1.42506e-14
0.00500294
1.2861e-14
0.00500294
1.17742e-14
0.00500294
1.0802e-14
0.00500294
1.00271e-14
0.00500294
9.35856e-15
0.00500294
8.76982e-15
0.00500294
8.27185e-15
0.00500294
7.83411e-15
0.00500294
7.47391e-15
0.00500294
7.11349e-15
0.00500294
6.61408e-15
0.00500294
5.98075e-15
0.00500294
5.21741e-15
0.00500294
4.31303e-15
0.00500294
3.39558e-15
0.00500294
2.34373e-15
0.00500294
1.31212e-15
0.00500294
4.10279e-16
0.00500294
-3.62329e-16
0.00500294
-8.70917e-16
0.00500294
-1.15495e-15
0.00500294
-1.24786e-15
0.00500294
-1.18868e-15
0.00500294
-9.5945e-16
0.00500294
-7.47906e-16
0.00500294
-5.43131e-16
0.00500294
-2.9711e-16
0.00500294
-2.37917e-16
0.00500294
-4.02914e-17
0.00500294
-5.98433e-17
0.00500294
-2.25086e-16
0.00500294
-2.0058e-16
0.00500294
-5.06399e-16
0.00500294
-6.30546e-16
0.00500294
-8.19912e-16
0.00500294
-9.24211e-16
0.00500294
-9.59299e-16
0.00500294
-1.06513e-15
0.00500294
-9.15298e-16
0.00500294
-7.34602e-16
0.00500294
-6.50087e-16
0.00500294
-3.67541e-16
0.00500294
-1.1733e-16
0.00500294
1.3935e-16
0.00500294
3.43086e-16
0.00500294
4.83254e-16
0.00500294
7.67452e-16
0.00500294
7.03131e-16
0.00500294
7.65429e-16
0.00500294
7.46021e-16
0.00500294
5.86113e-16
0.00500294
8.33847e-16
0.00500294
5.21255e-16
0.00500294
5.79683e-16
0.00500294
4.70171e-16
0.00500294
4.32808e-16
0.00500294
3.785e-16
0.00500294
3.47184e-16
0.00500294
1.89211e-17
0.00500294
-3.58171e-17
0.00500294
-3.10721e-16
0.00500294
-4.30349e-16
0.00500294
-5.58545e-16
-7.54624e-16
0.00500001
1.21111e-08
0.00500002
3.56068e-08
0.00500005
5.85495e-08
0.0050001
8.19893e-08
0.00500015
1.04636e-07
0.00500021
1.2441e-07
0.00500029
1.41942e-07
0.00500037
1.59641e-07
0.00500046
1.77853e-07
0.00500056
1.93982e-07
0.00500066
2.0571e-07
0.00500077
2.13608e-07
0.00500088
2.20759e-07
0.005001
2.30033e-07
0.00500112
2.41887e-07
0.00500125
2.54279e-07
0.00500138
2.64128e-07
0.00500152
2.68904e-07
0.00500165
2.67456e-07
0.00500178
2.60018e-07
0.00500191
2.47735e-07
0.00500202
2.32096e-07
0.00500213
2.1452e-07
0.00500223
1.96143e-07
0.00500232
1.77788e-07
0.00500239
1.60003e-07
0.00500246
1.43134e-07
0.00500253
1.27379e-07
0.00500258
1.12843e-07
0.00500263
9.95604e-08
0.00500267
8.75241e-08
0.00500271
7.66939e-08
0.00500274
6.70095e-08
0.00500277
5.83969e-08
0.00500279
5.07744e-08
0.00500281
4.40569e-08
0.00500283
3.81592e-08
0.00500285
3.29984e-08
0.00500286
2.84956e-08
0.00500287
2.45769e-08
0.00500288
2.11742e-08
0.00500289
1.82254e-08
0.0050029
1.56744e-08
0.00500291
1.34707e-08
0.00500291
1.15695e-08
0.00500292
9.93126e-09
0.00500292
8.52093e-09
0.00500292
7.30788e-09
0.00500293
6.26527e-09
0.00500293
5.36975e-09
0.00500293
4.60099e-09
0.00500293
3.94138e-09
0.00500293
3.37565e-09
0.00500294
2.89062e-09
0.00500294
2.47491e-09
0.00500294
2.1187e-09
0.00500294
1.81356e-09
0.00500294
1.55222e-09
0.00500294
1.32843e-09
0.00500294
1.13682e-09
0.00500294
9.72787e-10
0.00500294
8.32378e-10
0.00500294
7.12202e-10
0.00500294
6.09352e-10
0.00500294
5.21339e-10
0.00500294
4.46025e-10
0.00500294
3.81581e-10
0.00500294
3.2644e-10
0.00500294
2.79262e-10
0.00500294
2.38898e-10
0.00500294
2.04366e-10
0.00500294
1.74824e-10
0.00500294
1.49551e-10
0.00500294
1.27931e-10
0.00500294
1.09435e-10
0.00500294
9.36112e-11
0.00500294
8.00748e-11
0.00500294
6.84953e-11
0.00500294
5.85904e-11
0.00500294
5.01181e-11
0.00500294
4.28713e-11
0.00500294
3.66723e-11
0.00500294
3.13694e-11
0.00500294
2.68329e-11
0.00500294
2.29521e-11
0.00500294
1.96325e-11
0.00500294
1.67933e-11
0.00500294
1.43651e-11
0.00500294
1.22885e-11
0.00500294
1.05123e-11
0.00500294
8.99275e-12
0.00500294
7.69261e-12
0.00500294
6.57997e-12
0.00500294
5.62785e-12
0.00500294
4.81339e-12
0.00500294
4.11688e-12
0.00500294
3.52133e-12
0.00500294
3.01208e-12
0.00500294
2.57657e-12
0.00500294
2.20385e-12
0.00500294
1.88483e-12
0.00500294
1.61173e-12
0.00500294
1.37816e-12
0.00500294
1.17866e-12
0.00500294
1.00838e-12
0.00500294
8.63128e-13
0.00500294
7.38935e-13
0.00500294
6.32518e-13
0.00500294
5.40986e-13
0.00500294
4.62068e-13
0.00500294
3.94052e-13
0.00500294
3.35654e-13
0.00500294
2.85804e-13
0.00500294
2.43621e-13
0.00500294
2.08002e-13
0.00500294
1.77997e-13
0.00500294
1.5265e-13
0.00500294
1.30997e-13
0.00500294
1.1234e-13
0.00500294
9.61598e-14
0.00500294
8.22573e-14
0.00500294
7.03225e-14
0.00500294
6.02917e-14
0.00500294
5.20066e-14
0.00500294
4.5173e-14
0.00500294
3.94894e-14
0.00500294
3.45901e-14
0.00500294
3.02794e-14
0.00500294
2.63298e-14
0.00500294
2.26632e-14
0.00500294
1.93311e-14
0.00500294
1.63345e-14
0.00500294
1.38305e-14
0.00500294
1.17828e-14
0.00500294
1.02499e-14
0.00500294
9.09657e-15
0.00500294
8.1784e-15
0.00500294
7.48425e-15
0.00500294
6.81132e-15
0.00500294
6.24776e-15
0.00500294
5.70452e-15
0.00500294
5.20353e-15
0.00500294
4.74463e-15
0.00500294
4.38708e-15
0.00500294
4.13294e-15
0.00500294
3.85538e-15
0.00500294
3.53923e-15
0.00500294
3.14783e-15
0.00500294
2.68885e-15
0.00500294
2.15811e-15
0.00500294
1.61698e-15
0.00500294
9.23636e-16
0.00500294
2.94189e-16
0.00500294
-2.41435e-16
0.00500294
-6.59841e-16
0.00500294
-9.17412e-16
0.00500294
-1.06357e-15
0.00500294
-9.95989e-16
0.00500294
-9.39649e-16
0.00500294
-8.03182e-16
0.00500294
-6.06873e-16
0.00500294
-4.26697e-16
0.00500294
-2.2479e-16
0.00500294
-1.64296e-16
0.00500294
3.90627e-17
0.00500294
1.3754e-16
0.00500294
7.36453e-17
0.00500294
1.71691e-16
0.00500294
-1.26582e-17
0.00500294
-5.7213e-17
0.00500294
-1.71312e-16
0.00500294
-2.84884e-16
0.00500294
-2.51512e-16
0.00500294
-2.98665e-16
0.00500294
-3.36512e-16
0.00500294
-7.55474e-17
0.00500294
-5.13269e-17
0.00500294
9.58408e-17
0.00500294
4.11457e-16
0.00500294
4.24327e-16
0.00500294
8.09259e-16
0.00500294
7.92537e-16
0.00500294
9.96308e-16
0.00500294
1.0691e-15
0.00500294
9.87447e-16
0.00500294
1.11549e-15
0.00500294
8.21968e-16
0.00500294
1.00354e-15
0.00500294
7.95549e-16
0.00500294
7.26048e-16
0.00500294
6.1659e-16
0.00500294
5.47356e-16
0.00500294
1.93766e-16
0.00500294
1.95793e-16
0.00500294
5.4179e-17
0.00500294
-2.36068e-16
0.00500294
-6.16154e-16
0.00500294
-5.91497e-16
0.00500294
-7.52667e-16
-8.58466e-16
0.00500001
6.01664e-09
0.00500002
1.76898e-08
0.00500005
2.90911e-08
0.00500009
4.07444e-08
0.00500015
5.20116e-08
0.00500021
6.18595e-08
0.00500028
7.06028e-08
0.00500036
7.94366e-08
0.00500045
8.85413e-08
0.00500055
9.66195e-08
0.00500065
1.02514e-07
0.00500076
1.06505e-07
0.00500087
1.10114e-07
0.00500098
1.14769e-07
0.00500111
1.20704e-07
0.00500123
1.26908e-07
0.00500137
1.31847e-07
0.0050015
1.34261e-07
0.00500163
1.33579e-07
0.00500176
1.29918e-07
0.00500189
1.23844e-07
0.005002
1.16095e-07
0.00500211
1.07375e-07
0.00500221
9.82463e-08
0.0050023
8.91183e-08
0.00500238
8.02639e-08
0.00500245
7.18551e-08
0.00500251
6.39929e-08
0.00500257
5.67299e-08
0.00500262
5.00861e-08
0.00500266
4.40587e-08
0.0050027
3.86297e-08
0.00500273
3.37702e-08
0.00500276
2.94445e-08
0.00500279
2.56128e-08
0.00500281
2.22334e-08
0.00500283
1.92643e-08
0.00500284
1.66645e-08
0.00500286
1.43949e-08
0.00500287
1.24187e-08
0.00500288
1.07018e-08
0.00500289
9.21341e-09
0.0050029
7.92524e-09
0.0050029
6.81212e-09
0.00500291
5.85155e-09
0.00500291
5.0236e-09
0.00500292
4.31068e-09
0.00500292
3.69735e-09
0.00500292
3.17012e-09
0.00500293
2.7172e-09
0.00500293
2.32834e-09
0.00500293
1.99465e-09
0.00500293
1.70843e-09
0.00500293
1.46301e-09
0.00500294
1.25265e-09
0.00500294
1.0724e-09
0.00500294
9.17975e-10
0.00500294
7.85709e-10
0.00500294
6.72443e-10
0.00500294
5.75462e-10
0.00500294
4.92435e-10
0.00500294
4.21363e-10
0.00500294
3.60532e-10
0.00500294
3.08471e-10
0.00500294
2.63918e-10
0.00500294
2.25794e-10
0.00500294
1.93171e-10
0.00500294
1.65257e-10
0.00500294
1.41374e-10
0.00500294
1.2094e-10
0.00500294
1.03459e-10
0.00500294
8.85036e-11
0.00500294
7.57097e-11
0.00500294
6.47644e-11
0.00500294
5.54003e-11
0.00500294
4.73893e-11
0.00500294
4.05361e-11
0.00500294
3.46742e-11
0.00500294
2.96603e-11
0.00500294
2.53719e-11
0.00500294
2.17038e-11
0.00500294
1.85657e-11
0.00500294
1.58808e-11
0.00500294
1.35836e-11
0.00500294
1.16183e-11
0.00500294
9.93751e-12
0.00500294
8.50028e-12
0.00500294
7.27154e-12
0.00500294
6.22095e-12
0.00500294
5.32232e-12
0.00500294
4.55333e-12
0.00500294
3.89493e-12
0.00500294
3.33114e-12
0.00500294
2.84858e-12
0.00500294
2.4358e-12
0.00500294
2.08308e-12
0.00500294
1.78193e-12
0.00500294
1.52473e-12
0.00500294
1.305e-12
0.00500294
1.11692e-12
0.00500294
9.55784e-13
0.00500294
8.17573e-13
0.00500294
6.99152e-13
0.00500294
5.97896e-13
0.00500294
5.11345e-13
0.00500294
4.37497e-13
0.00500294
3.7432e-13
0.00500294
3.20188e-13
0.00500294
2.73683e-13
0.00500294
2.33674e-13
0.00500294
1.99353e-13
0.00500294
1.70095e-13
0.00500294
1.45285e-13
0.00500294
1.24429e-13
0.00500294
1.06869e-13
0.00500294
9.19624e-14
0.00500294
7.9204e-14
0.00500294
6.80333e-14
0.00500294
5.81889e-14
0.00500294
4.95486e-14
0.00500294
4.21248e-14
0.00500294
3.58952e-14
0.00500294
3.08512e-14
0.00500294
2.6901e-14
0.00500294
2.38061e-14
0.00500294
2.12844e-14
0.00500294
1.90346e-14
0.00500294
1.6865e-14
0.00500294
1.46497e-14
0.00500294
1.23767e-14
0.00500294
1.01897e-14
0.00500294
8.22926e-15
0.00500294
6.53873e-15
0.00500294
5.21898e-15
0.00500294
4.31073e-15
0.00500294
3.6778e-15
0.00500294
3.22784e-15
0.00500294
2.92454e-15
0.00500294
2.55035e-15
0.00500294
2.24121e-15
0.00500294
1.84211e-15
0.00500294
1.43956e-15
0.00500294
1.07983e-15
0.00500294
7.94179e-16
0.00500294
6.38267e-16
0.00500294
4.34042e-16
0.00500294
3.2655e-16
0.00500294
2.30132e-16
0.00500294
1.31679e-16
0.00500294
-4.1737e-17
0.00500294
-2.17449e-16
0.00500294
-4.6652e-16
0.00500294
-6.56124e-16
0.00500294
-8.12084e-16
0.00500294
-8.79812e-16
0.00500294
-9.03192e-16
0.00500294
-9.15092e-16
0.00500294
-8.30074e-16
0.00500294
-7.07143e-16
0.00500294
-6.38408e-16
0.00500294
-5.46714e-16
0.00500294
-3.52737e-16
0.00500294
-1.74715e-16
0.00500294
-7.40812e-17
0.00500294
1.32569e-16
0.00500294
2.85637e-16
0.00500294
3.85096e-16
0.00500294
5.28661e-16
0.00500294
5.02929e-16
0.00500294
4.93232e-16
0.00500294
4.80667e-16
0.00500294
3.62973e-16
0.00500294
4.98718e-16
0.00500294
4.46016e-16
0.00500294
3.44348e-16
0.00500294
4.68421e-16
0.00500294
5.43281e-16
0.00500294
6.59602e-16
0.00500294
9.26594e-16
0.00500294
1.03551e-15
0.00500294
1.16066e-15
0.00500294
1.38761e-15
0.00500294
1.34558e-15
0.00500294
1.30517e-15
0.00500294
1.35199e-15
0.00500294
1.40033e-15
0.00500294
1.14301e-15
0.00500294
1.12399e-15
0.00500294
1.09887e-15
0.00500294
8.29894e-16
0.00500294
6.20134e-16
0.00500294
6.30409e-16
0.00500294
7.94325e-17
0.00500294
-1.43673e-16
0.00500294
-2.14949e-16
0.00500294
-3.13033e-16
0.00500294
-9.01081e-16
0.00500294
-9.43771e-16
0.00500294
-1.03674e-15
-9.44305e-16
0.00500001
0.00500002
0.00500005
0.00500009
0.00500015
0.00500021
0.00500028
0.00500036
0.00500045
0.00500054
0.00500065
0.00500075
0.00500086
0.00500098
0.0050011
0.00500122
0.00500136
0.00500149
0.00500162
0.00500175
0.00500188
0.00500199
0.0050021
0.0050022
0.00500229
0.00500237
0.00500244
0.0050025
0.00500256
0.00500261
0.00500266
0.00500269
0.00500273
0.00500276
0.00500278
0.00500281
0.00500282
0.00500284
0.00500286
0.00500287
0.00500288
0.00500289
0.0050029
0.0050029
0.00500291
0.00500291
0.00500292
0.00500292
0.00500292
0.00500293
0.00500293
0.00500293
0.00500293
0.00500293
0.00500294
0.00500294
0.00500294
0.00500294
0.00500294
0.00500294
0.00500294
0.00500294
0.00500294
0.00500294
0.00500294
0.00500294
0.00500294
0.00500294
0.00500294
0.00500294
0.00500294
0.00500294
0.00500294
0.00500294
0.00500294
0.00500294
0.00500294
0.00500294
0.00500294
0.00500294
0.00500294
0.00500294
0.00500294
0.00500294
0.00500294
0.00500294
0.00500294
0.00500294
0.00500294
0.00500294
0.00500294
0.00500294
0.00500294
0.00500294
0.00500294
0.00500294
0.00500294
0.00500294
0.00500294
0.00500294
0.00500294
0.00500294
0.00500294
0.00500294
0.00500294
0.00500294
0.00500294
0.00500294
0.00500294
0.00500294
0.00500294
0.00500294
0.00500294
0.00500294
0.00500294
0.00500294
0.00500294
0.00500294
0.00500294
0.00500294
0.00500294
0.00500294
0.00500294
0.00500294
0.00500294
0.00500294
0.00500294
0.00500294
0.00500294
0.00500294
0.00500294
0.00500294
0.00500294
0.00500294
0.00500294
0.00500294
0.00500294
0.00500294
0.00500294
0.00500294
0.00500294
0.00500294
0.00500294
0.00500294
0.00500294
0.00500294
0.00500294
0.00500294
0.00500294
0.00500294
0.00500294
0.00500294
0.00500294
0.00500294
0.00500294
0.00500294
0.00500294
0.00500294
0.00500294
0.00500294
0.00500294
0.00500294
0.00500294
0.00500294
0.00500294
0.00500294
0.00500294
0.00500294
0.00500294
0.00500294
0.00500294
0.00500294
0.00500294
0.00500294
0.00500294
0.00500294
0.00500294
0.00500294
0.00500294
0.00500294
0.00500294
0.00500294
0.00500294
0.00500294
0.00500294
0.00500294
0.00500294
0.00500294
0.00500294
0.00500294
0.00500294
0.00500294
0.00500294
0.00500294
0.00500294
0.00500294
0.00500294
0.00500294
0.00500294
)
;

boundaryField
{
    inlet
    {
        type            calculated;
        value           nonuniform List<scalar> 
20
(
-0.005
-0.005
-0.005
-0.005
-0.005
-0.005
-0.005
-0.005
-0.005
-0.005
-0.005
-0.005
-0.005
-0.005
-0.005
-0.005
-0.005
-0.005
-0.005
-0.005
)
;
    }
    outlet
    {
        type            calculated;
        value           nonuniform List<scalar> 
20
(
0.00494425
0.00500277
0.00500294
0.00500294
0.00500294
0.00500294
0.00500294
0.00500294
0.00500294
0.00500294
0.00500294
0.00500294
0.00500294
0.00500294
0.00500294
0.00500294
0.00500294
0.00500294
0.00500294
0.00500294
)
;
    }
    top
    {
        type            calculated;
        value           uniform 0;
    }
    bottom
    {
        type            calculated;
        value           uniform 0;
    }
    frontAndBack
    {
        type            empty;
    }
}


// ************************************************************************* //
