/*--------------------------------*- C++ -*----------------------------------*\
  =========                 |
  \\      /  F ield         | OpenFOAM: The Open Source CFD Toolbox
   \\    /   O peration     | Website:  https://openfoam.org
    \\  /    A nd           | Version:  dev
     \\/     M anipulation  |
\*---------------------------------------------------------------------------*/
FoamFile
{
    format      ascii;
    class       volVectorField;
    location    "1";
    object      U;
}
// * * * * * * * * * * * * * * * * * * * * * * * * * * * * * * * * * * * * * //

dimensions      [0 1 -1 0 0 0 0];

internalField   nonuniform List<vector> 
4000
(
(0.999703 0.000147424 0)
(0.999379 0.000329776 0)
(0.999039 0.000428892 0)
(0.998666 0.000469949 0)
(0.99823 0.000463801 0)
(0.997747 0.000437889 0)
(0.99724 0.000422748 0)
(0.996671 0.000449521 0)
(0.99605 0.000496109 0)
(0.995467 0.000505892 0)
(0.99496 0.000474261 0)
(0.994475 0.000446463 0)
(0.993961 0.000457042 0)
(0.993408 0.000499056 0)
(0.992823 0.000542945 0)
(0.992206 0.000561216 0)
(0.991581 0.000540119 0)
(0.990991 0.000481648 0)
(0.990477 0.000399266 0)
(0.990058 0.000310084 0)
(0.989736 0.000227934 0)
(0.989498 0.000160393 0)
(0.989327 0.000109376 0)
(0.989206 7.32471e-05 0)
(0.989121 4.88644e-05 0)
(0.989061 3.29404e-05 0)
(0.989017 2.272e-05 0)
(0.988985 1.61703e-05 0)
(0.98896 1.19142e-05 0)
(0.988941 9.07193e-06 0)
(0.988925 7.1037e-06 0)
(0.988913 5.6859e-06 0)
(0.988903 4.62615e-06 0)
(0.988895 3.80891e-06 0)
(0.988888 3.16302e-06 0)
(0.988882 2.64304e-06 0)
(0.988877 2.21871e-06 0)
(0.988873 1.86895e-06 0)
(0.988869 1.57855e-06 0)
(0.988866 1.33607e-06 0)
(0.988864 1.13276e-06 0)
(0.988862 9.61717e-07 0)
(0.98886 8.1743e-07 0)
(0.988859 6.95449e-07 0)
(0.988857 5.92142e-07 0)
(0.988856 5.0452e-07 0)
(0.988855 4.30108e-07 0)
(0.988854 3.66848e-07 0)
(0.988854 3.13021e-07 0)
(0.988853 2.67186e-07 0)
(0.988853 2.28131e-07 0)
(0.988852 1.94834e-07 0)
(0.988852 1.66434e-07 0)
(0.988852 1.422e-07 0)
(0.988851 1.21514e-07 0)
(0.988851 1.03852e-07 0)
(0.988851 8.87679e-08 0)
(0.988851 7.58825e-08 0)
(0.988851 6.4873e-08 0)
(0.98885 5.5465e-08 0)
(0.98885 4.74243e-08 0)
(0.98885 4.05516e-08 0)
(0.98885 3.46767e-08 0)
(0.98885 2.96541e-08 0)
(0.98885 2.53599e-08 0)
(0.98885 2.16882e-08 0)
(0.98885 1.85485e-08 0)
(0.98885 1.58637e-08 0)
(0.98885 1.35679e-08 0)
(0.98885 1.16045e-08 0)
(0.98885 9.9253e-09 0)
(0.98885 8.48923e-09 0)
(0.98885 7.26105e-09 0)
(0.98885 6.21065e-09 0)
(0.98885 5.3122e-09 0)
(0.98885 4.54366e-09 0)
(0.98885 3.88626e-09 0)
(0.98885 3.32398e-09 0)
(0.98885 2.84317e-09 0)
(0.98885 2.43205e-09 0)
(0.98885 2.08046e-09 0)
(0.98885 1.77964e-09 0)
(0.98885 1.52222e-09 0)
(0.98885 1.30194e-09 0)
(0.98885 1.1135e-09 0)
(0.98885 9.52407e-10 0)
(0.98885 8.14722e-10 0)
(0.98885 6.97001e-10 0)
(0.98885 5.96271e-10 0)
(0.98885 5.10046e-10 0)
(0.98885 4.36233e-10 0)
(0.98885 3.73074e-10 0)
(0.98885 3.19095e-10 0)
(0.98885 2.72983e-10 0)
(0.98885 2.33562e-10 0)
(0.98885 1.99831e-10 0)
(0.98885 1.70935e-10 0)
(0.98885 1.46169e-10 0)
(0.98885 1.24946e-10 0)
(0.98885 1.06776e-10 0)
(0.98885 9.12404e-11 0)
(0.98885 7.79738e-11 0)
(0.98885 6.66713e-11 0)
(0.98885 5.70397e-11 0)
(0.98885 4.88233e-11 0)
(0.98885 4.18129e-11 0)
(0.98885 3.58094e-11 0)
(0.98885 3.06516e-11 0)
(0.98885 2.62102e-11 0)
(0.98885 2.23747e-11 0)
(0.98885 1.90752e-11 0)
(0.98885 1.62634e-11 0)
(0.98885 1.38831e-11 0)
(0.98885 1.18832e-11 0)
(0.98885 1.01921e-11 0)
(0.98885 8.7748e-12 0)
(0.98885 7.55094e-12 0)
(0.98885 6.47841e-12 0)
(0.98885 5.53241e-12 0)
(0.98885 4.68118e-12 0)
(0.98885 3.94059e-12 0)
(0.98885 3.30551e-12 0)
(0.98885 2.77404e-12 0)
(0.98885 2.34123e-12 0)
(0.98885 1.97985e-12 0)
(0.98885 1.69992e-12 0)
(0.98885 1.4694e-12 0)
(0.98885 1.25443e-12 0)
(0.98885 1.05646e-12 0)
(0.98885 8.65435e-13 0)
(0.98885 6.95638e-13 0)
(0.98885 5.56124e-13 0)
(0.98885 4.52951e-13 0)
(0.98885 4.13042e-13 0)
(0.98885 4.22327e-13 0)
(0.98885 4.58931e-13 0)
(0.98885 5.02354e-13 0)
(0.98885 5.28819e-13 0)
(0.98885 5.30684e-13 0)
(0.98885 5.05553e-13 0)
(0.98885 4.38311e-13 0)
(0.98885 3.34092e-13 0)
(0.98885 1.99095e-13 0)
(0.98885 3.87213e-14 0)
(0.98885 -8.39863e-14 0)
(0.98885 -1.55503e-13 0)
(0.98885 -1.57248e-13 0)
(0.98885 -1.17767e-13 0)
(0.98885 -4.29496e-14 0)
(0.98885 5.39891e-14 0)
(0.98885 1.40053e-13 0)
(0.98885 2.268e-13 0)
(0.98885 2.68905e-13 0)
(0.98885 2.86874e-13 0)
(0.98885 2.81192e-13 0)
(0.98885 2.43814e-13 0)
(0.98885 1.93283e-13 0)
(0.98885 1.20258e-13 0)
(0.98885 7.66804e-14 0)
(0.98885 6.58769e-14 0)
(0.98885 6.4244e-14 0)
(0.98885 6.82435e-14 0)
(0.98885 6.44737e-14 0)
(0.98885 7.65728e-14 0)
(0.98885 9.09866e-14 0)
(0.98885 9.67732e-14 0)
(0.98885 1.19237e-13 0)
(0.98885 1.26332e-13 0)
(0.98885 1.1244e-13 0)
(0.98885 8.55314e-14 0)
(0.98885 4.57541e-14 0)
(0.98885 1.6952e-14 0)
(0.98885 -3.51691e-14 0)
(0.98885 -7.18551e-14 0)
(0.98885 -1.03726e-13 0)
(0.98885 -1.14017e-13 0)
(0.98885 -1.45483e-13 0)
(0.98885 -1.66871e-13 0)
(0.98885 -1.39175e-13 0)
(0.98885 -1.74002e-13 0)
(0.98885 -1.33211e-13 0)
(0.98885 -1.36178e-13 0)
(0.98885 -9.20532e-14 0)
(0.98885 -6.87017e-14 0)
(0.98885 -5.91281e-14 0)
(0.98885 3.85496e-14 0)
(0.98885 -4.64056e-14 0)
(0.98885 4.7193e-14 0)
(0.98885 3.29839e-14 0)
(0.98885 7.71362e-15 0)
(0.98885 1.06152e-13 0)
(0.98885 2.20654e-14 0)
(0.98885 5.62874e-14 0)
(0.98885 9.35843e-14 0)
(0.98885 7.47971e-14 0)
(0.98885 1.14326e-13 0)
(0.98885 1.56887e-13 0)
(0.98885 8.90396e-14 0)
(0.98885 1.48042e-13 0)
(0.98885 1.18918e-13 0)
(1 0.000177456 0)
(1.00007 0.000402789 0)
(1.00016 0.00053132 0)
(1.00028 0.000586272 0)
(1.00041 0.000584085 0)
(1.00051 0.000550385 0)
(1.00059 0.000520508 0)
(1.00064 0.000542313 0)
(1.00063 0.00060461 0)
(1.00064 0.000632919 0)
(1.0007 0.00060041 0)
(1.00077 0.00055834 0)
(1.0008 0.000559206 0)
(1.00082 0.000602285 0)
(1.00086 0.000653715 0)
(1.00092 0.000681273 0)
(1.00097 0.000667827 0)
(1.00099 0.000612044 0)
(1.001 0.000525414 0)
(1.00098 0.000425713 0)
(1.00094 0.000329222 0)
(1.0009 0.00024613 0)
(1.00085 0.000180233 0)
(1.00081 0.000130931 0)
(1.00077 9.54565e-05 0)
(1.00073 7.04835e-05 0)
(1.0007 5.30107e-05 0)
(1.00068 4.06955e-05 0)
(1.00066 3.18643e-05 0)
(1.00064 2.53846e-05 0)
(1.00063 2.05121e-05 0)
(1.00062 1.67625e-05 0)
(1.00061 1.38191e-05 0)
(1.0006 1.14706e-05 0)
(1.00059 9.57212e-06 0)
(1.00059 8.02173e-06 0)
(1.00058 6.74529e-06 0)
(1.00058 5.68758e-06 0)
(1.00057 4.80656e-06 0)
(1.00057 4.0696e-06 0)
(1.00057 3.45099e-06 0)
(1.00057 2.93022e-06 0)
(1.00056 2.49075e-06 0)
(1.00056 2.11915e-06 0)
(1.00056 1.8044e-06 0)
(1.00056 1.53742e-06 0)
(1.00056 1.31067e-06 0)
(1.00056 1.11791e-06 0)
(1.00056 9.53882e-07 0)
(1.00056 8.14208e-07 0)
(1.00056 6.95194e-07 0)
(1.00056 5.93729e-07 0)
(1.00056 5.07184e-07 0)
(1.00056 4.33335e-07 0)
(1.00056 3.70298e-07 0)
(1.00056 3.16476e-07 0)
(1.00056 2.70509e-07 0)
(1.00055 2.31242e-07 0)
(1.00055 1.97692e-07 0)
(1.00055 1.69022e-07 0)
(1.00055 1.4452e-07 0)
(1.00055 1.23576e-07 0)
(1.00055 1.05673e-07 0)
(1.00055 9.03671e-08 0)
(1.00055 7.7281e-08 0)
(1.00055 6.60918e-08 0)
(1.00055 5.65242e-08 0)
(1.00055 4.83428e-08 0)
(1.00055 4.13465e-08 0)
(1.00055 3.53632e-08 0)
(1.00055 3.02462e-08 0)
(1.00055 2.58699e-08 0)
(1.00055 2.2127e-08 0)
(1.00055 1.89258e-08 0)
(1.00055 1.61879e-08 0)
(1.00055 1.38461e-08 0)
(1.00055 1.18431e-08 0)
(1.00055 1.013e-08 0)
(1.00055 8.66482e-09 0)
(1.00055 7.41175e-09 0)
(1.00055 6.33993e-09 0)
(1.00055 5.423e-09 0)
(1.00055 4.63849e-09 0)
(1.00055 3.96733e-09 0)
(1.00055 3.39328e-09 0)
(1.00055 2.90243e-09 0)
(1.00055 2.48275e-09 0)
(1.00055 2.12386e-09 0)
(1.00055 1.81684e-09 0)
(1.00055 1.55414e-09 0)
(1.00055 1.32934e-09 0)
(1.00055 1.13702e-09 0)
(1.00055 9.72561e-10 0)
(1.00055 8.31919e-10 0)
(1.00055 7.11623e-10 0)
(1.00055 6.08708e-10 0)
(1.00055 5.20625e-10 0)
(1.00055 4.45206e-10 0)
(1.00055 3.8064e-10 0)
(1.00055 3.25402e-10 0)
(1.00055 2.78193e-10 0)
(1.00055 2.37897e-10 0)
(1.00055 2.03523e-10 0)
(1.00055 1.74227e-10 0)
(1.00055 1.49216e-10 0)
(1.00055 1.27791e-10 0)
(1.00055 1.09382e-10 0)
(1.00055 9.35014e-11 0)
(1.00055 7.98235e-11 0)
(1.00055 6.80635e-11 0)
(1.00055 5.80324e-11 0)
(1.00055 4.95314e-11 0)
(1.00055 4.23549e-11 0)
(1.00055 3.63283e-11 0)
(1.00055 3.12049e-11 0)
(1.00055 2.68154e-11 0)
(1.00055 2.29831e-11 0)
(1.00055 1.96099e-11 0)
(1.00055 1.66555e-11 0)
(1.00055 1.40487e-11 0)
(1.00055 1.18182e-11 0)
(1.00055 9.93046e-12 0)
(1.00055 8.35995e-12 0)
(1.00055 7.07187e-12 0)
(1.00055 6.00805e-12 0)
(1.00055 5.10893e-12 0)
(1.00055 4.35146e-12 0)
(1.00055 3.69408e-12 0)
(1.00055 3.1263e-12 0)
(1.00055 2.65705e-12 0)
(1.00055 2.28277e-12 0)
(1.00055 2.02248e-12 0)
(1.00055 1.85066e-12 0)
(1.00055 1.76599e-12 0)
(1.00055 1.74235e-12 0)
(1.00055 1.73285e-12 0)
(1.00055 1.70517e-12 0)
(1.00055 1.6494e-12 0)
(1.00055 1.55505e-12 0)
(1.00055 1.41239e-12 0)
(1.00055 1.23807e-12 0)
(1.00055 1.02068e-12 0)
(1.00055 7.89284e-13 0)
(1.00055 5.77319e-13 0)
(1.00055 4.21387e-13 0)
(1.00055 3.35027e-13 0)
(1.00055 3.28486e-13 0)
(1.00055 3.81343e-13 0)
(1.00055 4.59147e-13 0)
(1.00055 5.46396e-13 0)
(1.00055 6.3034e-13 0)
(1.00055 6.91827e-13 0)
(1.00055 7.12585e-13 0)
(1.00055 6.93288e-13 0)
(1.00055 6.21783e-13 0)
(1.00055 5.00022e-13 0)
(1.00055 3.66832e-13 0)
(1.00055 2.19511e-13 0)
(1.00055 1.07687e-13 0)
(1.00055 2.30401e-14 0)
(1.00055 -5.95035e-14 0)
(1.00055 -1.05146e-13 0)
(1.00055 -1.45817e-13 0)
(1.00055 -1.54203e-13 0)
(1.00055 -1.35489e-13 0)
(1.00055 -1.09617e-13 0)
(1.00055 -6.21496e-14 0)
(1.00055 -3.74045e-14 0)
(1.00055 -2.24812e-14 0)
(1.00055 -3.30519e-14 0)
(1.00055 -4.21777e-14 0)
(1.00055 -5.03134e-14 0)
(1.00055 -1.14666e-13 0)
(1.00055 -1.35513e-13 0)
(1.00055 -1.81289e-13 0)
(1.00055 -2.02522e-13 0)
(1.00055 -2.19594e-13 0)
(1.00055 -2.28292e-13 0)
(1.00055 -2.40861e-13 0)
(1.00055 -2.59747e-13 0)
(1.00055 -2.26263e-13 0)
(1.00055 -2.53645e-13 0)
(1.00055 -1.56327e-13 0)
(1.00055 -1.5768e-13 0)
(1.00055 -1.7172e-13 0)
(1.00055 -6.14396e-14 0)
(1.00055 -1.72359e-13 0)
(1.00055 -3.42956e-14 0)
(1.00055 -4.48456e-14 0)
(1.00055 -8.74742e-14 0)
(1.00055 2.73338e-14 0)
(1.00055 -4.03017e-14 0)
(1.00055 -2.24177e-14 0)
(1.00055 5.8388e-14 0)
(1.00055 3.81963e-14 0)
(1.00055 5.21821e-14 0)
(1.00055 9.68453e-14 0)
(1.00055 6.42195e-14 0)
(1.00055 1.1983e-13 0)
(1.00055 7.46251e-14 0)
(1 6.94381e-05 0)
(1.00004 0.000181021 0)
(1.0001 0.000273218 0)
(1.00019 0.000339578 0)
(1.0003 0.000374575 0)
(1.00039 0.000383145 0)
(1.00048 0.000373715 0)
(1.00055 0.000369475 0)
(1.00056 0.000398086 0)
(1.00056 0.000438882 0)
(1.0006 0.000446366 0)
(1.00067 0.000424491 0)
(1.00072 0.000413305 0)
(1.00074 0.000430522 0)
(1.00078 0.000461283 0)
(1.00084 0.000485001 0)
(1.0009 0.000489866 0)
(1.00094 0.000471551 0)
(1.00095 0.000431539 0)
(1.00095 0.000376551 0)
(1.00093 0.000315678 0)
(1.0009 0.000256736 0)
(1.00086 0.00020452 0)
(1.00082 0.000160981 0)
(1.00079 0.000126147 0)
(1.00076 9.90052e-05 0)
(1.00073 7.8153e-05 0)
(1.00071 6.21993e-05 0)
(1.00069 4.99553e-05 0)
(1.00067 4.04847e-05 0)
(1.00066 3.3083e-05 0)
(1.00065 2.72328e-05 0)
(1.00064 2.25573e-05 0)
(1.00063 1.87827e-05 0)
(1.00062 1.57079e-05 0)
(1.00062 1.3184e-05 0)
(1.00061 1.10988e-05 0)
(1.00061 9.36665e-06 0)
(1.00061 7.9212e-06 0)
(1.0006 6.7104e-06 0)
(1.0006 5.69292e-06 0)
(1.0006 4.83562e-06 0)
(1.0006 4.11166e-06 0)
(1.0006 3.49913e-06 0)
(1.0006 2.98005e-06 0)
(1.00059 2.53957e-06 0)
(1.00059 2.16536e-06 0)
(1.00059 1.84713e-06 0)
(1.00059 1.57628e-06 0)
(1.00059 1.34559e-06 0)
(1.00059 1.149e-06 0)
(1.00059 9.81364e-07 0)
(1.00059 8.38363e-07 0)
(1.00059 7.16328e-07 0)
(1.00059 6.12152e-07 0)
(1.00059 5.23195e-07 0)
(1.00059 4.47216e-07 0)
(1.00059 3.82308e-07 0)
(1.00059 3.26847e-07 0)
(1.00059 2.79453e-07 0)
(1.00059 2.38946e-07 0)
(1.00059 2.04321e-07 0)
(1.00059 1.74722e-07 0)
(1.00059 1.49417e-07 0)
(1.00059 1.27781e-07 0)
(1.00059 1.09281e-07 0)
(1.00059 9.34617e-08 0)
(1.00059 7.99344e-08 0)
(1.00059 6.83663e-08 0)
(1.00059 5.84733e-08 0)
(1.00059 5.00124e-08 0)
(1.00059 4.27761e-08 0)
(1.00059 3.65872e-08 0)
(1.00059 3.12941e-08 0)
(1.00059 2.6767e-08 0)
(1.00059 2.2895e-08 0)
(1.00059 1.95833e-08 0)
(1.00059 1.67508e-08 0)
(1.00059 1.43281e-08 0)
(1.00059 1.22558e-08 0)
(1.00059 1.04832e-08 0)
(1.00059 8.96683e-09 0)
(1.00059 7.66964e-09 0)
(1.00059 6.56005e-09 0)
(1.00059 5.61103e-09 0)
(1.00059 4.79946e-09 0)
(1.00059 4.10542e-09 0)
(1.00059 3.51184e-09 0)
(1.00059 3.00411e-09 0)
(1.00059 2.56974e-09 0)
(1.00059 2.19811e-09 0)
(1.00059 1.8802e-09 0)
(1.00059 1.60825e-09 0)
(1.00059 1.37562e-09 0)
(1.00059 1.17661e-09 0)
(1.00059 1.00633e-09 0)
(1.00059 8.60638e-10 0)
(1.00059 7.3595e-10 0)
(1.00059 6.29281e-10 0)
(1.00059 5.38082e-10 0)
(1.00059 4.60166e-10 0)
(1.00059 3.93683e-10 0)
(1.00059 3.36977e-10 0)
(1.00059 2.88573e-10 0)
(1.00059 2.47167e-10 0)
(1.00059 2.11618e-10 0)
(1.00059 1.8102e-10 0)
(1.00059 1.54621e-10 0)
(1.00059 1.3191e-10 0)
(1.00059 1.12451e-10 0)
(1.00059 9.58952e-11 0)
(1.00059 8.19168e-11 0)
(1.00059 7.0127e-11 0)
(1.00059 6.01723e-11 0)
(1.00059 5.16584e-11 0)
(1.00059 4.43162e-11 0)
(1.00059 3.78974e-11 0)
(1.00059 3.22544e-11 0)
(1.00059 2.73417e-11 0)
(1.00059 2.30725e-11 0)
(1.00059 1.94315e-11 0)
(1.00059 1.63653e-11 0)
(1.00059 1.37977e-11 0)
(1.00059 1.16476e-11 0)
(1.00059 9.85359e-12 0)
(1.00059 8.33136e-12 0)
(1.00059 7.04934e-12 0)
(1.00059 5.98595e-12 0)
(1.00059 5.14651e-12 0)
(1.00059 4.51115e-12 0)
(1.00059 4.05602e-12 0)
(1.00059 3.77057e-12 0)
(1.00059 3.57728e-12 0)
(1.00059 3.44763e-12 0)
(1.00059 3.32367e-12 0)
(1.00059 3.16517e-12 0)
(1.00059 2.97024e-12 0)
(1.00059 2.72906e-12 0)
(1.00059 2.45712e-12 0)
(1.00059 2.14151e-12 0)
(1.00059 1.84086e-12 0)
(1.00059 1.55974e-12 0)
(1.00059 1.31959e-12 0)
(1.00059 1.17297e-12 0)
(1.00059 1.08479e-12 0)
(1.00059 1.05821e-12 0)
(1.00059 1.08183e-12 0)
(1.00059 1.11699e-12 0)
(1.00059 1.14754e-12 0)
(1.00059 1.14887e-12 0)
(1.00059 1.13322e-12 0)
(1.00059 1.06817e-12 0)
(1.00059 9.67711e-13 0)
(1.00059 8.33646e-13 0)
(1.00059 6.33066e-13 0)
(1.00059 4.35699e-13 0)
(1.00059 2.52046e-13 0)
(1.00059 8.27136e-14 0)
(1.00059 -4.28202e-14 0)
(1.00059 -1.72637e-13 0)
(1.00059 -2.6052e-13 0)
(1.00059 -3.01892e-13 0)
(1.00059 -3.19446e-13 0)
(1.00059 -2.98947e-13 0)
(1.00059 -2.66562e-13 0)
(1.00059 -2.1901e-13 0)
(1.00059 -1.86565e-13 0)
(1.00059 -1.79005e-13 0)
(1.00059 -1.5277e-13 0)
(1.00059 -1.58657e-13 0)
(1.00059 -1.48787e-13 0)
(1.00059 -1.60026e-13 0)
(1.00059 -2.16469e-13 0)
(1.00059 -2.34006e-13 0)
(1.00059 -2.8354e-13 0)
(1.00059 -3.03077e-13 0)
(1.00059 -2.91421e-13 0)
(1.00059 -2.8473e-13 0)
(1.00059 -3.02857e-13 0)
(1.00059 -2.85319e-13 0)
(1.00059 -2.44218e-13 0)
(1.00059 -2.56235e-13 0)
(1.00059 -1.79655e-13 0)
(1.00059 -1.90011e-13 0)
(1.00059 -2.03275e-13 0)
(1.00059 -1.52593e-13 0)
(1.00059 -1.84315e-13 0)
(1.00059 -9.06708e-14 0)
(1.00059 -1.11192e-13 0)
(1.00059 -1.2994e-13 0)
(1.00059 -7.96265e-14 0)
(1.00059 -5.13664e-14 0)
(1.00059 -3.2437e-14 0)
(1.00059 6.60871e-16 0)
(1.00059 -3.45008e-14 0)
(1.00059 -3.40574e-14 0)
(1.00059 3.61633e-14 0)
(1.00059 4.0425e-14 0)
(1.00059 6.19805e-15 0)
(1.00059 -4.88476e-15 0)
(0.999999 6.28728e-05 0)
(1.00003 0.000171639 0)
(1.00007 0.000268696 0)
(1.00012 0.000351059 0)
(1.0002 0.000400832 0)
(1.00027 0.000425609 0)
(1.00034 0.000431545 0)
(1.00041 0.000426602 0)
(1.00044 0.000440373 0)
(1.00044 0.000476528 0)
(1.00047 0.000495978 0)
(1.00053 0.000483432 0)
(1.00058 0.000470598 0)
(1.00061 0.000484428 0)
(1.00064 0.000516489 0)
(1.00068 0.00054352 0)
(1.00072 0.000550357 0)
(1.00076 0.000532388 0)
(1.00078 0.000491483 0)
(1.0008 0.000434139 0)
(1.0008 0.000369326 0)
(1.00079 0.000305263 0)
(1.00078 0.000247361 0)
(1.00076 0.000198094 0)
(1.00074 0.000157847 0)
(1.00072 0.000125818 0)
(1.0007 0.000100698 0)
(1.00069 8.10987e-05 0)
(1.00067 6.57845e-05 0)
(1.00066 5.37482e-05 0)
(1.00065 4.421e-05 0)
(1.00064 3.65823e-05 0)
(1.00063 3.0427e-05 0)
(1.00063 2.54183e-05 0)
(1.00062 2.13123e-05 0)
(1.00062 1.79247e-05 0)
(1.00061 1.51146e-05 0)
(1.00061 1.27726e-05 0)
(1.00061 1.08132e-05 0)
(1.0006 9.16834e-06 0)
(1.0006 7.78379e-06 0)
(1.0006 6.61557e-06 0)
(1.0006 5.6279e-06 0)
(1.0006 4.79147e-06 0)
(1.0006 4.0821e-06 0)
(1.00059 3.47975e-06 0)
(1.00059 2.96773e-06 0)
(1.00059 2.53211e-06 0)
(1.00059 2.1612e-06 0)
(1.00059 1.8452e-06 0)
(1.00059 1.57581e-06 0)
(1.00059 1.34605e-06 0)
(1.00059 1.15002e-06 0)
(1.00059 9.82698e-07 0)
(1.00059 8.3984e-07 0)
(1.00059 7.17838e-07 0)
(1.00059 6.13624e-07 0)
(1.00059 5.24586e-07 0)
(1.00059 4.48503e-07 0)
(1.00059 3.8348e-07 0)
(1.00059 3.27903e-07 0)
(1.00059 2.80395e-07 0)
(1.00059 2.3978e-07 0)
(1.00059 2.05055e-07 0)
(1.00059 1.75365e-07 0)
(1.00059 1.49978e-07 0)
(1.00059 1.28269e-07 0)
(1.00059 1.09705e-07 0)
(1.00059 9.38294e-08 0)
(1.00059 8.02521e-08 0)
(1.00059 6.86402e-08 0)
(1.00059 5.87091e-08 0)
(1.00059 5.02154e-08 0)
(1.00059 4.29509e-08 0)
(1.00059 3.67377e-08 0)
(1.00059 3.14235e-08 0)
(1.00059 2.68782e-08 0)
(1.00059 2.29905e-08 0)
(1.00059 1.96653e-08 0)
(1.00059 1.68211e-08 0)
(1.00059 1.43882e-08 0)
(1.00059 1.2307e-08 0)
(1.00059 1.05267e-08 0)
(1.00059 9.00385e-09 0)
(1.00059 7.70141e-09 0)
(1.00059 6.58755e-09 0)
(1.00059 5.63499e-09 0)
(1.00059 4.82027e-09 0)
(1.00059 4.12333e-09 0)
(1.00059 3.52706e-09 0)
(1.00059 3.01693e-09 0)
(1.00059 2.58054e-09 0)
(1.00059 2.20725e-09 0)
(1.00059 1.88796e-09 0)
(1.00059 1.61483e-09 0)
(1.00059 1.38116e-09 0)
(1.00059 1.18119e-09 0)
(1.00059 1.01005e-09 0)
(1.00059 8.63661e-10 0)
(1.00059 7.38534e-10 0)
(1.00059 6.31709e-10 0)
(1.00059 5.40543e-10 0)
(1.00059 4.62762e-10 0)
(1.00059 3.96306e-10 0)
(1.00059 3.39365e-10 0)
(1.00059 2.90453e-10 0)
(1.00059 2.48331e-10 0)
(1.00059 2.1205e-10 0)
(1.00059 1.80894e-10 0)
(1.00059 1.54274e-10 0)
(1.00059 1.3166e-10 0)
(1.00059 1.12538e-10 0)
(1.00059 9.63722e-11 0)
(1.00059 8.26496e-11 0)
(1.00059 7.08871e-11 0)
(1.00059 6.07187e-11 0)
(1.00059 5.18595e-11 0)
(1.00059 4.41254e-11 0)
(1.00059 3.7408e-11 0)
(1.00059 3.16245e-11 0)
(1.00059 2.66807e-11 0)
(1.00059 2.25078e-11 0)
(1.00059 1.89791e-11 0)
(1.00059 1.60096e-11 0)
(1.00059 1.35049e-11 0)
(1.00059 1.14024e-11 0)
(1.00059 9.66021e-12 0)
(1.00059 8.24478e-12 0)
(1.00059 7.15919e-12 0)
(1.00059 6.34846e-12 0)
(1.00059 5.77977e-12 0)
(1.00059 5.39571e-12 0)
(1.00059 5.11616e-12 0)
(1.00059 4.89026e-12 0)
(1.00059 4.6477e-12 0)
(1.00059 4.36811e-12 0)
(1.00059 4.0342e-12 0)
(1.00059 3.64614e-12 0)
(1.00059 3.21523e-12 0)
(1.00059 2.76743e-12 0)
(1.00059 2.35402e-12 0)
(1.00059 1.99625e-12 0)
(1.00059 1.72025e-12 0)
(1.00059 1.55187e-12 0)
(1.00059 1.47155e-12 0)
(1.00059 1.46842e-12 0)
(1.00059 1.50902e-12 0)
(1.00059 1.54974e-12 0)
(1.00059 1.57384e-12 0)
(1.00059 1.56894e-12 0)
(1.00059 1.50771e-12 0)
(1.00059 1.37265e-12 0)
(1.00059 1.17092e-12 0)
(1.00059 9.30367e-13 0)
(1.00059 6.50602e-13 0)
(1.00059 4.01714e-13 0)
(1.00059 1.64369e-13 0)
(1.00059 -3.50332e-14 0)
(1.00059 -1.79319e-13 0)
(1.00059 -2.86453e-13 0)
(1.00059 -3.3312e-13 0)
(1.00059 -3.35158e-13 0)
(1.00059 -3.00589e-13 0)
(1.00059 -2.51321e-13 0)
(1.00059 -1.92054e-13 0)
(1.00059 -1.47501e-13 0)
(1.00059 -1.36978e-13 0)
(1.00059 -1.29049e-13 0)
(1.00059 -1.41967e-13 0)
(1.00059 -1.71606e-13 0)
(1.00059 -2.12354e-13 0)
(1.00059 -2.82989e-13 0)
(1.00059 -3.42882e-13 0)
(1.00059 -3.93509e-13 0)
(1.00059 -4.12619e-13 0)
(1.00059 -4.19716e-13 0)
(1.00059 -4.25253e-13 0)
(1.00059 -4.09743e-13 0)
(1.00059 -3.7976e-13 0)
(1.00059 -3.31787e-13 0)
(1.00059 -2.66394e-13 0)
(1.00059 -2.33033e-13 0)
(1.00059 -2.19432e-13 0)
(1.00059 -1.75611e-13 0)
(1.00059 -1.75543e-13 0)
(1.00059 -1.03748e-13 0)
(1.00059 -1.17843e-13 0)
(1.00059 -1.11002e-13 0)
(1.00059 -9.27002e-14 0)
(1.00059 -1.02289e-13 0)
(1.00059 -7.42823e-14 0)
(1.00059 -4.21643e-14 0)
(1.00059 -3.67732e-14 0)
(1.00059 -3.73895e-14 0)
(1.00059 -3.93661e-14 0)
(1.00059 2.30946e-14 0)
(1.00059 4.08263e-14 0)
(1.00059 7.89453e-15 0)
(1.00059 3.29962e-14 0)
(1.00059 2.43079e-14 0)
(0.999999 4.26092e-05 0)
(1.00002 0.00011856 0)
(1.00004 0.0001857 0)
(1.00008 0.000248493 0)
(1.00014 0.000292733 0)
(1.00019 0.00031744 0)
(1.00025 0.000331671 0)
(1.00031 0.000336111 0)
(1.00036 0.00034365 0)
(1.00038 0.000366777 0)
(1.00039 0.000388224 0)
(1.00044 0.000388001 0)
(1.00049 0.000378261 0)
(1.00052 0.00038265 0)
(1.00055 0.000403723 0)
(1.00059 0.000426721 0)
(1.00063 0.000438596 0)
(1.00067 0.000434156 0)
(1.00071 0.000413119 0)
(1.00073 0.00037828 0)
(1.00074 0.000334768 0)
(1.00074 0.000288296 0)
(1.00073 0.000243377 0)
(1.00072 0.00020271 0)
(1.00071 0.000167471 0)
(1.0007 0.000137819 0)
(1.00068 0.00011333 0)
(1.00067 9.33204e-05 0)
(1.00066 7.70466e-05 0)
(1.00065 6.38205e-05 0)
(1.00064 5.30508e-05 0)
(1.00063 4.42511e-05 0)
(1.00063 3.70308e-05 0)
(1.00062 3.10798e-05 0)
(1.00062 2.61534e-05 0)
(1.00061 2.20583e-05 0)
(1.00061 1.86415e-05 0)
(1.00061 1.5781e-05 0)
(1.0006 1.33792e-05 0)
(1.0006 1.13574e-05 0)
(1.0006 9.65153e-06 0)
(1.0006 8.20953e-06 0)
(1.0006 6.98854e-06 0)
(1.0006 5.95321e-06 0)
(1.00059 5.07422e-06 0)
(1.00059 4.32718e-06 0)
(1.00059 3.6917e-06 0)
(1.00059 3.15071e-06 0)
(1.00059 2.68984e-06 0)
(1.00059 2.29701e-06 0)
(1.00059 1.962e-06 0)
(1.00059 1.67619e-06 0)
(1.00059 1.43226e-06 0)
(1.00059 1.22401e-06 0)
(1.00059 1.04617e-06 0)
(1.00059 8.94266e-07 0)
(1.00059 7.64491e-07 0)
(1.00059 6.53601e-07 0)
(1.00059 5.58835e-07 0)
(1.00059 4.77838e-07 0)
(1.00059 4.08601e-07 0)
(1.00059 3.49412e-07 0)
(1.00059 2.98808e-07 0)
(1.00059 2.55541e-07 0)
(1.00059 2.18546e-07 0)
(1.00059 1.86911e-07 0)
(1.00059 1.59859e-07 0)
(1.00059 1.36724e-07 0)
(1.00059 1.1694e-07 0)
(1.00059 1.00019e-07 0)
(1.00059 8.55478e-08 0)
(1.00059 7.31711e-08 0)
(1.00059 6.25856e-08 0)
(1.00059 5.3532e-08 0)
(1.00059 4.57883e-08 0)
(1.00059 3.91651e-08 0)
(1.00059 3.35001e-08 0)
(1.00059 2.86547e-08 0)
(1.00059 2.45103e-08 0)
(1.00059 2.09654e-08 0)
(1.00059 1.79331e-08 0)
(1.00059 1.53391e-08 0)
(1.00059 1.31203e-08 0)
(1.00059 1.12224e-08 0)
(1.00059 9.59923e-09 0)
(1.00059 8.21104e-09 0)
(1.00059 7.02378e-09 0)
(1.00059 6.00819e-09 0)
(1.00059 5.13935e-09 0)
(1.00059 4.396e-09 0)
(1.00059 3.76009e-09 0)
(1.00059 3.21614e-09 0)
(1.00059 2.7509e-09 0)
(1.00059 2.353e-09 0)
(1.00059 2.01261e-09 0)
(1.00059 1.72137e-09 0)
(1.00059 1.47214e-09 0)
(1.00059 1.25886e-09 0)
(1.00059 1.07646e-09 0)
(1.00059 9.20586e-10 0)
(1.00059 7.87516e-10 0)
(1.00059 6.73959e-10 0)
(1.00059 5.76995e-10 0)
(1.00059 4.94086e-10 0)
(1.00059 4.22985e-10 0)
(1.00059 3.61888e-10 0)
(1.00059 3.093e-10 0)
(1.00059 2.64081e-10 0)
(1.00059 2.25322e-10 0)
(1.00059 1.92249e-10 0)
(1.00059 1.6419e-10 0)
(1.00059 1.40423e-10 0)
(1.00059 1.20269e-10 0)
(1.00059 1.03084e-10 0)
(1.00059 8.83276e-11 0)
(1.00059 7.55534e-11 0)
(1.00059 6.44454e-11 0)
(1.00059 5.47952e-11 0)
(1.00059 4.64528e-11 0)
(1.00059 3.93062e-11 0)
(1.00059 3.32208e-11 0)
(1.00059 2.80693e-11 0)
(1.00059 2.37017e-11 0)
(1.00059 2.00164e-11 0)
(1.00059 1.68922e-11 0)
(1.00059 1.42666e-11 0)
(1.00059 1.21006e-11 0)
(1.00059 1.03616e-11 0)
(1.00059 9.02845e-12 0)
(1.00059 8.04198e-12 0)
(1.00059 7.34458e-12 0)
(1.00059 6.85591e-12 0)
(1.00059 6.4923e-12 0)
(1.00059 6.16007e-12 0)
(1.00059 5.81221e-12 0)
(1.00059 5.40853e-12 0)
(1.00059 4.9322e-12 0)
(1.00059 4.41384e-12 0)
(1.00059 3.85742e-12 0)
(1.00059 3.3174e-12 0)
(1.00059 2.84575e-12 0)
(1.00059 2.45762e-12 0)
(1.00059 2.18731e-12 0)
(1.00059 2.04696e-12 0)
(1.00059 1.99686e-12 0)
(1.00059 2.00756e-12 0)
(1.00059 2.03986e-12 0)
(1.00059 2.06665e-12 0)
(1.00059 2.05855e-12 0)
(1.00059 1.98774e-12 0)
(1.00059 1.84624e-12 0)
(1.00059 1.63124e-12 0)
(1.00059 1.33963e-12 0)
(1.00059 1.02175e-12 0)
(1.00059 7.03691e-13 0)
(1.00059 4.03325e-13 0)
(1.00059 1.39044e-13 0)
(1.00059 -7.91484e-14 0)
(1.00059 -2.4724e-13 0)
(1.00059 -3.36237e-13 0)
(1.00059 -3.88406e-13 0)
(1.00059 -3.772e-13 0)
(1.00059 -3.35452e-13 0)
(1.00059 -2.9388e-13 0)
(1.00059 -2.4169e-13 0)
(1.00059 -2.18961e-13 0)
(1.00059 -2.08189e-13 0)
(1.00059 -2.00828e-13 0)
(1.00059 -2.29281e-13 0)
(1.00059 -2.7393e-13 0)
(1.00059 -3.34369e-13 0)
(1.00059 -4.08027e-13 0)
(1.00059 -4.42258e-13 0)
(1.00059 -4.80629e-13 0)
(1.00059 -4.78069e-13 0)
(1.00059 -4.72739e-13 0)
(1.00059 -4.68085e-13 0)
(1.00059 -4.18412e-13 0)
(1.00059 -3.82715e-13 0)
(1.00059 -2.99628e-13 0)
(1.00059 -2.77381e-13 0)
(1.00059 -2.56254e-13 0)
(1.00059 -1.95901e-13 0)
(1.00059 -1.95202e-13 0)
(1.00059 -1.54873e-13 0)
(1.00059 -1.37607e-13 0)
(1.00059 -1.69677e-13 0)
(1.00059 -1.40635e-13 0)
(1.00059 -1.7019e-13 0)
(1.00059 -1.04739e-13 0)
(1.00059 -9.94117e-14 0)
(1.00059 -1.29466e-13 0)
(1.00059 -1.32181e-13 0)
(1.00059 -4.90076e-14 0)
(1.00059 -2.1097e-14 0)
(1.00059 -5.37075e-14 0)
(1.00059 -2.4068e-14 0)
(1.00059 1.29739e-14 0)
(1.00059 4.83772e-15 0)
(1.00059 -1.70467e-14 0)
(1 3.46826e-05 0)
(1.00001 9.99998e-05 0)
(1.00003 0.000159308 0)
(1.00006 0.000218395 0)
(1.00011 0.000266205 0)
(1.00015 0.000296817 0)
(1.0002 0.000320177 0)
(1.00025 0.000337513 0)
(1.00029 0.000349128 0)
(1.00032 0.000364764 0)
(1.00034 0.000382687 0)
(1.00038 0.000389916 0)
(1.00042 0.000388523 0)
(1.00046 0.000394467 0)
(1.00049 0.000413389 0)
(1.00052 0.00043495 0)
(1.00055 0.000446503 0)
(1.00059 0.000442112 0)
(1.00062 0.000421629 0)
(1.00065 0.000387997 0)
(1.00066 0.000345936 0)
(1.00067 0.000300643 0)
(1.00068 0.000256382 0)
(1.00068 0.000215835 0)
(1.00067 0.000180256 0)
(1.00067 0.00014992 0)
(1.00066 0.000124525 0)
(1.00065 0.000103492 0)
(1.00064 8.61586e-05 0)
(1.00064 7.18941e-05 0)
(1.00063 6.01433e-05 0)
(1.00063 5.04407e-05 0)
(1.00062 4.24051e-05 0)
(1.00062 3.57281e-05 0)
(1.00061 3.01622e-05 0)
(1.00061 2.55081e-05 0)
(1.00061 2.16054e-05 0)
(1.0006 1.83244e-05 0)
(1.0006 1.55599e-05 0)
(1.0006 1.32258e-05 0)
(1.0006 1.12517e-05 0)
(1.0006 9.57948e-06 0)
(1.0006 8.16109e-06 0)
(1.00059 6.95663e-06 0)
(1.00059 5.93279e-06 0)
(1.00059 5.06173e-06 0)
(1.00059 4.32012e-06 0)
(1.00059 3.68829e-06 0)
(1.00059 3.14971e-06 0)
(1.00059 2.69039e-06 0)
(1.00059 2.2985e-06 0)
(1.00059 1.96402e-06 0)
(1.00059 1.67847e-06 0)
(1.00059 1.43461e-06 0)
(1.00059 1.22631e-06 0)
(1.00059 1.04835e-06 0)
(1.00059 8.96293e-07 0)
(1.00059 7.66341e-07 0)
(1.00059 6.55269e-07 0)
(1.00059 5.60324e-07 0)
(1.00059 4.79158e-07 0)
(1.00059 4.09764e-07 0)
(1.00059 3.50431e-07 0)
(1.00059 2.99699e-07 0)
(1.00059 2.56317e-07 0)
(1.00059 2.19219e-07 0)
(1.00059 1.87494e-07 0)
(1.00059 1.60363e-07 0)
(1.00059 1.37159e-07 0)
(1.00059 1.17314e-07 0)
(1.00059 1.00342e-07 0)
(1.00059 8.58257e-08 0)
(1.00059 7.34102e-08 0)
(1.00059 6.27911e-08 0)
(1.00059 5.37084e-08 0)
(1.00059 4.59397e-08 0)
(1.00059 3.9295e-08 0)
(1.00059 3.36116e-08 0)
(1.00059 2.87503e-08 0)
(1.00059 2.45922e-08 0)
(1.00059 2.10353e-08 0)
(1.00059 1.79927e-08 0)
(1.00059 1.53902e-08 0)
(1.00059 1.31643e-08 0)
(1.00059 1.12605e-08 0)
(1.00059 9.63217e-09 0)
(1.00059 8.23934e-09 0)
(1.00059 7.0478e-09 0)
(1.00059 6.0284e-09 0)
(1.00059 5.15632e-09 0)
(1.00059 4.41034e-09 0)
(1.00059 3.77232e-09 0)
(1.00059 3.22668e-09 0)
(1.00059 2.75999e-09 0)
(1.00059 2.36076e-09 0)
(1.00059 2.01913e-09 0)
(1.00059 1.72678e-09 0)
(1.00059 1.47665e-09 0)
(1.00059 1.26276e-09 0)
(1.00059 1.08002e-09 0)
(1.00059 9.23979e-10 0)
(1.00059 7.90771e-10 0)
(1.00059 6.76958e-10 0)
(1.00059 5.79556e-10 0)
(1.00059 4.96024e-10 0)
(1.00059 4.24258e-10 0)
(1.00059 3.62558e-10 0)
(1.00059 3.0958e-10 0)
(1.00059 2.64251e-10 0)
(1.00059 2.25611e-10 0)
(1.00059 1.92776e-10 0)
(1.00059 1.64898e-10 0)
(1.00059 1.41209e-10 0)
(1.00059 1.20929e-10 0)
(1.00059 1.03479e-10 0)
(1.00059 8.84022e-11 0)
(1.00059 7.53309e-11 0)
(1.00059 6.40322e-11 0)
(1.00059 5.43261e-11 0)
(1.00059 4.60235e-11 0)
(1.00059 3.89749e-11 0)
(1.00059 3.29887e-11 0)
(1.00059 2.79018e-11 0)
(1.00059 2.35878e-11 0)
(1.00059 1.99101e-11 0)
(1.00059 1.68396e-11 0)
(1.00059 1.42966e-11 0)
(1.00059 1.22693e-11 0)
(1.00059 1.07202e-11 0)
(1.00059 9.56552e-12 0)
(1.00059 8.75478e-12 0)
(1.00059 8.16043e-12 0)
(1.00059 7.6874e-12 0)
(1.00059 7.25295e-12 0)
(1.00059 6.79303e-12 0)
(1.00059 6.26792e-12 0)
(1.00059 5.67743e-12 0)
(1.00059 5.04481e-12 0)
(1.00059 4.39459e-12 0)
(1.00059 3.79576e-12 0)
(1.00059 3.27902e-12 0)
(1.00059 2.87605e-12 0)
(1.00059 2.61939e-12 0)
(1.00059 2.48121e-12 0)
(1.00059 2.42932e-12 0)
(1.00059 2.43937e-12 0)
(1.00059 2.4627e-12 0)
(1.00059 2.4711e-12 0)
(1.00059 2.42496e-12 0)
(1.00059 2.3006e-12 0)
(1.00059 2.09495e-12 0)
(1.00059 1.79803e-12 0)
(1.00059 1.46103e-12 0)
(1.00059 1.07547e-12 0)
(1.00059 7.09686e-13 0)
(1.00059 3.7294e-13 0)
(1.00059 8.4819e-14 0)
(1.00059 -1.37686e-13 0)
(1.00059 -3.02567e-13 0)
(1.00059 -3.82854e-13 0)
(1.00059 -3.98851e-13 0)
(1.00059 -3.61519e-13 0)
(1.00059 -3.08859e-13 0)
(1.00059 -2.5229e-13 0)
(1.00059 -2.02412e-13 0)
(1.00059 -1.86584e-13 0)
(1.00059 -1.85725e-13 0)
(1.00059 -2.01567e-13 0)
(1.00059 -2.67028e-13 0)
(1.00059 -3.42433e-13 0)
(1.00059 -4.21065e-13 0)
(1.00059 -4.96359e-13 0)
(1.00059 -5.25749e-13 0)
(1.00059 -5.67447e-13 0)
(1.00059 -5.8831e-13 0)
(1.00059 -5.67612e-13 0)
(1.00059 -5.42506e-13 0)
(1.00059 -4.74604e-13 0)
(1.00059 -4.27475e-13 0)
(1.00059 -3.51901e-13 0)
(1.00059 -3.12272e-13 0)
(1.00059 -2.91295e-13 0)
(1.00059 -2.06938e-13 0)
(1.00059 -1.84711e-13 0)
(1.00059 -1.67523e-13 0)
(1.00059 -1.6412e-13 0)
(1.00059 -1.77212e-13 0)
(1.00059 -1.10542e-13 0)
(1.00059 -1.45064e-13 0)
(1.00059 -1.31098e-13 0)
(1.00059 -1.31112e-13 0)
(1.00059 -9.98735e-14 0)
(1.00059 -7.03714e-14 0)
(1.00059 -5.46114e-14 0)
(1.00059 -5.0195e-14 0)
(1.00059 -2.71383e-14 0)
(1.00059 4.07853e-15 0)
(1.00059 1.89299e-14 0)
(1.00059 1.77563e-14 0)
(1.00059 -3.64113e-15 0)
(1 2.82876e-05 0)
(1.00001 8.22857e-05 0)
(1.00003 0.000131551 0)
(1.00005 0.00018009 0)
(1.00008 0.000221966 0)
(1.00012 0.00025011 0)
(1.00016 0.000270706 0)
(1.0002 0.000288588 0)
(1.00024 0.000302029 0)
(1.00027 0.000314146 0)
(1.0003 0.000326891 0)
(1.00033 0.000334389 0)
(1.00036 0.000335746 0)
(1.0004 0.00034036 0)
(1.00043 0.000354384 0)
(1.00046 0.000372429 0)
(1.0005 0.000384624 0)
(1.00053 0.000384966 0)
(1.00056 0.00037241 0)
(1.00059 0.000348755 0)
(1.00061 0.000317256 0)
(1.00063 0.000281724 0)
(1.00064 0.000245572 0)
(1.00064 0.000211201 0)
(1.00064 0.00017997 0)
(1.00064 0.000152446 0)
(1.00064 0.000128685 0)
(1.00063 0.000108447 0)
(1.00063 9.13515e-05 0)
(1.00062 7.69781e-05 0)
(1.00062 6.492e-05 0)
(1.00062 5.48104e-05 0)
(1.00061 4.63309e-05 0)
(1.00061 3.92111e-05 0)
(1.00061 3.32248e-05 0)
(1.0006 2.81836e-05 0)
(1.0006 2.39318e-05 0)
(1.0006 2.034e-05 0)
(1.0006 1.73016e-05 0)
(1.0006 1.47278e-05 0)
(1.0006 1.25449e-05 0)
(1.0006 1.06915e-05 0)
(1.00059 9.11647e-06 0)
(1.00059 7.77676e-06 0)
(1.00059 6.6364e-06 0)
(1.00059 5.66507e-06 0)
(1.00059 4.83726e-06 0)
(1.00059 4.13141e-06 0)
(1.00059 3.52929e-06 0)
(1.00059 3.01547e-06 0)
(1.00059 2.57686e-06 0)
(1.00059 2.20234e-06 0)
(1.00059 1.88247e-06 0)
(1.00059 1.60921e-06 0)
(1.00059 1.37575e-06 0)
(1.00059 1.17624e-06 0)
(1.00059 1.00572e-06 0)
(1.00059 8.59977e-07 0)
(1.00059 7.35387e-07 0)
(1.00059 6.28872e-07 0)
(1.00059 5.37804e-07 0)
(1.00059 4.59938e-07 0)
(1.00059 3.93356e-07 0)
(1.00059 3.3642e-07 0)
(1.00059 2.87731e-07 0)
(1.00059 2.46093e-07 0)
(1.00059 2.10483e-07 0)
(1.00059 1.80028e-07 0)
(1.00059 1.53982e-07 0)
(1.00059 1.31705e-07 0)
(1.00059 1.12652e-07 0)
(1.00059 9.63558e-08 0)
(1.00059 8.24178e-08 0)
(1.00059 7.04962e-08 0)
(1.00059 6.02994e-08 0)
(1.00059 5.15776e-08 0)
(1.00059 4.41176e-08 0)
(1.00059 3.77368e-08 0)
(1.00059 3.2279e-08 0)
(1.00059 2.76106e-08 0)
(1.00059 2.36172e-08 0)
(1.00059 2.02014e-08 0)
(1.00059 1.72798e-08 0)
(1.00059 1.47808e-08 0)
(1.00059 1.26433e-08 0)
(1.00059 1.0815e-08 0)
(1.00059 9.25097e-09 0)
(1.00059 7.91295e-09 0)
(1.00059 6.76826e-09 0)
(1.00059 5.78907e-09 0)
(1.00059 4.95153e-09 0)
(1.00059 4.23524e-09 0)
(1.00059 3.62267e-09 0)
(1.00059 3.09872e-09 0)
(1.00059 2.65049e-09 0)
(1.00059 2.26695e-09 0)
(1.00059 1.93876e-09 0)
(1.00059 1.658e-09 0)
(1.00059 1.41792e-09 0)
(1.00059 1.21279e-09 0)
(1.00059 1.03761e-09 0)
(1.00059 8.87978e-10 0)
(1.00059 7.60089e-10 0)
(1.00059 6.50598e-10 0)
(1.00059 5.56703e-10 0)
(1.00059 4.76075e-10 0)
(1.00059 4.06826e-10 0)
(1.00059 3.47459e-10 0)
(1.00059 2.96688e-10 0)
(1.00059 2.53429e-10 0)
(1.00059 2.16637e-10 0)
(1.00059 1.85329e-10 0)
(1.00059 1.58631e-10 0)
(1.00059 1.35729e-10 0)
(1.00059 1.16015e-10 0)
(1.00059 9.89827e-11 0)
(1.00059 8.42701e-11 0)
(1.00059 7.16175e-11 0)
(1.00059 6.07961e-11 0)
(1.00059 5.15819e-11 0)
(1.00059 4.37679e-11 0)
(1.00059 3.71231e-11 0)
(1.00059 3.14558e-11 0)
(1.00059 2.66318e-11 0)
(1.00059 2.25084e-11 0)
(1.00059 1.90501e-11 0)
(1.00059 1.62024e-11 0)
(1.00059 1.39264e-11 0)
(1.00059 1.21865e-11 0)
(1.00059 1.0886e-11 0)
(1.00059 9.95396e-12 0)
(1.00059 9.25331e-12 0)
(1.00059 8.67596e-12 0)
(1.00059 8.13454e-12 0)
(1.00059 7.55798e-12 0)
(1.00059 6.92923e-12 0)
(1.00059 6.24206e-12 0)
(1.00059 5.52306e-12 0)
(1.00059 4.81987e-12 0)
(1.00059 4.17569e-12 0)
(1.00059 3.64754e-12 0)
(1.00059 3.25824e-12 0)
(1.00059 3.01105e-12 0)
(1.00059 2.88868e-12 0)
(1.00059 2.83939e-12 0)
(1.00059 2.84698e-12 0)
(1.00059 2.85547e-12 0)
(1.00059 2.83463e-12 0)
(1.00059 2.73808e-12 0)
(1.00059 2.55622e-12 0)
(1.00059 2.29378e-12 0)
(1.00059 1.92663e-12 0)
(1.00059 1.54189e-12 0)
(1.00059 1.11417e-12 0)
(1.00059 7.08212e-13 0)
(1.00059 3.47804e-13 0)
(1.00059 3.02156e-14 0)
(1.00059 -1.92154e-13 0)
(1.00059 -3.40995e-13 0)
(1.00059 -4.07732e-13 0)
(1.00059 -4.00874e-13 0)
(1.00059 -3.67666e-13 0)
(1.00059 -3.11988e-13 0)
(1.00059 -2.62559e-13 0)
(1.00059 -2.18436e-13 0)
(1.00059 -1.98647e-13 0)
(1.00059 -2.14493e-13 0)
(1.00059 -2.45355e-13 0)
(1.00059 -3.40406e-13 0)
(1.00059 -4.20907e-13 0)
(1.00059 -4.93779e-13 0)
(1.00059 -5.76296e-13 0)
(1.00059 -6.09014e-13 0)
(1.00059 -6.39736e-13 0)
(1.00059 -6.59548e-13 0)
(1.00059 -6.20506e-13 0)
(1.00059 -5.67227e-13 0)
(1.00059 -4.80039e-13 0)
(1.00059 -4.50993e-13 0)
(1.00059 -3.85569e-13 0)
(1.00059 -2.9401e-13 0)
(1.00059 -2.54185e-13 0)
(1.00059 -2.10538e-13 0)
(1.00059 -1.76701e-13 0)
(1.00059 -1.71421e-13 0)
(1.00059 -1.46192e-13 0)
(1.00059 -1.55142e-13 0)
(1.00059 -1.20481e-13 0)
(1.00059 -1.47561e-13 0)
(1.00059 -1.2893e-13 0)
(1.00059 -1.38142e-13 0)
(1.00059 -1.21444e-13 0)
(1.00059 -9.66695e-14 0)
(1.00059 -7.49613e-14 0)
(1.00059 -5.0298e-14 0)
(1.00059 -3.17787e-14 0)
(1.00059 -5.23773e-14 0)
(1.00059 -2.80611e-14 0)
(1.00059 -3.04731e-15 0)
(1.00059 -2.8195e-14 0)
(1 2.34305e-05 0)
(1.00001 6.86273e-05 0)
(1.00002 0.000110566 0)
(1.00004 0.000151892 0)
(1.00007 0.000189493 0)
(1.0001 0.000216868 0)
(1.00013 0.000237506 0)
(1.00016 0.000257538 0)
(1.0002 0.000275344 0)
(1.00023 0.000289039 0)
(1.00026 0.000299986 0)
(1.00029 0.00030784 0)
(1.00032 0.000312926 0)
(1.00035 0.000320266 0)
(1.00039 0.000333811 0)
(1.00042 0.000350211 0)
(1.00045 0.000361808 0)
(1.00048 0.00036304 0)
(1.00052 0.000352584 0)
(1.00054 0.000332 0)
(1.00057 0.000304184 0)
(1.00058 0.000272436 0)
(1.0006 0.000239726 0)
(1.0006 0.000208222 0)
(1.00061 0.000179213 0)
(1.00061 0.000153296 0)
(1.00061 0.000130609 0)
(1.00061 0.000111019 0)
(1.00061 9.42511e-05 0)
(1.00061 7.99766e-05 0)
(1.00061 6.78637e-05 0)
(1.00061 5.76025e-05 0)
(1.0006 4.89162e-05 0)
(1.0006 4.15636e-05 0)
(1.0006 3.53377e-05 0)
(1.0006 3.00627e-05 0)
(1.0006 2.55902e-05 0)
(1.0006 2.17951e-05 0)
(1.0006 1.85723e-05 0)
(1.00059 1.58333e-05 0)
(1.00059 1.35039e-05 0)
(1.00059 1.15215e-05 0)
(1.00059 9.83331e-06 0)
(1.00059 8.39492e-06 0)
(1.00059 7.16877e-06 0)
(1.00059 6.12307e-06 0)
(1.00059 5.23092e-06 0)
(1.00059 4.46952e-06 0)
(1.00059 3.81951e-06 0)
(1.00059 3.26445e-06 0)
(1.00059 2.79036e-06 0)
(1.00059 2.38536e-06 0)
(1.00059 2.0393e-06 0)
(1.00059 1.74358e-06 0)
(1.00059 1.49083e-06 0)
(1.00059 1.27479e-06 0)
(1.00059 1.09011e-06 0)
(1.00059 9.32218e-07 0)
(1.00059 7.97225e-07 0)
(1.00059 6.81799e-07 0)
(1.00059 5.83101e-07 0)
(1.00059 4.98701e-07 0)
(1.00059 4.26526e-07 0)
(1.00059 3.64803e-07 0)
(1.00059 3.12016e-07 0)
(1.00059 2.66871e-07 0)
(1.00059 2.2826e-07 0)
(1.00059 1.95237e-07 0)
(1.00059 1.66993e-07 0)
(1.00059 1.42836e-07 0)
(1.00059 1.22174e-07 0)
(1.00059 1.04502e-07 0)
(1.00059 8.93864e-08 0)
(1.00059 7.64575e-08 0)
(1.00059 6.53988e-08 0)
(1.00059 5.59398e-08 0)
(1.00059 4.78491e-08 0)
(1.00059 4.09289e-08 0)
(1.00059 3.50096e-08 0)
(1.00059 2.99464e-08 0)
(1.00059 2.56154e-08 0)
(1.00059 2.19108e-08 0)
(1.00059 1.87421e-08 0)
(1.00059 1.60318e-08 0)
(1.00059 1.37135e-08 0)
(1.00059 1.17303e-08 0)
(1.00059 1.00338e-08 0)
(1.00059 8.58244e-09 0)
(1.00059 7.34079e-09 0)
(1.00059 6.2787e-09 0)
(1.00059 5.3703e-09 0)
(1.00059 4.59345e-09 0)
(1.00059 3.92909e-09 0)
(1.00059 3.36087e-09 0)
(1.00059 2.87475e-09 0)
(1.00059 2.4588e-09 0)
(1.00059 2.10289e-09 0)
(1.00059 1.79841e-09 0)
(1.00059 1.53808e-09 0)
(1.00059 1.31561e-09 0)
(1.00059 1.12557e-09 0)
(1.00059 9.63205e-10 0)
(1.00059 8.24372e-10 0)
(1.00059 7.05488e-10 0)
(1.00059 6.03536e-10 0)
(1.00059 5.16051e-10 0)
(1.00059 4.40997e-10 0)
(1.00059 3.76739e-10 0)
(1.00059 3.21845e-10 0)
(1.00059 2.7505e-10 0)
(1.00059 2.35192e-10 0)
(1.00059 2.01205e-10 0)
(1.00059 1.72108e-10 0)
(1.00059 1.47114e-10 0)
(1.00059 1.25576e-10 0)
(1.00059 1.07006e-10 0)
(1.00059 9.10411e-11 0)
(1.00059 7.73826e-11 0)
(1.00059 6.57522e-11 0)
(1.00059 5.58922e-11 0)
(1.00059 4.75236e-11 0)
(1.00059 4.0395e-11 0)
(1.00059 3.42992e-11 0)
(1.00059 2.90652e-11 0)
(1.00059 2.46067e-11 0)
(1.00059 2.08415e-11 0)
(1.00059 1.77534e-11 0)
(1.00059 1.52905e-11 0)
(1.00059 1.3393e-11 0)
(1.00059 1.19745e-11 0)
(1.00059 1.0915e-11 0)
(1.00059 1.01004e-11 0)
(1.00059 9.41267e-12 0)
(1.00059 8.7643e-12 0)
(1.00059 8.09405e-12 0)
(1.00059 7.3747e-12 0)
(1.00059 6.61564e-12 0)
(1.00059 5.84714e-12 0)
(1.00059 5.11443e-12 0)
(1.00059 4.47082e-12 0)
(1.00059 3.95301e-12 0)
(1.00059 3.57941e-12 0)
(1.00059 3.3493e-12 0)
(1.00059 3.23267e-12 0)
(1.00059 3.18507e-12 0)
(1.00059 3.17757e-12 0)
(1.00059 3.16704e-12 0)
(1.00059 3.10734e-12 0)
(1.00059 2.9702e-12 0)
(1.00059 2.73283e-12 0)
(1.00059 2.40116e-12 0)
(1.00059 2.00493e-12 0)
(1.00059 1.55706e-12 0)
(1.00059 1.10837e-12 0)
(1.00059 6.75075e-13 0)
(1.00059 2.85522e-13 0)
(1.00059 -2.14794e-14 0)
(1.00059 -2.48048e-13 0)
(1.00059 -3.72735e-13 0)
(1.00059 -4.18236e-13 0)
(1.00059 -4.02821e-13 0)
(1.00059 -3.55316e-13 0)
(1.00059 -2.95769e-13 0)
(1.00059 -2.30798e-13 0)
(1.00059 -1.94033e-13 0)
(1.00059 -1.86993e-13 0)
(1.00059 -2.16795e-13 0)
(1.00059 -2.8071e-13 0)
(1.00059 -3.76571e-13 0)
(1.00059 -4.71838e-13 0)
(1.00059 -5.42849e-13 0)
(1.00059 -6.27632e-13 0)
(1.00059 -6.96051e-13 0)
(1.00059 -7.0018e-13 0)
(1.00059 -7.00998e-13 0)
(1.00059 -6.59946e-13 0)
(1.00059 -5.96087e-13 0)
(1.00059 -5.06832e-13 0)
(1.00059 -4.54344e-13 0)
(1.00059 -4.03471e-13 0)
(1.00059 -2.82411e-13 0)
(1.00059 -2.5648e-13 0)
(1.00059 -1.93228e-13 0)
(1.00059 -2.10222e-13 0)
(1.00059 -1.50729e-13 0)
(1.00059 -9.34091e-14 0)
(1.00059 -1.97791e-13 0)
(1.00059 -9.21819e-14 0)
(1.00059 -1.53661e-13 0)
(1.00059 -1.28244e-13 0)
(1.00059 -9.99733e-14 0)
(1.00059 -1.28669e-13 0)
(1.00059 -1.20447e-13 0)
(1.00059 -7.62558e-14 0)
(1.00059 -4.55913e-14 0)
(1.00059 -2.88501e-14 0)
(1.00059 -1.4067e-14 0)
(1.00059 -1.42655e-14 0)
(1.00059 -2.496e-14 0)
(1.00059 -3.81806e-14 0)
(1 1.97742e-05 0)
(1.00001 5.80125e-05 0)
(1.00002 9.40316e-05 0)
(1.00003 0.00012968 0)
(1.00005 0.000162835 0)
(1.00008 0.000188399 0)
(1.00011 0.000208221 0)
(1.00014 0.000227643 0)
(1.00017 0.00024599 0)
(1.0002 0.000259892 0)
(1.00023 0.000269262 0)
(1.00026 0.00027574 0)
(1.00029 0.000281115 0)
(1.00032 0.000288524 0)
(1.00035 0.000300287 0)
(1.00038 0.000314219 0)
(1.00041 0.000324684 0)
(1.00044 0.000326917 0)
(1.00047 0.000319357 0)
(1.0005 0.000303047 0)
(1.00053 0.000280291 0)
(1.00055 0.000253747 0)
(1.00056 0.000225852 0)
(1.00057 0.000198462 0)
(1.00058 0.000172762 0)
(1.00059 0.000149379 0)
(1.00059 0.000128549 0)
(1.0006 0.00011026 0)
(1.0006 9.43647e-05 0)
(1.0006 8.06435e-05 0)
(1.0006 6.88545e-05 0)
(1.0006 5.87577e-05 0)
(1.0006 5.01282e-05 0)
(1.0006 4.27625e-05 0)
(1.0006 3.64806e-05 0)
(1.00059 3.11252e-05 0)
(1.00059 2.65603e-05 0)
(1.00059 2.26693e-05 0)
(1.00059 1.93522e-05 0)
(1.00059 1.65237e-05 0)
(1.00059 1.41113e-05 0)
(1.00059 1.20533e-05 0)
(1.00059 1.02971e-05 0)
(1.00059 8.79818e-06 0)
(1.00059 7.51844e-06 0)
(1.00059 6.42563e-06 0)
(1.00059 5.49225e-06 0)
(1.00059 4.6949e-06 0)
(1.00059 4.01365e-06 0)
(1.00059 3.4315e-06 0)
(1.00059 2.93398e-06 0)
(1.00059 2.50874e-06 0)
(1.00059 2.14523e-06 0)
(1.00059 1.83447e-06 0)
(1.00059 1.56879e-06 0)
(1.00059 1.34163e-06 0)
(1.00059 1.1474e-06 0)
(1.00059 9.81305e-07 0)
(1.00059 8.39273e-07 0)
(1.00059 7.17812e-07 0)
(1.00059 6.13939e-07 0)
(1.00059 5.25104e-07 0)
(1.00059 4.49128e-07 0)
(1.00059 3.84149e-07 0)
(1.00059 3.28574e-07 0)
(1.00059 2.81041e-07 0)
(1.00059 2.40386e-07 0)
(1.00059 2.05613e-07 0)
(1.00059 1.75871e-07 0)
(1.00059 1.50433e-07 0)
(1.00059 1.28674e-07 0)
(1.00059 1.10063e-07 0)
(1.00059 9.4144e-08 0)
(1.00059 8.05276e-08 0)
(1.00059 6.88807e-08 0)
(1.00059 5.89185e-08 0)
(1.00059 5.03974e-08 0)
(1.00059 4.31089e-08 0)
(1.00059 3.68745e-08 0)
(1.00059 3.15418e-08 0)
(1.00059 2.69802e-08 0)
(1.00059 2.30784e-08 0)
(1.00059 1.9741e-08 0)
(1.00059 1.68863e-08 0)
(1.00059 1.44445e-08 0)
(1.00059 1.23556e-08 0)
(1.00059 1.05685e-08 0)
(1.00059 9.03965e-09 0)
(1.00059 7.73178e-09 0)
(1.00059 6.61308e-09 0)
(1.00059 5.65634e-09 0)
(1.00059 4.83818e-09 0)
(1.00059 4.13848e-09 0)
(1.00059 3.54002e-09 0)
(1.00059 3.02801e-09 0)
(1.00059 2.5899e-09 0)
(1.00059 2.21506e-09 0)
(1.00059 1.89439e-09 0)
(1.00059 1.62022e-09 0)
(1.00059 1.38592e-09 0)
(1.00059 1.18571e-09 0)
(1.00059 1.01459e-09 0)
(1.00059 8.6819e-10 0)
(1.00059 7.4281e-10 0)
(1.00059 6.35344e-10 0)
(1.00059 5.43202e-10 0)
(1.00059 4.64277e-10 0)
(1.00059 3.9676e-10 0)
(1.00059 3.39109e-10 0)
(1.00059 2.89951e-10 0)
(1.00059 2.47977e-10 0)
(1.00059 2.12083e-10 0)
(1.00059 1.8127e-10 0)
(1.00059 1.54767e-10 0)
(1.00059 1.31938e-10 0)
(1.00059 1.12322e-10 0)
(1.00059 9.5531e-11 0)
(1.00059 8.12399e-11 0)
(1.00059 6.9121e-11 0)
(1.00059 5.88591e-11 0)
(1.00059 5.01464e-11 0)
(1.00059 4.26992e-11 0)
(1.00059 3.63214e-11 0)
(1.00059 3.0809e-11 0)
(1.00059 2.61259e-11 0)
(1.00059 2.21688e-11 0)
(1.00059 1.89117e-11 0)
(1.00059 1.63209e-11 0)
(1.00059 1.42994e-11 0)
(1.00059 1.27717e-11 0)
(1.00059 1.15938e-11 0)
(1.00059 1.06736e-11 0)
(1.00059 9.88874e-12 0)
(1.00059 9.14368e-12 0)
(1.00059 8.39906e-12 0)
(1.00059 7.61299e-12 0)
(1.00059 6.81267e-12 0)
(1.00059 6.02912e-12 0)
(1.00059 5.29153e-12 0)
(1.00059 4.67174e-12 0)
(1.00059 4.18391e-12 0)
(1.00059 3.82528e-12 0)
(1.00059 3.61199e-12 0)
(1.00059 3.4899e-12 0)
(1.00059 3.45416e-12 0)
(1.00059 3.43076e-12 0)
(1.00059 3.38825e-12 0)
(1.00059 3.29875e-12 0)
(1.00059 3.10328e-12 0)
(1.00059 2.84129e-12 0)
(1.00059 2.44763e-12 0)
(1.00059 2.02022e-12 0)
(1.00059 1.54885e-12 0)
(1.00059 1.05921e-12 0)
(1.00059 6.26515e-13 0)
(1.00059 2.22734e-13 0)
(1.00059 -7.55389e-14 0)
(1.00059 -2.72108e-13 0)
(1.00059 -3.8825e-13 0)
(1.00059 -4.21681e-13 0)
(1.00059 -4.00315e-13 0)
(1.00059 -3.43062e-13 0)
(1.00059 -2.73811e-13 0)
(1.00059 -2.10419e-13 0)
(1.00059 -1.69293e-13 0)
(1.00059 -1.83646e-13 0)
(1.00059 -2.34987e-13 0)
(1.00059 -3.11803e-13 0)
(1.00059 -4.11625e-13 0)
(1.00059 -5.13743e-13 0)
(1.00059 -6.05752e-13 0)
(1.00059 -6.89744e-13 0)
(1.00059 -7.51991e-13 0)
(1.00059 -7.49994e-13 0)
(1.00059 -7.20736e-13 0)
(1.00059 -6.89093e-13 0)
(1.00059 -6.21068e-13 0)
(1.00059 -5.45015e-13 0)
(1.00059 -4.29538e-13 0)
(1.00059 -3.83431e-13 0)
(1.00059 -3.15707e-13 0)
(1.00059 -2.27913e-13 0)
(1.00059 -2.00946e-13 0)
(1.00059 -1.37747e-13 0)
(1.00059 -1.61354e-13 0)
(1.00059 -1.09945e-13 0)
(1.00059 -1.09408e-13 0)
(1.00059 -1.22236e-13 0)
(1.00059 -1.31162e-13 0)
(1.00059 -1.11978e-13 0)
(1.00059 -1.21262e-13 0)
(1.00059 -9.46621e-14 0)
(1.00059 -1.05042e-13 0)
(1.00059 -8.43918e-14 0)
(1.00059 -6.9436e-14 0)
(1.00059 -2.26335e-14 0)
(1.00059 -3.01184e-14 0)
(1.00059 -3.22402e-14 0)
(1.00059 -1.97501e-14 0)
(1.00059 -4.80389e-14 0)
(1 1.68287e-05 0)
(1 4.93313e-05 0)
(1.00001 8.03536e-05 0)
(1.00003 0.000111165 0)
(1.00005 0.000140031 0)
(1.00007 0.000163328 0)
(1.00009 0.000181908 0)
(1.00012 0.000199957 0)
(1.00015 0.000217634 0)
(1.00018 0.000231391 0)
(1.00021 0.000240102 0)
(1.00023 0.000245878 0)
(1.00026 0.000251477 0)
(1.00029 0.00025935 0)
(1.00032 0.000270633 0)
(1.00035 0.000283408 0)
(1.00038 0.000293268 0)
(1.00041 0.000296207 0)
(1.00044 0.000290656 0)
(1.00047 0.000277342 0)
(1.0005 0.000258198 0)
(1.00052 0.000235486 0)
(1.00053 0.000211282 0)
(1.00055 0.000187199 0)
(1.00056 0.000164307 0)
(1.00057 0.000143212 0)
(1.00057 0.000124184 0)
(1.00058 0.000107275 0)
(1.00058 9.24095e-05 0)
(1.00058 7.94388e-05 0)
(1.00059 6.81842e-05 0)
(1.00059 5.84582e-05 0)
(1.00059 5.00784e-05 0)
(1.00059 4.28744e-05 0)
(1.00059 3.66911e-05 0)
(1.00059 3.13904e-05 0)
(1.00059 2.68501e-05 0)
(1.00059 2.29635e-05 0)
(1.00059 1.96379e-05 0)
(1.00059 1.67932e-05 0)
(1.00059 1.43602e-05 0)
(1.00059 1.22797e-05 0)
(1.00059 1.05008e-05 0)
(1.00059 8.97962e-06 0)
(1.00059 7.67899e-06 0)
(1.00059 6.56689e-06 0)
(1.00059 5.61597e-06 0)
(1.00059 4.80285e-06 0)
(1.00059 4.10754e-06 0)
(1.00059 3.51296e-06 0)
(1.00059 3.0045e-06 0)
(1.00059 2.56968e-06 0)
(1.00059 2.19781e-06 0)
(1.00059 1.87979e-06 0)
(1.00059 1.6078e-06 0)
(1.00059 1.37518e-06 0)
(1.00059 1.17622e-06 0)
(1.00059 1.00606e-06 0)
(1.00059 8.60522e-07 0)
(1.00059 7.36041e-07 0)
(1.00059 6.29571e-07 0)
(1.00059 5.38504e-07 0)
(1.00059 4.60612e-07 0)
(1.00059 3.93987e-07 0)
(1.00059 3.37001e-07 0)
(1.00059 2.88258e-07 0)
(1.00059 2.46565e-07 0)
(1.00059 2.10903e-07 0)
(1.00059 1.804e-07 0)
(1.00059 1.54309e-07 0)
(1.00059 1.31991e-07 0)
(1.00059 1.12902e-07 0)
(1.00059 9.65733e-08 0)
(1.00059 8.26063e-08 0)
(1.00059 7.06594e-08 0)
(1.00059 6.04405e-08 0)
(1.00059 5.16997e-08 0)
(1.00059 4.42231e-08 0)
(1.00059 3.78278e-08 0)
(1.00059 3.23573e-08 0)
(1.00059 2.76779e-08 0)
(1.00059 2.36754e-08 0)
(1.00059 2.02518e-08 0)
(1.00059 1.73233e-08 0)
(1.00059 1.48182e-08 0)
(1.00059 1.26751e-08 0)
(1.00059 1.08418e-08 0)
(1.00059 9.2733e-09 0)
(1.00059 7.93163e-09 0)
(1.00059 6.78408e-09 0)
(1.00059 5.80268e-09 0)
(1.00059 4.96342e-09 0)
(1.00059 4.24565e-09 0)
(1.00059 3.63169e-09 0)
(1.00059 3.10644e-09 0)
(1.00059 2.657e-09 0)
(1.00059 2.27248e-09 0)
(1.00059 1.94359e-09 0)
(1.00059 1.66236e-09 0)
(1.00059 1.42198e-09 0)
(1.00059 1.21649e-09 0)
(1.00059 1.04078e-09 0)
(1.00059 8.90441e-10 0)
(1.00059 7.61686e-10 0)
(1.00059 6.51403e-10 0)
(1.00059 5.56931e-10 0)
(1.00059 4.76107e-10 0)
(1.00059 4.07045e-10 0)
(1.00059 3.48069e-10 0)
(1.00059 2.97701e-10 0)
(1.00059 2.54607e-10 0)
(1.00059 2.17669e-10 0)
(1.00059 1.8589e-10 0)
(1.00059 1.58524e-10 0)
(1.00059 1.35001e-10 0)
(1.00059 1.14844e-10 0)
(1.00059 9.76678e-11 0)
(1.00059 8.31048e-11 0)
(1.00059 7.08022e-11 0)
(1.00059 6.03952e-11 0)
(1.00059 5.15514e-11 0)
(1.00059 4.39819e-11 0)
(1.00059 3.74679e-11 0)
(1.00059 3.18442e-11 0)
(1.00059 2.70326e-11 0)
(1.00059 2.2982e-11 0)
(1.00059 1.96409e-11 0)
(1.00059 1.69659e-11 0)
(1.00059 1.48636e-11 0)
(1.00059 1.3244e-11 0)
(1.00059 1.19756e-11 0)
(1.00059 1.09561e-11 0)
(1.00059 1.00814e-11 0)
(1.00059 9.26625e-12 0)
(1.00059 8.45605e-12 0)
(1.00059 7.63204e-12 0)
(1.00059 6.82172e-12 0)
(1.00059 6.04475e-12 0)
(1.00059 5.35018e-12 0)
(1.00059 4.76126e-12 0)
(1.00059 4.30767e-12 0)
(1.00059 3.99073e-12 0)
(1.00059 3.78333e-12 0)
(1.00059 3.67939e-12 0)
(1.00059 3.63518e-12 0)
(1.00059 3.5889e-12 0)
(1.00059 3.52141e-12 0)
(1.00059 3.3899e-12 0)
(1.00059 3.15621e-12 0)
(1.00059 2.84805e-12 0)
(1.00059 2.43163e-12 0)
(1.00059 1.97016e-12 0)
(1.00059 1.4876e-12 0)
(1.00059 9.92046e-13 0)
(1.00059 5.45743e-13 0)
(1.00059 1.65325e-13 0)
(1.00059 -1.24341e-13 0)
(1.00059 -3.00545e-13 0)
(1.00059 -3.94856e-13 0)
(1.00059 -4.17983e-13 0)
(1.00059 -3.84019e-13 0)
(1.00059 -3.22106e-13 0)
(1.00059 -2.41558e-13 0)
(1.00059 -1.78183e-13 0)
(1.00059 -1.57815e-13 0)
(1.00059 -1.81595e-13 0)
(1.00059 -2.36008e-13 0)
(1.00059 -3.18171e-13 0)
(1.00059 -4.16588e-13 0)
(1.00059 -5.2788e-13 0)
(1.00059 -6.42515e-13 0)
(1.00059 -7.04846e-13 0)
(1.00059 -7.50189e-13 0)
(1.00059 -7.60026e-13 0)
(1.00059 -7.24095e-13 0)
(1.00059 -6.86217e-13 0)
(1.00059 -6.10821e-13 0)
(1.00059 -5.29017e-13 0)
(1.00059 -4.16864e-13 0)
(1.00059 -3.51083e-13 0)
(1.00059 -2.94733e-13 0)
(1.00059 -2.14027e-13 0)
(1.00059 -1.52835e-13 0)
(1.00059 -1.36811e-13 0)
(1.00059 -1.16211e-13 0)
(1.00059 -8.40012e-14 0)
(1.00059 -1.37752e-13 0)
(1.00059 -6.25934e-14 0)
(1.00059 -1.28863e-13 0)
(1.00059 -1.06385e-13 0)
(1.00059 -1.00686e-13 0)
(1.00059 -1.06018e-13 0)
(1.00059 -8.04531e-14 0)
(1.00059 -3.5961e-14 0)
(1.00059 -6.14419e-14 0)
(1.00059 -4.2327e-14 0)
(1.00059 -1.90707e-14 0)
(1.00059 -1.90699e-14 0)
(1.00059 -4.30803e-14 0)
(1.00059 -6.9228e-14 0)
(1 1.43481e-05 0)
(1 4.20697e-05 0)
(1.00001 6.87075e-05 0)
(1.00002 9.52886e-05 0)
(1.00004 0.000120383 0)
(1.00006 0.000141191 0)
(1.00008 0.000158158 0)
(1.00011 0.00017461 0)
(1.00013 0.000191092 0)
(1.00016 0.000204502 0)
(1.00019 0.000213113 0)
(1.00021 0.000218659 0)
(1.00024 0.000224156 0)
(1.00027 0.000231869 0)
(1.00029 0.000242331 0)
(1.00032 0.000253738 0)
(1.00035 0.000262577 0)
(1.00038 0.000265599 0)
(1.00041 0.000261397 0)
(1.00044 0.00025047 0)
(1.00047 0.000234408 0)
(1.00049 0.000215109 0)
(1.00051 0.000194319 0)
(1.00052 0.000173404 0)
(1.00054 0.000153303 0)
(1.00055 0.00013457 0)
(1.00056 0.000117483 0)
(1.00056 0.000102134 0)
(1.00057 8.84975e-05 0)
(1.00057 7.64828e-05 0)
(1.00058 6.59632e-05 0)
(1.00058 5.67973e-05 0)
(1.00058 4.88411e-05 0)
(1.00058 4.19556e-05 0)
(1.00058 3.60108e-05 0)
(1.00058 3.08878e-05 0)
(1.00059 2.64796e-05 0)
(1.00059 2.26909e-05 0)
(1.00059 1.94378e-05 0)
(1.00059 1.66465e-05 0)
(1.00059 1.42529e-05 0)
(1.00059 1.22014e-05 0)
(1.00059 1.04437e-05 0)
(1.00059 8.93814e-06 0)
(1.00059 7.64894e-06 0)
(1.00059 6.54518e-06 0)
(1.00059 5.60036e-06 0)
(1.00059 4.79167e-06 0)
(1.00059 4.09959e-06 0)
(1.00059 3.50734e-06 0)
(1.00059 3.00057e-06 0)
(1.00059 2.56696e-06 0)
(1.00059 2.19596e-06 0)
(1.00059 1.87855e-06 0)
(1.00059 1.607e-06 0)
(1.00059 1.37468e-06 0)
(1.00059 1.17594e-06 0)
(1.00059 1.00592e-06 0)
(1.00059 8.60479e-07 0)
(1.00059 7.3606e-07 0)
(1.00059 6.29628e-07 0)
(1.00059 5.38583e-07 0)
(1.00059 4.60702e-07 0)
(1.00059 3.94081e-07 0)
(1.00059 3.37094e-07 0)
(1.00059 2.88346e-07 0)
(1.00059 2.46647e-07 0)
(1.00059 2.10978e-07 0)
(1.00059 1.80468e-07 0)
(1.00059 1.54369e-07 0)
(1.00059 1.32045e-07 0)
(1.00059 1.12949e-07 0)
(1.00059 9.66148e-08 0)
(1.00059 8.26426e-08 0)
(1.00059 7.06911e-08 0)
(1.00059 6.04682e-08 0)
(1.00059 5.17238e-08 0)
(1.00059 4.42439e-08 0)
(1.00059 3.78457e-08 0)
(1.00059 3.23728e-08 0)
(1.00059 2.76913e-08 0)
(1.00059 2.36869e-08 0)
(1.00059 2.02616e-08 0)
(1.00059 1.73317e-08 0)
(1.00059 1.48254e-08 0)
(1.00059 1.26812e-08 0)
(1.00059 1.08469e-08 0)
(1.00059 9.27773e-09 0)
(1.00059 7.93548e-09 0)
(1.00059 6.78747e-09 0)
(1.00059 5.80567e-09 0)
(1.00059 4.96602e-09 0)
(1.00059 4.2479e-09 0)
(1.00059 3.63361e-09 0)
(1.00059 3.10807e-09 0)
(1.00059 2.65846e-09 0)
(1.00059 2.27377e-09 0)
(1.00059 1.94475e-09 0)
(1.00059 1.66341e-09 0)
(1.00059 1.42284e-09 0)
(1.00059 1.21714e-09 0)
(1.00059 1.04118e-09 0)
(1.00059 8.90607e-10 0)
(1.00059 7.61691e-10 0)
(1.00059 6.5134e-10 0)
(1.00059 5.56941e-10 0)
(1.00059 4.76244e-10 0)
(1.00059 4.07317e-10 0)
(1.00059 3.48455e-10 0)
(1.00059 2.98088e-10 0)
(1.00059 2.54922e-10 0)
(1.00059 2.17804e-10 0)
(1.00059 1.85849e-10 0)
(1.00059 1.58323e-10 0)
(1.00059 1.34707e-10 0)
(1.00059 1.14535e-10 0)
(1.00059 9.74271e-11 0)
(1.00059 8.29629e-11 0)
(1.00059 7.07886e-11 0)
(1.00059 6.0493e-11 0)
(1.00059 5.171e-11 0)
(1.00059 4.4202e-11 0)
(1.00059 3.76988e-11 0)
(1.00059 3.20931e-11 0)
(1.00059 2.72876e-11 0)
(1.00059 2.32374e-11 0)
(1.00059 1.98921e-11 0)
(1.00059 1.71995e-11 0)
(1.00059 1.50562e-11 0)
(1.00059 1.33839e-11 0)
(1.00059 1.20501e-11 0)
(1.00059 1.09548e-11 0)
(1.00059 1.00057e-11 0)
(1.00059 9.13479e-12 0)
(1.00059 8.28355e-12 0)
(1.00059 7.46061e-12 0)
(1.00059 6.66708e-12 0)
(1.00059 5.92645e-12 0)
(1.00059 5.28183e-12 0)
(1.00059 4.75404e-12 0)
(1.00059 4.34137e-12 0)
(1.00059 4.05268e-12 0)
(1.00059 3.8668e-12 0)
(1.00059 3.76637e-12 0)
(1.00059 3.70523e-12 0)
(1.00059 3.64638e-12 0)
(1.00059 3.54963e-12 0)
(1.00059 3.37034e-12 0)
(1.00059 3.13015e-12 0)
(1.00059 2.77364e-12 0)
(1.00059 2.36219e-12 0)
(1.00059 1.88639e-12 0)
(1.00059 1.38766e-12 0)
(1.00059 9.07442e-13 0)
(1.00059 4.5334e-13 0)
(1.00059 1.10278e-13 0)
(1.00059 -1.55533e-13 0)
(1.00059 -3.25818e-13 0)
(1.00059 -4.02099e-13 0)
(1.00059 -4.16657e-13 0)
(1.00059 -3.61811e-13 0)
(1.00059 -2.84889e-13 0)
(1.00059 -2.1366e-13 0)
(1.00059 -1.5136e-13 0)
(1.00059 -1.50622e-13 0)
(1.00059 -1.68463e-13 0)
(1.00059 -2.29491e-13 0)
(1.00059 -3.34224e-13 0)
(1.00059 -4.21291e-13 0)
(1.00059 -5.4581e-13 0)
(1.00059 -6.51615e-13 0)
(1.00059 -6.984e-13 0)
(1.00059 -7.52337e-13 0)
(1.00059 -7.62048e-13 0)
(1.00059 -7.38466e-13 0)
(1.00059 -6.60767e-13 0)
(1.00059 -5.95601e-13 0)
(1.00059 -5.22275e-13 0)
(1.00059 -4.20353e-13 0)
(1.00059 -3.23193e-13 0)
(1.00059 -2.4607e-13 0)
(1.00059 -2.18333e-13 0)
(1.00059 -1.21417e-13 0)
(1.00059 -1.10616e-13 0)
(1.00059 -1.05034e-13 0)
(1.00059 -4.43204e-14 0)
(1.00059 -1.18155e-13 0)
(1.00059 -6.2943e-14 0)
(1.00059 -8.46184e-14 0)
(1.00059 -8.08962e-14 0)
(1.00059 -9.20625e-14 0)
(1.00059 -8.93197e-14 0)
(1.00059 -8.06329e-14 0)
(1.00059 -5.72647e-14 0)
(1.00059 -3.41164e-14 0)
(1.00059 -1.00608e-15 0)
(1.00059 -1.694e-14 0)
(1.00059 -1.81912e-14 0)
(1.00059 -2.50343e-14 0)
(1.00059 -7.43135e-14 0)
(1 1.22131e-05 0)
(1 3.58178e-05 0)
(1.00001 5.85852e-05 0)
(1.00002 8.14496e-05 0)
(1.00004 0.000103127 0)
(1.00005 0.000121367 0)
(1.00007 0.000136598 0)
(1.00009 0.000151481 0)
(1.00012 0.000166558 0)
(1.00014 0.000179216 0)
(1.00017 0.000187499 0)
(1.00019 0.000192664 0)
(1.00022 0.000197703 0)
(1.00025 0.000204856 0)
(1.00027 0.000214405 0)
(1.0003 0.000224621 0)
(1.00033 0.000232583 0)
(1.00036 0.000235633 0)
(1.00039 0.00023254 0)
(1.00042 0.00022364 0)
(1.00044 0.000210233 0)
(1.00047 0.000193915 0)
(1.00049 0.000176157 0)
(1.0005 0.000158125 0)
(1.00052 0.00014063 0)
(1.00053 0.000124173 0)
(1.00054 0.000109022 0)
(1.00055 9.52871e-05 0)
(1.00056 8.29785e-05 0)
(1.00056 7.20438e-05 0)
(1.00057 6.23957e-05 0)
(1.00057 5.39292e-05 0)
(1.00057 4.65324e-05 0)
(1.00058 4.00934e-05 0)
(1.00058 3.45048e-05 0)
(1.00058 2.96661e-05 0)
(1.00058 2.54852e-05 0)
(1.00058 2.18786e-05 0)
(1.00058 1.87717e-05 0)
(1.00058 1.60984e-05 0)
(1.00059 1.38003e-05 0)
(1.00059 1.18263e-05 0)
(1.00059 1.01318e-05 0)
(1.00059 8.67812e-06 0)
(1.00059 7.43149e-06 0)
(1.00059 6.36288e-06 0)
(1.00059 5.44715e-06 0)
(1.00059 4.66265e-06 0)
(1.00059 3.99072e-06 0)
(1.00059 3.41533e-06 0)
(1.00059 2.92268e-06 0)
(1.00059 2.50094e-06 0)
(1.00059 2.13993e-06 0)
(1.00059 1.83096e-06 0)
(1.00059 1.56653e-06 0)
(1.00059 1.34025e-06 0)
(1.00059 1.14662e-06 0)
(1.00059 9.80938e-07 0)
(1.00059 8.3918e-07 0)
(1.00059 7.17895e-07 0)
(1.00059 6.14129e-07 0)
(1.00059 5.25355e-07 0)
(1.00059 4.49408e-07 0)
(1.00059 3.84436e-07 0)
(1.00059 3.28855e-07 0)
(1.00059 2.81307e-07 0)
(1.00059 2.40633e-07 0)
(1.00059 2.05838e-07 0)
(1.00059 1.76075e-07 0)
(1.00059 1.50614e-07 0)
(1.00059 1.28835e-07 0)
(1.00059 1.10205e-07 0)
(1.00059 9.42681e-08 0)
(1.00059 8.06361e-08 0)
(1.00059 6.89754e-08 0)
(1.00059 5.90011e-08 0)
(1.00059 5.04692e-08 0)
(1.00059 4.3171e-08 0)
(1.00059 3.69281e-08 0)
(1.00059 3.15878e-08 0)
(1.00059 2.70199e-08 0)
(1.00059 2.31126e-08 0)
(1.00059 1.97704e-08 0)
(1.00059 1.69115e-08 0)
(1.00059 1.44659e-08 0)
(1.00059 1.23737e-08 0)
(1.00059 1.05839e-08 0)
(1.00059 9.05286e-09 0)
(1.00059 7.74325e-09 0)
(1.00059 6.62314e-09 0)
(1.00059 5.66519e-09 0)
(1.00059 4.84591e-09 0)
(1.00059 4.14515e-09 0)
(1.00059 3.54574e-09 0)
(1.00059 3.03292e-09 0)
(1.00059 2.59419e-09 0)
(1.00059 2.21887e-09 0)
(1.00059 1.89784e-09 0)
(1.00059 1.6233e-09 0)
(1.00059 1.38849e-09 0)
(1.00059 1.18763e-09 0)
(1.00059 1.01579e-09 0)
(1.00059 8.68714e-10 0)
(1.00059 7.42875e-10 0)
(1.00059 6.35224e-10 0)
(1.00059 5.43225e-10 0)
(1.00059 4.64677e-10 0)
(1.00059 3.97582e-10 0)
(1.00059 3.40239e-10 0)
(1.00059 2.91093e-10 0)
(1.00059 2.4888e-10 0)
(1.00059 2.12511e-10 0)
(1.00059 1.81164e-10 0)
(1.00059 1.54195e-10 0)
(1.00059 1.311e-10 0)
(1.00059 1.11449e-10 0)
(1.00059 9.48381e-11 0)
(1.00059 8.08521e-11 0)
(1.00059 6.90691e-11 0)
(1.00059 5.91165e-11 0)
(1.00059 5.06176e-11 0)
(1.00059 4.33183e-11 0)
(1.00059 3.69932e-11 0)
(1.00059 3.15322e-11 0)
(1.00059 2.68635e-11 0)
(1.00059 2.29107e-11 0)
(1.00059 1.96501e-11 0)
(1.00059 1.69867e-11 0)
(1.00059 1.48662e-11 0)
(1.00059 1.31732e-11 0)
(1.00059 1.17971e-11 0)
(1.00059 1.06672e-11 0)
(1.00059 9.67089e-12 0)
(1.00059 8.76706e-12 0)
(1.00059 7.9182e-12 0)
(1.00059 7.10018e-12 0)
(1.00059 6.35611e-12 0)
(1.00059 5.67594e-12 0)
(1.00059 5.0912e-12 0)
(1.00059 4.62551e-12 0)
(1.00059 4.25946e-12 0)
(1.00059 4.00726e-12 0)
(1.00059 3.83514e-12 0)
(1.00059 3.74069e-12 0)
(1.00059 3.67345e-12 0)
(1.00059 3.58728e-12 0)
(1.00059 3.48016e-12 0)
(1.00059 3.26627e-12 0)
(1.00059 3.00768e-12 0)
(1.00059 2.64781e-12 0)
(1.00059 2.21631e-12 0)
(1.00059 1.75209e-12 0)
(1.00059 1.25328e-12 0)
(1.00059 7.93731e-13 0)
(1.00059 3.79599e-13 0)
(1.00059 4.93853e-14 0)
(1.00059 -1.93621e-13 0)
(1.00059 -3.45826e-13 0)
(1.00059 -4.06683e-13 0)
(1.00059 -3.99275e-13 0)
(1.00059 -3.31162e-13 0)
(1.00059 -2.54529e-13 0)
(1.00059 -1.91253e-13 0)
(1.00059 -1.32189e-13 0)
(1.00059 -1.30906e-13 0)
(1.00059 -1.51542e-13 0)
(1.00059 -2.11941e-13 0)
(1.00059 -3.38691e-13 0)
(1.00059 -4.14862e-13 0)
(1.00059 -5.27903e-13 0)
(1.00059 -6.35019e-13 0)
(1.00059 -6.73459e-13 0)
(1.00059 -7.3686e-13 0)
(1.00059 -7.16038e-13 0)
(1.00059 -7.13357e-13 0)
(1.00059 -6.26117e-13 0)
(1.00059 -5.52532e-13 0)
(1.00059 -4.88719e-13 0)
(1.00059 -3.80384e-13 0)
(1.00059 -2.95545e-13 0)
(1.00059 -2.14054e-13 0)
(1.00059 -1.83776e-13 0)
(1.00059 -1.12111e-13 0)
(1.00059 -7.79867e-14 0)
(1.00059 -6.90614e-14 0)
(1.00059 -5.78029e-14 0)
(1.00059 -7.27375e-14 0)
(1.00059 -2.24951e-14 0)
(1.00059 -1.02815e-13 0)
(1.00059 -6.30283e-14 0)
(1.00059 -4.91385e-14 0)
(1.00059 -6.70427e-14 0)
(1.00059 -5.59422e-14 0)
(1.00059 -1.48848e-14 0)
(1.00059 -3.0565e-14 0)
(1.00059 -1.86896e-14 0)
(1.00059 -1.16837e-14 0)
(1.00059 -7.52424e-15 0)
(1.00059 -2.84549e-14 0)
(1.00059 -8.71696e-14 0)
(1 1.03343e-05 0)
(1 3.03139e-05 0)
(1.00001 4.964e-05 0)
(1.00002 6.91397e-05 0)
(1.00003 8.76966e-05 0)
(1.00005 0.000103491 0)
(1.00007 0.000116946 0)
(1.00009 0.000130167 0)
(1.00011 0.000143589 0)
(1.00013 0.000155068 0)
(1.00016 0.000162771 0)
(1.00018 0.000167587 0)
(1.00021 0.000172204 0)
(1.00023 0.000178714 0)
(1.00026 0.000187309 0)
(1.00028 0.000196392 0)
(1.00031 0.000203485 0)
(1.00034 0.000206405 0)
(1.00037 0.000204123 0)
(1.0004 0.000196879 0)
(1.00042 0.000185736 0)
(1.00045 0.000172026 0)
(1.00047 0.000156988 0)
(1.00049 0.000141602 0)
(1.0005 0.00012656 0)
(1.00052 0.000112301 0)
(1.00053 9.90726e-05 0)
(1.00054 8.69886e-05 0)
(1.00055 7.60784e-05 0)
(1.00055 6.6317e-05 0)
(1.00056 5.76467e-05 0)
(1.00056 4.9991e-05 0)
(1.00057 4.32643e-05 0)
(1.00057 3.73784e-05 0)
(1.00057 3.22458e-05 0)
(1.00058 2.77833e-05 0)
(1.00058 2.39129e-05 0)
(1.00058 2.05631e-05 0)
(1.00058 1.76689e-05 0)
(1.00058 1.5172e-05 0)
(1.00058 1.30208e-05 0)
(1.00058 1.11692e-05 0)
(1.00058 9.57705e-06 0)
(1.00059 8.209e-06 0)
(1.00059 7.03429e-06 0)
(1.00059 6.02615e-06 0)
(1.00059 5.16138e-06 0)
(1.00059 4.41988e-06 0)
(1.00059 3.78431e-06 0)
(1.00059 3.2397e-06 0)
(1.00059 2.77313e-06 0)
(1.00059 2.37353e-06 0)
(1.00059 2.03133e-06 0)
(1.00059 1.73833e-06 0)
(1.00059 1.48751e-06 0)
(1.00059 1.27281e-06 0)
(1.00059 1.08904e-06 0)
(1.00059 9.31771e-07 0)
(1.00059 7.97185e-07 0)
(1.00059 6.82018e-07 0)
(1.00059 5.83474e-07 0)
(1.00059 4.99158e-07 0)
(1.00059 4.27018e-07 0)
(1.00059 3.65298e-07 0)
(1.00059 3.12494e-07 0)
(1.00059 2.6732e-07 0)
(1.00059 2.28674e-07 0)
(1.00059 1.95613e-07 0)
(1.00059 1.67331e-07 0)
(1.00059 1.43137e-07 0)
(1.00059 1.22441e-07 0)
(1.00059 1.04736e-07 0)
(1.00059 8.95916e-08 0)
(1.00059 7.66366e-08 0)
(1.00059 6.55549e-08 0)
(1.00059 5.60757e-08 0)
(1.00059 4.7967e-08 0)
(1.00059 4.10308e-08 0)
(1.00059 3.50974e-08 0)
(1.00059 3.0022e-08 0)
(1.00059 2.56805e-08 0)
(1.00059 2.19669e-08 0)
(1.00059 1.87903e-08 0)
(1.00059 1.60731e-08 0)
(1.00059 1.37488e-08 0)
(1.00059 1.17603e-08 0)
(1.00059 1.00593e-08 0)
(1.00059 8.60426e-09 0)
(1.00059 7.35967e-09 0)
(1.00059 6.29516e-09 0)
(1.00059 5.3847e-09 0)
(1.00059 4.60601e-09 0)
(1.00059 3.93995e-09 0)
(1.00059 3.37019e-09 0)
(1.00059 2.88278e-09 0)
(1.00059 2.46581e-09 0)
(1.00059 2.10912e-09 0)
(1.00059 1.804e-09 0)
(1.00059 1.54301e-09 0)
(1.00059 1.31974e-09 0)
(1.00059 1.1287e-09 0)
(1.00059 9.65242e-10 0)
(1.00059 8.25364e-10 0)
(1.00059 7.05722e-10 0)
(1.00059 6.03499e-10 0)
(1.00059 5.16191e-10 0)
(1.00059 4.41678e-10 0)
(1.00059 3.78042e-10 0)
(1.00059 3.23582e-10 0)
(1.00059 2.76849e-10 0)
(1.00059 2.36609e-10 0)
(1.00059 2.01905e-10 0)
(1.00059 1.71982e-10 0)
(1.00059 1.46271e-10 0)
(1.00059 1.24306e-10 0)
(1.00059 1.05685e-10 0)
(1.00059 8.99873e-11 0)
(1.00059 7.6804e-11 0)
(1.00059 6.57047e-11 0)
(1.00059 5.63082e-11 0)
(1.00059 4.82759e-11 0)
(1.00059 4.13441e-11 0)
(1.00059 3.53506e-11 0)
(1.00059 3.01684e-11 0)
(1.00059 2.57465e-11 0)
(1.00059 2.19968e-11 0)
(1.00059 1.89035e-11 0)
(1.00059 1.63546e-11 0)
(1.00059 1.42902e-11 0)
(1.00059 1.26269e-11 0)
(1.00059 1.1256e-11 0)
(1.00059 1.0097e-11 0)
(1.00059 9.08314e-12 0)
(1.00059 8.17873e-12 0)
(1.00059 7.35008e-12 0)
(1.00059 6.58361e-12 0)
(1.00059 5.89986e-12 0)
(1.00059 5.29508e-12 0)
(1.00059 4.78532e-12 0)
(1.00059 4.37926e-12 0)
(1.00059 4.06454e-12 0)
(1.00059 3.84731e-12 0)
(1.00059 3.69544e-12 0)
(1.00059 3.60133e-12 0)
(1.00059 3.51771e-12 0)
(1.00059 3.42085e-12 0)
(1.00059 3.28567e-12 0)
(1.00059 3.0745e-12 0)
(1.00059 2.7929e-12 0)
(1.00059 2.44491e-12 0)
(1.00059 2.0174e-12 0)
(1.00059 1.56639e-12 0)
(1.00059 1.10027e-12 0)
(1.00059 6.70756e-13 0)
(1.00059 3.06796e-13 0)
(1.00059 -8.38139e-15 0)
(1.00059 -2.23373e-13 0)
(1.00059 -3.52947e-13 0)
(1.00059 -3.9324e-13 0)
(1.00059 -3.62467e-13 0)
(1.00059 -3.04115e-13 0)
(1.00059 -2.34662e-13 0)
(1.00059 -1.66779e-13 0)
(1.00059 -1.17699e-13 0)
(1.00059 -1.11679e-13 0)
(1.00059 -1.44933e-13 0)
(1.00059 -1.97396e-13 0)
(1.00059 -3.0745e-13 0)
(1.00059 -3.89272e-13 0)
(1.00059 -4.70684e-13 0)
(1.00059 -6.00493e-13 0)
(1.00059 -6.3045e-13 0)
(1.00059 -6.79042e-13 0)
(1.00059 -6.60356e-13 0)
(1.00059 -6.44291e-13 0)
(1.00059 -5.89836e-13 0)
(1.00059 -4.99862e-13 0)
(1.00059 -4.22125e-13 0)
(1.00059 -3.38638e-13 0)
(1.00059 -2.66142e-13 0)
(1.00059 -1.64337e-13 0)
(1.00059 -1.50699e-13 0)
(1.00059 -7.07075e-14 0)
(1.00059 -6.04512e-14 0)
(1.00059 -5.10429e-14 0)
(1.00059 1.0222e-14 0)
(1.00059 -7.11994e-14 0)
(1.00059 -1.07179e-14 0)
(1.00059 -4.92417e-14 0)
(1.00059 -5.08106e-14 0)
(1.00059 -5.61476e-14 0)
(1.00059 -3.58601e-14 0)
(1.00059 -2.39075e-14 0)
(1.00059 -7.48701e-16 0)
(1.00059 6.96247e-15 0)
(1.00059 3.31847e-14 0)
(1.00059 -1.70978e-15 0)
(1.00059 -2.82645e-14 0)
(1.00059 -3.3781e-14 0)
(1.00059 -8.88433e-14 0)
(1 8.64933e-06 0)
(1 2.53762e-05 0)
(1.00001 4.15903e-05 0)
(1.00002 5.80073e-05 0)
(1.00003 7.36955e-05 0)
(1.00004 8.71543e-05 0)
(1.00006 9.87679e-05 0)
(1.00008 0.000110238 0)
(1.0001 0.000121912 0)
(1.00012 0.000132045 0)
(1.00015 0.000139026 0)
(1.00017 0.000143461 0)
(1.00019 0.000147618 0)
(1.00022 0.000153372 0)
(1.00024 0.000160911 0)
(1.00027 0.00016883 0)
(1.0003 0.000175033 0)
(1.00033 0.000177726 0)
(1.00036 0.000176058 0)
(1.00038 0.000170212 0)
(1.00041 0.000161049 0)
(1.00043 0.000149669 0)
(1.00045 0.000137099 0)
(1.00047 0.000124156 0)
(1.00049 0.000111424 0)
(1.0005 9.92761e-05 0)
(1.00052 8.7933e-05 0)
(1.00053 7.75052e-05 0)
(1.00054 6.80315e-05 0)
(1.00054 5.95045e-05 0)
(1.00055 5.18876e-05 0)
(1.00056 4.51264e-05 0)
(1.00056 3.91566e-05 0)
(1.00057 3.39095e-05 0)
(1.00057 2.93154e-05 0)
(1.00057 2.53063e-05 0)
(1.00057 2.18177e-05 0)
(1.00058 1.87893e-05 0)
(1.00058 1.6166e-05 0)
(1.00058 1.38977e-05 0)
(1.00058 1.19392e-05 0)
(1.00058 1.02506e-05 0)
(1.00058 8.7962e-06 0)
(1.00058 7.5448e-06 0)
(1.00058 6.46895e-06 0)
(1.00059 5.54469e-06 0)
(1.00059 4.75112e-06 0)
(1.00059 4.07014e-06 0)
(1.00059 3.48603e-06 0)
(1.00059 2.98521e-06 0)
(1.00059 2.55594e-06 0)
(1.00059 2.18811e-06 0)
(1.00059 1.87299e-06 0)
(1.00059 1.6031e-06 0)
(1.00059 1.37198e-06 0)
(1.00059 1.17409e-06 0)
(1.00059 1.00469e-06 0)
(1.00059 8.59675e-07 0)
(1.00059 7.3556e-07 0)
(1.00059 6.29338e-07 0)
(1.00059 5.38437e-07 0)
(1.00059 4.60652e-07 0)
(1.00059 3.94094e-07 0)
(1.00059 3.37145e-07 0)
(1.00059 2.8842e-07 0)
(1.00059 2.46733e-07 0)
(1.00059 2.11068e-07 0)
(1.00059 1.80557e-07 0)
(1.00059 1.54454e-07 0)
(1.00059 1.32124e-07 0)
(1.00059 1.13022e-07 0)
(1.00059 9.66804e-08 0)
(1.00059 8.27013e-08 0)
(1.00059 7.07433e-08 0)
(1.00059 6.05143e-08 0)
(1.00059 5.17643e-08 0)
(1.00059 4.42793e-08 0)
(1.00059 3.78764e-08 0)
(1.00059 3.23991e-08 0)
(1.00059 2.77139e-08 0)
(1.00059 2.37062e-08 0)
(1.00059 2.02781e-08 0)
(1.00059 1.73458e-08 0)
(1.00059 1.48374e-08 0)
(1.00059 1.26918e-08 0)
(1.00059 1.08562e-08 0)
(1.00059 9.28608e-09 0)
(1.00059 7.94298e-09 0)
(1.00059 6.79415e-09 0)
(1.00059 5.81154e-09 0)
(1.00059 4.9711e-09 0)
(1.00059 4.25222e-09 0)
(1.00059 3.63733e-09 0)
(1.00059 3.11133e-09 0)
(1.00059 2.66136e-09 0)
(1.00059 2.27645e-09 0)
(1.00059 1.94717e-09 0)
(1.00059 1.6655e-09 0)
(1.00059 1.42452e-09 0)
(1.00059 1.21833e-09 0)
(1.00059 1.04186e-09 0)
(1.00059 8.90837e-10 0)
(1.00059 7.61664e-10 0)
(1.00059 6.51235e-10 0)
(1.00059 5.56943e-10 0)
(1.00059 4.76485e-10 0)
(1.00059 4.07812e-10 0)
(1.00059 3.49161e-10 0)
(1.00059 2.98885e-10 0)
(1.00059 2.55682e-10 0)
(1.00059 2.18432e-10 0)
(1.00059 1.86272e-10 0)
(1.00059 1.58562e-10 0)
(1.00059 1.3479e-10 0)
(1.00059 1.14536e-10 0)
(1.00059 9.74109e-11 0)
(1.00059 8.30103e-11 0)
(1.00059 7.09173e-11 0)
(1.00059 6.07417e-11 0)
(1.00059 5.21059e-11 0)
(1.00059 4.4717e-11 0)
(1.00059 3.8332e-11 0)
(1.00059 3.28053e-11 0)
(1.00059 2.80324e-11 0)
(1.00059 2.39515e-11 0)
(1.00059 2.05109e-11 0)
(1.00059 1.76437e-11 0)
(1.00059 1.52828e-11 0)
(1.00059 1.33344e-11 0)
(1.00059 1.17423e-11 0)
(1.00059 1.04166e-11 0)
(1.00059 9.27217e-12 0)
(1.00059 8.29123e-12 0)
(1.00059 7.41222e-12 0)
(1.00059 6.62286e-12 0)
(1.00059 5.9317e-12 0)
(1.00059 5.32524e-12 0)
(1.00059 4.80982e-12 0)
(1.00059 4.37696e-12 0)
(1.00059 4.02702e-12 0)
(1.00059 3.76939e-12 0)
(1.00059 3.57306e-12 0)
(1.00059 3.4402e-12 0)
(1.00059 3.34349e-12 0)
(1.00059 3.24054e-12 0)
(1.00059 3.15007e-12 0)
(1.00059 2.99328e-12 0)
(1.00059 2.78694e-12 0)
(1.00059 2.5141e-12 0)
(1.00059 2.17236e-12 0)
(1.00059 1.78303e-12 0)
(1.00059 1.35946e-12 0)
(1.00059 9.40666e-13 0)
(1.00059 5.50947e-13 0)
(1.00059 2.19451e-13 0)
(1.00059 -5.90963e-14 0)
(1.00059 -2.3887e-13 0)
(1.00059 -3.41346e-13 0)
(1.00059 -3.68447e-13 0)
(1.00059 -3.3047e-13 0)
(1.00059 -2.73336e-13 0)
(1.00059 -2.00175e-13 0)
(1.00059 -1.38782e-13 0)
(1.00059 -9.08235e-14 0)
(1.00059 -9.44566e-14 0)
(1.00059 -1.31868e-13 0)
(1.00059 -1.77796e-13 0)
(1.00059 -2.66402e-13 0)
(1.00059 -3.57433e-13 0)
(1.00059 -4.34616e-13 0)
(1.00059 -5.28421e-13 0)
(1.00059 -5.8897e-13 0)
(1.00059 -5.95247e-13 0)
(1.00059 -6.07862e-13 0)
(1.00059 -5.63206e-13 0)
(1.00059 -5.29568e-13 0)
(1.00059 -4.51014e-13 0)
(1.00059 -3.57137e-13 0)
(1.00059 -3.06418e-13 0)
(1.00059 -2.08868e-13 0)
(1.00059 -1.40441e-13 0)
(1.00059 -8.29877e-14 0)
(1.00059 -4.69465e-14 0)
(1.00059 -2.55087e-14 0)
(1.00059 -1.50138e-15 0)
(1.00059 2.60151e-15 0)
(1.00059 -1.42503e-14 0)
(1.00059 4.99633e-15 0)
(1.00059 -4.52504e-14 0)
(1.00059 1.40785e-14 0)
(1.00059 -9.53264e-15 0)
(1.00059 -1.18212e-14 0)
(1.00059 2.57431e-16 0)
(1.00059 1.83989e-14 0)
(1.00059 3.94249e-14 0)
(1.00059 4.29762e-14 0)
(1.00059 -1.09218e-14 0)
(1.00059 -2.17178e-14 0)
(1.00059 -5.11795e-14 0)
(1.00059 -1.13153e-13 0)
(1 7.11099e-06 0)
(1 2.08691e-05 0)
(1.00001 3.42245e-05 0)
(1.00002 4.77844e-05 0)
(1.00003 6.07859e-05 0)
(1.00004 7.20004e-05 0)
(1.00006 8.1766e-05 0)
(1.00007 9.14695e-05 0)
(1.00009 0.000101376 0)
(1.00011 0.000110057 0)
(1.00014 0.000116159 0)
(1.00016 0.000120102 0)
(1.00018 0.000123737 0)
(1.00021 0.000128675 0)
(1.00023 0.000135106 0)
(1.00026 0.000141848 0)
(1.00029 0.000147149 0)
(1.00031 0.000149544 0)
(1.00034 0.000148346 0)
(1.00037 0.000143694 0)
(1.00039 0.00013628 0)
(1.00042 0.000126997 0)
(1.00044 0.000116684 0)
(1.00046 0.000106012 0)
(1.00048 9.54584e-05 0)
(1.00049 8.53372e-05 0)
(1.00051 7.58365e-05 0)
(1.00052 6.70565e-05 0)
(1.00053 5.90386e-05 0)
(1.00054 5.17861e-05 0)
(1.00054 4.52769e-05 0)
(1.00055 3.94733e-05 0)
(1.00056 3.43278e-05 0)
(1.00056 2.9788e-05 0)
(1.00056 2.57993e-05 0)
(1.00057 2.23076e-05 0)
(1.00057 1.92605e-05 0)
(1.00057 1.66087e-05 0)
(1.00058 1.43063e-05 0)
(1.00058 1.23114e-05 0)
(1.00058 1.0586e-05 0)
(1.00058 9.0959e-06 0)
(1.00058 7.81073e-06 0)
(1.00058 6.70358e-06 0)
(1.00058 5.75071e-06 0)
(1.00058 4.93132e-06 0)
(1.00059 4.22723e-06 0)
(1.00059 3.6226e-06 0)
(1.00059 3.10365e-06 0)
(1.00059 2.65846e-06 0)
(1.00059 2.27669e-06 0)
(1.00059 1.94942e-06 0)
(1.00059 1.66897e-06 0)
(1.00059 1.42868e-06 0)
(1.00059 1.22286e-06 0)
(1.00059 1.0466e-06 0)
(1.00059 8.95674e-07 0)
(1.00059 7.6646e-07 0)
(1.00059 6.55849e-07 0)
(1.00059 5.61172e-07 0)
(1.00059 4.80142e-07 0)
(1.00059 4.10798e-07 0)
(1.00059 3.51457e-07 0)
(1.00059 3.00679e-07 0)
(1.00059 2.57232e-07 0)
(1.00059 2.20058e-07 0)
(1.00059 1.88253e-07 0)
(1.00059 1.61043e-07 0)
(1.00059 1.37764e-07 0)
(1.00059 1.17849e-07 0)
(1.00059 1.00811e-07 0)
(1.00059 8.6236e-08 0)
(1.00059 7.37678e-08 0)
(1.00059 6.31021e-08 0)
(1.00059 5.39784e-08 0)
(1.00059 4.61736e-08 0)
(1.00059 3.94971e-08 0)
(1.00059 3.37857e-08 0)
(1.00059 2.89e-08 0)
(1.00059 2.47207e-08 0)
(1.00059 2.11459e-08 0)
(1.00059 1.8088e-08 0)
(1.00059 1.54724e-08 0)
(1.00059 1.3235e-08 0)
(1.00059 1.13211e-08 0)
(1.00059 9.68387e-09 0)
(1.00059 8.28335e-09 0)
(1.00059 7.08536e-09 0)
(1.00059 6.06066e-09 0)
(1.00059 5.18419e-09 0)
(1.00059 4.43453e-09 0)
(1.00059 3.79327e-09 0)
(1.00059 3.24474e-09 0)
(1.00059 2.77553e-09 0)
(1.00059 2.37414e-09 0)
(1.00059 2.03078e-09 0)
(1.00059 1.73705e-09 0)
(1.00059 1.48576e-09 0)
(1.00059 1.27075e-09 0)
(1.00059 1.08675e-09 0)
(1.00059 9.29265e-10 0)
(1.00059 7.94491e-10 0)
(1.00059 6.79226e-10 0)
(1.00059 5.80767e-10 0)
(1.00059 4.96732e-10 0)
(1.00059 4.25062e-10 0)
(1.00059 3.63893e-10 0)
(1.00059 3.11607e-10 0)
(1.00059 2.66753e-10 0)
(1.00059 2.28134e-10 0)
(1.00059 1.94798e-10 0)
(1.00059 1.66022e-10 0)
(1.00059 1.41247e-10 0)
(1.00059 1.2005e-10 0)
(1.00059 1.02037e-10 0)
(1.00059 8.6838e-11 0)
(1.00059 7.40794e-11 0)
(1.00059 6.3365e-11 0)
(1.00059 5.43149e-11 0)
(1.00059 4.66089e-11 0)
(1.00059 4.00079e-11 0)
(1.00059 3.43073e-11 0)
(1.00059 2.93783e-11 0)
(1.00059 2.51488e-11 0)
(1.00059 2.15276e-11 0)
(1.00059 1.84905e-11 0)
(1.00059 1.59305e-11 0)
(1.00059 1.37965e-11 0)
(1.00059 1.20343e-11 0)
(1.00059 1.05409e-11 0)
(1.00059 9.29839e-12 0)
(1.00059 8.2229e-12 0)
(1.00059 7.29283e-12 0)
(1.00059 6.48058e-12 0)
(1.00059 5.76382e-12 0)
(1.00059 5.15708e-12 0)
(1.00059 4.64408e-12 0)
(1.00059 4.20713e-12 0)
(1.00059 3.85332e-12 0)
(1.00059 3.5616e-12 0)
(1.00059 3.3411e-12 0)
(1.00059 3.17467e-12 0)
(1.00059 3.05043e-12 0)
(1.00059 2.95664e-12 0)
(1.00059 2.85646e-12 0)
(1.00059 2.7595e-12 0)
(1.00059 2.61719e-12 0)
(1.00059 2.41456e-12 0)
(1.00059 2.15975e-12 0)
(1.00059 1.83945e-12 0)
(1.00059 1.48893e-12 0)
(1.00059 1.11543e-12 0)
(1.00059 7.47784e-13 0)
(1.00059 4.11067e-13 0)
(1.00059 1.12406e-13 0)
(1.00059 -1.14225e-13 0)
(1.00059 -2.62399e-13 0)
(1.00059 -3.35606e-13 0)
(1.00059 -3.45348e-13 0)
(1.00059 -3.0592e-13 0)
(1.00059 -2.43741e-13 0)
(1.00059 -1.73542e-13 0)
(1.00059 -1.15502e-13 0)
(1.00059 -6.62629e-14 0)
(1.00059 -7.26767e-14 0)
(1.00059 -9.41228e-14 0)
(1.00059 -1.26987e-13 0)
(1.00059 -2.07788e-13 0)
(1.00059 -2.94479e-13 0)
(1.00059 -3.68307e-13 0)
(1.00059 -4.09533e-13 0)
(1.00059 -4.96346e-13 0)
(1.00059 -4.9005e-13 0)
(1.00059 -4.94411e-13 0)
(1.00059 -4.63383e-13 0)
(1.00059 -4.16748e-13 0)
(1.00059 -3.72578e-13 0)
(1.00059 -2.76782e-13 0)
(1.00059 -2.3106e-13 0)
(1.00059 -1.55635e-13 0)
(1.00059 -9.76451e-14 0)
(1.00059 -2.67342e-14 0)
(1.00059 -7.9367e-15 0)
(1.00059 8.60619e-15 0)
(1.00059 5.02969e-14 0)
(1.00059 4.05259e-14 0)
(1.00059 4.49158e-15 0)
(1.00059 5.76362e-14 0)
(1.00059 -3.24173e-15 0)
(1.00059 1.52564e-14 0)
(1.00059 3.10531e-14 0)
(1.00059 3.71048e-14 0)
(1.00059 2.70941e-14 0)
(1.00059 6.51615e-14 0)
(1.00059 1.72706e-15 0)
(1.00059 3.60284e-14 0)
(1.00059 3.49755e-14 0)
(1.00059 -3.50012e-14 0)
(1.00059 -6.54192e-14 0)
(1.00059 -1.15246e-13 0)
(1 5.68431e-06 0)
(1 1.66878e-05 0)
(1.00001 2.73789e-05 0)
(1.00002 3.82572e-05 0)
(1.00003 4.87142e-05 0)
(1.00004 5.77732e-05 0)
(1.00005 6.57146e-05 0)
(1.00007 7.3646e-05 0)
(1.00009 8.17616e-05 0)
(1.00011 8.8918e-05 0)
(1.00013 9.40241e-05 0)
(1.00015 9.73779e-05 0)
(1.00018 0.000100443 0)
(1.0002 0.000104534 0)
(1.00022 0.000109827 0)
(1.00025 0.000115369 0)
(1.00028 0.000119746 0)
(1.0003 0.000121783 0)
(1.00033 0.000120939 0)
(1.00036 0.000117323 0)
(1.00038 0.000111478 0)
(1.00041 0.000104111 0)
(1.00043 9.58883e-05 0)
(1.00045 8.73431e-05 0)
(1.00047 7.88586e-05 0)
(1.00048 7.06878e-05 0)
(1.0005 6.29853e-05 0)
(1.00051 5.5837e-05 0)
(1.00052 4.9282e-05 0)
(1.00053 4.33287e-05 0)
(1.00054 3.7965e-05 0)
(1.00055 3.31653e-05 0)
(1.00055 2.88954e-05 0)
(1.00056 2.51162e-05 0)
(1.00056 2.17863e-05 0)
(1.00057 1.88636e-05 0)
(1.00057 1.6307e-05 0)
(1.00057 1.40773e-05 0)
(1.00057 1.21377e-05 0)
(1.00058 1.04542e-05 0)
(1.00058 8.99594e-06 0)
(1.00058 7.73486e-06 0)
(1.00058 6.64592e-06 0)
(1.00058 5.70683e-06 0)
(1.00058 4.89786e-06 0)
(1.00058 4.20165e-06 0)
(1.00058 3.60298e-06 0)
(1.00059 3.08856e-06 0)
(1.00059 2.64681e-06 0)
(1.00059 2.26766e-06 0)
(1.00059 1.94239e-06 0)
(1.00059 1.66346e-06 0)
(1.00059 1.42436e-06 0)
(1.00059 1.21944e-06 0)
(1.00059 1.04388e-06 0)
(1.00059 8.93505e-07 0)
(1.00059 7.64719e-07 0)
(1.00059 6.54443e-07 0)
(1.00059 5.60032e-07 0)
(1.00059 4.79213e-07 0)
(1.00059 4.10037e-07 0)
(1.00059 3.50831e-07 0)
(1.00059 3.00162e-07 0)
(1.00059 2.56803e-07 0)
(1.00059 2.19702e-07 0)
(1.00059 1.87956e-07 0)
(1.00059 1.60794e-07 0)
(1.00059 1.37555e-07 0)
(1.00059 1.17673e-07 0)
(1.00059 1.00663e-07 0)
(1.00059 8.61109e-08 0)
(1.00059 7.36618e-08 0)
(1.00059 6.30121e-08 0)
(1.00059 5.39019e-08 0)
(1.00059 4.61087e-08 0)
(1.00059 3.94419e-08 0)
(1.00059 3.37388e-08 0)
(1.00059 2.88601e-08 0)
(1.00059 2.46867e-08 0)
(1.00059 2.11167e-08 0)
(1.00059 1.8063e-08 0)
(1.00059 1.5451e-08 0)
(1.00059 1.32167e-08 0)
(1.00059 1.13055e-08 0)
(1.00059 9.67063e-09 0)
(1.00059 8.27213e-09 0)
(1.00059 7.07586e-09 0)
(1.00059 6.05259e-09 0)
(1.00059 5.17732e-09 0)
(1.00059 4.42865e-09 0)
(1.00059 3.78827e-09 0)
(1.00059 3.24049e-09 0)
(1.00059 2.77189e-09 0)
(1.00059 2.37104e-09 0)
(1.00059 2.02814e-09 0)
(1.00059 1.73482e-09 0)
(1.00059 1.4839e-09 0)
(1.00059 1.26922e-09 0)
(1.00059 1.08553e-09 0)
(1.00059 9.28302e-10 0)
(1.00059 7.93724e-10 0)
(1.00059 6.78594e-10 0)
(1.00059 5.8014e-10 0)
(1.00059 4.96066e-10 0)
(1.00059 4.24353e-10 0)
(1.00059 3.63182e-10 0)
(1.00059 3.10978e-10 0)
(1.00059 2.66299e-10 0)
(1.00059 2.2794e-10 0)
(1.00059 1.9488e-10 0)
(1.00059 1.66321e-10 0)
(1.00059 1.41685e-10 0)
(1.00059 1.20514e-10 0)
(1.00059 1.02419e-10 0)
(1.00059 8.71041e-11 0)
(1.00059 7.42083e-11 0)
(1.00059 6.33787e-11 0)
(1.00059 5.42732e-11 0)
(1.00059 4.65609e-11 0)
(1.00059 3.99719e-11 0)
(1.00059 3.42955e-11 0)
(1.00059 2.94006e-11 0)
(1.00059 2.51855e-11 0)
(1.00059 2.15788e-11 0)
(1.00059 1.85214e-11 0)
(1.00059 1.5945e-11 0)
(1.00059 1.37743e-11 0)
(1.00059 1.19592e-11 0)
(1.00059 1.04206e-11 0)
(1.00059 9.10976e-12 0)
(1.00059 7.97708e-12 0)
(1.00059 6.99418e-12 0)
(1.00059 6.14339e-12 0)
(1.00059 5.41522e-12 0)
(1.00059 4.7942e-12 0)
(1.00059 4.29257e-12 0)
(1.00059 3.87147e-12 0)
(1.00059 3.52214e-12 0)
(1.00059 3.24451e-12 0)
(1.00059 3.0071e-12 0)
(1.00059 2.83439e-12 0)
(1.00059 2.685e-12 0)
(1.00059 2.57827e-12 0)
(1.00059 2.47067e-12 0)
(1.00059 2.3863e-12 0)
(1.00059 2.29082e-12 0)
(1.00059 2.15026e-12 0)
(1.00059 1.98109e-12 0)
(1.00059 1.75603e-12 0)
(1.00059 1.48745e-12 0)
(1.00059 1.1912e-12 0)
(1.00059 8.88934e-13 0)
(1.00059 5.7894e-13 0)
(1.00059 2.96122e-13 0)
(1.00059 5.31597e-14 0)
(1.00059 -1.26518e-13 0)
(1.00059 -2.33993e-13 0)
(1.00059 -2.88399e-13 0)
(1.00059 -2.92331e-13 0)
(1.00059 -2.60291e-13 0)
(1.00059 -2.02747e-13 0)
(1.00059 -1.42835e-13 0)
(1.00059 -9.75516e-14 0)
(1.00059 -7.51645e-14 0)
(1.00059 -6.11037e-14 0)
(1.00059 -7.06601e-14 0)
(1.00059 -1.15748e-13 0)
(1.00059 -1.66191e-13 0)
(1.00059 -2.41896e-13 0)
(1.00059 -3.05923e-13 0)
(1.00059 -3.35694e-13 0)
(1.00059 -3.95578e-13 0)
(1.00059 -4.06158e-13 0)
(1.00059 -3.99372e-13 0)
(1.00059 -3.69162e-13 0)
(1.00059 -3.35612e-13 0)
(1.00059 -2.85806e-13 0)
(1.00059 -2.074e-13 0)
(1.00059 -1.40215e-13 0)
(1.00059 -8.56926e-14 0)
(1.00059 -4.69292e-14 0)
(1.00059 3.2914e-14 0)
(1.00059 1.98728e-14 0)
(1.00059 7.64762e-14 0)
(1.00059 6.13573e-14 0)
(1.00059 7.91717e-14 0)
(1.00059 9.35629e-14 0)
(1.00059 6.68181e-14 0)
(1.00059 4.84333e-14 0)
(1.00059 6.37432e-14 0)
(1.00059 3.75883e-14 0)
(1.00059 7.90892e-14 0)
(1.00059 4.72355e-14 0)
(1.00059 4.98447e-14 0)
(1.00059 6.22137e-14 0)
(1.00059 2.92281e-14 0)
(1.00059 -8.4994e-15 0)
(1.00059 -2.18975e-14 0)
(1.00059 -7.6271e-14 0)
(1.00059 -1.36201e-13 0)
(1 4.34172e-06 0)
(1 1.27498e-05 0)
(1.00001 2.09246e-05 0)
(1.00001 2.92556e-05 0)
(1.00002 3.72802e-05 0)
(1.00004 4.4255e-05 0)
(1.00005 5.03981e-05 0)
(1.00007 5.65563e-05 0)
(1.00008 6.28697e-05 0)
(1.0001 6.84625e-05 0)
(1.00013 7.24978e-05 0)
(1.00015 7.51856e-05 0)
(1.00017 7.76295e-05 0)
(1.00019 8.08431e-05 0)
(1.00022 8.49767e-05 0)
(1.00024 8.93027e-05 0)
(1.00027 9.27314e-05 0)
(1.0003 9.43644e-05 0)
(1.00032 9.37899e-05 0)
(1.00035 9.10907e-05 0)
(1.00038 8.66777e-05 0)
(1.0004 8.10854e-05 0)
(1.00042 7.48202e-05 0)
(1.00044 6.82885e-05 0)
(1.00046 6.17826e-05 0)
(1.00048 5.54971e-05 0)
(1.00049 4.95525e-05 0)
(1.0005 4.40173e-05 0)
(1.00052 3.89251e-05 0)
(1.00053 3.42856e-05 0)
(1.00053 3.0093e-05 0)
(1.00054 2.63304e-05 0)
(1.00055 2.29742e-05 0)
(1.00055 1.99964e-05 0)
(1.00056 1.73664e-05 0)
(1.00056 1.50533e-05 0)
(1.00057 1.3026e-05 0)
(1.00057 1.12549e-05 0)
(1.00057 9.71185e-06 0)
(1.00057 8.37073e-06 0)
(1.00058 7.20756e-06 0)
(1.00058 6.20058e-06 0)
(1.00058 5.33021e-06 0)
(1.00058 4.57897e-06 0)
(1.00058 3.93134e-06 0)
(1.00058 3.37361e-06 0)
(1.00058 2.89375e-06 0)
(1.00058 2.4812e-06 0)
(1.00059 2.12677e-06 0)
(1.00059 1.82246e-06 0)
(1.00059 1.5613e-06 0)
(1.00059 1.33729e-06 0)
(1.00059 1.1452e-06 0)
(1.00059 9.80556e-07 0)
(1.00059 8.39465e-07 0)
(1.00059 7.1859e-07 0)
(1.00059 6.15057e-07 0)
(1.00059 5.26395e-07 0)
(1.00059 4.5048e-07 0)
(1.00059 3.85487e-07 0)
(1.00059 3.29853e-07 0)
(1.00059 2.82234e-07 0)
(1.00059 2.41479e-07 0)
(1.00059 2.06602e-07 0)
(1.00059 1.76757e-07 0)
(1.00059 1.5122e-07 0)
(1.00059 1.29369e-07 0)
(1.00059 1.10673e-07 0)
(1.00059 9.46773e-08 0)
(1.00059 8.09923e-08 0)
(1.00059 6.92844e-08 0)
(1.00059 5.92685e-08 0)
(1.00059 5.07001e-08 0)
(1.00059 4.33703e-08 0)
(1.00059 3.70998e-08 0)
(1.00059 3.17357e-08 0)
(1.00059 2.71468e-08 0)
(1.00059 2.32212e-08 0)
(1.00059 1.98632e-08 0)
(1.00059 1.69908e-08 0)
(1.00059 1.45339e-08 0)
(1.00059 1.24323e-08 0)
(1.00059 1.06345e-08 0)
(1.00059 9.09669e-09 0)
(1.00059 7.78121e-09 0)
(1.00059 6.65592e-09 0)
(1.00059 5.69338e-09 0)
(1.00059 4.87007e-09 0)
(1.00059 4.16588e-09 0)
(1.00059 3.56355e-09 0)
(1.00059 3.04832e-09 0)
(1.00059 2.60758e-09 0)
(1.00059 2.2305e-09 0)
(1.00059 1.90791e-09 0)
(1.00059 1.63195e-09 0)
(1.00059 1.39589e-09 0)
(1.00059 1.19398e-09 0)
(1.00059 1.02125e-09 0)
(1.00059 8.7344e-10 0)
(1.00059 7.46944e-10 0)
(1.00059 6.38664e-10 0)
(1.00059 5.46015e-10 0)
(1.00059 4.66824e-10 0)
(1.00059 3.99202e-10 0)
(1.00059 3.41529e-10 0)
(1.00059 2.92334e-10 0)
(1.00059 2.50335e-10 0)
(1.00059 2.14366e-10 0)
(1.00059 1.83451e-10 0)
(1.00059 1.56791e-10 0)
(1.00059 1.33762e-10 0)
(1.00059 1.13913e-10 0)
(1.00059 9.68966e-11 0)
(1.00059 8.23978e-11 0)
(1.00059 7.01422e-11 0)
(1.00059 5.98398e-11 0)
(1.00059 5.11699e-11 0)
(1.00059 4.38617e-11 0)
(1.00059 3.7633e-11 0)
(1.00059 3.22953e-11 0)
(1.00059 2.76945e-11 0)
(1.00059 2.37285e-11 0)
(1.00059 2.03403e-11 0)
(1.00059 1.74505e-11 0)
(1.00059 1.5023e-11 0)
(1.00059 1.29774e-11 0)
(1.00059 1.1243e-11 0)
(1.00059 9.77535e-12 0)
(1.00059 8.50422e-12 0)
(1.00059 7.4037e-12 0)
(1.00059 6.43187e-12 0)
(1.00059 5.57829e-12 0)
(1.00059 4.85867e-12 0)
(1.00059 4.25193e-12 0)
(1.00059 3.75158e-12 0)
(1.00059 3.35393e-12 0)
(1.00059 3.03037e-12 0)
(1.00059 2.76601e-12 0)
(1.00059 2.5356e-12 0)
(1.00059 2.34813e-12 0)
(1.00059 2.20182e-12 0)
(1.00059 2.06884e-12 0)
(1.00059 1.96549e-12 0)
(1.00059 1.86451e-12 0)
(1.00059 1.78755e-12 0)
(1.00059 1.70854e-12 0)
(1.00059 1.59352e-12 0)
(1.00059 1.44877e-12 0)
(1.00059 1.27092e-12 0)
(1.00059 1.0529e-12 0)
(1.00059 8.26084e-13 0)
(1.00059 5.8348e-13 0)
(1.00059 3.42188e-13 0)
(1.00059 1.27928e-13 0)
(1.00059 -5.59363e-14 0)
(1.00059 -1.831e-13 0)
(1.00059 -2.46077e-13 0)
(1.00059 -2.83482e-13 0)
(1.00059 -2.69772e-13 0)
(1.00059 -2.1346e-13 0)
(1.00059 -1.66267e-13 0)
(1.00059 -1.13672e-13 0)
(1.00059 -5.98298e-14 0)
(1.00059 -4.07505e-14 0)
(1.00059 2.38262e-15 0)
(1.00059 -8.42575e-15 0)
(1.00059 -4.91639e-14 0)
(1.00059 -5.41986e-14 0)
(1.00059 -1.23092e-13 0)
(1.00059 -1.62713e-13 0)
(1.00059 -2.01104e-13 0)
(1.00059 -2.28695e-13 0)
(1.00059 -2.43332e-13 0)
(1.00059 -2.74933e-13 0)
(1.00059 -2.28434e-13 0)
(1.00059 -2.19486e-13 0)
(1.00059 -1.91814e-13 0)
(1.00059 -1.22744e-13 0)
(1.00059 -8.70878e-14 0)
(1.00059 -9.42135e-16 0)
(1.00059 -2.06795e-15 0)
(1.00059 7.22024e-14 0)
(1.00059 1.09205e-13 0)
(1.00059 8.03231e-14 0)
(1.00059 1.2821e-13 0)
(1.00059 9.62479e-14 0)
(1.00059 9.14296e-14 0)
(1.00059 1.41642e-13 0)
(1.00059 7.01744e-14 0)
(1.00059 1.00813e-13 0)
(1.00059 7.88386e-14 0)
(1.00059 8.07821e-14 0)
(1.00059 9.02357e-14 0)
(1.00059 6.15508e-14 0)
(1.00059 -1.02572e-14 0)
(1.00059 8.32058e-15 0)
(1.00059 -4.27361e-14 0)
(1.00059 -7.59707e-14 0)
(1.00059 -1.05045e-13 0)
(1.00059 -1.54354e-13 0)
(1 3.06022e-06 0)
(1 8.98825e-06 0)
(1.00001 1.47549e-05 0)
(1.00001 2.06378e-05 0)
(1.00002 2.63129e-05 0)
(1.00004 3.12571e-05 0)
(1.00005 3.56257e-05 0)
(1.00006 4.00167e-05 0)
(1.00008 4.45256e-05 0)
(1.0001 4.85328e-05 0)
(1.00012 5.14466e-05 0)
(1.00014 5.34074e-05 0)
(1.00016 5.51859e-05 0)
(1.00019 5.74989e-05 0)
(1.00021 6.04598e-05 0)
(1.00024 6.35573e-05 0)
(1.00026 6.602e-05 0)
(1.00029 6.72124e-05 0)
(1.00032 6.68448e-05 0)
(1.00034 6.49756e-05 0)
(1.00037 6.18927e-05 0)
(1.00039 5.79702e-05 0)
(1.00042 5.35637e-05 0)
(1.00044 4.89588e-05 0)
(1.00045 4.43615e-05 0)
(1.00047 3.99095e-05 0)
(1.00049 3.56888e-05 0)
(1.0005 3.17493e-05 0)
(1.00051 2.81165e-05 0)
(1.00052 2.47989e-05 0)
(1.00053 2.17941e-05 0)
(1.00054 1.90918e-05 0)
(1.00055 1.66766e-05 0)
(1.00055 1.45296e-05 0)
(1.00056 1.26302e-05 0)
(1.00056 1.0957e-05 0)
(1.00056 9.4885e-06 0)
(1.00057 8.20388e-06 0)
(1.00057 7.08337e-06 0)
(1.00057 6.10847e-06 0)
(1.00058 5.26214e-06 0)
(1.00058 4.52885e-06 0)
(1.00058 3.89458e-06 0)
(1.00058 3.34676e-06 0)
(1.00058 2.87422e-06 0)
(1.00058 2.46707e-06 0)
(1.00058 2.11661e-06 0)
(1.00058 1.8152e-06 0)
(1.00058 1.55617e-06 0)
(1.00059 1.33369e-06 0)
(1.00059 1.14272e-06 0)
(1.00059 9.78867e-07 0)
(1.00059 8.38344e-07 0)
(1.00059 7.17872e-07 0)
(1.00059 6.14622e-07 0)
(1.00059 5.26154e-07 0)
(1.00059 4.50371e-07 0)
(1.00059 3.85466e-07 0)
(1.00059 3.29888e-07 0)
(1.00059 2.82303e-07 0)
(1.00059 2.41568e-07 0)
(1.00059 2.06699e-07 0)
(1.00059 1.76856e-07 0)
(1.00059 1.51315e-07 0)
(1.00059 1.29459e-07 0)
(1.00059 1.10757e-07 0)
(1.00059 9.47537e-08 0)
(1.00059 8.10612e-08 0)
(1.00059 6.93459e-08 0)
(1.00059 5.93227e-08 0)
(1.00059 5.07476e-08 0)
(1.00059 4.34116e-08 0)
(1.00059 3.71359e-08 0)
(1.00059 3.17672e-08 0)
(1.00059 2.71744e-08 0)
(1.00059 2.32453e-08 0)
(1.00059 1.98841e-08 0)
(1.00059 1.70087e-08 0)
(1.00059 1.45491e-08 0)
(1.00059 1.24452e-08 0)
(1.00059 1.06456e-08 0)
(1.00059 9.1063e-09 0)
(1.00059 7.78952e-09 0)
(1.00059 6.66308e-09 0)
(1.00059 5.69949e-09 0)
(1.00059 4.87522e-09 0)
(1.00059 4.17017e-09 0)
(1.00059 3.56715e-09 0)
(1.00059 3.05141e-09 0)
(1.00059 2.61028e-09 0)
(1.00059 2.23293e-09 0)
(1.00059 1.91009e-09 0)
(1.00059 1.63386e-09 0)
(1.00059 1.39751e-09 0)
(1.00059 1.19532e-09 0)
(1.00059 1.0224e-09 0)
(1.00059 8.74505e-10 0)
(1.00059 7.48011e-10 0)
(1.00059 6.398e-10 0)
(1.00059 5.47175e-10 0)
(1.00059 4.67903e-10 0)
(1.00059 4.00065e-10 0)
(1.00059 3.4207e-10 0)
(1.00059 2.92538e-10 0)
(1.00059 2.5028e-10 0)
(1.00059 2.14237e-10 0)
(1.00059 1.83427e-10 0)
(1.00059 1.57031e-10 0)
(1.00059 1.34332e-10 0)
(1.00059 1.14761e-10 0)
(1.00059 9.78849e-11 0)
(1.00059 8.33683e-11 0)
(1.00059 7.0955e-11 0)
(1.00059 6.04257e-11 0)
(1.00059 5.1525e-11 0)
(1.00059 4.40363e-11 0)
(1.00059 3.77175e-11 0)
(1.00059 3.23523e-11 0)
(1.00059 2.77507e-11 0)
(1.00059 2.37759e-11 0)
(1.00059 2.03685e-11 0)
(1.00059 1.74392e-11 0)
(1.00059 1.49564e-11 0)
(1.00059 1.28699e-11 0)
(1.00059 1.11268e-11 0)
(1.00059 9.67135e-12 0)
(1.00059 8.42856e-12 0)
(1.00059 7.35062e-12 0)
(1.00059 6.39119e-12 0)
(1.00059 5.52063e-12 0)
(1.00059 4.7497e-12 0)
(1.00059 4.05454e-12 0)
(1.00059 3.47519e-12 0)
(1.00059 2.99348e-12 0)
(1.00059 2.61716e-12 0)
(1.00059 2.32944e-12 0)
(1.00059 2.10016e-12 0)
(1.00059 1.92996e-12 0)
(1.00059 1.76577e-12 0)
(1.00059 1.6408e-12 0)
(1.00059 1.52265e-12 0)
(1.00059 1.42447e-12 0)
(1.00059 1.33646e-12 0)
(1.00059 1.26524e-12 0)
(1.00059 1.20199e-12 0)
(1.00059 1.13661e-12 0)
(1.00059 1.05649e-12 0)
(1.00059 9.4894e-13 0)
(1.00059 8.23125e-13 0)
(1.00059 6.79856e-13 0)
(1.00059 5.38234e-13 0)
(1.00059 3.54673e-13 0)
(1.00059 1.86747e-13 0)
(1.00059 3.68367e-14 0)
(1.00059 -8.94195e-14 0)
(1.00059 -1.71636e-13 0)
(1.00059 -2.23794e-13 0)
(1.00059 -2.3032e-13 0)
(1.00059 -2.28434e-13 0)
(1.00059 -1.96859e-13 0)
(1.00059 -1.59308e-13 0)
(1.00059 -1.31326e-13 0)
(1.00059 -8.60077e-14 0)
(1.00059 -8.05493e-14 0)
(1.00059 -4.16128e-14 0)
(1.00059 -3.36851e-14 0)
(1.00059 -5.97444e-14 0)
(1.00059 -4.49128e-14 0)
(1.00059 -9.57834e-14 0)
(1.00059 -1.00141e-13 0)
(1.00059 -1.35684e-13 0)
(1.00059 -1.51942e-13 0)
(1.00059 -1.46096e-13 0)
(1.00059 -1.55461e-13 0)
(1.00059 -1.41948e-13 0)
(1.00059 -7.3936e-14 0)
(1.00059 -6.42648e-14 0)
(1.00059 -1.21547e-14 0)
(1.00059 5.4195e-14 0)
(1.00059 6.74117e-14 0)
(1.00059 1.52105e-13 0)
(1.00059 1.32903e-13 0)
(1.00059 2.11158e-13 0)
(1.00059 2.12274e-13 0)
(1.00059 1.85237e-13 0)
(1.00059 2.09252e-13 0)
(1.00059 1.44527e-13 0)
(1.00059 1.9223e-13 0)
(1.00059 1.37827e-13 0)
(1.00059 1.28592e-13 0)
(1.00059 1.08514e-13 0)
(1.00059 8.52853e-14 0)
(1.00059 4.63445e-14 0)
(1.00059 6.88198e-14 0)
(1.00059 5.77898e-15 0)
(1.00059 -3.84562e-14 0)
(1.00059 -8.59936e-14 0)
(1.00059 -9.61124e-14 0)
(1.00059 -1.15659e-13 0)
(1.00059 -1.46269e-13 0)
(1 1.82017e-06 0)
(1 5.34664e-06 0)
(1.00001 8.77838e-06 0)
(1.00001 1.22815e-05 0)
(1.00002 1.56643e-05 0)
(1.00003 1.86157e-05 0)
(1.00005 2.1229e-05 0)
(1.00006 2.38599e-05 0)
(1.00008 2.65645e-05 0)
(1.0001 2.89732e-05 0)
(1.00012 3.07331e-05 0)
(1.00014 3.19255e-05 0)
(1.00016 3.30059e-05 0)
(1.00018 3.44011e-05 0)
(1.00021 3.61809e-05 0)
(1.00023 3.80423e-05 0)
(1.00026 3.95253e-05 0)
(1.00029 4.0251e-05 0)
(1.00031 4.00473e-05 0)
(1.00034 3.89488e-05 0)
(1.00037 3.71262e-05 0)
(1.00039 3.48011e-05 0)
(1.00041 3.21842e-05 0)
(1.00043 2.94453e-05 0)
(1.00045 2.67068e-05 0)
(1.00047 2.40507e-05 0)
(1.00048 2.15287e-05 0)
(1.0005 1.9171e-05 0)
(1.00051 1.69934e-05 0)
(1.00052 1.50017e-05 0)
(1.00053 1.31952e-05 0)
(1.00054 1.15682e-05 0)
(1.00054 1.01121e-05 0)
(1.00055 8.81613e-06 0)
(1.00055 7.66833e-06 0)
(1.00056 6.65614e-06 0)
(1.00056 5.76694e-06 0)
(1.00057 4.98841e-06 0)
(1.00057 4.30881e-06 0)
(1.00057 3.71711e-06 0)
(1.00058 3.20312e-06 0)
(1.00058 2.75753e-06 0)
(1.00058 2.37192e-06 0)
(1.00058 2.03873e-06 0)
(1.00058 1.75121e-06 0)
(1.00058 1.5034e-06 0)
(1.00058 1.29002e-06 0)
(1.00058 1.10646e-06 0)
(1.00058 9.48671e-07 0)
(1.00059 8.13124e-07 0)
(1.00059 6.9675e-07 0)
(1.00059 5.96889e-07 0)
(1.00059 5.11235e-07 0)
(1.00059 4.37793e-07 0)
(1.00059 3.74844e-07 0)
(1.00059 3.20903e-07 0)
(1.00059 2.74692e-07 0)
(1.00059 2.35113e-07 0)
(1.00059 2.01218e-07 0)
(1.00059 1.72198e-07 0)
(1.00059 1.47353e-07 0)
(1.00059 1.26086e-07 0)
(1.00059 1.07883e-07 0)
(1.00059 9.23044e-08 0)
(1.00059 7.89727e-08 0)
(1.00059 6.75645e-08 0)
(1.00059 5.78027e-08 0)
(1.00059 4.94501e-08 0)
(1.00059 4.23036e-08 0)
(1.00059 3.61892e-08 0)
(1.00059 3.09582e-08 0)
(1.00059 2.64831e-08 0)
(1.00059 2.26547e-08 0)
(1.00059 1.93796e-08 0)
(1.00059 1.65777e-08 0)
(1.00059 1.41806e-08 0)
(1.00059 1.21301e-08 0)
(1.00059 1.0376e-08 0)
(1.00059 8.87555e-09 0)
(1.00059 7.59219e-09 0)
(1.00059 6.49443e-09 0)
(1.00059 5.55538e-09 0)
(1.00059 4.75204e-09 0)
(1.00059 4.06477e-09 0)
(1.00059 3.47685e-09 0)
(1.00059 2.97396e-09 0)
(1.00059 2.54386e-09 0)
(1.00059 2.17605e-09 0)
(1.00059 1.86153e-09 0)
(1.00059 1.59251e-09 0)
(1.00059 1.36235e-09 0)
(1.00059 1.16538e-09 0)
(1.00059 9.96791e-10 0)
(1.00059 8.52511e-10 0)
(1.00059 7.2908e-10 0)
(1.00059 6.23546e-10 0)
(1.00059 5.33353e-10 0)
(1.00059 4.56264e-10 0)
(1.00059 3.90366e-10 0)
(1.00059 3.33963e-10 0)
(1.00059 2.85675e-10 0)
(1.00059 2.44318e-10 0)
(1.00059 2.08933e-10 0)
(1.00059 1.78709e-10 0)
(1.00059 1.52893e-10 0)
(1.00059 1.30867e-10 0)
(1.00059 1.12024e-10 0)
(1.00059 9.58641e-11 0)
(1.00059 8.19549e-11 0)
(1.00059 6.99625e-11 0)
(1.00059 5.96511e-11 0)
(1.00059 5.0835e-11 0)
(1.00059 4.33362e-11 0)
(1.00059 3.70158e-11 0)
(1.00059 3.17016e-11 0)
(1.00059 2.72035e-11 0)
(1.00059 2.33792e-11 0)
(1.00059 2.00694e-11 0)
(1.00059 1.71826e-11 0)
(1.00059 1.46691e-11 0)
(1.00059 1.25161e-11 0)
(1.00059 1.06882e-11 0)
(1.00059 9.17494e-12 0)
(1.00059 7.95581e-12 0)
(1.00059 6.96819e-12 0)
(1.00059 6.14891e-12 0)
(1.00059 5.43024e-12 0)
(1.00059 4.77172e-12 0)
(1.00059 4.13647e-12 0)
(1.00059 3.52159e-12 0)
(1.00059 2.95422e-12 0)
(1.00059 2.45485e-12 0)
(1.00059 2.0357e-12 0)
(1.00059 1.70412e-12 0)
(1.00059 1.47078e-12 0)
(1.00059 1.29436e-12 0)
(1.00059 1.14687e-12 0)
(1.00059 1.03206e-12 0)
(1.00059 9.0903e-13 0)
(1.00059 8.09706e-13 0)
(1.00059 6.96155e-13 0)
(1.00059 5.89565e-13 0)
(1.00059 5.11303e-13 0)
(1.00059 4.33454e-13 0)
(1.00059 3.82044e-13 0)
(1.00059 3.38472e-13 0)
(1.00059 2.97135e-13 0)
(1.00059 2.62832e-13 0)
(1.00059 2.18095e-13 0)
(1.00059 1.69129e-13 0)
(1.00059 1.11774e-13 0)
(1.00059 2.79023e-14 0)
(1.00059 -4.22817e-14 0)
(1.00059 -1.00334e-13 0)
(1.00059 -1.33919e-13 0)
(1.00059 -1.48617e-13 0)
(1.00059 -1.51461e-13 0)
(1.00059 -1.18543e-13 0)
(1.00059 -8.53041e-14 0)
(1.00059 -5.93813e-14 0)
(1.00059 -1.81287e-14 0)
(1.00059 2.6535e-14 0)
(1.00059 6.30582e-14 0)
(1.00059 7.59173e-14 0)
(1.00059 1.09015e-13 0)
(1.00059 1.30636e-13 0)
(1.00059 1.22906e-13 0)
(1.00059 1.41485e-13 0)
(1.00059 1.12053e-13 0)
(1.00059 9.86816e-14 0)
(1.00059 8.11517e-14 0)
(1.00059 2.73142e-14 0)
(1.00059 -1.97052e-15 0)
(1.00059 -3.19449e-14 0)
(1.00059 -5.76659e-14 0)
(1.00059 -1.44048e-14 0)
(1.00059 -1.75286e-15 0)
(1.00059 1.83349e-14 0)
(1.00059 8.82193e-14 0)
(1.00059 8.32924e-14 0)
(1.00059 1.48776e-13 0)
(1.00059 1.73167e-13 0)
(1.00059 1.78215e-13 0)
(1.00059 2.11246e-13 0)
(1.00059 2.11695e-13 0)
(1.00059 2.41775e-13 0)
(1.00059 2.00438e-13 0)
(1.00059 2.27956e-13 0)
(1.00059 2.04483e-13 0)
(1.00059 1.8813e-13 0)
(1.00059 1.62851e-13 0)
(1.00059 1.556e-13 0)
(1.00059 5.41589e-14 0)
(1.00059 3.05852e-14 0)
(1.00059 3.62901e-14 0)
(1.00059 -3.54108e-14 0)
(1.00059 -1.4346e-13 0)
(1.00059 -1.29807e-13 0)
(1.00059 -1.87632e-13 0)
(1.00059 -2.09299e-13 0)
(1 6.04103e-07 0)
(1 1.77462e-06 0)
(1.00001 2.9139e-06 0)
(1.00001 4.07723e-06 0)
(1.00002 5.20114e-06 0)
(1.00003 6.18245e-06 0)
(1.00005 7.0522e-06 0)
(1.00006 7.92851e-06 0)
(1.00008 8.82987e-06 0)
(1.0001 9.63341e-06 0)
(1.00012 1.02219e-05 0)
(1.00014 1.0622e-05 0)
(1.00016 1.09844e-05 0)
(1.00018 1.14507e-05 0)
(1.00021 1.20445e-05 0)
(1.00023 1.26654e-05 0)
(1.00026 1.31606e-05 0)
(1.00028 1.34043e-05 0)
(1.00031 1.33391e-05 0)
(1.00034 1.29768e-05 0)
(1.00036 1.23737e-05 0)
(1.00039 1.16033e-05 0)
(1.00041 1.07355e-05 0)
(1.00043 9.82653e-06 0)
(1.00045 8.91699e-06 0)
(1.00047 8.03417e-06 0)
(1.00048 7.19525e-06 0)
(1.00049 6.41038e-06 0)
(1.00051 5.68488e-06 0)
(1.00052 5.02083e-06 0)
(1.00053 4.41806e-06 0)
(1.00054 3.87483e-06 0)
(1.00054 3.38834e-06 0)
(1.00055 2.95508e-06 0)
(1.00055 2.57113e-06 0)
(1.00056 2.23237e-06 0)
(1.00056 1.93463e-06 0)
(1.00057 1.67384e-06 0)
(1.00057 1.44609e-06 0)
(1.00057 1.24773e-06 0)
(1.00057 1.07537e-06 0)
(1.00058 9.25909e-07 0)
(1.00058 7.96531e-07 0)
(1.00058 6.84714e-07 0)
(1.00058 5.88207e-07 0)
(1.00058 5.05012e-07 0)
(1.00058 4.33369e-07 0)
(1.00058 3.71727e-07 0)
(1.00058 3.18734e-07 0)
(1.00059 2.73206e-07 0)
(1.00059 2.34115e-07 0)
(1.00059 2.00568e-07 0)
(1.00059 1.71792e-07 0)
(1.00059 1.47117e-07 0)
(1.00059 1.25967e-07 0)
(1.00059 1.07842e-07 0)
(1.00059 9.23143e-08 0)
(1.00059 7.90142e-08 0)
(1.00059 6.76243e-08 0)
(1.00059 5.78719e-08 0)
(1.00059 4.95226e-08 0)
(1.00059 4.23755e-08 0)
(1.00059 3.62581e-08 0)
(1.00059 3.10226e-08 0)
(1.00059 2.65421e-08 0)
(1.00059 2.2708e-08 0)
(1.00059 1.94271e-08 0)
(1.00059 1.66198e-08 0)
(1.00059 1.42179e-08 0)
(1.00059 1.2163e-08 0)
(1.00059 1.04049e-08 0)
(1.00059 8.90093e-09 0)
(1.00059 7.61424e-09 0)
(1.00059 6.51345e-09 0)
(1.00059 5.57168e-09 0)
(1.00059 4.76599e-09 0)
(1.00059 4.07677e-09 0)
(1.00059 3.48725e-09 0)
(1.00059 2.98301e-09 0)
(1.00059 2.55171e-09 0)
(1.00059 2.1828e-09 0)
(1.00059 1.86719e-09 0)
(1.00059 1.59716e-09 0)
(1.00059 1.36614e-09 0)
(1.00059 1.1685e-09 0)
(1.00059 9.99453e-10 0)
(1.00059 8.54899e-10 0)
(1.00059 7.31311e-10 0)
(1.00059 6.25652e-10 0)
(1.00059 5.35282e-10 0)
(1.00059 4.57955e-10 0)
(1.00059 3.91755e-10 0)
(1.00059 3.3506e-10 0)
(1.00059 2.8652e-10 0)
(1.00059 2.44989e-10 0)
(1.00059 2.09492e-10 0)
(1.00059 1.7919e-10 0)
(1.00059 1.53314e-10 0)
(1.00059 1.31215e-10 0)
(1.00059 1.12314e-10 0)
(1.00059 9.61261e-11 0)
(1.00059 8.22317e-11 0)
(1.00059 7.03308e-11 0)
(1.00059 6.01667e-11 0)
(1.00059 5.14772e-11 0)
(1.00059 4.40676e-11 0)
(1.00059 3.77249e-11 0)
(1.00059 3.22778e-11 0)
(1.00059 2.75847e-11 0)
(1.00059 2.35325e-11 0)
(1.00059 2.00494e-11 0)
(1.00059 1.70909e-11 0)
(1.00059 1.45956e-11 0)
(1.00059 1.25189e-11 0)
(1.00059 1.07792e-11 0)
(1.00059 9.30043e-12 0)
(1.00059 8.02977e-12 0)
(1.00059 6.90053e-12 0)
(1.00059 5.8905e-12 0)
(1.00059 5.00044e-12 0)
(1.00059 4.23397e-12 0)
(1.00059 3.59941e-12 0)
(1.00059 3.09746e-12 0)
(1.00059 2.71452e-12 0)
(1.00059 2.42305e-12 0)
(1.00059 2.18349e-12 0)
(1.00059 1.95607e-12 0)
(1.00059 1.72246e-12 0)
(1.00059 1.48102e-12 0)
(1.00059 1.2334e-12 0)
(1.00059 1.00071e-12 0)
(1.00059 8.07886e-13 0)
(1.00059 6.46499e-13 0)
(1.00059 5.31264e-13 0)
(1.00059 4.56904e-13 0)
(1.00059 4.003e-13 0)
(1.00059 3.44088e-13 0)
(1.00059 2.82822e-13 0)
(1.00059 2.16115e-13 0)
(1.00059 1.59497e-13 0)
(1.00059 8.79813e-14 0)
(1.00059 2.04577e-14 0)
(1.00059 -2.74099e-14 0)
(1.00059 -7.7948e-14 0)
(1.00059 -1.0132e-13 0)
(1.00059 -1.11735e-13 0)
(1.00059 -1.1949e-13 0)
(1.00059 -1.15127e-13 0)
(1.00059 -1.12011e-13 0)
(1.00059 -1.18277e-13 0)
(1.00059 -1.27924e-13 0)
(1.00059 -1.3958e-13 0)
(1.00059 -1.44001e-13 0)
(1.00059 -1.4195e-13 0)
(1.00059 -1.27231e-13 0)
(1.00059 -1.06164e-13 0)
(1.00059 -7.9193e-14 0)
(1.00059 -5.01147e-14 0)
(1.00059 -3.81311e-15 0)
(1.00059 3.51828e-14 0)
(1.00059 6.09672e-14 0)
(1.00059 1.03251e-13 0)
(1.00059 1.36064e-13 0)
(1.00059 1.56092e-13 0)
(1.00059 1.82222e-13 0)
(1.00059 1.93079e-13 0)
(1.00059 2.00372e-13 0)
(1.00059 2.13815e-13 0)
(1.00059 2.00749e-13 0)
(1.00059 1.88118e-13 0)
(1.00059 1.792e-13 0)
(1.00059 1.29955e-13 0)
(1.00059 9.33898e-14 0)
(1.00059 3.69251e-14 0)
(1.00059 1.87782e-14 0)
(1.00059 8.17687e-16 0)
(1.00059 -6.94007e-15 0)
(1.00059 -8.11344e-15 0)
(1.00059 -3.49648e-15 0)
(1.00059 2.94996e-14 0)
(1.00059 4.4566e-15 0)
(1.00059 6.64161e-14 0)
(1.00059 6.25369e-14 0)
(1.00059 3.92801e-14 0)
(1.00059 8.61014e-14 0)
(1.00059 1.0965e-13 0)
(1.00059 9.49055e-14 0)
(1.00059 9.30007e-14 0)
(1.00059 1.37804e-13 0)
(1.00059 1.1511e-13 0)
(1.00059 8.28639e-14 0)
(1.00059 1.07107e-13 0)
(1.00059 4.84497e-14 0)
(1.00059 6.24438e-15 0)
(1.00059 -1.96616e-14 0)
(1.00059 1.94018e-14 0)
(1.00059 -7.5157e-14 0)
(1.00059 -1.1523e-13 0)
(1.00059 -1.13294e-13 0)
(1.00059 -1.26472e-13 0)
)
;

boundaryField
{
    inlet
    {
        type            fixedValue;
        value           uniform (1 0 0);
    }
    outlet
    {
        type            zeroGradient;
    }
    top
    {
        type            slip;
    }
    bottom
    {
        type            noSlip;
    }
    frontAndBack
    {
        type            empty;
    }
}


// ************************************************************************* //
