/*--------------------------------*- C++ -*----------------------------------*\
  =========                 |
  \\      /  F ield         | OpenFOAM: The Open Source CFD Toolbox
   \\    /   O peration     | Website:  https://openfoam.org
    \\  /    A nd           | Version:  dev
     \\/     M anipulation  |
\*---------------------------------------------------------------------------*/
FoamFile
{
    format      ascii;
    class       volScalarField;
    location    "0.7";
    object      p;
}
// * * * * * * * * * * * * * * * * * * * * * * * * * * * * * * * * * * * * * //

dimensions      [0 2 -2 0 0 0 0];

internalField   nonuniform List<scalar> 
4000
(
0.00685306
0.00658021
0.00632492
0.00610223
0.00592834
0.00584128
0.00583282
0.00582476
0.00576862
0.00569409
0.00563842
0.00560068
0.00556463
0.00552542
0.00548671
0.00545062
0.00541634
0.00538289
0.00535004
0.00531776
0.00528597
0.00525457
0.00522347
0.00519263
0.005162
0.00513156
0.00510127
0.00507112
0.00504108
0.00501114
0.00498128
0.0049515
0.00492177
0.0048921
0.00486246
0.00483287
0.00480331
0.00477378
0.00474427
0.00471478
0.00468531
0.00465585
0.00462641
0.00459697
0.00456755
0.00453813
0.00450872
0.00447932
0.00444992
0.00442052
0.00439113
0.00436174
0.00433236
0.00430298
0.00427359
0.00424421
0.00421484
0.00418546
0.00415608
0.00412671
0.00409733
0.00406796
0.00403858
0.00400921
0.00397984
0.00395047
0.00392109
0.00389172
0.00386235
0.00383298
0.00380361
0.00377424
0.00374487
0.0037155
0.00368613
0.00365675
0.00362738
0.00359801
0.00356864
0.00353927
0.0035099
0.00348053
0.00345116
0.00342179
0.00339241
0.00336304
0.00333367
0.0033043
0.00327493
0.00324555
0.00321618
0.00318681
0.00315744
0.00312807
0.00309869
0.00306932
0.00303995
0.00301058
0.0029812
0.00295183
0.00292246
0.00289309
0.00286372
0.00283434
0.00280497
0.0027756
0.00274623
0.00271685
0.00268748
0.00265811
0.00262874
0.00259937
0.00256999
0.00254062
0.00251125
0.00248188
0.00245251
0.00242313
0.00239376
0.00236439
0.00233502
0.00230565
0.00227627
0.0022469
0.00221753
0.00218816
0.00215879
0.00212942
0.00210004
0.00207067
0.0020413
0.00201193
0.00198256
0.00195319
0.00192381
0.00189444
0.00186507
0.0018357
0.00180633
0.00177696
0.00174759
0.00171821
0.00168884
0.00165947
0.0016301
0.00160073
0.00157136
0.00154199
0.00151261
0.00148324
0.00145387
0.0014245
0.00139513
0.00136576
0.00133639
0.00130702
0.00127765
0.00124828
0.00121891
0.00118954
0.00116016
0.00113079
0.00110142
0.00107205
0.00104268
0.00101331
0.000983936
0.000954565
0.000925193
0.000895822
0.00086645
0.000837079
0.000807707
0.000778335
0.000748964
0.000719592
0.00069022
0.000660848
0.000631477
0.000602105
0.000572733
0.000543361
0.00051399
0.000484618
0.000455247
0.000425876
0.000396504
0.000367133
0.000337762
0.000308391
0.000279021
0.00024965
0.000220279
0.000190908
0.000161538
0.000132167
0.000102797
7.34262e-05
4.40557e-05
1.46852e-05
0.00637351
0.00629819
0.00619747
0.00608188
0.00595394
0.00584582
0.00579778
0.00578593
0.00575329
0.00569199
0.00563446
0.00559369
0.0055588
0.00552181
0.00548428
0.00544869
0.00541486
0.00538184
0.00534929
0.00531722
0.00528557
0.00525426
0.00522322
0.00519243
0.00516184
0.00513142
0.00510116
0.00507102
0.005041
0.00501107
0.00498122
0.00495144
0.00492172
0.00489206
0.00486243
0.00483284
0.00480329
0.00477376
0.00474425
0.00471477
0.0046853
0.00465584
0.0046264
0.00459697
0.00456754
0.00453813
0.00450872
0.00447931
0.00444992
0.00442052
0.00439113
0.00436174
0.00433236
0.00430297
0.00427359
0.00424421
0.00421483
0.00418546
0.00415608
0.00412671
0.00409733
0.00406796
0.00403858
0.00400921
0.00397984
0.00395047
0.00392109
0.00389172
0.00386235
0.00383298
0.00380361
0.00377424
0.00374487
0.0037155
0.00368613
0.00365675
0.00362738
0.00359801
0.00356864
0.00353927
0.0035099
0.00348053
0.00345116
0.00342179
0.00339241
0.00336304
0.00333367
0.0033043
0.00327493
0.00324555
0.00321618
0.00318681
0.00315744
0.00312807
0.00309869
0.00306932
0.00303995
0.00301058
0.0029812
0.00295183
0.00292246
0.00289309
0.00286372
0.00283434
0.00280497
0.0027756
0.00274623
0.00271685
0.00268748
0.00265811
0.00262874
0.00259937
0.00256999
0.00254062
0.00251125
0.00248188
0.00245251
0.00242313
0.00239376
0.00236439
0.00233502
0.00230565
0.00227627
0.0022469
0.00221753
0.00218816
0.00215879
0.00212942
0.00210004
0.00207067
0.0020413
0.00201193
0.00198256
0.00195319
0.00192381
0.00189444
0.00186507
0.0018357
0.00180633
0.00177696
0.00174759
0.00171821
0.00168884
0.00165947
0.0016301
0.00160073
0.00157136
0.00154199
0.00151261
0.00148324
0.00145387
0.0014245
0.00139513
0.00136576
0.00133639
0.00130702
0.00127765
0.00124828
0.00121891
0.00118954
0.00116016
0.00113079
0.00110142
0.00107205
0.00104268
0.00101331
0.000983936
0.000954565
0.000925193
0.000895822
0.00086645
0.000837079
0.000807707
0.000778335
0.000748964
0.000719592
0.00069022
0.000660848
0.000631476
0.000602105
0.000572733
0.000543361
0.00051399
0.000484618
0.000455247
0.000425876
0.000396504
0.000367133
0.000337762
0.000308391
0.000279021
0.00024965
0.000220279
0.000190908
0.000161538
0.000132167
0.000102797
7.34262e-05
4.40557e-05
1.46852e-05
0.00626923
0.00622544
0.00615594
0.00607001
0.00596636
0.00585921
0.00579236
0.00577034
0.00574614
0.00569559
0.00563924
0.00559542
0.00555965
0.00552341
0.00548607
0.00544997
0.00541556
0.00538215
0.00534934
0.00531707
0.0052853
0.00525394
0.00522289
0.00519211
0.00516155
0.00513116
0.00510093
0.00507082
0.00504083
0.00501092
0.00498109
0.00495133
0.00492163
0.00489198
0.00486236
0.00483278
0.00480324
0.00477371
0.00474421
0.00471473
0.00468527
0.00465582
0.00462638
0.00459695
0.00456753
0.00453811
0.00450871
0.00447931
0.00444991
0.00442052
0.00439113
0.00436174
0.00433235
0.00430297
0.00427359
0.00424421
0.00421483
0.00418546
0.00415608
0.0041267
0.00409733
0.00406796
0.00403858
0.00400921
0.00397984
0.00395047
0.00392109
0.00389172
0.00386235
0.00383298
0.00380361
0.00377424
0.00374487
0.0037155
0.00368612
0.00365675
0.00362738
0.00359801
0.00356864
0.00353927
0.0035099
0.00348053
0.00345116
0.00342179
0.00339241
0.00336304
0.00333367
0.0033043
0.00327493
0.00324555
0.00321618
0.00318681
0.00315744
0.00312807
0.00309869
0.00306932
0.00303995
0.00301058
0.00298121
0.00295183
0.00292246
0.00289309
0.00286372
0.00283434
0.00280497
0.0027756
0.00274623
0.00271685
0.00268748
0.00265811
0.00262874
0.00259937
0.00256999
0.00254062
0.00251125
0.00248188
0.00245251
0.00242313
0.00239376
0.00236439
0.00233502
0.00230565
0.00227627
0.0022469
0.00221753
0.00218816
0.00215879
0.00212942
0.00210004
0.00207067
0.0020413
0.00201193
0.00198256
0.00195319
0.00192381
0.00189444
0.00186507
0.0018357
0.00180633
0.00177696
0.00174759
0.00171821
0.00168884
0.00165947
0.0016301
0.00160073
0.00157136
0.00154199
0.00151261
0.00148324
0.00145387
0.0014245
0.00139513
0.00136576
0.00133639
0.00130702
0.00127765
0.00124828
0.00121891
0.00118954
0.00116016
0.00113079
0.00110142
0.00107205
0.00104268
0.00101331
0.000983936
0.000954565
0.000925193
0.000895822
0.00086645
0.000837079
0.000807707
0.000778335
0.000748964
0.000719592
0.00069022
0.000660848
0.000631476
0.000602105
0.000572733
0.000543361
0.00051399
0.000484618
0.000455247
0.000425876
0.000396504
0.000367133
0.000337762
0.000308391
0.000279021
0.00024965
0.000220279
0.000190908
0.000161538
0.000132167
0.000102797
7.34262e-05
4.40557e-05
1.46852e-05
0.00611977
0.00609283
0.00604739
0.00598886
0.00591976
0.00584206
0.00577749
0.00574183
0.00571568
0.00567611
0.0056278
0.00558504
0.00554936
0.00551502
0.00547994
0.00544536
0.00541197
0.0053794
0.00534727
0.0053155
0.00528408
0.00525297
0.00522212
0.00519147
0.00516101
0.00513071
0.00510055
0.0050705
0.00504055
0.00501069
0.00498089
0.00495116
0.00492148
0.00489185
0.00486226
0.00483269
0.00480316
0.00477365
0.00474416
0.00471468
0.00468523
0.00465578
0.00462635
0.00459692
0.00456751
0.0045381
0.00450869
0.00447929
0.0044499
0.0044205
0.00439112
0.00436173
0.00433235
0.00430297
0.00427359
0.00424421
0.00421483
0.00418545
0.00415608
0.0041267
0.00409733
0.00406795
0.00403858
0.00400921
0.00397984
0.00395047
0.00392109
0.00389172
0.00386235
0.00383298
0.00380361
0.00377424
0.00374487
0.0037155
0.00368612
0.00365675
0.00362738
0.00359801
0.00356864
0.00353927
0.0035099
0.00348053
0.00345116
0.00342179
0.00339241
0.00336304
0.00333367
0.0033043
0.00327493
0.00324555
0.00321618
0.00318681
0.00315744
0.00312807
0.00309869
0.00306932
0.00303995
0.00301058
0.00298121
0.00295183
0.00292246
0.00289309
0.00286372
0.00283434
0.00280497
0.0027756
0.00274623
0.00271685
0.00268748
0.00265811
0.00262874
0.00259937
0.00256999
0.00254062
0.00251125
0.00248188
0.00245251
0.00242313
0.00239376
0.00236439
0.00233502
0.00230565
0.00227627
0.0022469
0.00221753
0.00218816
0.00215879
0.00212942
0.00210004
0.00207067
0.0020413
0.00201193
0.00198256
0.00195319
0.00192381
0.00189444
0.00186507
0.0018357
0.00180633
0.00177696
0.00174759
0.00171821
0.00168884
0.00165947
0.0016301
0.00160073
0.00157136
0.00154199
0.00151261
0.00148324
0.00145387
0.0014245
0.00139513
0.00136576
0.00133639
0.00130702
0.00127765
0.00124828
0.00121891
0.00118954
0.00116016
0.00113079
0.00110142
0.00107205
0.00104268
0.00101331
0.000983936
0.000954565
0.000925193
0.000895822
0.00086645
0.000837078
0.000807707
0.000778335
0.000748963
0.000719592
0.00069022
0.000660848
0.000631476
0.000602105
0.000572733
0.000543361
0.00051399
0.000484618
0.000455247
0.000425876
0.000396504
0.000367133
0.000337762
0.000308391
0.00027902
0.00024965
0.000220279
0.000190908
0.000161538
0.000132167
0.000102797
7.34262e-05
4.40557e-05
1.46852e-05
0.00603199
0.00601616
0.00598622
0.00594472
0.00589463
0.0058348
0.0057753
0.00573234
0.00570217
0.00566797
0.00562594
0.00558452
0.0055479
0.00551342
0.00547883
0.00544444
0.00541094
0.00537826
0.00534611
0.00531439
0.00528305
0.00525203
0.00522127
0.00519073
0.00516037
0.00513015
0.00510007
0.00507009
0.0050402
0.00501038
0.00498063
0.00495094
0.00492129
0.00489169
0.00486212
0.00483257
0.00480306
0.00477356
0.00474408
0.00471462
0.00468517
0.00465574
0.00462631
0.00459689
0.00456748
0.00453807
0.00450867
0.00447927
0.00444988
0.00442049
0.00439111
0.00436172
0.00433234
0.00430296
0.00427358
0.0042442
0.00421482
0.00418545
0.00415607
0.0041267
0.00409733
0.00406795
0.00403858
0.00400921
0.00397984
0.00395046
0.00392109
0.00389172
0.00386235
0.00383298
0.00380361
0.00377424
0.00374487
0.0037155
0.00368612
0.00365675
0.00362738
0.00359801
0.00356864
0.00353927
0.0035099
0.00348053
0.00345116
0.00342178
0.00339241
0.00336304
0.00333367
0.0033043
0.00327493
0.00324555
0.00321618
0.00318681
0.00315744
0.00312807
0.00309869
0.00306932
0.00303995
0.00301058
0.0029812
0.00295183
0.00292246
0.00289309
0.00286372
0.00283434
0.00280497
0.0027756
0.00274623
0.00271685
0.00268748
0.00265811
0.00262874
0.00259937
0.00256999
0.00254062
0.00251125
0.00248188
0.00245251
0.00242313
0.00239376
0.00236439
0.00233502
0.00230565
0.00227627
0.0022469
0.00221753
0.00218816
0.00215879
0.00212942
0.00210004
0.00207067
0.0020413
0.00201193
0.00198256
0.00195319
0.00192381
0.00189444
0.00186507
0.0018357
0.00180633
0.00177696
0.00174759
0.00171821
0.00168884
0.00165947
0.0016301
0.00160073
0.00157136
0.00154199
0.00151261
0.00148324
0.00145387
0.0014245
0.00139513
0.00136576
0.00133639
0.00130702
0.00127765
0.00124828
0.00121891
0.00118954
0.00116016
0.00113079
0.00110142
0.00107205
0.00104268
0.00101331
0.000983936
0.000954564
0.000925193
0.000895822
0.00086645
0.000837078
0.000807707
0.000778335
0.000748963
0.000719592
0.00069022
0.000660848
0.000631476
0.000602105
0.000572733
0.000543361
0.00051399
0.000484618
0.000455247
0.000425875
0.000396504
0.000367133
0.000337762
0.000308391
0.00027902
0.00024965
0.000220279
0.000190908
0.000161538
0.000132167
0.000102797
7.34262e-05
4.40557e-05
1.46852e-05
0.00595781
0.00594581
0.00592301
0.00589044
0.00585061
0.00580392
0.00575476
0.00571303
0.00568053
0.00564843
0.00561159
0.00557362
0.00553831
0.00550503
0.00547208
0.00543921
0.00540681
0.00537494
0.00534346
0.00531226
0.00528132
0.0052506
0.00522009
0.00518974
0.00515953
0.00512944
0.00509946
0.00506957
0.00503976
0.00501001
0.00498031
0.00495067
0.00492106
0.00489149
0.00486195
0.00483243
0.00480293
0.00477345
0.00474399
0.00471454
0.00468511
0.00465568
0.00462626
0.00459685
0.00456744
0.00453804
0.00450864
0.00447925
0.00444986
0.00442048
0.00439109
0.00436171
0.00433233
0.00430295
0.00427357
0.00424419
0.00421482
0.00418544
0.00415607
0.0041267
0.00409732
0.00406795
0.00403858
0.00400921
0.00397983
0.00395046
0.00392109
0.00389172
0.00386235
0.00383298
0.00380361
0.00377424
0.00374487
0.00371549
0.00368612
0.00365675
0.00362738
0.00359801
0.00356864
0.00353927
0.0035099
0.00348053
0.00345116
0.00342178
0.00339241
0.00336304
0.00333367
0.0033043
0.00327493
0.00324555
0.00321618
0.00318681
0.00315744
0.00312807
0.00309869
0.00306932
0.00303995
0.00301058
0.0029812
0.00295183
0.00292246
0.00289309
0.00286372
0.00283434
0.00280497
0.0027756
0.00274623
0.00271685
0.00268748
0.00265811
0.00262874
0.00259937
0.00256999
0.00254062
0.00251125
0.00248188
0.00245251
0.00242313
0.00239376
0.00236439
0.00233502
0.00230565
0.00227627
0.0022469
0.00221753
0.00218816
0.00215879
0.00212942
0.00210004
0.00207067
0.0020413
0.00201193
0.00198256
0.00195319
0.00192381
0.00189444
0.00186507
0.0018357
0.00180633
0.00177696
0.00174759
0.00171821
0.00168884
0.00165947
0.0016301
0.00160073
0.00157136
0.00154199
0.00151261
0.00148324
0.00145387
0.0014245
0.00139513
0.00136576
0.00133639
0.00130702
0.00127765
0.00124828
0.00121891
0.00118954
0.00116016
0.00113079
0.00110142
0.00107205
0.00104268
0.00101331
0.000983936
0.000954564
0.000925193
0.000895821
0.00086645
0.000837078
0.000807707
0.000778335
0.000748963
0.000719592
0.00069022
0.000660848
0.000631476
0.000602104
0.000572733
0.000543361
0.00051399
0.000484618
0.000455247
0.000425875
0.000396504
0.000367133
0.000337762
0.000308391
0.00027902
0.00024965
0.000220279
0.000190908
0.000161538
0.000132167
0.000102797
7.34262e-05
4.40557e-05
1.46852e-05
0.00589731
0.00588828
0.00587102
0.00584578
0.00581432
0.00577777
0.00573782
0.0056997
0.00566674
0.00563558
0.00560213
0.00556707
0.00553292
0.00550015
0.00546785
0.00543567
0.00540377
0.00537228
0.00534114
0.00531025
0.00527959
0.00524911
0.00521881
0.00518864
0.00515859
0.00512864
0.00509878
0.00506899
0.00503926
0.00500958
0.00497995
0.00495035
0.00492079
0.00489126
0.00486175
0.00483226
0.00480279
0.00477333
0.00474389
0.00471445
0.00468503
0.00465561
0.0046262
0.0045968
0.0045674
0.00453801
0.00450861
0.00447923
0.00444984
0.00442046
0.00439108
0.0043617
0.00433232
0.00430294
0.00427356
0.00424419
0.00421481
0.00418544
0.00415607
0.00412669
0.00409732
0.00406795
0.00403858
0.0040092
0.00397983
0.00395046
0.00392109
0.00389172
0.00386235
0.00383298
0.00380361
0.00377424
0.00374487
0.00371549
0.00368612
0.00365675
0.00362738
0.00359801
0.00356864
0.00353927
0.0035099
0.00348053
0.00345116
0.00342178
0.00339241
0.00336304
0.00333367
0.0033043
0.00327493
0.00324555
0.00321618
0.00318681
0.00315744
0.00312807
0.00309869
0.00306932
0.00303995
0.00301058
0.0029812
0.00295183
0.00292246
0.00289309
0.00286372
0.00283434
0.00280497
0.0027756
0.00274623
0.00271685
0.00268748
0.00265811
0.00262874
0.00259937
0.00256999
0.00254062
0.00251125
0.00248188
0.00245251
0.00242313
0.00239376
0.00236439
0.00233502
0.00230565
0.00227627
0.0022469
0.00221753
0.00218816
0.00215879
0.00212942
0.00210004
0.00207067
0.0020413
0.00201193
0.00198256
0.00195319
0.00192381
0.00189444
0.00186507
0.0018357
0.00180633
0.00177696
0.00174759
0.00171821
0.00168884
0.00165947
0.0016301
0.00160073
0.00157136
0.00154199
0.00151261
0.00148324
0.00145387
0.0014245
0.00139513
0.00136576
0.00133639
0.00130702
0.00127765
0.00124828
0.00121891
0.00118954
0.00116016
0.00113079
0.00110142
0.00107205
0.00104268
0.00101331
0.000983936
0.000954564
0.000925193
0.000895821
0.00086645
0.000837078
0.000807707
0.000778335
0.000748963
0.000719591
0.00069022
0.000660848
0.000631476
0.000602104
0.000572733
0.000543361
0.000513989
0.000484618
0.000455247
0.000425875
0.000396504
0.000367133
0.000337762
0.000308391
0.00027902
0.00024965
0.000220279
0.000190908
0.000161538
0.000132167
0.000102797
7.34261e-05
4.40557e-05
1.46852e-05
0.00584746
0.00584036
0.00582664
0.00580645
0.00578087
0.00575078
0.00571704
0.00568273
0.00565087
0.00562064
0.00558948
0.00555701
0.0055246
0.00549296
0.00546174
0.00543061
0.0053996
0.00536881
0.00533823
0.00530781
0.00527754
0.00524738
0.00521734
0.0051874
0.00515753
0.00512774
0.00509801
0.00506833
0.0050387
0.0050091
0.00497954
0.00495001
0.0049205
0.00489101
0.00486153
0.00483208
0.00480263
0.0047732
0.00474377
0.00471435
0.00468494
0.00465554
0.00462614
0.00459675
0.00456736
0.00453797
0.00450858
0.0044792
0.00444982
0.00442044
0.00439106
0.00436168
0.0043323
0.00430293
0.00427355
0.00424418
0.00421481
0.00418543
0.00415606
0.00412669
0.00409732
0.00406794
0.00403857
0.0040092
0.00397983
0.00395046
0.00392109
0.00389172
0.00386235
0.00383298
0.00380361
0.00377424
0.00374486
0.00371549
0.00368612
0.00365675
0.00362738
0.00359801
0.00356864
0.00353927
0.0035099
0.00348053
0.00345116
0.00342178
0.00339241
0.00336304
0.00333367
0.0033043
0.00327493
0.00324555
0.00321618
0.00318681
0.00315744
0.00312807
0.00309869
0.00306932
0.00303995
0.00301058
0.0029812
0.00295183
0.00292246
0.00289309
0.00286372
0.00283434
0.00280497
0.0027756
0.00274623
0.00271685
0.00268748
0.00265811
0.00262874
0.00259937
0.00256999
0.00254062
0.00251125
0.00248188
0.00245251
0.00242313
0.00239376
0.00236439
0.00233502
0.00230565
0.00227627
0.0022469
0.00221753
0.00218816
0.00215879
0.00212942
0.00210004
0.00207067
0.0020413
0.00201193
0.00198256
0.00195319
0.00192381
0.00189444
0.00186507
0.0018357
0.00180633
0.00177696
0.00174759
0.00171821
0.00168884
0.00165947
0.0016301
0.00160073
0.00157136
0.00154199
0.00151262
0.00148324
0.00145387
0.0014245
0.00139513
0.00136576
0.00133639
0.00130702
0.00127765
0.00124828
0.00121891
0.00118954
0.00116016
0.00113079
0.00110142
0.00107205
0.00104268
0.00101331
0.000983936
0.000954564
0.000925193
0.000895821
0.00086645
0.000837078
0.000807706
0.000778335
0.000748963
0.000719591
0.000690219
0.000660848
0.000631476
0.000602104
0.000572733
0.000543361
0.000513989
0.000484618
0.000455247
0.000425875
0.000396504
0.000367133
0.000337762
0.000308391
0.00027902
0.000249649
0.000220279
0.000190908
0.000161538
0.000132167
0.000102797
7.34261e-05
4.40557e-05
1.46852e-05
0.00580554
0.00579972
0.00578845
0.00577182
0.00575039
0.00572485
0.00569601
0.00566566
0.00563592
0.00560709
0.00557782
0.00554751
0.0055168
0.00548632
0.00545605
0.0054258
0.00539555
0.00536537
0.0053353
0.00530532
0.00527542
0.00524558
0.0052158
0.00518608
0.00515641
0.00512679
0.0050972
0.00506764
0.0050381
0.0050086
0.00497911
0.00494964
0.00492018
0.00489073
0.0048613
0.00483188
0.00480246
0.00477305
0.00474365
0.00471425
0.00468485
0.00465546
0.00462608
0.00459669
0.00456731
0.00453793
0.00450855
0.00447917
0.00444979
0.00442041
0.00439104
0.00436166
0.00433229
0.00430292
0.00427354
0.00424417
0.0042148
0.00418543
0.00415606
0.00412668
0.00409731
0.00406794
0.00403857
0.0040092
0.00397983
0.00395046
0.00392109
0.00389172
0.00386235
0.00383298
0.00380361
0.00377423
0.00374486
0.00371549
0.00368612
0.00365675
0.00362738
0.00359801
0.00356864
0.00353927
0.0035099
0.00348053
0.00345116
0.00342178
0.00339241
0.00336304
0.00333367
0.0033043
0.00327493
0.00324555
0.00321618
0.00318681
0.00315744
0.00312807
0.00309869
0.00306932
0.00303995
0.00301058
0.0029812
0.00295183
0.00292246
0.00289309
0.00286372
0.00283434
0.00280497
0.0027756
0.00274623
0.00271685
0.00268748
0.00265811
0.00262874
0.00259937
0.00256999
0.00254062
0.00251125
0.00248188
0.00245251
0.00242313
0.00239376
0.00236439
0.00233502
0.00230565
0.00227628
0.0022469
0.00221753
0.00218816
0.00215879
0.00212942
0.00210004
0.00207067
0.0020413
0.00201193
0.00198256
0.00195319
0.00192381
0.00189444
0.00186507
0.0018357
0.00180633
0.00177696
0.00174759
0.00171821
0.00168884
0.00165947
0.0016301
0.00160073
0.00157136
0.00154199
0.00151262
0.00148324
0.00145387
0.0014245
0.00139513
0.00136576
0.00133639
0.00130702
0.00127765
0.00124828
0.00121891
0.00118954
0.00116016
0.00113079
0.00110142
0.00107205
0.00104268
0.00101331
0.000983935
0.000954564
0.000925192
0.000895821
0.000866449
0.000837078
0.000807706
0.000778335
0.000748963
0.000719591
0.000690219
0.000660848
0.000631476
0.000602104
0.000572732
0.000543361
0.000513989
0.000484618
0.000455246
0.000425875
0.000396504
0.000367133
0.000337762
0.000308391
0.00027902
0.000249649
0.000220279
0.000190908
0.000161538
0.000132167
0.000102797
7.34261e-05
4.40556e-05
1.46852e-05
0.00576995
0.00576505
0.00575552
0.00574142
0.00572309
0.0057011
0.0056761
0.00564918
0.00562174
0.0055944
0.00556665
0.00553805
0.00550886
0.00547954
0.00545022
0.00542081
0.00539132
0.00536179
0.00533225
0.00530272
0.0052732
0.0052437
0.0052142
0.00518472
0.00515525
0.00512579
0.00509635
0.00506691
0.00503748
0.00500807
0.00497865
0.00494925
0.00491985
0.00489045
0.00486106
0.00483167
0.00480228
0.0047729
0.00474352
0.00471414
0.00468476
0.00465538
0.00462601
0.00459663
0.00456726
0.00453788
0.00450851
0.00447914
0.00444976
0.00442039
0.00439102
0.00436165
0.00433228
0.0043029
0.00427353
0.00424416
0.00421479
0.00418542
0.00415605
0.00412668
0.00409731
0.00406794
0.00403857
0.0040092
0.00397983
0.00395046
0.00392109
0.00389172
0.00386235
0.00383297
0.0038036
0.00377423
0.00374486
0.00371549
0.00368612
0.00365675
0.00362738
0.00359801
0.00356864
0.00353927
0.0035099
0.00348053
0.00345116
0.00342178
0.00339241
0.00336304
0.00333367
0.0033043
0.00327493
0.00324555
0.00321618
0.00318681
0.00315744
0.00312807
0.00309869
0.00306932
0.00303995
0.00301058
0.0029812
0.00295183
0.00292246
0.00289309
0.00286372
0.00283434
0.00280497
0.0027756
0.00274623
0.00271685
0.00268748
0.00265811
0.00262874
0.00259937
0.00256999
0.00254062
0.00251125
0.00248188
0.00245251
0.00242313
0.00239376
0.00236439
0.00233502
0.00230565
0.00227628
0.0022469
0.00221753
0.00218816
0.00215879
0.00212942
0.00210004
0.00207067
0.0020413
0.00201193
0.00198256
0.00195319
0.00192381
0.00189444
0.00186507
0.0018357
0.00180633
0.00177696
0.00174759
0.00171821
0.00168884
0.00165947
0.0016301
0.00160073
0.00157136
0.00154199
0.00151262
0.00148324
0.00145387
0.0014245
0.00139513
0.00136576
0.00133639
0.00130702
0.00127765
0.00124828
0.00121891
0.00118954
0.00116016
0.00113079
0.00110142
0.00107205
0.00104268
0.00101331
0.000983935
0.000954564
0.000925192
0.000895821
0.000866449
0.000837078
0.000807706
0.000778334
0.000748963
0.000719591
0.000690219
0.000660847
0.000631476
0.000602104
0.000572732
0.000543361
0.000513989
0.000484618
0.000455246
0.000425875
0.000396504
0.000367133
0.000337762
0.000308391
0.00027902
0.000249649
0.000220279
0.000190908
0.000161537
0.000132167
0.000102796
7.34261e-05
4.40556e-05
1.46852e-05
0.00573962
0.00573539
0.00572714
0.00571493
0.00569897
0.00567971
0.00565764
0.00563347
0.00560818
0.00558239
0.00555604
0.00552891
0.00550111
0.00547293
0.00544452
0.00541593
0.00538715
0.00535823
0.00532922
0.00530014
0.00527099
0.00524181
0.00521259
0.00518334
0.00515407
0.00512479
0.00509549
0.00506618
0.00503686
0.00500753
0.0049782
0.00494886
0.00491951
0.00489017
0.00486081
0.00483146
0.0048021
0.00477275
0.00474339
0.00471403
0.00468466
0.0046553
0.00462594
0.00459657
0.0045672
0.00453784
0.00450847
0.0044791
0.00444974
0.00442037
0.004391
0.00436163
0.00433226
0.00430289
0.00427352
0.00424415
0.00421478
0.00418541
0.00415604
0.00412667
0.0040973
0.00406793
0.00403856
0.00400919
0.00397982
0.00395045
0.00392108
0.00389171
0.00386234
0.00383297
0.0038036
0.00377423
0.00374486
0.00371549
0.00368612
0.00365675
0.00362738
0.00359801
0.00356864
0.00353927
0.0035099
0.00348053
0.00345115
0.00342178
0.00339241
0.00336304
0.00333367
0.0033043
0.00327493
0.00324555
0.00321618
0.00318681
0.00315744
0.00312807
0.00309869
0.00306932
0.00303995
0.00301058
0.0029812
0.00295183
0.00292246
0.00289309
0.00286372
0.00283434
0.00280497
0.0027756
0.00274623
0.00271685
0.00268748
0.00265811
0.00262874
0.00259937
0.00256999
0.00254062
0.00251125
0.00248188
0.00245251
0.00242313
0.00239376
0.00236439
0.00233502
0.00230565
0.00227628
0.0022469
0.00221753
0.00218816
0.00215879
0.00212942
0.00210004
0.00207067
0.0020413
0.00201193
0.00198256
0.00195319
0.00192381
0.00189444
0.00186507
0.0018357
0.00180633
0.00177696
0.00174759
0.00171821
0.00168884
0.00165947
0.0016301
0.00160073
0.00157136
0.00154199
0.00151262
0.00148325
0.00145387
0.0014245
0.00139513
0.00136576
0.00133639
0.00130702
0.00127765
0.00124828
0.00121891
0.00118954
0.00116016
0.00113079
0.00110142
0.00107205
0.00104268
0.00101331
0.000983935
0.000954564
0.000925192
0.000895821
0.000866449
0.000837078
0.000807706
0.000778334
0.000748963
0.000719591
0.000690219
0.000660847
0.000631476
0.000602104
0.000572732
0.000543361
0.000513989
0.000484618
0.000455246
0.000425875
0.000396504
0.000367133
0.000337762
0.000308391
0.00027902
0.000249649
0.000220279
0.000190908
0.000161537
0.000132167
0.000102796
7.3426e-05
4.40556e-05
1.46852e-05
0.00571376
0.00571004
0.00570276
0.00569197
0.00567784
0.00566066
0.00564084
0.00561891
0.00559554
0.00557126
0.00554621
0.00552036
0.00549376
0.00546661
0.00543908
0.00541124
0.00538312
0.00535478
0.00532627
0.00529761
0.00526883
0.00523996
0.00521101
0.00518199
0.00515292
0.0051238
0.00509464
0.00506545
0.00503624
0.005007
0.00497774
0.00494847
0.00491918
0.00488988
0.00486057
0.00483125
0.00480193
0.0047726
0.00474326
0.00471392
0.00468457
0.00465522
0.00462587
0.00459651
0.00456715
0.00453779
0.00450843
0.00447907
0.00444971
0.00442034
0.00439098
0.00436161
0.00433225
0.00430288
0.00427351
0.00424414
0.00421478
0.00418541
0.00415604
0.00412667
0.0040973
0.00406793
0.00403856
0.00400919
0.00397982
0.00395045
0.00392108
0.00389171
0.00386234
0.00383297
0.0038036
0.00377423
0.00374486
0.00371549
0.00368612
0.00365675
0.00362738
0.00359801
0.00356864
0.00353927
0.0035099
0.00348053
0.00345115
0.00342178
0.00339241
0.00336304
0.00333367
0.0033043
0.00327493
0.00324555
0.00321618
0.00318681
0.00315744
0.00312807
0.00309869
0.00306932
0.00303995
0.00301058
0.0029812
0.00295183
0.00292246
0.00289309
0.00286372
0.00283434
0.00280497
0.0027756
0.00274623
0.00271685
0.00268748
0.00265811
0.00262874
0.00259937
0.00256999
0.00254062
0.00251125
0.00248188
0.00245251
0.00242313
0.00239376
0.00236439
0.00233502
0.00230565
0.00227628
0.0022469
0.00221753
0.00218816
0.00215879
0.00212942
0.00210004
0.00207067
0.0020413
0.00201193
0.00198256
0.00195319
0.00192381
0.00189444
0.00186507
0.0018357
0.00180633
0.00177696
0.00174759
0.00171821
0.00168884
0.00165947
0.0016301
0.00160073
0.00157136
0.00154199
0.00151262
0.00148325
0.00145387
0.0014245
0.00139513
0.00136576
0.00133639
0.00130702
0.00127765
0.00124828
0.00121891
0.00118954
0.00116016
0.00113079
0.00110142
0.00107205
0.00104268
0.00101331
0.000983935
0.000954564
0.000925192
0.00089582
0.000866449
0.000837077
0.000807706
0.000778334
0.000748962
0.000719591
0.000690219
0.000660847
0.000631475
0.000602104
0.000572732
0.00054336
0.000513989
0.000484617
0.000455246
0.000425875
0.000396504
0.000367133
0.000337762
0.000308391
0.00027902
0.000249649
0.000220279
0.000190908
0.000161537
0.000132167
0.000102796
7.3426e-05
4.40556e-05
1.46852e-05
0.0056918
0.00568847
0.00568193
0.00567223
0.00565949
0.00564393
0.00562588
0.00560574
0.00558401
0.0055611
0.00553724
0.00551249
0.00548693
0.00546071
0.00543398
0.00540683
0.00537933
0.00535152
0.00532346
0.0052952
0.00526677
0.00523819
0.00520949
0.00518069
0.00515181
0.00512285
0.00509383
0.00506476
0.00503564
0.00500649
0.00497731
0.0049481
0.00491886
0.00488961
0.00486034
0.00483105
0.00480176
0.00477245
0.00474313
0.00471381
0.00468448
0.00465514
0.0046258
0.00459645
0.00456711
0.00453775
0.0045084
0.00447904
0.00444968
0.00442032
0.00439096
0.0043616
0.00433223
0.00430287
0.0042735
0.00424414
0.00421477
0.0041854
0.00415603
0.00412666
0.0040973
0.00406793
0.00403856
0.00400919
0.00397982
0.00395045
0.00392108
0.00389171
0.00386234
0.00383297
0.0038036
0.00377423
0.00374486
0.00371549
0.00368612
0.00365675
0.00362738
0.00359801
0.00356864
0.00353927
0.0035099
0.00348053
0.00345115
0.00342178
0.00339241
0.00336304
0.00333367
0.0033043
0.00327493
0.00324555
0.00321618
0.00318681
0.00315744
0.00312807
0.00309869
0.00306932
0.00303995
0.00301058
0.0029812
0.00295183
0.00292246
0.00289309
0.00286372
0.00283434
0.00280497
0.0027756
0.00274623
0.00271685
0.00268748
0.00265811
0.00262874
0.00259937
0.00256999
0.00254062
0.00251125
0.00248188
0.00245251
0.00242313
0.00239376
0.00236439
0.00233502
0.00230565
0.00227628
0.0022469
0.00221753
0.00218816
0.00215879
0.00212942
0.00210004
0.00207067
0.0020413
0.00201193
0.00198256
0.00195319
0.00192381
0.00189444
0.00186507
0.0018357
0.00180633
0.00177696
0.00174759
0.00171821
0.00168884
0.00165947
0.0016301
0.00160073
0.00157136
0.00154199
0.00151262
0.00148325
0.00145387
0.0014245
0.00139513
0.00136576
0.00133639
0.00130702
0.00127765
0.00124828
0.00121891
0.00118953
0.00116016
0.00113079
0.00110142
0.00107205
0.00104268
0.00101331
0.000983935
0.000954563
0.000925192
0.00089582
0.000866449
0.000837077
0.000807706
0.000778334
0.000748962
0.00071959
0.000690219
0.000660847
0.000631475
0.000602104
0.000572732
0.00054336
0.000513989
0.000484617
0.000455246
0.000425875
0.000396504
0.000367133
0.000337762
0.000308391
0.00027902
0.000249649
0.000220278
0.000190908
0.000161537
0.000132167
0.000102796
7.3426e-05
4.40556e-05
1.46852e-05
0.0056733
0.00567027
0.0056643
0.00565544
0.00564377
0.00562948
0.00561282
0.00559412
0.00557373
0.00555202
0.00552921
0.00550542
0.00548075
0.00545534
0.00542932
0.0054028
0.00537584
0.00534851
0.00532087
0.00529298
0.00526486
0.00523655
0.00520808
0.00517948
0.00515077
0.00512196
0.00509307
0.00506411
0.00503509
0.00500602
0.0049769
0.00494775
0.00491856
0.00488935
0.00486012
0.00483087
0.0048016
0.00477231
0.00474302
0.00471371
0.00468439
0.00465507
0.00462574
0.0045964
0.00456706
0.00453771
0.00450836
0.00447901
0.00444966
0.0044203
0.00439094
0.00436158
0.00433222
0.00430286
0.00427349
0.00424413
0.00421476
0.00418539
0.00415603
0.00412666
0.00409729
0.00406792
0.00403856
0.00400919
0.00397982
0.00395045
0.00392108
0.00389171
0.00386234
0.00383297
0.0038036
0.00377423
0.00374486
0.00371549
0.00368612
0.00365675
0.00362738
0.00359801
0.00356864
0.00353927
0.0035099
0.00348053
0.00345115
0.00342178
0.00339241
0.00336304
0.00333367
0.0033043
0.00327493
0.00324555
0.00321618
0.00318681
0.00315744
0.00312807
0.00309869
0.00306932
0.00303995
0.00301058
0.0029812
0.00295183
0.00292246
0.00289309
0.00286372
0.00283434
0.00280497
0.0027756
0.00274623
0.00271685
0.00268748
0.00265811
0.00262874
0.00259937
0.00256999
0.00254062
0.00251125
0.00248188
0.00245251
0.00242313
0.00239376
0.00236439
0.00233502
0.00230565
0.00227628
0.0022469
0.00221753
0.00218816
0.00215879
0.00212942
0.00210004
0.00207067
0.0020413
0.00201193
0.00198256
0.00195319
0.00192381
0.00189444
0.00186507
0.0018357
0.00180633
0.00177696
0.00174759
0.00171821
0.00168884
0.00165947
0.0016301
0.00160073
0.00157136
0.00154199
0.00151262
0.00148325
0.00145388
0.0014245
0.00139513
0.00136576
0.00133639
0.00130702
0.00127765
0.00124828
0.00121891
0.00118953
0.00116016
0.00113079
0.00110142
0.00107205
0.00104268
0.00101331
0.000983935
0.000954563
0.000925192
0.00089582
0.000866449
0.000837077
0.000807705
0.000778334
0.000748962
0.00071959
0.000690219
0.000660847
0.000631475
0.000602103
0.000572732
0.00054336
0.000513989
0.000484617
0.000455246
0.000425875
0.000396504
0.000367132
0.000337761
0.000308391
0.00027902
0.000249649
0.000220278
0.000190908
0.000161537
0.000132167
0.000102796
7.3426e-05
4.40556e-05
1.46852e-05
0.00565794
0.00565514
0.00564961
0.00564139
0.00563055
0.00561724
0.00560167
0.0055841
0.00556481
0.00554411
0.00552219
0.00549922
0.00547531
0.0054506
0.00542519
0.00539921
0.00537273
0.00534582
0.00531856
0.00529098
0.00526314
0.00523507
0.00520681
0.00517839
0.00514984
0.00512116
0.00509238
0.00506352
0.00503458
0.00500558
0.00497653
0.00494743
0.00491829
0.00488912
0.00485992
0.0048307
0.00480145
0.00477219
0.00474291
0.00471362
0.00468431
0.004655
0.00462568
0.00459635
0.00456702
0.00453768
0.00450833
0.00447899
0.00444964
0.00442028
0.00439093
0.00436157
0.00433221
0.00430285
0.00427348
0.00424412
0.00421476
0.00418539
0.00415602
0.00412666
0.00409729
0.00406792
0.00403855
0.00400918
0.00397982
0.00395045
0.00392108
0.00389171
0.00386234
0.00383297
0.0038036
0.00377423
0.00374486
0.00371549
0.00368612
0.00365675
0.00362738
0.00359801
0.00356864
0.00353927
0.0035099
0.00348053
0.00345115
0.00342178
0.00339241
0.00336304
0.00333367
0.0033043
0.00327493
0.00324555
0.00321618
0.00318681
0.00315744
0.00312807
0.00309869
0.00306932
0.00303995
0.00301058
0.0029812
0.00295183
0.00292246
0.00289309
0.00286372
0.00283434
0.00280497
0.0027756
0.00274623
0.00271685
0.00268748
0.00265811
0.00262874
0.00259937
0.00256999
0.00254062
0.00251125
0.00248188
0.00245251
0.00242313
0.00239376
0.00236439
0.00233502
0.00230565
0.00227628
0.0022469
0.00221753
0.00218816
0.00215879
0.00212942
0.00210004
0.00207067
0.0020413
0.00201193
0.00198256
0.00195319
0.00192381
0.00189444
0.00186507
0.0018357
0.00180633
0.00177696
0.00174759
0.00171821
0.00168884
0.00165947
0.0016301
0.00160073
0.00157136
0.00154199
0.00151262
0.00148325
0.00145388
0.0014245
0.00139513
0.00136576
0.00133639
0.00130702
0.00127765
0.00124828
0.00121891
0.00118953
0.00116016
0.00113079
0.00110142
0.00107205
0.00104268
0.00101331
0.000983935
0.000954563
0.000925192
0.00089582
0.000866448
0.000837077
0.000807705
0.000778334
0.000748962
0.00071959
0.000690219
0.000660847
0.000631475
0.000602103
0.000572732
0.00054336
0.000513989
0.000484617
0.000455246
0.000425875
0.000396503
0.000367132
0.000337761
0.000308391
0.00027902
0.000249649
0.000220278
0.000190908
0.000161537
0.000132167
0.000102796
7.3426e-05
4.40556e-05
1.46852e-05
0.00564546
0.00564283
0.00563764
0.00562991
0.00561971
0.00560716
0.00559242
0.00557573
0.00555732
0.00553743
0.00551626
0.00549397
0.00547069
0.00544654
0.00542166
0.00539613
0.00537006
0.00534351
0.00531655
0.00528925
0.00526164
0.00523379
0.00520571
0.00517745
0.00514902
0.00512046
0.00509178
0.00506301
0.00503414
0.00500521
0.00497621
0.00494715
0.00491806
0.00488892
0.00485975
0.00483055
0.00480132
0.00477208
0.00474282
0.00471354
0.00468425
0.00465494
0.00462563
0.00459631
0.00456698
0.00453765
0.00450831
0.00447896
0.00444962
0.00442027
0.00439091
0.00436156
0.0043322
0.00430284
0.00427348
0.00424411
0.00421475
0.00418538
0.00415602
0.00412665
0.00409729
0.00406792
0.00403855
0.00400918
0.00397981
0.00395045
0.00392108
0.00389171
0.00386234
0.00383297
0.0038036
0.00377423
0.00374486
0.00371549
0.00368612
0.00365675
0.00362738
0.00359801
0.00356864
0.00353927
0.0035099
0.00348053
0.00345115
0.00342178
0.00339241
0.00336304
0.00333367
0.0033043
0.00327493
0.00324555
0.00321618
0.00318681
0.00315744
0.00312807
0.00309869
0.00306932
0.00303995
0.00301058
0.0029812
0.00295183
0.00292246
0.00289309
0.00286372
0.00283434
0.00280497
0.0027756
0.00274623
0.00271685
0.00268748
0.00265811
0.00262874
0.00259937
0.00256999
0.00254062
0.00251125
0.00248188
0.00245251
0.00242313
0.00239376
0.00236439
0.00233502
0.00230565
0.00227628
0.0022469
0.00221753
0.00218816
0.00215879
0.00212942
0.00210004
0.00207067
0.0020413
0.00201193
0.00198256
0.00195319
0.00192381
0.00189444
0.00186507
0.0018357
0.00180633
0.00177696
0.00174759
0.00171821
0.00168884
0.00165947
0.0016301
0.00160073
0.00157136
0.00154199
0.00151262
0.00148325
0.00145388
0.0014245
0.00139513
0.00136576
0.00133639
0.00130702
0.00127765
0.00124828
0.00121891
0.00118953
0.00116016
0.00113079
0.00110142
0.00107205
0.00104268
0.00101331
0.000983935
0.000954563
0.000925191
0.00089582
0.000866448
0.000837077
0.000807705
0.000778334
0.000748962
0.00071959
0.000690218
0.000660847
0.000631475
0.000602103
0.000572732
0.00054336
0.000513989
0.000484617
0.000455246
0.000425875
0.000396503
0.000367132
0.000337761
0.000308391
0.00027902
0.000249649
0.000220278
0.000190908
0.000161537
0.000132167
0.000102796
7.3426e-05
4.40556e-05
1.46852e-05
0.00563568
0.00563318
0.00562824
0.00562087
0.00561115
0.00559916
0.00558506
0.00556903
0.00555128
0.00553203
0.00551145
0.0054897
0.00546692
0.00544324
0.00541876
0.00539361
0.00536786
0.0053416
0.0053149
0.00528782
0.00526041
0.00523273
0.0052048
0.00517666
0.00514835
0.00511988
0.00509129
0.00506258
0.00503378
0.00500489
0.00497594
0.00494693
0.00491786
0.00488875
0.0048596
0.00483043
0.00480122
0.00477199
0.00474274
0.00471347
0.00468419
0.00465489
0.00462559
0.00459627
0.00456695
0.00453762
0.00450829
0.00447895
0.0044496
0.00442025
0.0043909
0.00436155
0.00433219
0.00430283
0.00427347
0.00424411
0.00421474
0.00418538
0.00415602
0.00412665
0.00409728
0.00406792
0.00403855
0.00400918
0.00397981
0.00395044
0.00392108
0.00389171
0.00386234
0.00383297
0.0038036
0.00377423
0.00374486
0.00371549
0.00368612
0.00365675
0.00362738
0.00359801
0.00356864
0.00353927
0.0035099
0.00348053
0.00345115
0.00342178
0.00339241
0.00336304
0.00333367
0.0033043
0.00327493
0.00324555
0.00321618
0.00318681
0.00315744
0.00312807
0.00309869
0.00306932
0.00303995
0.00301058
0.0029812
0.00295183
0.00292246
0.00289309
0.00286372
0.00283434
0.00280497
0.0027756
0.00274623
0.00271685
0.00268748
0.00265811
0.00262874
0.00259937
0.00256999
0.00254062
0.00251125
0.00248188
0.00245251
0.00242313
0.00239376
0.00236439
0.00233502
0.00230565
0.00227628
0.0022469
0.00221753
0.00218816
0.00215879
0.00212942
0.00210004
0.00207067
0.0020413
0.00201193
0.00198256
0.00195319
0.00192381
0.00189444
0.00186507
0.0018357
0.00180633
0.00177696
0.00174759
0.00171821
0.00168884
0.00165947
0.0016301
0.00160073
0.00157136
0.00154199
0.00151262
0.00148325
0.00145388
0.0014245
0.00139513
0.00136576
0.00133639
0.00130702
0.00127765
0.00124828
0.00121891
0.00118953
0.00116016
0.00113079
0.00110142
0.00107205
0.00104268
0.00101331
0.000983934
0.000954563
0.000925191
0.00089582
0.000866448
0.000837077
0.000807705
0.000778333
0.000748962
0.00071959
0.000690218
0.000660847
0.000631475
0.000602103
0.000572732
0.00054336
0.000513989
0.000484617
0.000455246
0.000425875
0.000396503
0.000367132
0.000337761
0.00030839
0.00027902
0.000249649
0.000220278
0.000190908
0.000161537
0.000132167
0.000102796
7.34259e-05
4.40556e-05
1.46852e-05
0.00562846
0.00562605
0.00562129
0.00561418
0.00560479
0.00559321
0.00557955
0.005564
0.00554674
0.00552796
0.00550782
0.00548648
0.00546407
0.00544072
0.00541656
0.00539168
0.00536618
0.00534014
0.00531364
0.00528673
0.00525947
0.00523191
0.00520409
0.00517606
0.00514783
0.00511944
0.0050909
0.00506225
0.0050335
0.00500465
0.00497573
0.00494675
0.00491771
0.00488862
0.00485949
0.00483033
0.00480114
0.00477192
0.00474268
0.00471342
0.00468415
0.00465486
0.00462556
0.00459625
0.00456693
0.0045376
0.00450827
0.00447893
0.00444959
0.00442024
0.00439089
0.00436154
0.00433218
0.00430282
0.00427346
0.0042441
0.00421474
0.00418538
0.00415601
0.00412665
0.00409728
0.00406791
0.00403855
0.00400918
0.00397981
0.00395044
0.00392108
0.00389171
0.00386234
0.00383297
0.0038036
0.00377423
0.00374486
0.00371549
0.00368612
0.00365675
0.00362738
0.00359801
0.00356864
0.00353927
0.0035099
0.00348053
0.00345115
0.00342178
0.00339241
0.00336304
0.00333367
0.0033043
0.00327493
0.00324555
0.00321618
0.00318681
0.00315744
0.00312807
0.00309869
0.00306932
0.00303995
0.00301058
0.0029812
0.00295183
0.00292246
0.00289309
0.00286372
0.00283434
0.00280497
0.0027756
0.00274623
0.00271685
0.00268748
0.00265811
0.00262874
0.00259937
0.00256999
0.00254062
0.00251125
0.00248188
0.00245251
0.00242313
0.00239376
0.00236439
0.00233502
0.00230565
0.00227628
0.0022469
0.00221753
0.00218816
0.00215879
0.00212942
0.00210004
0.00207067
0.0020413
0.00201193
0.00198256
0.00195319
0.00192381
0.00189444
0.00186507
0.0018357
0.00180633
0.00177696
0.00174759
0.00171821
0.00168884
0.00165947
0.0016301
0.00160073
0.00157136
0.00154199
0.00151262
0.00148325
0.00145388
0.0014245
0.00139513
0.00136576
0.00133639
0.00130702
0.00127765
0.00124828
0.00121891
0.00118953
0.00116016
0.00113079
0.00110142
0.00107205
0.00104268
0.00101331
0.000983934
0.000954563
0.000925191
0.00089582
0.000866448
0.000837077
0.000807705
0.000778333
0.000748962
0.00071959
0.000690218
0.000660847
0.000631475
0.000602103
0.000572732
0.00054336
0.000513989
0.000484617
0.000455246
0.000425875
0.000396503
0.000367132
0.000337761
0.00030839
0.00027902
0.000249649
0.000220278
0.000190908
0.000161537
0.000132167
0.000102796
7.34259e-05
4.40556e-05
1.46852e-05
0.0056237
0.00562135
0.0056167
0.00560976
0.00560059
0.00558926
0.00557589
0.00556065
0.00554371
0.00552523
0.00550538
0.00548431
0.00546215
0.00543903
0.00541507
0.00539038
0.00536505
0.00533916
0.00531278
0.00528599
0.00525883
0.00523136
0.00520362
0.00517565
0.00514747
0.00511913
0.00509064
0.00506203
0.0050333
0.00500449
0.00497559
0.00494663
0.0049176
0.00488853
0.00485942
0.00483027
0.00480108
0.00477187
0.00474264
0.00471339
0.00468412
0.00465483
0.00462554
0.00459623
0.00456691
0.00453759
0.00450826
0.00447892
0.00444958
0.00442023
0.00439088
0.00436153
0.00433218
0.00430282
0.00427346
0.0042441
0.00421474
0.00418538
0.00415601
0.00412665
0.00409728
0.00406791
0.00403855
0.00400918
0.00397981
0.00395044
0.00392107
0.00389171
0.00386234
0.00383297
0.0038036
0.00377423
0.00374486
0.00371549
0.00368612
0.00365675
0.00362738
0.00359801
0.00356864
0.00353927
0.0035099
0.00348053
0.00345115
0.00342178
0.00339241
0.00336304
0.00333367
0.0033043
0.00327493
0.00324555
0.00321618
0.00318681
0.00315744
0.00312807
0.00309869
0.00306932
0.00303995
0.00301058
0.0029812
0.00295183
0.00292246
0.00289309
0.00286372
0.00283434
0.00280497
0.0027756
0.00274623
0.00271685
0.00268748
0.00265811
0.00262874
0.00259937
0.00256999
0.00254062
0.00251125
0.00248188
0.00245251
0.00242313
0.00239376
0.00236439
0.00233502
0.00230565
0.00227628
0.0022469
0.00221753
0.00218816
0.00215879
0.00212942
0.00210004
0.00207067
0.0020413
0.00201193
0.00198256
0.00195319
0.00192381
0.00189444
0.00186507
0.0018357
0.00180633
0.00177696
0.00174759
0.00171821
0.00168884
0.00165947
0.0016301
0.00160073
0.00157136
0.00154199
0.00151262
0.00148325
0.00145388
0.0014245
0.00139513
0.00136576
0.00133639
0.00130702
0.00127765
0.00124828
0.00121891
0.00118953
0.00116016
0.00113079
0.00110142
0.00107205
0.00104268
0.00101331
0.000983934
0.000954563
0.000925191
0.00089582
0.000866448
0.000837077
0.000807705
0.000778333
0.000748962
0.00071959
0.000690218
0.000660847
0.000631475
0.000602103
0.000572732
0.00054336
0.000513989
0.000484617
0.000455246
0.000425875
0.000396503
0.000367132
0.000337761
0.000308391
0.00027902
0.000249649
0.000220278
0.000190908
0.000161537
0.000132167
0.000102796
7.3426e-05
4.40556e-05
1.46852e-05
0.00562133
0.00561901
0.00561441
0.00560756
0.00559849
0.00558729
0.00557407
0.00555898
0.00554219
0.00552387
0.00550416
0.00548322
0.00546118
0.00543818
0.00541433
0.00538973
0.00536448
0.00533866
0.00531235
0.00528561
0.0052585
0.00523108
0.00520338
0.00517544
0.0051473
0.00511898
0.00509051
0.00506191
0.00503321
0.0050044
0.00497552
0.00494657
0.00491755
0.00488849
0.00485938
0.00483023
0.00480105
0.00477185
0.00474262
0.00471337
0.0046841
0.00465482
0.00462552
0.00459622
0.0045669
0.00453758
0.00450825
0.00447892
0.00444957
0.00442023
0.00439088
0.00436153
0.00433218
0.00430282
0.00427346
0.0042441
0.00421474
0.00418537
0.00415601
0.00412665
0.00409728
0.00406791
0.00403855
0.00400918
0.00397981
0.00395044
0.00392107
0.00389171
0.00386234
0.00383297
0.0038036
0.00377423
0.00374486
0.00371549
0.00368612
0.00365675
0.00362738
0.00359801
0.00356864
0.00353927
0.0035099
0.00348052
0.00345115
0.00342178
0.00339241
0.00336304
0.00333367
0.0033043
0.00327493
0.00324555
0.00321618
0.00318681
0.00315744
0.00312807
0.00309869
0.00306932
0.00303995
0.00301058
0.0029812
0.00295183
0.00292246
0.00289309
0.00286372
0.00283434
0.00280497
0.0027756
0.00274623
0.00271685
0.00268748
0.00265811
0.00262874
0.00259937
0.00256999
0.00254062
0.00251125
0.00248188
0.00245251
0.00242313
0.00239376
0.00236439
0.00233502
0.00230565
0.00227628
0.0022469
0.00221753
0.00218816
0.00215879
0.00212942
0.00210004
0.00207067
0.0020413
0.00201193
0.00198256
0.00195319
0.00192381
0.00189444
0.00186507
0.0018357
0.00180633
0.00177696
0.00174759
0.00171821
0.00168884
0.00165947
0.0016301
0.00160073
0.00157136
0.00154199
0.00151262
0.00148325
0.00145388
0.0014245
0.00139513
0.00136576
0.00133639
0.00130702
0.00127765
0.00124828
0.00121891
0.00118953
0.00116016
0.00113079
0.00110142
0.00107205
0.00104268
0.00101331
0.000983934
0.000954563
0.000925191
0.00089582
0.000866448
0.000837077
0.000807705
0.000778333
0.000748962
0.00071959
0.000690218
0.000660847
0.000631475
0.000602103
0.000572732
0.00054336
0.000513989
0.000484617
0.000455246
0.000425875
0.000396503
0.000367132
0.000337761
0.000308391
0.00027902
0.000249649
0.000220278
0.000190908
0.000161537
0.000132167
0.000102796
7.3426e-05
4.40556e-05
1.46852e-05
)
;

boundaryField
{
    inlet
    {
        type            zeroGradient;
    }
    outlet
    {
        type            fixedValue;
        value           uniform 0;
    }
    top
    {
        type            zeroGradient;
    }
    bottom
    {
        type            zeroGradient;
    }
    frontAndBack
    {
        type            empty;
    }
}


// ************************************************************************* //
