/*--------------------------------*- C++ -*----------------------------------*\
  =========                 |
  \\      /  F ield         | OpenFOAM: The Open Source CFD Toolbox
   \\    /   O peration     | Website:  https://openfoam.org
    \\  /    A nd           | Version:  dev
     \\/     M anipulation  |
\*---------------------------------------------------------------------------*/
FoamFile
{
    format      ascii;
    class       surfaceScalarField;
    location    "0.7";
    object      phi;
}
// * * * * * * * * * * * * * * * * * * * * * * * * * * * * * * * * * * * * * //

dimensions      [0 3 -1 0 0 0 0];

internalField   nonuniform List<scalar> 
7780
(
0.00499903
9.65337e-07
0.00499705
1.98529e-06
0.00499457
2.47549e-06
0.00499189
2.68324e-06
0.00498933
2.55782e-06
0.00498695
2.37843e-06
0.00498461
2.34301e-06
0.00498206
2.55581e-06
0.00497924
2.81869e-06
0.00497624
3.00056e-06
0.00497321
3.02857e-06
0.00497038
2.83218e-06
0.00496795
2.43017e-06
0.00496602
1.92707e-06
0.00496458
1.43628e-06
0.00496356
1.02521e-06
0.00496284
7.13512e-07
0.00496235
4.92611e-07
0.00496201
3.42855e-07
0.00496176
2.43604e-07
0.00496159
1.77939e-07
0.00496145
1.33813e-07
0.00496135
1.03339e-07
0.00496127
8.15916e-08
0.0049612
6.55505e-08
0.00496115
5.33647e-08
0.0049611
4.388e-08
0.00496107
3.63551e-08
0.00496104
3.02961e-08
0.00496101
2.53619e-08
0.00496099
2.1308e-08
0.00496097
1.79542e-08
0.00496096
1.51643e-08
0.00496095
1.2833e-08
0.00496093
1.08779e-08
0.00496093
9.23319e-09
0.00496092
7.84616e-09
0.00496091
6.67395e-09
0.00496091
5.68153e-09
0.0049609
4.84005e-09
0.0049609
4.12565e-09
0.00496089
3.51847e-09
0.00496089
3.00195e-09
0.00496089
2.5622e-09
0.00496088
2.18756e-09
0.00496088
1.8682e-09
0.00496088
1.59584e-09
0.00496088
1.36345e-09
0.00496088
1.16511e-09
0.00496088
9.9576e-10
0.00496088
8.51135e-10
0.00496088
7.27594e-10
0.00496088
6.22042e-10
0.00496088
5.31844e-10
0.00496087
4.54757e-10
0.00496087
3.88867e-10
0.00496087
3.32542e-10
0.00496087
2.84387e-10
0.00496087
2.43213e-10
0.00496087
2.08006e-10
0.00496087
1.77901e-10
0.00496087
1.52158e-10
0.00496087
1.30144e-10
0.00496087
1.11316e-10
0.00496087
9.52127e-11
0.00496087
8.14392e-11
0.00496087
6.96591e-11
0.00496087
5.95842e-11
0.00496087
5.09671e-11
0.00496087
4.35962e-11
0.00496087
3.72913e-11
0.00496087
3.18986e-11
0.00496087
2.72867e-11
0.00496087
2.33421e-11
0.00496087
1.99674e-11
0.00496087
1.70798e-11
0.00496087
1.46092e-11
0.00496087
1.24963e-11
0.00496087
1.06898e-11
0.00496087
9.14529e-12
0.00496087
7.82404e-12
0.00496087
6.69279e-12
0.00496087
5.72407e-12
0.00496087
4.89524e-12
0.00496087
4.18718e-12
0.00496087
3.58282e-12
0.00496087
3.06667e-12
0.00496087
2.62499e-12
0.00496087
2.24596e-12
0.00496087
1.92025e-12
0.00496087
1.64085e-12
0.00496087
1.40215e-12
0.00496087
1.19901e-12
0.00496087
1.02636e-12
0.00496087
8.79252e-13
0.00496087
7.53051e-13
0.00496087
6.44029e-13
0.00496087
5.49813e-13
0.00496087
4.68802e-13
0.00496087
3.99872e-13
0.00496087
3.41865e-13
0.00496087
2.93256e-13
0.00496087
2.5216e-13
0.00496087
2.1675e-13
0.00496087
1.85596e-13
0.00496087
1.5799e-13
0.00496087
1.33721e-13
0.00496087
1.12926e-13
0.00496087
9.56439e-14
0.00496087
8.17194e-14
0.00496087
7.06575e-14
0.00496087
6.16952e-14
0.00496087
5.39921e-14
0.00496087
4.68834e-14
0.00496087
4.01949e-14
0.00496087
3.3909e-14
0.00496087
2.81801e-14
0.00496087
2.33164e-14
0.00496087
1.94563e-14
0.00496087
1.66997e-14
0.00496087
1.47452e-14
0.00496087
1.34347e-14
0.00496087
1.23816e-14
0.00496087
1.11927e-14
0.00496087
9.90088e-15
0.00496087
8.38596e-15
0.00496087
6.78355e-15
0.00496087
5.29282e-15
0.00496087
4.0971e-15
0.00496087
3.31529e-15
0.00496087
2.99102e-15
0.00496087
3.00082e-15
0.00496087
3.23001e-15
0.00496087
3.45126e-15
0.00496087
3.53798e-15
0.00496087
3.18974e-15
0.00496087
2.47356e-15
0.00496087
1.49499e-15
0.00496087
4.95588e-16
0.00496087
-2.63335e-16
0.00496087
-6.62562e-16
0.00496087
-6.19651e-16
0.00496087
-1.07685e-16
0.00496087
6.92079e-16
0.00496087
1.51571e-15
0.00496087
2.13076e-15
0.00496087
2.50825e-15
0.00496087
2.43212e-15
0.00496087
1.90734e-15
0.00496087
1.05503e-15
0.00496087
1.54107e-17
0.00496087
-1.14523e-15
0.00496087
-2.2823e-15
0.00496087
-3.26775e-15
0.00496087
-3.67843e-15
0.00496087
-3.68863e-15
0.00496087
-3.4254e-15
0.00496087
-2.95371e-15
0.00496087
-2.30832e-15
0.00496087
-1.70053e-15
0.00496087
-1.16578e-15
0.00496087
-6.66362e-16
0.00496087
-3.80469e-16
0.00496087
-2.44996e-16
0.00496087
-2.30717e-16
0.00496087
-2.82931e-16
0.00496087
-4.02684e-16
0.00496087
-5.20288e-16
0.00496087
-6.501e-16
0.00496087
-7.29994e-16
0.00496087
-7.11202e-16
0.00496087
-5.45359e-16
0.00496087
-2.60685e-16
0.00496087
4.18389e-17
0.00496087
3.44214e-16
0.00496087
6.50809e-16
0.00496087
1.0525e-15
0.00496087
1.47497e-15
0.00496087
1.68217e-15
0.00496087
1.95457e-15
0.00496087
2.07689e-15
0.00496087
2.16247e-15
0.00496087
2.30015e-15
0.00496087
2.46724e-15
0.00496087
2.41784e-15
0.00496087
2.39873e-15
0.00496087
2.52075e-15
0.00496087
2.3149e-15
0.00496087
2.46573e-15
0.00496087
2.53037e-15
0.00496087
2.21592e-15
0.00496087
2.49376e-15
0.00496087
1.88512e-15
0.00496087
1.71905e-15
0.00496087
1.66568e-15
0.00496087
1.04235e-15
0.00496087
5.44199e-16
0.00496087
1.17994e-16
0.00496087
-1.84852e-16
-2.85997e-16
0.00500042
5.50077e-07
0.00500102
1.38068e-06
0.00500161
1.889e-06
0.00500205
2.24142e-06
0.00500226
2.34376e-06
0.00500246
2.18479e-06
0.00500271
2.09202e-06
0.00500301
2.25044e-06
0.00500332
2.51176e-06
0.00500361
2.7049e-06
0.00500387
2.77103e-06
0.00500403
2.6765e-06
0.00500405
2.41121e-06
0.00500395
2.02902e-06
0.00500376
1.61758e-06
0.00500354
1.2441e-06
0.00500332
9.38081e-07
0.00500311
7.02595e-07
0.00500292
5.28258e-07
0.00500277
4.017e-07
0.00500263
3.10098e-07
0.00500253
2.43169e-07
0.00500244
1.93468e-07
0.00500236
1.55864e-07
0.0050023
1.26886e-07
0.00500225
1.04181e-07
0.00500221
8.61344e-08
0.00500217
7.16171e-08
0.00500214
5.98224e-08
0.00500212
5.01601e-08
0.0050021
4.21905e-08
0.00500208
3.55796e-08
0.00500206
3.00698e-08
0.00500205
2.54595e-08
0.00500204
2.1589e-08
0.00500203
1.83305e-08
0.00500202
1.55808e-08
0.00500202
1.32559e-08
0.00500201
1.12867e-08
0.00500201
9.61648e-09
0.005002
8.19808e-09
0.005002
6.9923e-09
0.005002
5.96634e-09
0.00500199
5.09272e-09
0.00500199
4.34835e-09
0.00500199
3.71375e-09
0.00500199
3.17247e-09
0.00500199
2.71061e-09
0.00500199
2.31636e-09
0.00500198
1.97974e-09
0.00500198
1.69224e-09
0.00500198
1.44664e-09
0.00500198
1.2368e-09
0.00500198
1.05748e-09
0.00500198
9.04219e-10
0.00500198
7.73215e-10
0.00500198
6.61223e-10
0.00500198
5.65474e-10
0.00500198
4.83608e-10
0.00500198
4.13607e-10
0.00500198
3.53749e-10
0.00500198
3.02561e-10
0.00500198
2.58786e-10
0.00500198
2.21346e-10
0.00500198
1.89325e-10
0.00500198
1.61938e-10
0.00500198
1.38515e-10
0.00500198
1.18482e-10
0.00500198
1.01347e-10
0.00500198
8.66908e-11
0.00500198
7.41543e-11
0.00500198
6.34314e-11
0.00500198
5.42599e-11
0.00500198
4.64151e-11
0.00500198
3.97042e-11
0.00500198
3.39629e-11
0.00500198
2.90515e-11
0.00500198
2.48506e-11
0.00500198
2.12579e-11
0.00500198
1.81854e-11
0.00500198
1.55569e-11
0.00500198
1.33079e-11
0.00500198
1.13839e-11
0.00500198
9.73848e-12
0.00500198
8.33188e-12
0.00500198
7.12935e-12
0.00500198
6.10053e-12
0.00500198
5.21939e-12
0.00500198
4.46416e-12
0.00500198
3.81708e-12
0.00500198
3.26347e-12
0.00500198
2.79067e-12
0.00500198
2.38724e-12
0.00500198
2.04282e-12
0.00500198
1.7481e-12
0.00500198
1.49522e-12
0.00500198
1.27803e-12
0.00500198
1.09183e-12
0.00500198
9.32744e-13
0.00500198
7.97318e-13
0.00500198
6.82175e-13
0.00500198
5.83943e-13
0.00500198
4.99682e-13
0.00500198
4.26888e-13
0.00500198
3.63823e-13
0.00500198
3.09486e-13
0.00500198
2.63245e-13
0.00500198
2.24484e-13
0.00500198
1.92247e-13
0.00500198
1.65453e-13
0.00500198
1.42814e-13
0.00500198
1.23089e-13
0.00500198
1.05554e-13
0.00500198
8.9701e-14
0.00500198
7.55373e-14
0.00500198
6.31743e-14
0.00500198
5.27711e-14
0.00500198
4.44213e-14
0.00500198
3.78015e-14
0.00500198
3.27296e-14
0.00500198
2.86275e-14
0.00500198
2.51468e-14
0.00500198
2.20832e-14
0.00500198
1.91353e-14
0.00500198
1.64087e-14
0.00500198
1.39023e-14
0.00500198
1.17283e-14
0.00500198
9.97118e-15
0.00500198
8.73545e-15
0.00500198
7.90446e-15
0.00500198
7.54116e-15
0.00500198
7.13049e-15
0.00500198
6.96092e-15
0.00500198
6.8381e-15
0.00500198
6.62492e-15
0.00500198
6.30315e-15
0.00500198
5.86257e-15
0.00500198
5.41908e-15
0.00500198
5.07954e-15
0.00500198
4.9131e-15
0.00500198
4.78695e-15
0.00500198
4.76586e-15
0.00500198
4.71345e-15
0.00500198
4.34819e-15
0.00500198
3.79898e-15
0.00500198
2.93167e-15
0.00500198
1.83008e-15
0.00500198
5.08501e-16
0.00500198
-9.22761e-16
0.00500198
-2.27121e-15
0.00500198
-3.48675e-15
0.00500198
-4.43472e-15
0.00500198
-4.9507e-15
0.00500198
-5.09902e-15
0.00500198
-5.07769e-15
0.00500198
-4.65349e-15
0.00500198
-4.18353e-15
0.00500198
-3.50809e-15
0.00500198
-2.79116e-15
0.00500198
-2.20088e-15
0.00500198
-1.65982e-15
0.00500198
-1.25305e-15
0.00500198
-9.03622e-16
0.00500198
-6.65251e-16
0.00500198
-3.74747e-16
0.00500198
-8.777e-17
0.00500198
1.40548e-16
0.00500198
3.76075e-16
0.00500198
5.77277e-16
0.00500198
8.64019e-16
0.00500198
1.18466e-15
0.00500198
1.4989e-15
0.00500198
1.8269e-15
0.00500198
1.92192e-15
0.00500198
2.06448e-15
0.00500198
2.15468e-15
0.00500198
2.12322e-15
0.00500198
2.23369e-15
0.00500198
2.12443e-15
0.00500198
1.89554e-15
0.00500198
1.71591e-15
0.00500198
1.64262e-15
0.00500198
1.50185e-15
0.00500198
1.49515e-15
0.00500198
1.27082e-15
0.00500198
1.04575e-15
0.00500198
1.23701e-15
0.00500198
1.11119e-15
0.00500198
1.30157e-15
0.00500198
1.23469e-15
0.00500198
9.59193e-16
0.00500198
1.34488e-15
0.00500198
1.02418e-15
0.00500198
9.88564e-16
0.00500198
8.63459e-16
0.00500198
5.52031e-16
0.00500198
3.84407e-16
0.00500198
2.74933e-16
0.00500198
-4.29299e-17
-2.05801e-16
0.00500019
3.56614e-07
0.00500061
9.61013e-07
0.0050011
1.39948e-06
0.00500157
1.77264e-06
0.00500189
2.02689e-06
0.00500206
2.01432e-06
0.00500224
1.90941e-06
0.00500251
1.98265e-06
0.00500282
2.20279e-06
0.00500313
2.39631e-06
0.00500341
2.48731e-06
0.00500362
2.46419e-06
0.00500372
2.31345e-06
0.0050037
2.0496e-06
0.00500359
1.72697e-06
0.00500343
1.40393e-06
0.00500325
1.1162e-06
0.00500308
8.77067e-07
0.00500292
6.86815e-07
0.00500278
5.39448e-07
0.00500267
4.26724e-07
0.00500257
3.40611e-07
0.00500249
2.74436e-07
0.00500242
2.23086e-07
0.00500236
1.82786e-07
0.00500232
1.50792e-07
0.00500228
1.25118e-07
0.00500225
1.04318e-07
0.00500222
8.7326e-08
0.00500219
7.33477e-08
0.00500218
6.17796e-08
0.00500216
5.21579e-08
0.00500214
4.41215e-08
0.00500213
3.73851e-08
0.00500212
3.17216e-08
0.00500211
2.69479e-08
0.00500211
2.29156e-08
0.0050021
1.95033e-08
0.00500209
1.66112e-08
0.00500209
1.41567e-08
0.00500209
1.20713e-08
0.00500208
1.02978e-08
0.00500208
8.78821e-09
0.00500208
7.50242e-09
0.00500208
6.40658e-09
0.00500207
5.47214e-09
0.00500207
4.67497e-09
0.00500207
3.99465e-09
0.00500207
3.41386e-09
0.00500207
2.9179e-09
0.00500207
2.49427e-09
0.00500207
2.13236e-09
0.00500207
1.82311e-09
0.00500207
1.55883e-09
0.00500207
1.33294e-09
0.00500207
1.13984e-09
0.00500207
9.74766e-10
0.00500207
8.33628e-10
0.00500207
7.1295e-10
0.00500206
6.0976e-10
0.00500206
5.2152e-10
0.00500206
4.46059e-10
0.00500206
3.81523e-10
0.00500206
3.26328e-10
0.00500206
2.79121e-10
0.00500206
2.38747e-10
0.00500206
2.04215e-10
0.00500206
1.74681e-10
0.00500206
1.49419e-10
0.00500206
1.27811e-10
0.00500206
1.09328e-10
0.00500206
9.35193e-11
0.00500206
7.99973e-11
0.00500206
6.84311e-11
0.00500206
5.85367e-11
0.00500206
5.00724e-11
0.00500206
4.28318e-11
0.00500206
3.66386e-11
0.00500206
3.13417e-11
0.00500206
2.68113e-11
0.00500206
2.29359e-11
0.00500206
1.96207e-11
0.00500206
1.67849e-11
0.00500206
1.43596e-11
0.00500206
1.22856e-11
0.00500206
1.05116e-11
0.00500206
8.99342e-12
0.00500206
7.69338e-12
0.00500206
6.57995e-12
0.00500206
5.62694e-12
0.00500206
4.81197e-12
0.00500206
4.1157e-12
0.00500206
3.52092e-12
0.00500206
3.0123e-12
0.00500206
2.57676e-12
0.00500206
2.20334e-12
0.00500206
1.88331e-12
0.00500206
1.60953e-12
0.00500206
1.37578e-12
0.00500206
1.17655e-12
0.00500206
1.00654e-12
0.00500206
8.60955e-13
0.00500206
7.35751e-13
0.00500206
6.27698e-13
0.00500206
5.34763e-13
0.00500206
4.55403e-13
0.00500206
3.88293e-13
0.00500206
3.32065e-13
0.00500206
2.8497e-13
0.00500206
2.45218e-13
0.00500206
2.1108e-13
0.00500206
1.81063e-13
0.00500206
1.54357e-13
0.00500206
1.30569e-13
0.00500206
1.09802e-13
0.00500206
9.20958e-14
0.00500206
7.74236e-14
0.00500206
6.56505e-14
0.00500206
5.61749e-14
0.00500206
4.86005e-14
0.00500206
4.22442e-14
0.00500206
3.66528e-14
0.00500206
3.16896e-14
0.00500206
2.72011e-14
0.00500206
2.32277e-14
0.00500206
1.98697e-14
0.00500206
1.70992e-14
0.00500206
1.49261e-14
0.00500206
1.33214e-14
0.00500206
1.21683e-14
0.00500206
1.13541e-14
0.00500206
1.07096e-14
0.00500206
1.02532e-14
0.00500206
9.90093e-15
0.00500206
9.58215e-15
0.00500206
9.31162e-15
0.00500206
9.08368e-15
0.00500206
8.93819e-15
0.00500206
8.84501e-15
0.00500206
8.81314e-15
0.00500206
8.66998e-15
0.00500206
8.30031e-15
0.00500206
7.64061e-15
0.00500206
6.53485e-15
0.00500206
5.14431e-15
0.00500206
3.40623e-15
0.00500206
1.46495e-15
0.00500206
-5.45333e-16
0.00500206
-2.52236e-15
0.00500206
-4.23841e-15
0.00500206
-5.60503e-15
0.00500206
-6.51421e-15
0.00500206
-6.95578e-15
0.00500206
-7.04541e-15
0.00500206
-6.74982e-15
0.00500206
-6.25068e-15
0.00500206
-5.5651e-15
0.00500206
-4.75642e-15
0.00500206
-3.9401e-15
0.00500206
-3.11979e-15
0.00500206
-2.50758e-15
0.00500206
-1.94127e-15
0.00500206
-1.40787e-15
0.00500206
-9.45876e-16
0.00500206
-4.02734e-16
0.00500206
8.94476e-17
0.00500206
5.52934e-16
0.00500206
9.72179e-16
0.00500206
1.42321e-15
0.00500206
1.95961e-15
0.00500206
2.41221e-15
0.00500206
2.81432e-15
0.00500206
3.08942e-15
0.00500206
3.1498e-15
0.00500206
3.24658e-15
0.00500206
3.25755e-15
0.00500206
3.08969e-15
0.00500206
2.91319e-15
0.00500206
2.63183e-15
0.00500206
2.26699e-15
0.00500206
2.00005e-15
0.00500206
1.79099e-15
0.00500206
1.46554e-15
0.00500206
1.28578e-15
0.00500206
1.1127e-15
0.00500206
8.9867e-16
0.00500206
1.0157e-15
0.00500206
1.02996e-15
0.00500206
1.05218e-15
0.00500206
1.04996e-15
0.00500206
8.74965e-16
0.00500206
1.13095e-15
0.00500206
1.0644e-15
0.00500206
9.12774e-16
0.00500206
6.49321e-16
0.00500206
5.81416e-16
0.00500206
5.36645e-16
0.00500206
3.82492e-16
0.00500206
3.21316e-17
-9.31581e-17
0.00500011
2.44539e-07
0.00500036
7.12647e-07
0.00500067
1.09423e-06
0.00500101
1.42961e-06
0.00500132
1.71232e-06
0.00500153
1.80363e-06
0.00500169
1.74927e-06
0.0050019
1.77771e-06
0.00500215
1.95398e-06
0.00500239
2.15178e-06
0.00500261
2.26764e-06
0.0050028
2.27747e-06
0.00500293
2.17816e-06
0.005003
1.97964e-06
0.00500301
1.71875e-06
0.00500297
1.4425e-06
0.00500291
1.18478e-06
0.00500282
9.61324e-07
0.00500273
7.75888e-07
0.00500265
6.2608e-07
0.00500257
5.0678e-07
0.00500249
4.1222e-07
0.00500243
3.37163e-07
0.00500238
2.77303e-07
0.00500233
2.29262e-07
0.00500229
1.9044e-07
0.00500226
1.58852e-07
0.00500223
1.32985e-07
0.0050022
1.11678e-07
0.00500218
9.40363e-08
0.00500217
7.93631e-08
0.00500215
6.71104e-08
0.00500214
5.68441e-08
0.00500213
4.82167e-08
0.00500212
4.09483e-08
0.00500211
3.48116e-08
0.0050021
2.96208e-08
0.0050021
2.5223e-08
0.00500209
2.1492e-08
0.00500209
1.83231e-08
0.00500208
1.56288e-08
0.00500208
1.33361e-08
0.00500208
1.13837e-08
0.00500208
9.72001e-09
0.00500208
8.30161e-09
0.00500207
7.09175e-09
0.00500207
6.05936e-09
0.00500207
5.17811e-09
0.00500207
4.42564e-09
0.00500207
3.78297e-09
0.00500207
3.23396e-09
0.00500207
2.76487e-09
0.00500207
2.36401e-09
0.00500207
2.0214e-09
0.00500207
1.72854e-09
0.00500207
1.47818e-09
0.00500207
1.26413e-09
0.00500207
1.08112e-09
0.00500207
9.24635e-10
0.00500206
7.9082e-10
0.00500206
6.76387e-10
0.00500206
5.78524e-10
0.00500206
4.94827e-10
0.00500206
4.23244e-10
0.00500206
3.62021e-10
0.00500206
3.09659e-10
0.00500206
2.64874e-10
0.00500206
2.26568e-10
0.00500206
1.93802e-10
0.00500206
1.65776e-10
0.00500206
1.41804e-10
0.00500206
1.21299e-10
0.00500206
1.0376e-10
0.00500206
8.87579e-11
0.00500206
7.59244e-11
0.00500206
6.49459e-11
0.00500206
5.55548e-11
0.00500206
4.75224e-11
0.00500206
4.06523e-11
0.00500206
3.47762e-11
0.00500206
2.97498e-11
0.00500206
2.545e-11
0.00500206
2.17719e-11
0.00500206
1.86258e-11
0.00500206
1.5935e-11
0.00500206
1.3633e-11
0.00500206
1.16631e-11
0.00500206
9.97677e-12
0.00500206
8.53333e-12
0.00500206
7.29833e-12
0.00500206
6.24223e-12
0.00500206
5.33948e-12
0.00500206
4.56761e-12
0.00500206
3.90713e-12
0.00500206
3.34156e-12
0.00500206
2.85705e-12
0.00500206
2.44228e-12
0.00500206
2.08775e-12
0.00500206
1.78512e-12
0.00500206
1.52684e-12
0.00500206
1.30591e-12
0.00500206
1.11638e-12
0.00500206
9.53391e-13
0.00500206
8.1319e-13
0.00500206
6.93093e-13
0.00500206
5.90814e-13
0.00500206
5.04499e-13
0.00500206
4.3197e-13
0.00500206
3.70832e-13
0.00500206
3.188e-13
0.00500206
2.73659e-13
0.00500206
2.33964e-13
0.00500206
1.98905e-13
0.00500206
1.68082e-13
0.00500206
1.41509e-13
0.00500206
1.19084e-13
0.00500206
1.00654e-13
0.00500206
8.57039e-14
0.00500206
7.34855e-14
0.00500206
6.33613e-14
0.00500206
5.47089e-14
0.00500206
4.70984e-14
0.00500206
4.03828e-14
0.00500206
3.45283e-14
0.00500206
2.95142e-14
0.00500206
2.54216e-14
0.00500206
2.2114e-14
0.00500206
1.95691e-14
0.00500206
1.75601e-14
0.00500206
1.60761e-14
0.00500206
1.49163e-14
0.00500206
1.39759e-14
0.00500206
1.32769e-14
0.00500206
1.27323e-14
0.00500206
1.2393e-14
0.00500206
1.22303e-14
0.00500206
1.21922e-14
0.00500206
1.22606e-14
0.00500206
1.23783e-14
0.00500206
1.23561e-14
0.00500206
1.20346e-14
0.00500206
1.1323e-14
0.00500206
1.00772e-14
0.00500206
8.34943e-15
0.00500206
6.22855e-15
0.00500206
3.74876e-15
0.00500206
1.09439e-15
0.00500206
-1.54873e-15
0.00500206
-3.97453e-15
0.00500206
-5.98699e-15
0.00500206
-7.47842e-15
0.00500206
-8.40029e-15
0.00500206
-8.81595e-15
0.00500206
-8.78991e-15
0.00500206
-8.36768e-15
0.00500206
-7.66761e-15
0.00500206
-6.8227e-15
0.00500206
-5.85373e-15
0.00500206
-4.93996e-15
0.00500206
-4.05837e-15
0.00500206
-3.2862e-15
0.00500206
-2.57933e-15
0.00500206
-1.85962e-15
0.00500206
-1.14256e-15
0.00500206
-4.70516e-16
0.00500206
2.25999e-16
0.00500206
8.73814e-16
0.00500206
1.50699e-15
0.00500206
2.26075e-15
0.00500206
2.94476e-15
0.00500206
3.47512e-15
0.00500206
3.89803e-15
0.00500206
4.15056e-15
0.00500206
4.28913e-15
0.00500206
4.31973e-15
0.00500206
4.20071e-15
0.00500206
3.91073e-15
0.00500206
3.46191e-15
0.00500206
3.113e-15
0.00500206
2.67769e-15
0.00500206
2.30306e-15
0.00500206
1.89836e-15
0.00500206
1.44635e-15
0.00500206
1.24193e-15
0.00500206
1.04671e-15
0.00500206
9.58423e-16
0.00500206
9.00018e-16
0.00500206
8.19689e-16
0.00500206
8.87357e-16
0.00500206
1.04522e-15
0.00500206
1.02104e-15
0.00500206
1.03483e-15
0.00500206
8.69157e-16
0.00500206
9.79377e-16
0.00500206
8.3111e-16
0.00500206
6.43394e-16
0.00500206
4.38153e-16
0.00500206
3.65984e-16
0.00500206
1.40732e-16
-3.87568e-17
0.00500005
1.92381e-07
0.0050002
5.61762e-07
0.00500042
8.81441e-07
0.00500068
1.16886e-06
0.00500096
1.43051e-06
0.00500118
1.57764e-06
0.00500134
1.59022e-06
0.00500151
1.61117e-06
0.00500172
1.7395e-06
0.00500196
1.91442e-06
0.00500219
2.03884e-06
0.00500239
2.07333e-06
0.00500256
2.01451e-06
0.00500267
1.87087e-06
0.00500272
1.66689e-06
0.00500272
1.4376e-06
0.0050027
1.2127e-06
0.00500265
1.00907e-06
0.00500259
8.33282e-07
0.00500253
6.85995e-07
0.00500247
5.64782e-07
0.00500242
4.65919e-07
0.00500237
3.85512e-07
0.00500233
3.2006e-07
0.00500229
2.6663e-07
0.00500226
2.22845e-07
0.00500223
1.86809e-07
0.00500221
1.57022e-07
0.00500219
1.32298e-07
0.00500217
1.117e-07
0.00500215
9.44794e-08
0.00500214
8.00393e-08
0.00500213
6.78982e-08
0.00500212
5.7666e-08
0.00500211
4.90251e-08
0.0050021
4.1715e-08
0.0050021
3.55213e-08
0.00500209
3.02666e-08
0.00500209
2.58033e-08
0.00500209
2.20087e-08
0.00500208
1.87797e-08
0.00500208
1.603e-08
0.00500208
1.3687e-08
0.00500208
1.16895e-08
0.00500207
9.98576e-09
0.00500207
8.53195e-09
0.00500207
7.291e-09
0.00500207
6.23141e-09
0.00500207
5.32646e-09
0.00500207
4.55341e-09
0.00500207
3.89291e-09
0.00500207
3.32847e-09
0.00500207
2.84606e-09
0.00500207
2.43371e-09
0.00500207
2.08121e-09
0.00500207
1.77984e-09
0.00500207
1.52216e-09
0.00500207
1.30183e-09
0.00500206
1.11342e-09
0.00500206
9.52308e-10
0.00500206
8.14521e-10
0.00500206
6.96682e-10
0.00500206
5.95898e-10
0.00500206
5.09701e-10
0.00500206
4.35978e-10
0.00500206
3.72922e-10
0.00500206
3.1899e-10
0.00500206
2.72859e-10
0.00500206
2.334e-10
0.00500206
1.99648e-10
0.00500206
1.70778e-10
0.00500206
1.46084e-10
0.00500206
1.24962e-10
0.00500206
1.06894e-10
0.00500206
9.14377e-11
0.00500206
7.82161e-11
0.00500206
6.69067e-11
0.00500206
5.72338e-11
0.00500206
4.89604e-11
0.00500206
4.18837e-11
0.00500206
3.583e-11
0.00500206
3.06511e-11
0.00500206
2.62208e-11
0.00500206
2.24312e-11
0.00500206
1.91898e-11
0.00500206
1.64169e-11
0.00500206
1.40443e-11
0.00500206
1.20138e-11
0.00500206
1.02763e-11
0.00500206
8.78981e-12
0.00500206
7.51852e-12
0.00500206
6.43138e-12
0.00500206
5.50139e-12
0.00500206
4.70537e-12
0.00500206
4.02378e-12
0.00500206
3.44024e-12
0.00500206
2.94112e-12
0.00500206
2.51468e-12
0.00500206
2.1505e-12
0.00500206
1.83932e-12
0.00500206
1.5729e-12
0.00500206
1.34424e-12
0.00500206
1.14766e-12
0.00500206
9.78893e-13
0.00500206
8.34676e-13
0.00500206
7.1223e-13
0.00500206
6.08806e-13
0.00500206
5.21592e-13
0.00500206
4.47588e-13
0.00500206
3.84186e-13
0.00500206
3.29079e-13
0.00500206
2.80723e-13
0.00500206
2.38192e-13
0.00500206
2.01297e-13
0.00500206
1.69866e-13
0.00500206
1.4349e-13
0.00500206
1.21826e-13
0.00500206
1.03977e-13
0.00500206
8.91757e-14
0.00500206
7.66207e-14
0.00500206
6.57479e-14
0.00500206
5.62133e-14
0.00500206
4.79113e-14
0.00500206
4.08314e-14
0.00500206
3.50055e-14
0.00500206
3.02839e-14
0.00500206
2.65711e-14
0.00500206
2.37126e-14
0.00500206
2.13874e-14
0.00500206
1.96063e-14
0.00500206
1.81021e-14
0.00500206
1.69079e-14
0.00500206
1.59816e-14
0.00500206
1.53009e-14
0.00500206
1.49681e-14
0.00500206
1.49291e-14
0.00500206
1.51131e-14
0.00500206
1.53743e-14
0.00500206
1.56203e-14
0.00500206
1.5557e-14
0.00500206
1.50045e-14
0.00500206
1.3913e-14
0.00500206
1.21266e-14
0.00500206
9.79764e-15
0.00500206
7.01353e-15
0.00500206
3.87597e-15
0.00500206
6.08289e-16
0.00500206
-2.53154e-15
0.00500206
-5.29117e-15
0.00500206
-7.48742e-15
0.00500206
-9.07401e-15
0.00500206
-1.00032e-14
0.00500206
-1.03923e-14
0.00500206
-1.02886e-14
0.00500206
-9.72807e-15
0.00500206
-8.89777e-15
0.00500206
-7.88961e-15
0.00500206
-6.85391e-15
0.00500206
-5.84356e-15
0.00500206
-4.90566e-15
0.00500206
-3.99535e-15
0.00500206
-3.11805e-15
0.00500206
-2.24863e-15
0.00500206
-1.33331e-15
0.00500206
-5.16709e-16
0.00500206
3.86862e-16
0.00500206
1.26604e-15
0.00500206
2.14098e-15
0.00500206
3.06362e-15
0.00500206
3.8196e-15
0.00500206
4.40157e-15
0.00500206
4.8809e-15
0.00500206
5.18555e-15
0.00500206
5.33179e-15
0.00500206
5.25176e-15
0.00500206
4.97858e-15
0.00500206
4.59264e-15
0.00500206
4.02565e-15
0.00500206
3.57752e-15
0.00500206
3.02352e-15
0.00500206
2.45583e-15
0.00500206
1.93399e-15
0.00500206
1.43698e-15
0.00500206
1.31018e-15
0.00500206
1.01255e-15
0.00500206
8.52202e-16
0.00500206
7.71215e-16
0.00500206
6.96295e-16
0.00500206
9.10044e-16
0.00500206
8.93094e-16
0.00500206
9.69005e-16
0.00500206
1.02404e-15
0.00500206
7.70718e-16
0.00500206
1.03038e-15
0.00500206
8.11087e-16
0.00500206
6.14449e-16
0.00500206
4.05229e-16
0.00500206
4.04473e-16
0.00500206
2.47477e-16
-9.58563e-18
0.00500004
1.55202e-07
0.00500015
4.50548e-07
0.00500031
7.19896e-07
0.00500051
9.71666e-07
0.00500073
1.20539e-06
0.00500094
1.36492e-06
0.00500111
1.42105e-06
0.00500127
1.45691e-06
0.00500145
1.56143e-06
0.00500165
1.71539e-06
0.00500184
1.84101e-06
0.00500203
1.89046e-06
0.00500218
1.85578e-06
0.00500231
1.74644e-06
0.00500239
1.58242e-06
0.00500244
1.39085e-06
0.00500246
1.19644e-06
0.00500245
1.01497e-06
0.00500243
8.5377e-07
0.0050024
7.14886e-07
0.00500237
5.97497e-07
0.00500234
4.99366e-07
0.0050023
4.17778e-07
0.00500227
3.50075e-07
0.00500225
2.93886e-07
0.00500222
2.4719e-07
0.0050022
2.08305e-07
0.00500218
1.75847e-07
0.00500216
1.48688e-07
0.00500215
1.25908e-07
0.00500214
1.06758e-07
0.00500213
9.06259e-08
0.00500212
7.701e-08
0.00500211
6.54982e-08
0.0050021
5.57506e-08
0.0050021
4.74858e-08
0.00500209
4.04699e-08
0.00500209
3.45082e-08
0.00500209
2.94376e-08
0.00500208
2.51216e-08
0.00500208
2.14455e-08
0.00500208
1.83125e-08
0.00500208
1.5641e-08
0.00500207
1.3362e-08
0.00500207
1.14172e-08
0.00500207
9.757e-09
0.00500207
8.33932e-09
0.00500207
7.12846e-09
0.00500207
6.09403e-09
0.00500207
5.21015e-09
0.00500207
4.45481e-09
0.00500207
3.80921e-09
0.00500207
3.25736e-09
0.00500207
2.78558e-09
0.00500207
2.38224e-09
0.00500207
2.03736e-09
0.00500207
1.74247e-09
0.00500206
1.4903e-09
0.00500206
1.27466e-09
0.00500206
1.09023e-09
0.00500206
9.32511e-10
0.00500206
7.97616e-10
0.00500206
6.82242e-10
0.00500206
5.83564e-10
0.00500206
4.99164e-10
0.00500206
4.26976e-10
0.00500206
3.65229e-10
0.00500206
3.12413e-10
0.00500206
2.67234e-10
0.00500206
2.2859e-10
0.00500206
1.95536e-10
0.00500206
1.67263e-10
0.00500206
1.43079e-10
0.00500206
1.22391e-10
0.00500206
1.04694e-10
0.00500206
8.95562e-11
0.00500206
7.6608e-11
0.00500206
6.55333e-11
0.00500206
5.60608e-11
0.00500206
4.79579e-11
0.00500206
4.10257e-11
0.00500206
3.50951e-11
0.00500206
3.00216e-11
0.00500206
2.5682e-11
0.00500206
2.19702e-11
0.00500206
1.87951e-11
0.00500206
1.60787e-11
0.00500206
1.37544e-11
0.00500206
1.17657e-11
0.00500206
1.00645e-11
0.00500206
8.60923e-12
0.00500206
7.36439e-12
0.00500206
6.29908e-12
0.00500206
5.3872e-12
0.00500206
4.60661e-12
0.00500206
3.93867e-12
0.00500206
3.36759e-12
0.00500206
2.87967e-12
0.00500206
2.46291e-12
0.00500206
2.10648e-12
0.00500206
1.80103e-12
0.00500206
1.53884e-12
0.00500206
1.31368e-12
0.00500206
1.12085e-12
0.00500206
9.56346e-13
0.00500206
8.16701e-13
0.00500206
6.98571e-13
0.00500206
5.98488e-13
0.00500206
5.13214e-13
0.00500206
4.39759e-13
0.00500206
3.75824e-13
0.00500206
3.19991e-13
0.00500206
2.71404e-13
0.00500206
2.29672e-13
0.00500206
1.94327e-13
0.00500206
1.64787e-13
0.00500206
1.40376e-13
0.00500206
1.19958e-13
0.00500206
1.02759e-13
0.00500206
8.79224e-14
0.00500206
7.49474e-14
0.00500206
6.36929e-14
0.00500206
5.40647e-14
0.00500206
4.60308e-14
0.00500206
3.95853e-14
0.00500206
3.44583e-14
0.00500206
3.044e-14
0.00500206
2.7311e-14
0.00500206
2.46972e-14
0.00500206
2.26274e-14
0.00500206
2.08071e-14
0.00500206
1.9353e-14
0.00500206
1.82803e-14
0.00500206
1.75569e-14
0.00500206
1.73084e-14
0.00500206
1.73813e-14
0.00500206
1.77488e-14
0.00500206
1.81698e-14
0.00500206
1.8432e-14
0.00500206
1.82736e-14
0.00500206
1.74786e-14
0.00500206
1.60125e-14
0.00500206
1.37733e-14
0.00500206
1.0877e-14
0.00500206
7.50612e-15
0.00500206
3.81884e-15
0.00500206
7.15844e-17
0.00500206
-3.42516e-15
0.00500206
-6.4292e-15
0.00500206
-8.76241e-15
0.00500206
-1.04427e-14
0.00500206
-1.13757e-14
0.00500206
-1.17105e-14
0.00500206
-1.14767e-14
0.00500206
-1.07841e-14
0.00500206
-9.87568e-15
0.00500206
-8.74552e-15
0.00500206
-7.71763e-15
0.00500206
-6.59923e-15
0.00500206
-5.54847e-15
0.00500206
-4.55968e-15
0.00500206
-3.51803e-15
0.00500206
-2.52892e-15
0.00500206
-1.51766e-15
0.00500206
-5.05754e-16
0.00500206
5.7886e-16
0.00500206
1.669e-15
0.00500206
2.72907e-15
0.00500206
3.74455e-15
0.00500206
4.56019e-15
0.00500206
5.24652e-15
0.00500206
5.79718e-15
0.00500206
6.07442e-15
0.00500206
6.20426e-15
0.00500206
5.97415e-15
0.00500206
5.56147e-15
0.00500206
5.14805e-15
0.00500206
4.54551e-15
0.00500206
3.89641e-15
0.00500206
3.20396e-15
0.00500206
2.57025e-15
0.00500206
2.0459e-15
0.00500206
1.44745e-15
0.00500206
1.2313e-15
0.00500206
9.42639e-16
0.00500206
7.13904e-16
0.00500206
7.11413e-16
0.00500206
7.17476e-16
0.00500206
8.22079e-16
0.00500206
7.87639e-16
0.00500206
7.52823e-16
0.00500206
8.998e-16
0.00500206
7.56487e-16
0.00500206
9.44582e-16
0.00500206
7.44272e-16
0.00500206
6.31572e-16
0.00500206
4.89776e-16
0.00500206
3.00951e-16
0.00500206
1.2852e-16
-8.0239e-19
0.00500003
1.28163e-07
0.00500011
3.72038e-07
0.00500023
5.98276e-07
0.00500038
8.18262e-07
0.00500056
1.02763e-06
0.00500074
1.1806e-06
0.0050009
1.25871e-06
0.00500105
1.31018e-06
0.00500121
1.40169e-06
0.00500139
1.53428e-06
0.00500158
1.65268e-06
0.00500176
1.71032e-06
0.00500192
1.69419e-06
0.00500206
1.61201e-06
0.00500216
1.48072e-06
0.00500223
1.32181e-06
0.00500227
1.15549e-06
0.00500229
9.95859e-07
0.00500229
8.50422e-07
0.00500228
7.22095e-07
0.00500227
6.11155e-07
0.00500225
5.16466e-07
0.00500223
4.36253e-07
0.00500222
3.6858e-07
0.0050022
3.11599e-07
0.00500218
2.6365e-07
0.00500217
2.23292e-07
0.00500215
1.89297e-07
0.00500214
1.60631e-07
0.00500213
1.3643e-07
0.00500212
1.15972e-07
0.00500211
9.86581e-08
0.00500211
8.39866e-08
0.0050021
7.1541e-08
0.0050021
6.09729e-08
0.00500209
5.19909e-08
0.00500209
4.43508e-08
0.00500208
3.78474e-08
0.00500208
3.23081e-08
0.00500208
2.75872e-08
0.00500208
2.35619e-08
0.00500207
2.01282e-08
0.00500207
1.71981e-08
0.00500207
1.46968e-08
0.00500207
1.2561e-08
0.00500207
1.07369e-08
0.00500207
9.17867e-09
0.00500207
7.84725e-09
0.00500207
6.70948e-09
0.00500207
5.73705e-09
0.00500207
4.90584e-09
0.00500207
4.19526e-09
0.00500207
3.58776e-09
0.00500207
3.06834e-09
0.00500207
2.62421e-09
0.00500207
2.24442e-09
0.00500206
1.91964e-09
0.00500206
1.64189e-09
0.00500206
1.40435e-09
0.00500206
1.2012e-09
0.00500206
1.02745e-09
0.00500206
8.78838e-10
0.00500206
7.5173e-10
0.00500206
6.43012e-10
0.00500206
5.50023e-10
0.00500206
4.70484e-10
0.00500206
4.02449e-10
0.00500206
3.44252e-10
0.00500206
2.94471e-10
0.00500206
2.5189e-10
0.00500206
2.15469e-10
0.00500206
1.84315e-10
0.00500206
1.57665e-10
0.00500206
1.34868e-10
0.00500206
1.15367e-10
0.00500206
9.86865e-11
0.00500206
8.44193e-11
0.00500206
7.22163e-11
0.00500206
6.1778e-11
0.00500206
5.28482e-11
0.00500206
4.52082e-11
0.00500206
3.8672e-11
0.00500206
3.30807e-11
0.00500206
2.82982e-11
0.00500206
2.42079e-11
0.00500206
2.07093e-11
0.00500206
1.77163e-11
0.00500206
1.51557e-11
0.00500206
1.29649e-11
0.00500206
1.10906e-11
0.00500206
9.48714e-12
0.00500206
8.11514e-12
0.00500206
6.94095e-12
0.00500206
5.93595e-12
0.00500206
5.0758e-12
0.00500206
4.34012e-12
0.00500206
3.71127e-12
0.00500206
3.17393e-12
0.00500206
2.71461e-12
0.00500206
2.3215e-12
0.00500206
1.98458e-12
0.00500206
1.69556e-12
0.00500206
1.44766e-12
0.00500206
1.23562e-12
0.00500206
1.05496e-12
0.00500206
9.01538e-13
0.00500206
7.71415e-13
0.00500206
6.60659e-13
0.00500206
5.65792e-13
0.00500206
4.8394e-13
0.00500206
4.12865e-13
0.00500206
3.51137e-13
0.00500206
2.97871e-13
0.00500206
2.52577e-13
0.00500206
2.14395e-13
0.00500206
1.82448e-13
0.00500206
1.5574e-13
0.00500206
1.33146e-13
0.00500206
1.13705e-13
0.00500206
9.68171e-14
0.00500206
8.21052e-14
0.00500206
6.94385e-14
0.00500206
5.87737e-14
0.00500206
5.0073e-14
0.00500206
4.31931e-14
0.00500206
3.77879e-14
0.00500206
3.35761e-14
0.00500206
3.02034e-14
0.00500206
2.73899e-14
0.00500206
2.50218e-14
0.00500206
2.29692e-14
0.00500206
2.13215e-14
0.00500206
2.01633e-14
0.00500206
1.94615e-14
0.00500206
1.92976e-14
0.00500206
1.95317e-14
0.00500206
2.00193e-14
0.00500206
2.05441e-14
0.00500206
2.07693e-14
0.00500206
2.04498e-14
0.00500206
1.94142e-14
0.00500206
1.75748e-14
0.00500206
1.4926e-14
0.00500206
1.15734e-14
0.00500206
7.73586e-15
0.00500206
3.61017e-15
0.00500206
-4.81292e-16
0.00500206
-4.20511e-15
0.00500206
-7.36416e-15
0.00500206
-9.78677e-15
0.00500206
-1.14855e-14
0.00500206
-1.24032e-14
0.00500206
-1.267e-14
0.00500206
-1.23498e-14
0.00500206
-1.1555e-14
0.00500206
-1.05588e-14
0.00500206
-9.44691e-15
0.00500206
-8.34374e-15
0.00500206
-7.19804e-15
0.00500206
-6.04277e-15
0.00500206
-4.95645e-15
0.00500206
-3.84982e-15
0.00500206
-2.72688e-15
0.00500206
-1.61773e-15
0.00500206
-4.33782e-16
0.00500206
8.20734e-16
0.00500206
2.06771e-15
0.00500206
3.229e-15
0.00500206
4.29662e-15
0.00500206
5.21731e-15
0.00500206
5.9919e-15
0.00500206
6.58333e-15
0.00500206
6.78771e-15
0.00500206
6.80453e-15
0.00500206
6.56935e-15
0.00500206
6.07752e-15
0.00500206
5.56388e-15
0.00500206
4.92558e-15
0.00500206
4.07832e-15
0.00500206
3.26844e-15
0.00500206
2.62967e-15
0.00500206
2.14133e-15
0.00500206
1.4717e-15
0.00500206
1.06827e-15
0.00500206
8.51722e-16
0.00500206
6.71114e-16
0.00500206
6.40473e-16
0.00500206
4.66864e-16
0.00500206
6.73939e-16
0.00500206
7.32601e-16
0.00500206
6.69365e-16
0.00500206
8.67614e-16
0.00500206
5.27071e-16
0.00500206
7.82e-16
0.00500206
6.82587e-16
0.00500206
5.95293e-16
0.00500206
4.44887e-16
0.00500206
2.93403e-16
0.00500206
1.14579e-16
-5.28323e-17
0.00500002
1.07703e-07
0.00500008
3.12411e-07
0.00500017
5.04224e-07
0.0050003
6.96165e-07
0.00500044
8.80219e-07
0.0050006
1.02081e-06
0.00500076
1.10646e-06
0.0050009
1.16828e-06
0.00500105
1.25393e-06
0.00500121
1.3709e-06
0.00500138
1.48027e-06
0.00500155
1.54114e-06
0.00500171
1.53797e-06
0.00500184
1.47602e-06
0.00500195
1.36998e-06
0.00500204
1.23771e-06
0.0050021
1.09586e-06
0.00500214
9.56638e-07
0.00500216
8.27139e-07
0.00500217
7.10609e-07
0.00500217
6.07953e-07
0.00500217
5.18767e-07
0.00500217
4.41975e-07
0.00500216
3.76231e-07
0.00500215
3.20147e-07
0.00500214
2.72408e-07
0.00500213
2.31823e-07
0.00500212
1.9734e-07
0.00500212
1.68045e-07
0.00500211
1.43155e-07
0.0050021
1.22e-07
0.0050021
1.04011e-07
0.00500209
8.8708e-08
0.00500209
7.56821e-08
0.00500209
6.45891e-08
0.00500208
5.51378e-08
0.00500208
4.70815e-08
0.00500208
4.02114e-08
0.00500208
3.43507e-08
0.00500207
2.93494e-08
0.00500207
2.50802e-08
0.00500207
2.14349e-08
0.00500207
1.83216e-08
0.00500207
1.56622e-08
0.00500207
1.339e-08
0.00500207
1.14483e-08
0.00500207
9.78884e-09
0.00500207
8.37043e-09
0.00500207
7.15791e-09
0.00500207
6.12131e-09
0.00500207
5.23503e-09
0.00500207
4.47721e-09
0.00500207
3.82921e-09
0.00500207
3.27508e-09
0.00500206
2.80119e-09
0.00500206
2.39592e-09
0.00500206
2.04931e-09
0.00500206
1.75287e-09
0.00500206
1.49933e-09
0.00500206
1.28248e-09
0.00500206
1.097e-09
0.00500206
9.38349e-10
0.00500206
8.0265e-10
0.00500206
6.86581e-10
0.00500206
5.87299e-10
0.00500206
5.02375e-10
0.00500206
4.29731e-10
0.00500206
3.67592e-10
0.00500206
3.14439e-10
0.00500206
2.68974e-10
0.00500206
2.30084e-10
0.00500206
1.96818e-10
0.00500206
1.6836e-10
0.00500206
1.44017e-10
0.00500206
1.23193e-10
0.00500206
1.05382e-10
0.00500206
9.0148e-11
0.00500206
7.71173e-11
0.00500206
6.59703e-11
0.00500206
5.64336e-11
0.00500206
4.82742e-11
0.00500206
4.12937e-11
0.00500206
3.53227e-11
0.00500206
3.02159e-11
0.00500206
2.58483e-11
0.00500206
2.21127e-11
0.00500206
1.89171e-11
0.00500206
1.61831e-11
0.00500206
1.3844e-11
0.00500206
1.18426e-11
0.00500206
1.01304e-11
0.00500206
8.66512e-12
0.00500206
7.41121e-12
0.00500206
6.33816e-12
0.00500206
5.42006e-12
0.00500206
4.6349e-12
0.00500206
3.96364e-12
0.00500206
3.38989e-12
0.00500206
2.89925e-12
0.00500206
2.47918e-12
0.00500206
2.1192e-12
0.00500206
1.81055e-12
0.00500206
1.54626e-12
0.00500206
1.32048e-12
0.00500206
1.12809e-12
0.00500206
9.64482e-13
0.00500206
8.25215e-13
0.00500206
7.06246e-13
0.00500206
6.04062e-13
0.00500206
5.15768e-13
0.00500206
4.39416e-13
0.00500206
3.7358e-13
0.00500206
3.17263e-13
0.00500206
2.69624e-13
0.00500206
2.29527e-13
0.00500206
1.95906e-13
0.00500206
1.67402e-13
0.00500206
1.42982e-13
0.00500206
1.21741e-13
0.00500206
1.03145e-13
0.00500206
8.70327e-14
0.00500206
7.33392e-14
0.00500206
6.19849e-14
0.00500206
5.29082e-14
0.00500206
4.58075e-14
0.00500206
4.02571e-14
0.00500206
3.59211e-14
0.00500206
3.23186e-14
0.00500206
2.93761e-14
0.00500206
2.67657e-14
0.00500206
2.45427e-14
0.00500206
2.27936e-14
0.00500206
2.1583e-14
0.00500206
2.0996e-14
0.00500206
2.09164e-14
0.00500206
2.12833e-14
0.00500206
2.1858e-14
0.00500206
2.23553e-14
0.00500206
2.24794e-14
0.00500206
2.19687e-14
0.00500206
2.06992e-14
0.00500206
1.85703e-14
0.00500206
1.5585e-14
0.00500206
1.18866e-14
0.00500206
7.68252e-15
0.00500206
3.30074e-15
0.00500206
-9.72393e-16
0.00500206
-4.84574e-15
0.00500206
-8.03694e-15
0.00500206
-1.05464e-14
0.00500206
-1.22097e-14
0.00500206
-1.30848e-14
0.00500206
-1.32723e-14
0.00500206
-1.28255e-14
0.00500206
-1.20743e-14
0.00500206
-1.09843e-14
0.00500206
-9.88729e-15
0.00500206
-8.73007e-15
0.00500206
-7.51669e-15
0.00500206
-6.35881e-15
0.00500206
-5.18691e-15
0.00500206
-4.07055e-15
0.00500206
-2.86292e-15
0.00500206
-1.6364e-15
0.00500206
-3.27871e-16
0.00500206
1.05275e-15
0.00500206
2.34727e-15
0.00500206
3.58863e-15
0.00500206
4.75553e-15
0.00500206
5.73546e-15
0.00500206
6.56235e-15
0.00500206
7.12206e-15
0.00500206
7.26719e-15
0.00500206
7.22706e-15
0.00500206
7.02213e-15
0.00500206
6.44691e-15
0.00500206
5.7454e-15
0.00500206
5.08144e-15
0.00500206
4.22381e-15
0.00500206
3.37477e-15
0.00500206
2.64187e-15
0.00500206
2.03275e-15
0.00500206
1.48894e-15
0.00500206
9.59621e-16
0.00500206
7.01106e-16
0.00500206
5.56496e-16
0.00500206
5.42664e-16
0.00500206
3.71169e-16
0.00500206
3.91836e-16
0.00500206
5.46916e-16
0.00500206
5.44529e-16
0.00500206
7.19219e-16
0.00500206
3.99241e-16
0.00500206
6.31005e-16
0.00500206
5.29623e-16
0.00500206
4.68393e-16
0.00500206
3.77356e-16
0.00500206
2.48141e-16
0.00500206
-1.25483e-17
-1.42133e-16
0.00500002
9.13161e-08
0.00500006
2.65119e-07
0.00500014
4.28846e-07
0.00500024
5.95078e-07
0.00500036
7.55426e-07
0.0050005
8.83273e-07
0.00500064
9.68381e-07
0.00500077
1.03498e-06
0.00500091
1.11707e-06
0.00500106
1.22149e-06
0.00500122
1.32064e-06
0.00500138
1.38084e-06
0.00500153
1.38626e-06
0.00500167
1.33984e-06
0.00500178
1.25407e-06
0.00500188
1.14402e-06
0.00500195
1.02355e-06
0.005002
9.03058e-07
0.00500204
7.88977e-07
0.00500207
6.84577e-07
0.00500208
5.91113e-07
0.00500209
5.08664e-07
0.0050021
4.36659e-07
0.0050021
3.74213e-07
0.0050021
3.20321e-07
0.0050021
2.73971e-07
0.0050021
2.34205e-07
0.0050021
2.00147e-07
0.00500209
1.71011e-07
0.00500209
1.46106e-07
0.00500209
1.24826e-07
0.00500208
1.0665e-07
0.00500208
9.11261e-08
0.00500208
7.78684e-08
0.00500208
6.65454e-08
0.00500208
5.68742e-08
0.00500207
4.86128e-08
0.00500207
4.1555e-08
0.00500207
3.55248e-08
0.00500207
3.03718e-08
0.00500207
2.5968e-08
0.00500207
2.22041e-08
0.00500207
1.89867e-08
0.00500207
1.62363e-08
0.00500207
1.38849e-08
0.00500207
1.18745e-08
0.00500207
1.01555e-08
0.00500207
8.68564e-09
0.00500207
7.42867e-09
0.00500207
6.35375e-09
0.00500207
5.43447e-09
0.00500206
4.64827e-09
0.00500206
3.97586e-09
0.00500206
3.40077e-09
0.00500206
2.90889e-09
0.00500206
2.48818e-09
0.00500206
2.12833e-09
0.00500206
1.82054e-09
0.00500206
1.55727e-09
0.00500206
1.33208e-09
0.00500206
1.13945e-09
0.00500206
9.74688e-10
0.00500206
8.33752e-10
0.00500206
7.13198e-10
0.00500206
6.10075e-10
0.00500206
5.21863e-10
0.00500206
4.46406e-10
0.00500206
3.81859e-10
0.00500206
3.26647e-10
0.00500206
2.7942e-10
0.00500206
2.39022e-10
0.00500206
2.04464e-10
0.00500206
1.74901e-10
0.00500206
1.49612e-10
0.00500206
1.2798e-10
0.00500206
1.09478e-10
0.00500206
9.36524e-11
0.00500206
8.01152e-11
0.00500206
6.8534e-11
0.00500206
5.86254e-11
0.00500206
5.01479e-11
0.00500206
4.28958e-11
0.00500206
3.6693e-11
0.00500206
3.13883e-11
0.00500206
2.68515e-11
0.00500206
2.2971e-11
0.00500206
1.96514e-11
0.00500206
1.68111e-11
0.00500206
1.4381e-11
0.00500206
1.23018e-11
0.00500206
1.05229e-11
0.00500206
9.00088e-12
0.00500206
7.69855e-12
0.00500206
6.58421e-12
0.00500206
5.63087e-12
0.00500206
4.81559e-12
0.00500206
4.11846e-12
0.00500206
3.52231e-12
0.00500206
3.01225e-12
0.00500206
2.57554e-12
0.00500206
2.20156e-12
0.00500206
1.88118e-12
0.00500206
1.60715e-12
0.00500206
1.37318e-12
0.00500206
1.17369e-12
0.00500206
1.00374e-12
0.00500206
8.58564e-13
0.00500206
7.34064e-13
0.00500206
6.2696e-13
0.00500206
5.34557e-13
0.00500206
4.55047e-13
0.00500206
3.86914e-13
0.00500206
3.29085e-13
0.00500206
2.8037e-13
0.00500206
2.39332e-13
0.00500206
2.04693e-13
0.00500206
1.74972e-13
0.00500206
1.49165e-13
0.00500206
1.26513e-13
0.00500206
1.06722e-13
0.00500206
8.96739e-14
0.00500206
7.53701e-14
0.00500206
6.37157e-14
0.00500206
5.44996e-14
0.00500206
4.73534e-14
0.00500206
4.17686e-14
0.00500206
3.73806e-14
0.00500206
3.36605e-14
0.00500206
3.05396e-14
0.00500206
2.77889e-14
0.00500206
2.54673e-14
0.00500206
2.37457e-14
0.00500206
2.25684e-14
0.00500206
2.20588e-14
0.00500206
2.20953e-14
0.00500206
2.25528e-14
0.00500206
2.31182e-14
0.00500206
2.35334e-14
0.00500206
2.35257e-14
0.00500206
2.28242e-14
0.00500206
2.1333e-14
0.00500206
1.89619e-14
0.00500206
1.57309e-14
0.00500206
1.18037e-14
0.00500206
7.43795e-15
0.00500206
2.91853e-15
0.00500206
-1.4076e-15
0.00500206
-5.30125e-15
0.00500206
-8.49679e-15
0.00500206
-1.09901e-14
0.00500206
-1.25799e-14
0.00500206
-1.33755e-14
0.00500206
-1.35024e-14
0.00500206
-1.29524e-14
0.00500206
-1.22188e-14
0.00500206
-1.115e-14
0.00500206
-1.00341e-14
0.00500206
-8.85905e-15
0.00500206
-7.61301e-15
0.00500206
-6.47637e-15
0.00500206
-5.30277e-15
0.00500206
-4.11857e-15
0.00500206
-2.87641e-15
0.00500206
-1.56693e-15
0.00500206
-1.90491e-16
0.00500206
1.22903e-15
0.00500206
2.59561e-15
0.00500206
3.92396e-15
0.00500206
5.15757e-15
0.00500206
6.13249e-15
0.00500206
6.93106e-15
0.00500206
7.44102e-15
0.00500206
7.58449e-15
0.00500206
7.50022e-15
0.00500206
7.22093e-15
0.00500206
6.64516e-15
0.00500206
5.8355e-15
0.00500206
5.08025e-15
0.00500206
4.28792e-15
0.00500206
3.4035e-15
0.00500206
2.57573e-15
0.00500206
1.83718e-15
0.00500206
1.43179e-15
0.00500206
9.14616e-16
0.00500206
5.66857e-16
0.00500206
3.81018e-16
0.00500206
3.20062e-16
0.00500206
3.4635e-16
0.00500206
2.08769e-16
0.00500206
2.8964e-16
0.00500206
2.85609e-16
0.00500206
4.65943e-16
0.00500206
2.92155e-16
0.00500206
4.23785e-16
0.00500206
3.32806e-16
0.00500206
3.20886e-16
0.00500206
1.78422e-16
0.00500206
1.9753e-16
0.00500206
-6.94573e-17
-2.11466e-16
0.00500001
7.77572e-08
0.00500005
2.2604e-07
0.00500012
3.65993e-07
0.0050002
5.09665e-07
0.00500031
6.49417e-07
0.00500043
7.63709e-07
0.00500055
8.44092e-07
0.00500068
9.1053e-07
0.0050008
9.88349e-07
0.00500094
1.0823e-06
0.00500109
1.17164e-06
0.00500124
1.22911e-06
0.00500139
1.24001e-06
0.00500152
1.20557e-06
0.00500164
1.13618e-06
0.00500174
1.04466e-06
0.00500182
9.42666e-07
0.00500189
8.39037e-07
0.00500194
7.39442e-07
0.00500197
6.46992e-07
0.005002
5.63086e-07
0.00500202
4.88095e-07
0.00500204
4.21796e-07
0.00500205
3.63645e-07
0.00500206
3.1294e-07
0.00500206
2.68925e-07
0.00500206
2.3085e-07
0.00500207
1.98e-07
0.00500207
1.69715e-07
0.00500207
1.454e-07
0.00500207
1.24521e-07
0.00500207
1.06611e-07
0.00500207
9.12564e-08
0.00500207
7.81008e-08
0.00500207
6.68336e-08
0.00500207
5.71865e-08
0.00500207
4.89285e-08
0.00500207
4.18608e-08
0.00500207
3.58126e-08
0.00500207
3.06374e-08
0.00500207
2.62095e-08
0.00500207
2.24212e-08
0.00500207
1.91802e-08
0.00500206
1.64075e-08
0.00500206
1.40356e-08
0.00500206
1.20065e-08
0.00500206
1.02707e-08
0.00500206
8.78581e-09
0.00500206
7.5156e-09
0.00500206
6.42902e-09
0.00500206
5.49952e-09
0.00500206
4.70441e-09
0.00500206
4.02426e-09
0.00500206
3.44243e-09
0.00500206
2.94473e-09
0.00500206
2.51898e-09
0.00500206
2.15479e-09
0.00500206
1.84325e-09
0.00500206
1.57675e-09
0.00500206
1.34879e-09
0.00500206
1.15378e-09
0.00500206
9.86968e-10
0.00500206
8.44274e-10
0.00500206
7.2221e-10
0.00500206
6.17793e-10
0.00500206
5.28472e-10
0.00500206
4.52064e-10
0.00500206
3.86704e-10
0.00500206
3.30796e-10
0.00500206
2.82972e-10
0.00500206
2.42061e-10
0.00500206
2.07064e-10
0.00500206
1.77126e-10
0.00500206
1.51516e-10
0.00500206
1.2961e-10
0.00500206
1.10873e-10
0.00500206
9.48458e-11
0.00500206
8.11354e-11
0.00500206
6.94055e-11
0.00500206
5.93696e-11
0.00500206
5.07837e-11
0.00500206
4.34396e-11
0.00500206
3.71585e-11
0.00500206
3.17869e-11
0.00500206
2.71928e-11
0.00500206
2.3263e-11
0.00500206
1.99007e-11
0.00500206
1.70239e-11
0.00500206
1.45625e-11
0.00500206
1.24568e-11
0.00500206
1.06554e-11
0.00500206
9.11439e-12
0.00500206
7.79605e-12
0.00500206
6.66812e-12
0.00500206
5.70319e-12
0.00500206
4.87774e-12
0.00500206
4.17166e-12
0.00500206
3.56766e-12
0.00500206
3.05082e-12
0.00500206
2.60839e-12
0.00500206
2.22967e-12
0.00500206
1.90567e-12
0.00500206
1.62872e-12
0.00500206
1.39231e-12
0.00500206
1.19049e-12
0.00500206
1.01804e-12
0.00500206
8.70344e-13
0.00500206
7.43407e-13
0.00500206
6.34091e-13
0.00500206
5.40038e-13
0.00500206
4.59506e-13
0.00500206
3.91018e-13
0.00500206
3.33212e-13
0.00500206
2.84537e-13
0.00500206
2.43489e-13
0.00500206
2.08466e-13
0.00500206
1.78102e-13
0.00500206
1.51433e-13
0.00500206
1.27967e-13
0.00500206
1.07494e-13
0.00500206
9.00567e-14
0.00500206
7.55644e-14
0.00500206
6.39829e-14
0.00500206
5.48769e-14
0.00500206
4.78057e-14
0.00500206
4.23072e-14
0.00500206
3.78347e-14
0.00500206
3.40975e-14
0.00500206
3.08667e-14
0.00500206
2.80737e-14
0.00500206
2.57557e-14
0.00500206
2.41056e-14
0.00500206
2.30557e-14
0.00500206
2.26608e-14
0.00500206
2.27914e-14
0.00500206
2.32496e-14
0.00500206
2.37447e-14
0.00500206
2.4041e-14
0.00500206
2.38461e-14
0.00500206
2.29886e-14
0.00500206
2.12957e-14
0.00500206
1.8758e-14
0.00500206
1.54068e-14
0.00500206
1.13739e-14
0.00500206
6.99153e-15
0.00500206
2.51095e-15
0.00500206
-1.77293e-15
0.00500206
-5.5494e-15
0.00500206
-8.70242e-15
0.00500206
-1.1084e-14
0.00500206
-1.2568e-14
0.00500206
-1.32626e-14
0.00500206
-1.32947e-14
0.00500206
-1.28299e-14
0.00500206
-1.20174e-14
0.00500206
-1.10161e-14
0.00500206
-9.84776e-15
0.00500206
-8.67121e-15
0.00500206
-7.51865e-15
0.00500206
-6.37336e-15
0.00500206
-5.28179e-15
0.00500206
-4.03031e-15
0.00500206
-2.76014e-15
0.00500206
-1.45621e-15
0.00500206
-3.99597e-17
0.00500206
1.37208e-15
0.00500206
2.79685e-15
0.00500206
4.1836e-15
0.00500206
5.37564e-15
0.00500206
6.34356e-15
0.00500206
7.0518e-15
0.00500206
7.55864e-15
0.00500206
7.75826e-15
0.00500206
7.55498e-15
0.00500206
7.22515e-15
0.00500206
6.66645e-15
0.00500206
5.85922e-15
0.00500206
5.01577e-15
0.00500206
4.13618e-15
0.00500206
3.33111e-15
0.00500206
2.48884e-15
0.00500206
1.71425e-15
0.00500206
1.21525e-15
0.00500206
8.24607e-16
0.00500206
4.332e-16
0.00500206
1.85679e-16
0.00500206
1.16634e-16
0.00500206
-4.68621e-18
0.00500206
1.17881e-16
0.00500206
6.62963e-17
0.00500206
-1.33676e-17
0.00500206
3.15288e-16
0.00500206
1.73069e-17
0.00500206
2.50904e-16
0.00500206
1.06975e-16
0.00500206
9.06079e-17
0.00500206
5.31565e-17
0.00500206
4.78433e-17
0.00500206
-1.70261e-16
-2.79139e-16
0.00500001
6.62268e-08
0.00500004
1.92749e-07
0.0050001
3.12356e-07
0.00500017
4.36129e-07
0.00500026
5.57567e-07
0.00500037
6.57996e-07
0.00500048
7.3166e-07
0.0050006
7.94787e-07
0.00500072
8.67243e-07
0.00500085
9.51822e-07
0.00500099
1.03188e-06
0.00500113
1.08529e-06
0.00500127
1.09923e-06
0.00500141
1.07393e-06
0.00500152
1.01786e-06
0.00500163
9.41918e-07
0.00500171
8.55953e-07
0.00500178
7.67436e-07
0.00500184
6.81289e-07
0.00500189
6.00347e-07
0.00500193
5.26024e-07
0.00500196
4.5885e-07
0.00500198
3.98829e-07
0.005002
3.45663e-07
0.00500201
2.98883e-07
0.00500202
2.57941e-07
0.00500203
2.2226e-07
0.00500204
1.9127e-07
0.00500204
1.6443e-07
0.00500205
1.41235e-07
0.00500205
1.21228e-07
0.00500205
1.03995e-07
0.00500205
8.91702e-08
0.00500206
7.64289e-08
0.00500206
6.54872e-08
0.00500206
5.60971e-08
0.00500206
4.80429e-08
0.00500206
4.11375e-08
0.00500206
3.52193e-08
0.00500206
3.01487e-08
0.00500206
2.58053e-08
0.00500206
2.20857e-08
0.00500206
1.89008e-08
0.00500206
1.61741e-08
0.00500206
1.38401e-08
0.00500206
1.18423e-08
0.00500206
1.01325e-08
0.00500206
8.66924e-09
0.00500206
7.41711e-09
0.00500206
6.34567e-09
0.00500206
5.4289e-09
0.00500206
4.64449e-09
0.00500206
3.97336e-09
0.00500206
3.39916e-09
0.00500206
2.90791e-09
0.00500206
2.48763e-09
0.00500206
2.12808e-09
0.00500206
1.82048e-09
0.00500206
1.55734e-09
0.00500206
1.33222e-09
0.00500206
1.13964e-09
0.00500206
9.74896e-10
0.00500206
8.33964e-10
0.00500206
7.13403e-10
0.00500206
6.10268e-10
0.00500206
5.22041e-10
0.00500206
4.46569e-10
0.00500206
3.82009e-10
0.00500206
3.26784e-10
0.00500206
2.79542e-10
0.00500206
2.39128e-10
0.00500206
2.04556e-10
0.00500206
1.7498e-10
0.00500206
1.49682e-10
0.00500206
1.28042e-10
0.00500206
1.09532e-10
0.00500206
9.36985e-11
0.00500206
8.01528e-11
0.00500206
6.85635e-11
0.00500206
5.86484e-11
0.00500206
5.01667e-11
0.00500206
4.29122e-11
0.00500206
3.67082e-11
0.00500206
3.14022e-11
0.00500206
2.68638e-11
0.00500206
2.2981e-11
0.00500206
1.96587e-11
0.00500206
1.68161e-11
0.00500206
1.43842e-11
0.00500206
1.2304e-11
0.00500206
1.05249e-11
0.00500206
9.0032e-12
0.00500206
7.70154e-12
0.00500206
6.58784e-12
0.00500206
5.63497e-12
0.00500206
4.81961e-12
0.00500206
4.12191e-12
0.00500206
3.52491e-12
0.00500206
3.01398e-12
0.00500206
2.57689e-12
0.00500206
2.20301e-12
0.00500206
1.88341e-12
0.00500206
1.61038e-12
0.00500206
1.37716e-12
0.00500206
1.17779e-12
0.00500206
1.00702e-12
0.00500206
8.60275e-13
0.00500206
7.34027e-13
0.00500206
6.25377e-13
0.00500206
5.3225e-13
0.00500206
4.52917e-13
0.00500206
3.85833e-13
0.00500206
3.2948e-13
0.00500206
2.81977e-13
0.00500206
2.41695e-13
0.00500206
2.06944e-13
0.00500206
1.76552e-13
0.00500206
1.49676e-13
0.00500206
1.26038e-13
0.00500206
1.05526e-13
0.00500206
8.82557e-14
0.00500206
7.40723e-14
0.00500206
6.28247e-14
0.00500206
5.40326e-14
0.00500206
4.71757e-14
0.00500206
4.18394e-14
0.00500206
3.73889e-14
0.00500206
3.3624e-14
0.00500206
3.03698e-14
0.00500206
2.76003e-14
0.00500206
2.54239e-14
0.00500206
2.38865e-14
0.00500206
2.30347e-14
0.00500206
2.27641e-14
0.00500206
2.29157e-14
0.00500206
2.33281e-14
0.00500206
2.36657e-14
0.00500206
2.38221e-14
0.00500206
2.34634e-14
0.00500206
2.24237e-14
0.00500206
2.06258e-14
0.00500206
1.80023e-14
0.00500206
1.46384e-14
0.00500206
1.07048e-14
0.00500206
6.41766e-15
0.00500206
2.10587e-15
0.00500206
-2.02121e-15
0.00500206
-5.61892e-15
0.00500206
-8.61385e-15
0.00500206
-1.08225e-14
0.00500206
-1.21522e-14
0.00500206
-1.28238e-14
0.00500206
-1.27574e-14
0.00500206
-1.23449e-14
0.00500206
-1.15091e-14
0.00500206
-1.05109e-14
0.00500206
-9.3872e-15
0.00500206
-8.23329e-15
0.00500206
-7.18721e-15
0.00500206
-6.09095e-15
0.00500206
-5.01413e-15
0.00500206
-3.80257e-15
0.00500206
-2.58775e-15
0.00500206
-1.33571e-15
0.00500206
8.62689e-17
0.00500206
1.49209e-15
0.00500206
2.88592e-15
0.00500206
4.24438e-15
0.00500206
5.35261e-15
0.00500206
6.33879e-15
0.00500206
6.99756e-15
0.00500206
7.43392e-15
0.00500206
7.67689e-15
0.00500206
7.38671e-15
0.00500206
7.02662e-15
0.00500206
6.47022e-15
0.00500206
5.6772e-15
0.00500206
4.86081e-15
0.00500206
3.87142e-15
0.00500206
3.16608e-15
0.00500206
2.32065e-15
0.00500206
1.55799e-15
0.00500206
9.82313e-16
0.00500206
6.15326e-16
0.00500206
3.18279e-16
0.00500206
-5.28709e-17
0.00500206
-1.09196e-16
0.00500206
-2.60963e-16
0.00500206
-1.69361e-16
0.00500206
-2.15401e-16
0.00500206
-3.06358e-16
0.00500206
5.13587e-17
0.00500206
-1.98245e-16
0.00500206
-1.95504e-17
0.00500206
-7.9058e-17
0.00500206
-1.53621e-16
0.00500206
-2.41026e-16
0.00500206
-1.57511e-16
0.00500206
-2.73528e-16
-3.64986e-16
0.00500001
5.62047e-08
0.00500004
1.63734e-07
0.00500009
2.65567e-07
0.00500015
3.71497e-07
0.00500023
4.76186e-07
0.00500033
5.6339e-07
0.00500043
6.29277e-07
0.00500054
6.87235e-07
0.00500065
7.53229e-07
0.00500077
8.28714e-07
0.00500091
8.9979e-07
0.00500104
9.48382e-07
0.00500118
9.6362e-07
0.00500131
9.45234e-07
0.00500142
9.00108e-07
0.00500153
8.37386e-07
0.00500162
7.65383e-07
0.0050017
6.90401e-07
0.00500176
6.16649e-07
0.00500182
5.46642e-07
0.00500186
4.81718e-07
0.0050019
4.22475e-07
0.00500193
3.69059e-07
0.00500195
3.21338e-07
0.00500197
2.79017e-07
0.00500199
2.41708e-07
0.005002
2.08979e-07
0.00500201
1.80384e-07
0.00500202
1.55487e-07
0.00500203
1.3387e-07
0.00500203
1.15145e-07
0.00500204
9.89576e-08
0.00500204
8.49862e-08
0.00500205
7.29443e-08
0.00500205
6.25774e-08
0.00500205
5.36611e-08
0.00500205
4.59988e-08
0.00500205
3.94186e-08
0.00500206
3.3771e-08
0.00500206
2.89262e-08
0.00500206
2.47718e-08
0.00500206
2.12106e-08
0.00500206
1.81589e-08
0.00500206
1.55445e-08
0.00500206
1.33051e-08
0.00500206
1.13874e-08
0.00500206
9.74535e-09
0.00500206
8.33957e-09
0.00500206
7.1362e-09
0.00500206
6.10618e-09
0.00500206
5.22463e-09
0.00500206
4.4702e-09
0.00500206
3.82459e-09
0.00500206
3.27214e-09
0.00500206
2.79943e-09
0.00500206
2.39497e-09
0.00500206
2.04891e-09
0.00500206
1.75283e-09
0.00500206
1.49952e-09
0.00500206
1.2828e-09
0.00500206
1.0974e-09
0.00500206
9.3878e-10
0.00500206
8.03085e-10
0.00500206
6.86999e-10
0.00500206
5.8769e-10
0.00500206
5.02735e-10
0.00500206
4.3006e-10
0.00500206
3.67891e-10
0.00500206
3.1471e-10
0.00500206
2.69215e-10
0.00500206
2.30295e-10
0.00500206
1.97e-10
0.00500206
1.68518e-10
0.00500206
1.44155e-10
0.00500206
1.23315e-10
0.00500206
1.05488e-10
0.00500206
9.02386e-11
0.00500206
7.71917e-11
0.00500206
6.60294e-11
0.00500206
5.64803e-11
0.00500206
4.83126e-11
0.00500206
4.13272e-11
0.00500206
3.53531e-11
0.00500206
3.02435e-11
0.00500206
2.58721e-11
0.00500206
2.21318e-11
0.00500206
1.89312e-11
0.00500206
1.6193e-11
0.00500206
1.38507e-11
0.00500206
1.18477e-11
0.00500206
1.0135e-11
0.00500206
8.67024e-12
0.00500206
7.41736e-12
0.00500206
6.34532e-12
0.00500206
5.4278e-12
0.00500206
4.64242e-12
0.00500206
3.97023e-12
0.00500206
3.39502e-12
0.00500206
2.90281e-12
0.00500206
2.48191e-12
0.00500206
2.12217e-12
0.00500206
1.81484e-12
0.00500206
1.55239e-12
0.00500206
1.32794e-12
0.00500206
1.13572e-12
0.00500206
9.70665e-13
0.00500206
8.28603e-13
0.00500206
7.06292e-13
0.00500206
6.01228e-13
0.00500206
5.11524e-13
0.00500206
4.35562e-13
0.00500206
3.71592e-13
0.00500206
3.17903e-13
0.00500206
2.7256e-13
0.00500206
2.33828e-13
0.00500206
2.00095e-13
0.00500206
1.70335e-13
0.00500206
1.43968e-13
0.00500206
1.20828e-13
0.00500206
1.00974e-13
0.00500206
8.43696e-14
0.00500206
7.09259e-14
0.00500206
6.02844e-14
0.00500206
5.20339e-14
0.00500206
4.5518e-14
0.00500206
4.03158e-14
0.00500206
3.59468e-14
0.00500206
3.22153e-14
0.00500206
2.90637e-14
0.00500206
2.64212e-14
0.00500206
2.44469e-14
0.00500206
2.31041e-14
0.00500206
2.24477e-14
0.00500206
2.22614e-14
0.00500206
2.24033e-14
0.00500206
2.2723e-14
0.00500206
2.29064e-14
0.00500206
2.28543e-14
0.00500206
2.23451e-14
0.00500206
2.11727e-14
0.00500206
1.93373e-14
0.00500206
1.67443e-14
0.00500206
1.35084e-14
0.00500206
9.76906e-15
0.00500206
5.73239e-15
0.00500206
1.6902e-15
0.00500206
-2.15091e-15
0.00500206
-5.45167e-15
0.00500206
-8.2202e-15
0.00500206
-1.02205e-14
0.00500206
-1.1398e-14
0.00500206
-1.20011e-14
0.00500206
-1.19094e-14
0.00500206
-1.1454e-14
0.00500206
-1.06687e-14
0.00500206
-9.6532e-15
0.00500206
-8.65705e-15
0.00500206
-7.61471e-15
0.00500206
-6.59528e-15
0.00500206
-5.6053e-15
0.00500206
-4.56327e-15
0.00500206
-3.47357e-15
0.00500206
-2.33486e-15
0.00500206
-1.1037e-15
0.00500206
2.57306e-16
0.00500206
1.58999e-15
0.00500206
2.89725e-15
0.00500206
4.15705e-15
0.00500206
5.22422e-15
0.00500206
6.17847e-15
0.00500206
6.80069e-15
0.00500206
7.09804e-15
0.00500206
7.36118e-15
0.00500206
7.12569e-15
0.00500206
6.65482e-15
0.00500206
6.10609e-15
0.00500206
5.29094e-15
0.00500206
4.60281e-15
0.00500206
3.63291e-15
0.00500206
2.88444e-15
0.00500206
2.11079e-15
0.00500206
1.40879e-15
0.00500206
7.66212e-16
0.00500206
3.21969e-16
0.00500206
5.77328e-17
0.00500206
-2.90872e-16
0.00500206
-3.43653e-16
0.00500206
-5.37941e-16
0.00500206
-4.4969e-16
0.00500206
-4.89033e-16
0.00500206
-6.00311e-16
0.00500206
-3.24829e-16
0.00500206
-5.22856e-16
0.00500206
-2.33439e-16
0.00500206
-3.26522e-16
0.00500206
-3.74467e-16
0.00500206
-4.32544e-16
0.00500206
-4.05565e-16
0.00500206
-5.40002e-16
-4.99575e-16
0.00500001
4.73187e-08
0.00500003
1.37925e-07
0.00500008
2.23893e-07
0.00500013
3.13619e-07
0.00500021
4.02812e-07
0.00500029
4.77649e-07
0.00500039
5.35162e-07
0.00500049
5.86868e-07
0.0050006
6.45549e-07
0.00500071
7.11902e-07
0.00500084
7.74165e-07
0.00500097
8.17459e-07
0.0050011
8.32737e-07
0.00500123
8.1955e-07
0.00500134
7.83458e-07
0.00500145
7.32059e-07
0.00500154
6.72311e-07
0.00500162
6.0949e-07
0.00500169
5.4715e-07
0.00500175
4.87464e-07
0.0050018
4.31648e-07
0.00500184
3.80303e-07
0.00500188
3.33648e-07
0.00500191
2.91661e-07
0.00500193
2.54172e-07
0.00500195
2.20915e-07
0.00500197
1.91572e-07
0.00500199
1.65803e-07
0.005002
1.4326e-07
0.00500201
1.23605e-07
0.00500202
1.06516e-07
0.00500202
9.1693e-08
0.00500203
7.88619e-08
0.00500203
6.77742e-08
0.00500204
5.8207e-08
0.00500204
4.99621e-08
0.00500205
4.28644e-08
0.00500205
3.67598e-08
0.00500205
3.15133e-08
0.00500205
2.70074e-08
0.00500205
2.31398e-08
0.00500206
1.98215e-08
0.00500206
1.69759e-08
0.00500206
1.45363e-08
0.00500206
1.24456e-08
0.00500206
1.06542e-08
0.00500206
9.11978e-09
0.00500206
7.80561e-09
0.00500206
6.6803e-09
0.00500206
5.71683e-09
0.00500206
4.89205e-09
0.00500206
4.18604e-09
0.00500206
3.58178e-09
0.00500206
3.06462e-09
0.00500206
2.62206e-09
0.00500206
2.24334e-09
0.00500206
1.91928e-09
0.00500206
1.642e-09
0.00500206
1.40475e-09
0.00500206
1.20177e-09
0.00500206
1.0281e-09
0.00500206
8.7952e-10
0.00500206
7.52405e-10
0.00500206
6.43656e-10
0.00500206
5.50621e-10
0.00500206
4.71031e-10
0.00500206
4.02944e-10
0.00500206
3.44699e-10
0.00500206
2.94873e-10
0.00500206
2.52246e-10
0.00500206
2.1578e-10
0.00500206
1.84584e-10
0.00500206
1.57898e-10
0.00500206
1.35071e-10
0.00500206
1.15545e-10
0.00500206
9.88417e-11
0.00500206
8.45516e-11
0.00500206
7.23257e-11
0.00500206
6.18664e-11
0.00500206
5.29196e-11
0.00500206
4.52676e-11
0.00500206
3.87236e-11
0.00500206
3.31266e-11
0.00500206
2.83387e-11
0.00500206
2.42419e-11
0.00500206
2.07362e-11
0.00500206
1.77364e-11
0.00500206
1.51703e-11
0.00500206
1.29758e-11
0.00500206
1.10996e-11
0.00500206
9.49554e-12
0.00500206
8.12391e-12
0.00500206
6.95049e-12
0.00500206
5.94624e-12
0.00500206
5.08656e-12
0.00500206
4.35051e-12
0.00500206
3.72041e-12
0.00500206
3.18118e-12
0.00500206
2.72e-12
0.00500206
2.32582e-12
0.00500206
1.98916e-12
0.00500206
1.70163e-12
0.00500206
1.45592e-12
0.00500206
1.24565e-12
0.00500206
1.06521e-12
0.00500206
9.09957e-13
0.00500206
7.76148e-13
0.00500206
6.60991e-13
0.00500206
5.62417e-13
0.00500206
4.78569e-13
0.00500206
4.07847e-13
0.00500206
3.48548e-13
0.00500206
2.987e-13
0.00500206
2.56441e-13
0.00500206
2.19952e-13
0.00500206
1.87976e-13
0.00500206
1.59586e-13
0.00500206
1.34458e-13
0.00500206
1.12562e-13
0.00500206
9.39756e-14
0.00500206
7.86114e-14
0.00500206
6.62438e-14
0.00500206
5.65397e-14
0.00500206
4.88845e-14
0.00500206
4.27865e-14
0.00500206
3.77719e-14
0.00500206
3.35524e-14
0.00500206
2.99296e-14
0.00500206
2.69555e-14
0.00500206
2.45718e-14
0.00500206
2.28832e-14
0.00500206
2.18226e-14
0.00500206
2.13039e-14
0.00500206
2.12058e-14
0.00500206
2.12836e-14
0.00500206
2.14189e-14
0.00500206
2.14367e-14
0.00500206
2.11807e-14
0.00500206
2.05161e-14
0.00500206
1.92814e-14
0.00500206
1.74636e-14
0.00500206
1.50353e-14
0.00500206
1.20488e-14
0.00500206
8.64551e-15
0.00500206
5.00864e-15
0.00500206
1.33625e-15
0.00500206
-2.10696e-15
0.00500206
-5.07729e-15
0.00500206
-7.53987e-15
0.00500206
-9.2664e-15
0.00500206
-1.03625e-14
0.00500206
-1.08093e-14
0.00500206
-1.07327e-14
0.00500206
-1.024e-14
0.00500206
-9.48767e-15
0.00500206
-8.56346e-15
0.00500206
-7.65119e-15
0.00500206
-6.71997e-15
0.00500206
-5.77276e-15
0.00500206
-4.92968e-15
0.00500206
-3.99388e-15
0.00500206
-3.03878e-15
0.00500206
-1.98985e-15
0.00500206
-8.40094e-16
0.00500206
3.76162e-16
0.00500206
1.57082e-15
0.00500206
2.78087e-15
0.00500206
3.96253e-15
0.00500206
4.91417e-15
0.00500206
5.75679e-15
0.00500206
6.35323e-15
0.00500206
6.58594e-15
0.00500206
6.77222e-15
0.00500206
6.6376e-15
0.00500206
6.1078e-15
0.00500206
5.6209e-15
0.00500206
4.88623e-15
0.00500206
4.15052e-15
0.00500206
3.34429e-15
0.00500206
2.45211e-15
0.00500206
1.78458e-15
0.00500206
1.18379e-15
0.00500206
5.35952e-16
0.00500206
7.52064e-17
0.00500206
-2.52081e-16
0.00500206
-4.99931e-16
0.00500206
-6.29158e-16
0.00500206
-8.67998e-16
0.00500206
-7.3836e-16
0.00500206
-6.98678e-16
0.00500206
-8.68624e-16
0.00500206
-6.67228e-16
0.00500206
-8.81804e-16
0.00500206
-6.74146e-16
0.00500206
-7.05449e-16
0.00500206
-6.43002e-16
0.00500206
-7.1942e-16
0.00500206
-6.36013e-16
0.00500206
-6.21874e-16
-5.42302e-16
0.00500001
3.92874e-08
0.00500003
1.14553e-07
0.00500007
1.86088e-07
0.00500012
2.60929e-07
0.00500019
3.35662e-07
0.00500027
3.98772e-07
0.00500036
4.47785e-07
0.00500045
4.92578e-07
0.00500055
5.43396e-07
0.00500066
6.00492e-07
0.00500078
6.53976e-07
0.00500091
6.91631e-07
0.00500104
7.06035e-07
0.00500116
6.9672e-07
0.00500127
6.68155e-07
0.00500138
6.26559e-07
0.00500147
5.77669e-07
0.00500156
5.25845e-07
0.00500163
4.74037e-07
0.00500169
4.24079e-07
0.00500175
3.77034e-07
0.0050018
3.33465e-07
0.00500184
2.93617e-07
0.00500187
2.57535e-07
0.0050019
2.25131e-07
0.00500192
1.9623e-07
0.00500194
1.70606e-07
0.00500196
1.48001e-07
0.00500198
1.28146e-07
0.00500199
1.10771e-07
0.005002
9.56143e-08
0.00500201
8.24293e-08
0.00500202
7.09865e-08
0.00500203
6.10756e-08
0.00500203
5.25065e-08
0.00500204
4.51086e-08
0.00500204
3.873e-08
0.00500204
3.32364e-08
0.00500205
2.85094e-08
0.00500205
2.44454e-08
0.00500205
2.09538e-08
0.00500205
1.79559e-08
0.00500205
1.53832e-08
0.00500206
1.31763e-08
0.00500206
1.1284e-08
0.00500206
9.66191e-09
0.00500206
8.27191e-09
0.00500206
7.08106e-09
0.00500206
6.06104e-09
0.00500206
5.18752e-09
0.00500206
4.43955e-09
0.00500206
3.79919e-09
0.00500206
3.25102e-09
0.00500206
2.78181e-09
0.00500206
2.38022e-09
0.00500206
2.03654e-09
0.00500206
1.74243e-09
0.00500206
1.49075e-09
0.00500206
1.2754e-09
0.00500206
1.09113e-09
0.00500206
9.33476e-10
0.00500206
7.98587e-10
0.00500206
6.83182e-10
0.00500206
5.84447e-10
0.00500206
4.99977e-10
0.00500206
4.27714e-10
0.00500206
3.65893e-10
0.00500206
3.13006e-10
0.00500206
2.67762e-10
0.00500206
2.29055e-10
0.00500206
1.95942e-10
0.00500206
1.67615e-10
0.00500206
1.43384e-10
0.00500206
1.22656e-10
0.00500206
1.04925e-10
0.00500206
8.97559e-11
0.00500206
7.67782e-11
0.00500206
6.56755e-11
0.00500206
5.61778e-11
0.00500206
4.80544e-11
0.00500206
4.11071e-11
0.00500206
3.51654e-11
0.00500206
3.0083e-11
0.00500206
2.57345e-11
0.00500206
2.20132e-11
0.00500206
1.88287e-11
0.00500206
1.6104e-11
0.00500206
1.37737e-11
0.00500206
1.17814e-11
0.00500206
1.00784e-11
0.00500206
8.62249e-12
0.00500206
7.37748e-12
0.00500206
6.31224e-12
0.00500206
5.40038e-12
0.00500206
4.61957e-12
0.00500206
3.95089e-12
0.00500206
3.37856e-12
0.00500206
2.88885e-12
0.00500206
2.47015e-12
0.00500206
2.11251e-12
0.00500206
1.80711e-12
0.00500206
1.54633e-12
0.00500206
1.32336e-12
0.00500206
1.13222e-12
0.00500206
9.6789e-13
0.00500206
8.26332e-13
0.00500206
7.04354e-13
0.00500206
5.99492e-13
0.00500206
5.09951e-13
0.00500206
4.34212e-13
0.00500206
3.70513e-13
0.00500206
3.17173e-13
0.00500206
2.72163e-13
0.00500206
2.33763e-13
0.00500206
2.00338e-13
0.00500206
1.70827e-13
0.00500206
1.44611e-13
0.00500206
1.21511e-13
0.00500206
1.01573e-13
0.00500206
8.4831e-14
0.00500206
7.114e-14
0.00500206
6.01679e-14
0.00500206
5.15095e-14
0.00500206
4.46252e-14
0.00500206
3.89998e-14
0.00500206
3.42546e-14
0.00500206
3.0224e-14
0.00500206
2.68658e-14
0.00500206
2.41467e-14
0.00500206
2.21358e-14
0.00500206
2.07482e-14
0.00500206
1.99912e-14
0.00500206
1.96324e-14
0.00500206
1.95132e-14
0.00500206
1.95301e-14
0.00500206
1.94454e-14
0.00500206
1.92743e-14
0.00500206
1.88445e-14
0.00500206
1.80311e-14
0.00500206
1.68139e-14
0.00500206
1.51187e-14
0.00500206
1.29408e-14
0.00500206
1.03298e-14
0.00500206
7.38447e-15
0.00500206
4.24735e-15
0.00500206
1.02457e-15
0.00500206
-1.90537e-15
0.00500206
-4.46803e-15
0.00500206
-6.61416e-15
0.00500206
-8.07671e-15
0.00500206
-9.03639e-15
0.00500206
-9.36407e-15
0.00500206
-9.2223e-15
0.00500206
-8.75423e-15
0.00500206
-8.01136e-15
0.00500206
-7.21623e-15
0.00500206
-6.40975e-15
0.00500206
-5.59277e-15
0.00500206
-4.78661e-15
0.00500206
-4.05756e-15
0.00500206
-3.28858e-15
0.00500206
-2.46881e-15
0.00500206
-1.54779e-15
0.00500206
-5.34296e-16
0.00500206
4.86445e-16
0.00500206
1.48577e-15
0.00500206
2.59341e-15
0.00500206
3.69058e-15
0.00500206
4.46309e-15
0.00500206
5.19715e-15
0.00500206
5.74223e-15
0.00500206
5.9323e-15
0.00500206
5.99776e-15
0.00500206
5.89854e-15
0.00500206
5.47481e-15
0.00500206
4.91252e-15
0.00500206
4.38494e-15
0.00500206
3.5755e-15
0.00500206
2.94733e-15
0.00500206
2.10444e-15
0.00500206
1.3853e-15
0.00500206
8.70661e-16
0.00500206
2.59971e-16
0.00500206
-1.94419e-16
0.00500206
-5.45738e-16
0.00500206
-6.66154e-16
0.00500206
-9.59404e-16
0.00500206
-1.07636e-15
0.00500206
-1.10813e-15
0.00500206
-1.14904e-15
0.00500206
-1.07803e-15
0.00500206
-1.05659e-15
0.00500206
-1.2324e-15
0.00500206
-9.51487e-16
0.00500206
-1.08299e-15
0.00500206
-9.67982e-16
0.00500206
-9.46893e-16
0.00500206
-8.646e-16
0.00500206
-9.20163e-16
-7.02418e-16
0.00500001
3.19018e-08
0.00500003
9.30405e-08
0.00500006
1.51226e-07
0.00500011
2.12219e-07
0.00500017
2.73322e-07
0.00500025
3.25196e-07
0.00500033
3.65803e-07
0.00500042
4.03302e-07
0.00500052
4.45923e-07
0.00500062
4.93635e-07
0.00500074
5.38309e-07
0.00500086
5.70061e-07
0.00500098
5.82919e-07
0.0050011
5.76467e-07
0.00500122
5.54248e-07
0.00500132
5.21246e-07
0.00500142
4.82086e-07
0.0050015
4.40293e-07
0.00500158
3.98261e-07
0.00500165
3.57493e-07
0.00500171
3.18883e-07
0.00500176
2.82926e-07
0.0050018
2.49863e-07
0.00500184
2.19773e-07
0.00500187
1.92619e-07
0.0050019
1.68293e-07
0.00500192
1.46636e-07
0.00500194
1.27458e-07
0.00500196
1.10555e-07
0.00500198
9.57177e-08
0.00500199
8.27383e-08
0.005002
7.14191e-08
0.00500201
6.15735e-08
0.00500202
5.30292e-08
0.00500202
4.56286e-08
0.00500203
3.92297e-08
0.00500203
3.3705e-08
0.00500204
2.89411e-08
0.00500204
2.48377e-08
0.00500205
2.13065e-08
0.00500205
1.82704e-08
0.00500205
1.56617e-08
0.00500205
1.34216e-08
0.00500205
1.1499e-08
0.00500206
9.84975e-09
0.00500206
8.43547e-09
0.00500206
7.2231e-09
0.00500206
6.18412e-09
0.00500206
5.29397e-09
0.00500206
4.53147e-09
0.00500206
3.87846e-09
0.00500206
3.31929e-09
0.00500206
2.84056e-09
0.00500206
2.43073e-09
0.00500206
2.07994e-09
0.00500206
1.77969e-09
0.00500206
1.52273e-09
0.00500206
1.30283e-09
0.00500206
1.11465e-09
0.00500206
9.53637e-10
0.00500206
8.15864e-10
0.00500206
6.97984e-10
0.00500206
5.97127e-10
0.00500206
5.10836e-10
0.00500206
4.37011e-10
0.00500206
3.73853e-10
0.00500206
3.1982e-10
0.00500206
2.73594e-10
0.00500206
2.34048e-10
0.00500206
2.00215e-10
0.00500206
1.71272e-10
0.00500206
1.46512e-10
0.00500206
1.25333e-10
0.00500206
1.07215e-10
0.00500206
9.17157e-11
0.00500206
7.84555e-11
0.00500206
6.71108e-11
0.00500206
5.74058e-11
0.00500206
4.91045e-11
0.00500206
4.20049e-11
0.00500206
3.59332e-11
0.00500206
3.074e-11
0.00500206
2.6297e-11
0.00500206
2.24949e-11
0.00500206
1.92411e-11
0.00500206
1.64566e-11
0.00500206
1.40748e-11
0.00500206
1.20382e-11
0.00500206
1.02973e-11
0.00500206
8.80936e-12
0.00500206
7.53729e-12
0.00500206
6.44925e-12
0.00500206
5.51811e-12
0.00500206
4.72089e-12
0.00500206
4.03822e-12
0.00500206
3.45361e-12
0.00500206
2.95321e-12
0.00500206
2.52523e-12
0.00500206
2.15947e-12
0.00500206
1.84716e-12
0.00500206
1.58051e-12
0.00500206
1.35269e-12
0.00500206
1.15772e-12
0.00500206
9.90365e-13
0.00500206
8.4628e-13
0.00500206
7.22043e-13
0.00500206
6.15023e-13
0.00500206
5.23329e-13
0.00500206
4.45344e-13
0.00500206
3.79552e-13
0.00500206
3.2439e-13
0.00500206
2.78095e-13
0.00500206
2.38872e-13
0.00500206
2.05075e-13
0.00500206
1.75404e-13
0.00500206
1.49111e-13
0.00500206
1.25836e-13
0.00500206
1.05492e-13
0.00500206
8.82042e-14
0.00500206
7.38219e-14
0.00500206
6.21526e-14
0.00500206
5.28558e-14
0.00500206
4.53961e-14
0.00500206
3.93113e-14
0.00500206
3.4215e-14
0.00500206
2.98353e-14
0.00500206
2.6107e-14
0.00500206
2.30749e-14
0.00500206
2.07135e-14
0.00500206
1.91139e-14
0.00500206
1.81254e-14
0.00500206
1.7629e-14
0.00500206
1.74055e-14
0.00500206
1.72543e-14
0.00500206
1.71353e-14
0.00500206
1.68541e-14
0.00500206
1.64574e-14
0.00500206
1.58623e-14
0.00500206
1.49706e-14
0.00500206
1.38562e-14
0.00500206
1.23955e-14
0.00500206
1.05917e-14
0.00500206
8.44961e-15
0.00500206
6.01461e-15
0.00500206
3.4779e-15
0.00500206
8.441e-16
0.00500206
-1.55969e-15
0.00500206
-3.69281e-15
0.00500206
-5.44218e-15
0.00500206
-6.66979e-15
0.00500206
-7.41309e-15
0.00500206
-7.62324e-15
0.00500206
-7.41857e-15
0.00500206
-6.9742e-15
0.00500206
-6.35022e-15
0.00500206
-5.62945e-15
0.00500206
-4.94314e-15
0.00500206
-4.26661e-15
0.00500206
-3.65839e-15
0.00500206
-3.05232e-15
0.00500206
-2.41513e-15
0.00500206
-1.75871e-15
0.00500206
-1.06899e-15
0.00500206
-2.76938e-16
0.00500206
5.48428e-16
0.00500206
1.39294e-15
0.00500206
2.31605e-15
0.00500206
3.18909e-15
0.00500206
3.85066e-15
0.00500206
4.44748e-15
0.00500206
4.92346e-15
0.00500206
5.13205e-15
0.00500206
5.12015e-15
0.00500206
5.02528e-15
0.00500206
4.73439e-15
0.00500206
4.16744e-15
0.00500206
3.67741e-15
0.00500206
2.96098e-15
0.00500206
2.38614e-15
0.00500206
1.69987e-15
0.00500206
9.90964e-16
0.00500206
5.09596e-16
0.00500206
1.13841e-17
0.00500206
-4.87035e-16
0.00500206
-8.51523e-16
0.00500206
-9.73046e-16
0.00500206
-1.24527e-15
0.00500206
-1.25986e-15
0.00500206
-1.43444e-15
0.00500206
-1.5063e-15
0.00500206
-1.449e-15
0.00500206
-1.39545e-15
0.00500206
-1.58093e-15
0.00500206
-1.41495e-15
0.00500206
-1.47672e-15
0.00500206
-1.342e-15
0.00500206
-1.27813e-15
0.00500206
-1.02254e-15
0.00500206
-1.02973e-15
-7.90588e-16
0.00500001
2.50023e-08
0.00500003
7.29309e-08
0.00500006
1.18591e-07
0.00500011
1.66527e-07
0.00500016
2.14662e-07
0.00500023
2.55696e-07
0.00500031
2.88018e-07
0.0050004
3.18054e-07
0.00500049
3.52279e-07
0.00500059
3.90515e-07
0.00500071
4.26328e-07
0.00500082
4.5197e-07
0.00500094
4.62784e-07
0.00500106
4.58434e-07
0.00500117
4.41649e-07
0.00500128
4.16296e-07
0.00500138
3.85975e-07
0.00500146
3.53435e-07
0.00500154
3.20551e-07
0.00500161
2.88509e-07
0.00500167
2.58024e-07
0.00500172
2.29508e-07
0.00500177
2.03175e-07
0.00500181
1.79111e-07
0.00500185
1.57311e-07
0.00500188
1.37711e-07
0.0050019
1.20202e-07
0.00500193
1.0465e-07
0.00500195
9.09045e-08
0.00500196
7.88075e-08
0.00500198
6.82013e-08
0.00500199
5.89325e-08
0.005002
5.08556e-08
0.00500201
4.38346e-08
0.00500202
3.77447e-08
0.00500202
3.24722e-08
0.00500203
2.79148e-08
0.00500203
2.3981e-08
0.00500204
2.05897e-08
0.00500204
1.76692e-08
0.00500205
1.51563e-08
0.00500205
1.29959e-08
0.00500205
1.11399e-08
0.00500205
9.54621e-09
0.00500205
8.17855e-09
0.00500206
7.00536e-09
0.00500206
5.99937e-09
0.00500206
5.13704e-09
0.00500206
4.39806e-09
0.00500206
3.76495e-09
0.00500206
3.22265e-09
0.00500206
2.75822e-09
0.00500206
2.36055e-09
0.00500206
2.02008e-09
0.00500206
1.72862e-09
0.00500206
1.47914e-09
0.00500206
1.26562e-09
0.00500206
1.08288e-09
0.00500206
9.26494e-10
0.00500206
7.92675e-10
0.00500206
6.7817e-10
0.00500206
5.80193e-10
0.00500206
4.96363e-10
0.00500206
4.2464e-10
0.00500206
3.63276e-10
0.00500206
3.10776e-10
0.00500206
2.65862e-10
0.00500206
2.27436e-10
0.00500206
1.94562e-10
0.00500206
1.66437e-10
0.00500206
1.42378e-10
0.00500206
1.21796e-10
0.00500206
1.0419e-10
0.00500206
8.91291e-11
0.00500206
7.62438e-11
0.00500206
6.52198e-11
0.00500206
5.57885e-11
0.00500206
4.77209e-11
0.00500206
4.08209e-11
0.00500206
3.492e-11
0.00500206
2.98731e-11
0.00500206
2.55558e-11
0.00500206
2.18616e-11
0.00500206
1.86999e-11
0.00500206
1.59941e-11
0.00500206
1.36791e-11
0.00500206
1.16992e-11
0.00500206
1.00067e-11
0.00500206
8.56016e-12
0.00500206
7.32371e-12
0.00500206
6.26642e-12
0.00500206
5.36185e-12
0.00500206
4.5876e-12
0.00500206
3.92466e-12
0.00500206
3.35692e-12
0.00500206
2.87088e-12
0.00500206
2.45501e-12
0.00500206
2.09942e-12
0.00500206
1.79561e-12
0.00500206
1.53619e-12
0.00500206
1.31467e-12
0.00500206
1.12534e-12
0.00500206
9.63114e-13
0.00500206
8.23651e-13
0.00500206
7.03415e-13
0.00500206
5.99813e-13
0.00500206
5.10663e-13
0.00500206
4.34554e-13
0.00500206
3.70079e-13
0.00500206
3.15848e-13
0.00500206
2.70449e-13
0.00500206
2.32161e-13
0.00500206
1.99478e-13
0.00500206
1.71018e-13
0.00500206
1.45834e-13
0.00500206
1.23467e-13
0.00500206
1.03831e-13
0.00500206
8.69076e-14
0.00500206
7.27738e-14
0.00500206
6.12303e-14
0.00500206
5.19148e-14
0.00500206
4.44233e-14
0.00500206
3.82692e-14
0.00500206
3.30806e-14
0.00500206
2.85434e-14
0.00500206
2.45787e-14
0.00500206
2.12577e-14
0.00500206
1.86449e-14
0.00500206
1.68124e-14
0.00500206
1.56632e-14
0.00500206
1.50716e-14
0.00500206
1.48271e-14
0.00500206
1.46337e-14
0.00500206
1.44611e-14
0.00500206
1.41678e-14
0.00500206
1.36974e-14
0.00500206
1.30721e-14
0.00500206
1.23193e-14
0.00500206
1.14471e-14
0.00500206
1.04981e-14
0.00500206
9.36686e-15
0.00500206
8.02333e-15
0.00500206
6.42765e-15
0.00500206
4.64081e-15
0.00500206
2.73188e-15
0.00500206
7.40685e-16
0.00500206
-1.05669e-15
0.00500206
-2.75688e-15
0.00500206
-4.08807e-15
0.00500206
-5.03223e-15
0.00500206
-5.56554e-15
0.00500206
-5.65682e-15
0.00500206
-5.43943e-15
0.00500206
-5.02036e-15
0.00500206
-4.46968e-15
0.00500206
-3.85584e-15
0.00500206
-3.32557e-15
0.00500206
-2.79606e-15
0.00500206
-2.34397e-15
0.00500206
-1.91215e-15
0.00500206
-1.45659e-15
0.00500206
-1.04405e-15
0.00500206
-5.7706e-16
0.00500206
-1.06878e-17
0.00500206
6.09869e-16
0.00500206
1.25141e-15
0.00500206
1.91494e-15
0.00500206
2.55826e-15
0.00500206
3.14318e-15
0.00500206
3.54224e-15
0.00500206
3.9325e-15
0.00500206
4.15216e-15
0.00500206
4.10323e-15
0.00500206
4.04745e-15
0.00500206
3.76581e-15
0.00500206
3.37288e-15
0.00500206
2.87419e-15
0.00500206
2.28141e-15
0.00500206
1.80539e-15
0.00500206
1.17278e-15
0.00500206
6.17969e-16
0.00500206
8.51306e-17
0.00500206
-2.88853e-16
0.00500206
-6.90782e-16
0.00500206
-1.16433e-15
0.00500206
-1.2597e-15
0.00500206
-1.55506e-15
0.00500206
-1.59592e-15
0.00500206
-1.75476e-15
0.00500206
-1.93189e-15
0.00500206
-1.84015e-15
0.00500206
-1.80944e-15
0.00500206
-1.98512e-15
0.00500206
-1.8197e-15
0.00500206
-1.88343e-15
0.00500206
-1.70855e-15
0.00500206
-1.60792e-15
0.00500206
-1.25331e-15
0.00500206
-1.08141e-15
-8.1692e-16
0.00500001
1.84617e-08
0.00500003
5.38583e-08
0.00500006
8.76048e-08
0.0050001
1.23074e-07
0.00500016
1.5875e-07
0.00500022
1.89257e-07
0.0050003
2.13398e-07
0.00500038
2.35922e-07
0.00500047
2.6164e-07
0.00500057
2.90345e-07
0.00500068
3.17248e-07
0.00500079
3.36617e-07
0.00500091
3.45024e-07
0.00500103
3.42213e-07
0.00500114
3.30183e-07
0.00500124
3.11762e-07
0.00500134
2.89594e-07
0.00500143
2.65703e-07
0.00500151
2.4147e-07
0.00500158
2.17774e-07
0.00500164
1.95151e-07
0.0050017
1.73918e-07
0.00500175
1.54247e-07
0.00500179
1.36213e-07
0.00500183
1.19828e-07
0.00500186
1.05055e-07
0.00500189
9.18248e-08
0.00500191
8.00448e-08
0.00500193
6.96102e-08
0.00500195
6.04089e-08
0.00500197
5.2327e-08
0.00500198
4.52528e-08
0.00500199
3.90794e-08
0.005002
3.37061e-08
0.00500201
2.904e-08
0.00500202
2.4996e-08
0.00500203
2.14975e-08
0.00500203
1.84753e-08
0.00500204
1.5868e-08
0.00500204
1.36213e-08
0.00500204
1.16871e-08
0.00500205
1.00235e-08
0.00500205
8.59369e-09
0.00500205
7.36555e-09
0.00500205
6.31125e-09
0.00500205
5.40662e-09
0.00500206
4.63074e-09
0.00500206
3.96551e-09
0.00500206
3.39535e-09
0.00500206
2.90679e-09
0.00500206
2.48825e-09
0.00500206
2.12978e-09
0.00500206
1.8228e-09
0.00500206
1.55995e-09
0.00500206
1.33493e-09
0.00500206
1.1423e-09
0.00500206
9.77429e-10
0.00500206
8.36319e-10
0.00500206
7.15557e-10
0.00500206
6.12216e-10
0.00500206
5.23786e-10
0.00500206
4.4812e-10
0.00500206
3.83377e-10
0.00500206
3.27982e-10
0.00500206
2.80589e-10
0.00500206
2.40041e-10
0.00500206
2.0535e-10
0.00500206
1.75671e-10
0.00500206
1.50279e-10
0.00500206
1.28556e-10
0.00500206
1.09973e-10
0.00500206
9.40766e-11
0.00500206
8.0478e-11
0.00500206
6.88444e-11
0.00500206
5.88912e-11
0.00500206
5.03757e-11
0.00500206
4.30909e-11
0.00500206
3.686e-11
0.00500206
3.15311e-11
0.00500206
2.69739e-11
0.00500206
2.30757e-11
0.00500206
1.97405e-11
0.00500206
1.68863e-11
0.00500206
1.44434e-11
0.00500206
1.2353e-11
0.00500206
1.05649e-11
0.00500206
9.03609e-12
0.00500206
7.7294e-12
0.00500206
6.61256e-12
0.00500206
5.65774e-12
0.00500206
4.84097e-12
0.00500206
4.14195e-12
0.00500206
3.54355e-12
0.00500206
3.03127e-12
0.00500206
2.59267e-12
0.00500206
2.21734e-12
0.00500206
1.8963e-12
0.00500206
1.62187e-12
0.00500206
1.38747e-12
0.00500206
1.18729e-12
0.00500206
1.01625e-12
0.00500206
8.69854e-13
0.00500206
7.44274e-13
0.00500206
6.36194e-13
0.00500206
5.43002e-13
0.00500206
4.62692e-13
0.00500206
3.93928e-13
0.00500206
3.35382e-13
0.00500206
2.86031e-13
0.00500206
2.44642e-13
0.00500206
2.09896e-13
0.00500206
1.80358e-13
0.00500206
1.54809e-13
0.00500206
1.3234e-13
0.00500206
1.12356e-13
0.00500206
9.46447e-14
0.00500206
7.93132e-14
0.00500206
6.63804e-14
0.00500206
5.57909e-14
0.00500206
4.73463e-14
0.00500206
4.0538e-14
0.00500206
3.49884e-14
0.00500206
3.02042e-14
0.00500206
2.59414e-14
0.00500206
2.2075e-14
0.00500206
1.86446e-14
0.00500206
1.58556e-14
0.00500206
1.37678e-14
0.00500206
1.24839e-14
0.00500206
1.18397e-14
0.00500206
1.16153e-14
0.00500206
1.15851e-14
0.00500206
1.14263e-14
0.00500206
1.11611e-14
0.00500206
1.07092e-14
0.00500206
1.00168e-14
0.00500206
9.22754e-15
0.00500206
8.38011e-15
0.00500206
7.61438e-15
0.00500206
6.88704e-15
0.00500206
6.13196e-15
0.00500206
5.31288e-15
0.00500206
4.31555e-15
0.00500206
3.25593e-15
0.00500206
2.02307e-15
0.00500206
7.67357e-16
0.00500206
-4.77472e-16
0.00500206
-1.68257e-15
0.00500206
-2.6179e-15
0.00500206
-3.23128e-15
0.00500206
-3.54732e-15
0.00500206
-3.53327e-15
0.00500206
-3.30371e-15
0.00500206
-2.93639e-15
0.00500206
-2.4132e-15
0.00500206
-1.95827e-15
0.00500206
-1.55897e-15
0.00500206
-1.22415e-15
0.00500206
-9.1263e-16
0.00500206
-6.471e-16
0.00500206
-4.438e-16
0.00500206
-2.66836e-16
0.00500206
-3.54807e-17
0.00500206
2.97772e-16
0.00500206
6.37015e-16
0.00500206
1.03781e-15
0.00500206
1.44467e-15
0.00500206
1.86196e-15
0.00500206
2.3604e-15
0.00500206
2.57847e-15
0.00500206
2.88402e-15
0.00500206
3.10163e-15
0.00500206
2.98509e-15
0.00500206
2.97958e-15
0.00500206
2.69285e-15
0.00500206
2.46929e-15
0.00500206
2.10376e-15
0.00500206
1.59808e-15
0.00500206
1.18581e-15
0.00500206
6.87349e-16
0.00500206
1.82237e-16
0.00500206
-3.1264e-16
0.00500206
-7.14436e-16
0.00500206
-9.62164e-16
0.00500206
-1.34403e-15
0.00500206
-1.62881e-15
0.00500206
-1.8031e-15
0.00500206
-2.00872e-15
0.00500206
-1.98544e-15
0.00500206
-2.32674e-15
0.00500206
-2.44567e-15
0.00500206
-2.2438e-15
0.00500206
-2.49647e-15
0.00500206
-2.2054e-15
0.00500206
-2.16647e-15
0.00500206
-2.10521e-15
0.00500206
-1.88488e-15
0.00500206
-1.45997e-15
0.00500206
-1.3094e-15
-8.45063e-16
0.00500001
1.2174e-08
0.00500002
3.55178e-08
0.00500005
5.7785e-08
0.0050001
8.12069e-08
0.00500015
1.04793e-07
0.00500021
1.25003e-07
0.00500029
1.41048e-07
0.00500037
1.56056e-07
0.00500046
1.73215e-07
0.00500055
1.92361e-07
0.00500066
2.10317e-07
0.00500077
2.23294e-07
0.00500089
2.29035e-07
0.005001
2.2737e-07
0.00500111
2.19608e-07
0.00500122
2.07604e-07
0.00500132
1.93094e-07
0.0050014
1.77408e-07
0.00500148
1.61456e-07
0.00500156
1.45819e-07
0.00500162
1.30855e-07
0.00500168
1.16776e-07
0.00500173
1.03702e-07
0.00500177
9.16899e-08
0.00500181
8.07532e-08
0.00500185
7.0873e-08
0.00500188
6.2008e-08
0.0050019
5.41016e-08
0.00500192
4.70872e-08
0.00500194
4.08931e-08
0.00500196
3.54456e-08
0.00500197
3.06718e-08
0.00500199
2.65015e-08
0.005002
2.28684e-08
0.00500201
1.97108e-08
0.00500202
1.69722e-08
0.00500202
1.46014e-08
0.00500203
1.25522e-08
0.00500203
1.07835e-08
0.00500204
9.25869e-09
0.00500204
7.94552e-09
0.00500204
6.81565e-09
0.00500205
5.84425e-09
0.00500205
5.00966e-09
0.00500205
4.29305e-09
0.00500205
3.67805e-09
0.00500206
3.15048e-09
0.00500206
2.6981e-09
0.00500206
2.3103e-09
0.00500206
1.97798e-09
0.00500206
1.69326e-09
0.00500206
1.44937e-09
0.00500206
1.24051e-09
0.00500206
1.06166e-09
0.00500206
9.08536e-10
0.00500206
7.77454e-10
0.00500206
6.65253e-10
0.00500206
5.69221e-10
0.00500206
4.87035e-10
0.00500206
4.16702e-10
0.00500206
3.56516e-10
0.00500206
3.05016e-10
0.00500206
2.6095e-10
0.00500206
2.23247e-10
0.00500206
1.90989e-10
0.00500206
1.6339e-10
0.00500206
1.39777e-10
0.00500206
1.19575e-10
0.00500206
1.02291e-10
0.00500206
8.75054e-11
0.00500206
7.48569e-11
0.00500206
6.40369e-11
0.00500206
5.47806e-11
0.00500206
4.68614e-11
0.00500206
4.0086e-11
0.00500206
3.42895e-11
0.00500206
2.93313e-11
0.00500206
2.50906e-11
0.00500206
2.1464e-11
0.00500206
1.83622e-11
0.00500206
1.57085e-11
0.00500206
1.34376e-11
0.00500206
1.1494e-11
0.00500206
9.83062e-12
0.00500206
8.40769e-12
0.00500206
7.19107e-12
0.00500206
6.15114e-12
0.00500206
5.26228e-12
0.00500206
4.50232e-12
0.00500206
3.8522e-12
0.00500206
3.29579e-12
0.00500206
2.8195e-12
0.00500206
2.41182e-12
0.00500206
2.06295e-12
0.00500206
1.76447e-12
0.00500206
1.50921e-12
0.00500206
1.29098e-12
0.00500206
1.10444e-12
0.00500206
9.45052e-13
0.00500206
8.08865e-13
0.00500206
6.92393e-13
0.00500206
5.92574e-13
0.00500206
5.06784e-13
0.00500206
4.32801e-13
0.00500206
3.69137e-13
0.00500206
3.14397e-13
0.00500206
2.67719e-13
0.00500206
2.28265e-13
0.00500206
1.95153e-13
0.00500206
1.67488e-13
0.00500206
1.44041e-13
0.00500206
1.23849e-13
0.00500206
1.06042e-13
0.00500206
9.01218e-14
0.00500206
7.58717e-14
0.00500206
6.34066e-14
0.00500206
5.28652e-14
0.00500206
4.4342e-14
0.00500206
3.77005e-14
0.00500206
3.25325e-14
0.00500206
2.83716e-14
0.00500206
2.47307e-14
0.00500206
2.13319e-14
0.00500206
1.80298e-14
0.00500206
1.49279e-14
0.00500206
1.21359e-14
0.00500206
9.97793e-15
0.00500206
8.55074e-15
0.00500206
7.87616e-15
0.00500206
7.76501e-15
0.00500206
7.92712e-15
0.00500206
8.01976e-15
0.00500206
7.86122e-15
0.00500206
7.47773e-15
0.00500206
6.79518e-15
0.00500206
5.93951e-15
0.00500206
5.00236e-15
0.00500206
4.13652e-15
0.00500206
3.52042e-15
0.00500206
3.07616e-15
0.00500206
2.79547e-15
0.00500206
2.57819e-15
0.00500206
2.2109e-15
0.00500206
1.91626e-15
0.00500206
1.39597e-15
0.00500206
8.28776e-16
0.00500206
1.51572e-16
0.00500206
-5.39669e-16
0.00500206
-1.01652e-15
0.00500206
-1.3131e-15
0.00500206
-1.42857e-15
0.00500206
-1.3212e-15
0.00500206
-1.06207e-15
0.00500206
-7.14639e-16
0.00500206
-2.54407e-16
0.00500206
1.197e-18
0.00500206
2.96283e-16
0.00500206
4.86145e-16
0.00500206
5.85398e-16
0.00500206
6.25421e-16
0.00500206
6.00292e-16
0.00500206
5.33941e-16
0.00500206
5.24356e-16
0.00500206
5.68193e-16
0.00500206
6.14553e-16
0.00500206
7.56098e-16
0.00500206
9.32873e-16
0.00500206
1.08745e-15
0.00500206
1.4225e-15
0.00500206
1.56763e-15
0.00500206
1.76432e-15
0.00500206
1.94792e-15
0.00500206
1.82096e-15
0.00500206
1.84485e-15
0.00500206
1.649e-15
0.00500206
1.39052e-15
0.00500206
1.22953e-15
0.00500206
8.65936e-16
0.00500206
4.37237e-16
0.00500206
1.59413e-16
0.00500206
-2.8846e-16
0.00500206
-6.1038e-16
0.00500206
-1.02021e-15
0.00500206
-1.36057e-15
0.00500206
-1.45602e-15
0.00500206
-1.97741e-15
0.00500206
-2.17936e-15
0.00500206
-2.3944e-15
0.00500206
-2.48672e-15
0.00500206
-2.59856e-15
0.00500206
-2.86212e-15
0.00500206
-2.72476e-15
0.00500206
-2.92862e-15
0.00500206
-2.76605e-15
0.00500206
-2.56079e-15
0.00500206
-2.34546e-15
0.00500206
-2.21203e-15
0.00500206
-1.65467e-15
0.00500206
-1.24749e-15
-7.70902e-16
0.00500001
6.04771e-09
0.00500002
1.7645e-08
0.00500005
2.87108e-08
0.00500009
4.03557e-08
0.00500015
5.209e-08
0.00500021
6.21569e-08
0.00500028
7.01639e-08
0.00500036
7.7665e-08
0.00500045
8.62462e-08
0.00500054
9.58218e-08
0.00500065
1.04805e-07
0.00500076
1.11313e-07
0.00500087
1.14224e-07
0.00500099
1.13453e-07
0.0050011
1.09648e-07
0.0050012
1.03728e-07
0.0050013
9.6552e-08
0.00500139
8.8781e-08
0.00500147
8.08659e-08
0.00500154
7.30956e-08
0.00500161
6.56487e-08
0.00500166
5.86326e-08
0.00500172
5.21084e-08
0.00500176
4.61064e-08
0.0050018
4.06346e-08
0.00500184
3.56857e-08
0.00500187
3.12403e-08
0.00500189
2.72716e-08
0.00500192
2.37474e-08
0.00500194
2.06327e-08
0.00500196
1.78913e-08
0.00500197
1.54872e-08
0.00500198
1.33857e-08
0.00500199
1.15539e-08
0.005002
9.96109e-09
0.00500201
8.57902e-09
0.00500202
7.38208e-09
0.00500203
6.34717e-09
0.00500203
5.45362e-09
0.00500204
4.68308e-09
0.00500204
4.01934e-09
0.00500204
3.44813e-09
0.00500205
2.95694e-09
0.00500205
2.53487e-09
0.00500205
2.17241e-09
0.00500205
1.86131e-09
0.00500205
1.59441e-09
0.00500206
1.36552e-09
0.00500206
1.1693e-09
0.00500206
1.00114e-09
0.00500206
8.57051e-10
0.00500206
7.33625e-10
0.00500206
6.27917e-10
0.00500206
5.37397e-10
0.00500206
4.59896e-10
0.00500206
3.93548e-10
0.00500206
3.36756e-10
0.00500206
2.88148e-10
0.00500206
2.46546e-10
0.00500206
2.10943e-10
0.00500206
1.80477e-10
0.00500206
1.54406e-10
0.00500206
1.32099e-10
0.00500206
1.13014e-10
0.00500206
9.66843e-11
0.00500206
8.2713e-11
0.00500206
7.07591e-11
0.00500206
6.05319e-11
0.00500206
5.17823e-11
0.00500206
4.42976e-11
0.00500206
3.7895e-11
0.00500206
3.24179e-11
0.00500206
2.7732e-11
0.00500206
2.37228e-11
0.00500206
2.02927e-11
0.00500206
1.73584e-11
0.00500206
1.48488e-11
0.00500206
1.27027e-11
0.00500206
1.08672e-11
0.00500206
9.29696e-12
0.00500206
7.95309e-12
0.00500206
6.80273e-12
0.00500206
5.81813e-12
0.00500206
4.97594e-12
0.00500206
4.25595e-12
0.00500206
3.64074e-12
0.00500206
3.11503e-12
0.00500206
2.66553e-12
0.00500206
2.28081e-12
0.00500206
1.95131e-12
0.00500206
1.66904e-12
0.00500206
1.42732e-12
0.00500206
1.22056e-12
0.00500206
1.04386e-12
0.00500206
8.92923e-13
0.00500206
7.63989e-13
0.00500206
6.53854e-13
0.00500206
5.59717e-13
0.00500206
4.79211e-13
0.00500206
4.10334e-13
0.00500206
3.51236e-13
0.00500206
3.00364e-13
0.00500206
2.56534e-13
0.00500206
2.18697e-13
0.00500206
1.86223e-13
0.00500206
1.58513e-13
0.00500206
1.35196e-13
0.00500206
1.15772e-13
0.00500206
9.96176e-14
0.00500206
8.61467e-14
0.00500206
7.44368e-14
0.00500206
6.39498e-14
0.00500206
5.43107e-14
0.00500206
4.54228e-14
0.00500206
3.7466e-14
0.00500206
3.07287e-14
0.00500206
2.53687e-14
0.00500206
2.14995e-14
0.00500206
1.88684e-14
0.00500206
1.69951e-14
0.00500206
1.54519e-14
0.00500206
1.37926e-14
0.00500206
1.18242e-14
0.00500206
9.57286e-15
0.00500206
7.30591e-15
0.00500206
5.33532e-15
0.00500206
3.90788e-15
0.00500206
3.17437e-15
0.00500206
3.08463e-15
0.00500206
3.4453e-15
0.00500206
3.92354e-15
0.00500206
4.16556e-15
0.00500206
3.97584e-15
0.00500206
3.52376e-15
0.00500206
2.65468e-15
0.00500206
1.65599e-15
0.00500206
6.08348e-16
0.00500206
-2.43747e-16
0.00500206
-6.78716e-16
0.00500206
-8.14655e-16
0.00500206
-6.18938e-16
0.00500206
-2.22075e-16
0.00500206
1.90886e-16
0.00500206
6.42721e-16
0.00500206
8.54368e-16
0.00500206
8.77945e-16
0.00500206
8.51372e-16
0.00500206
7.49213e-16
0.00500206
6.78375e-16
0.00500206
6.79053e-16
0.00500206
7.54078e-16
0.00500206
9.52786e-16
0.00500206
1.2132e-15
0.00500206
1.55449e-15
0.00500206
1.88151e-15
0.00500206
2.00113e-15
0.00500206
2.18349e-15
0.00500206
2.27958e-15
0.00500206
2.11189e-15
0.00500206
1.88421e-15
0.00500206
1.64518e-15
0.00500206
1.33367e-15
0.00500206
1.05937e-15
0.00500206
7.90716e-16
0.00500206
5.31161e-16
0.00500206
4.42624e-16
0.00500206
3.83324e-16
0.00500206
3.06726e-16
0.00500206
4.43783e-16
0.00500206
4.56091e-16
0.00500206
5.70736e-16
0.00500206
7.30698e-16
0.00500206
6.84366e-16
0.00500206
6.93634e-16
0.00500206
6.60783e-16
0.00500206
4.56592e-16
0.00500206
3.51227e-16
0.00500206
1.71726e-16
0.00500206
-1.8225e-16
0.00500206
-4.79534e-16
0.00500206
-7.72395e-16
0.00500206
-9.78702e-16
0.00500206
-1.26059e-15
0.00500206
-1.7219e-15
0.00500206
-1.89607e-15
0.00500206
-2.07826e-15
0.00500206
-2.61715e-15
0.00500206
-2.84702e-15
0.00500206
-2.94585e-15
0.00500206
-3.11212e-15
0.00500206
-3.29498e-15
0.00500206
-3.27177e-15
0.00500206
-3.31914e-15
0.00500206
-3.20783e-15
0.00500206
-2.96192e-15
0.00500206
-2.52493e-15
0.00500206
-2.25899e-15
0.00500206
-1.91532e-15
0.00500206
-1.42695e-15
-6.24872e-16
0.00500001
0.00500002
0.00500005
0.00500009
0.00500014
0.00500021
0.00500028
0.00500035
0.00500044
0.00500054
0.00500064
0.00500075
0.00500087
0.00500098
0.00500109
0.00500119
0.00500129
0.00500138
0.00500146
0.00500153
0.0050016
0.00500166
0.00500171
0.00500176
0.0050018
0.00500183
0.00500186
0.00500189
0.00500191
0.00500194
0.00500195
0.00500197
0.00500198
0.00500199
0.005002
0.00500201
0.00500202
0.00500203
0.00500203
0.00500204
0.00500204
0.00500204
0.00500205
0.00500205
0.00500205
0.00500205
0.00500205
0.00500206
0.00500206
0.00500206
0.00500206
0.00500206
0.00500206
0.00500206
0.00500206
0.00500206
0.00500206
0.00500206
0.00500206
0.00500206
0.00500206
0.00500206
0.00500206
0.00500206
0.00500206
0.00500206
0.00500206
0.00500206
0.00500206
0.00500206
0.00500206
0.00500206
0.00500206
0.00500206
0.00500206
0.00500206
0.00500206
0.00500206
0.00500206
0.00500206
0.00500206
0.00500206
0.00500206
0.00500206
0.00500206
0.00500206
0.00500206
0.00500206
0.00500206
0.00500206
0.00500206
0.00500206
0.00500206
0.00500206
0.00500206
0.00500206
0.00500206
0.00500206
0.00500206
0.00500206
0.00500206
0.00500206
0.00500206
0.00500206
0.00500206
0.00500206
0.00500206
0.00500206
0.00500206
0.00500206
0.00500206
0.00500206
0.00500206
0.00500206
0.00500206
0.00500206
0.00500206
0.00500206
0.00500206
0.00500206
0.00500206
0.00500206
0.00500206
0.00500206
0.00500206
0.00500206
0.00500206
0.00500206
0.00500206
0.00500206
0.00500206
0.00500206
0.00500206
0.00500206
0.00500206
0.00500206
0.00500206
0.00500206
0.00500206
0.00500206
0.00500206
0.00500206
0.00500206
0.00500206
0.00500206
0.00500206
0.00500206
0.00500206
0.00500206
0.00500206
0.00500206
0.00500206
0.00500206
0.00500206
0.00500206
0.00500206
0.00500206
0.00500206
0.00500206
0.00500206
0.00500206
0.00500206
0.00500206
0.00500206
0.00500206
0.00500206
0.00500206
0.00500206
0.00500206
0.00500206
0.00500206
0.00500206
0.00500206
0.00500206
0.00500206
0.00500206
0.00500206
0.00500206
0.00500206
0.00500206
0.00500206
0.00500206
0.00500206
0.00500206
0.00500206
0.00500206
0.00500206
0.00500206
0.00500206
0.00500206
0.00500206
0.00500206
0.00500206
0.00500206
0.00500206
0.00500206
0.00500206
0.00500206
0.00500206
)
;

boundaryField
{
    inlet
    {
        type            calculated;
        value           nonuniform List<scalar> 
20
(
-0.005
-0.005
-0.005
-0.005
-0.005
-0.005
-0.005
-0.005
-0.005
-0.005
-0.005
-0.005
-0.005
-0.005
-0.005
-0.005
-0.005
-0.005
-0.005
-0.005
)
;
    }
    outlet
    {
        type            calculated;
        value           nonuniform List<scalar> 
20
(
0.00496087
0.00500198
0.00500206
0.00500206
0.00500206
0.00500206
0.00500206
0.00500206
0.00500206
0.00500206
0.00500206
0.00500206
0.00500206
0.00500206
0.00500206
0.00500206
0.00500206
0.00500206
0.00500206
0.00500206
)
;
    }
    top
    {
        type            calculated;
        value           uniform 0;
    }
    bottom
    {
        type            calculated;
        value           uniform 0;
    }
    frontAndBack
    {
        type            empty;
    }
}


// ************************************************************************* //
