/*--------------------------------*- C++ -*----------------------------------*\
  =========                 |
  \\      /  F ield         | OpenFOAM: The Open Source CFD Toolbox
   \\    /   O peration     | Website:  https://openfoam.org
    \\  /    A nd           | Version:  dev
     \\/     M anipulation  |
\*---------------------------------------------------------------------------*/
FoamFile
{
    format      ascii;
    class       volVectorField;
    location    "0.7";
    object      U;
}
// * * * * * * * * * * * * * * * * * * * * * * * * * * * * * * * * * * * * * //

dimensions      [0 1 -1 0 0 0 0];

internalField   nonuniform List<vector> 
4000
(
(0.999699 0.000150217 0)
(0.999382 0.000327908 0)
(0.999061 0.000422509 0)
(0.99869 0.000470955 0)
(0.99827 0.000462247 0)
(0.997766 0.000418007 0)
(0.997184 0.000407871 0)
(0.996623 0.000447213 0)
(0.996111 0.000499477 0)
(0.995567 0.000535135 0)
(0.994958 0.000536537 0)
(0.994346 0.000494533 0)
(0.993805 0.000416036 0)
(0.99337 0.000321632 0)
(0.993038 0.000232041 0)
(0.992797 0.000158997 0)
(0.992627 0.00010529 0)
(0.992511 6.86046e-05 0)
(0.99243 4.48209e-05 0)
(0.992374 2.98841e-05 0)
(0.992333 2.06015e-05 0)
(0.992302 1.47735e-05 0)
(0.992279 1.10113e-05 0)
(0.992261 8.48395e-06 0)
(0.992246 6.70884e-06 0)
(0.992235 5.40822e-06 0)
(0.992225 4.42064e-06 0)
(0.992217 3.64957e-06 0)
(0.99221 3.0349e-06 0)
(0.992205 2.53737e-06 0)
(0.9922 2.13011e-06 0)
(0.992196 1.79394e-06 0)
(0.992193 1.51468e-06 0)
(0.99219 1.28153e-06 0)
(0.992188 1.0861e-06 0)
(0.992186 9.21774e-07 0)
(0.992184 7.83227e-07 0)
(0.992183 6.66163e-07 0)
(0.992182 5.67068e-07 0)
(0.992181 4.83057e-07 0)
(0.99218 4.11739e-07 0)
(0.992179 3.51131e-07 0)
(0.992178 2.99575e-07 0)
(0.992178 2.55684e-07 0)
(0.992177 2.18294e-07 0)
(0.992177 1.86422e-07 0)
(0.992176 1.59241e-07 0)
(0.992176 1.36051e-07 0)
(0.992176 1.16258e-07 0)
(0.992176 9.93588e-08 0)
(0.992176 8.49272e-08 0)
(0.992175 7.25995e-08 0)
(0.992175 6.20671e-08 0)
(0.992175 5.3067e-08 0)
(0.992175 4.53752e-08 0)
(0.992175 3.88007e-08 0)
(0.992175 3.31804e-08 0)
(0.992175 2.83755e-08 0)
(0.992175 2.42672e-08 0)
(0.992175 2.07543e-08 0)
(0.992175 1.77505e-08 0)
(0.992175 1.5182e-08 0)
(0.992175 1.29854e-08 0)
(0.992175 1.11068e-08 0)
(0.992175 9.50001e-09 0)
(0.992175 8.12573e-09 0)
(0.992175 6.95038e-09 0)
(0.992174 5.94516e-09 0)
(0.992174 5.0854e-09 0)
(0.992174 4.34996e-09 0)
(0.992174 3.72086e-09 0)
(0.992174 3.18274e-09 0)
(0.992174 2.72249e-09 0)
(0.992174 2.32888e-09 0)
(0.992174 1.99221e-09 0)
(0.992174 1.70416e-09 0)
(0.992174 1.45771e-09 0)
(0.992174 1.24689e-09 0)
(0.992174 1.06661e-09 0)
(0.992174 9.1248e-10 0)
(0.992174 7.80646e-10 0)
(0.992174 6.67797e-10 0)
(0.992174 5.71167e-10 0)
(0.992174 4.88477e-10 0)
(0.992174 4.17813e-10 0)
(0.992174 3.57484e-10 0)
(0.992174 3.05973e-10 0)
(0.992174 2.61922e-10 0)
(0.992174 2.2414e-10 0)
(0.992174 1.91664e-10 0)
(0.992174 1.63792e-10 0)
(0.992174 1.39952e-10 0)
(0.992174 1.1964e-10 0)
(0.992174 1.02392e-10 0)
(0.992174 8.77177e-11 0)
(0.992174 7.51493e-11 0)
(0.992174 6.42996e-11 0)
(0.992174 5.49168e-11 0)
(0.992174 4.68249e-11 0)
(0.992174 3.99271e-11 0)
(0.992174 3.41183e-11 0)
(0.992174 2.92539e-11 0)
(0.992174 2.516e-11 0)
(0.992174 2.16515e-11 0)
(0.992174 1.85628e-11 0)
(0.992174 1.58037e-11 0)
(0.992174 1.33605e-11 0)
(0.992174 1.12517e-11 0)
(0.992174 9.50158e-12 0)
(0.992174 8.1134e-12 0)
(0.992174 7.02356e-12 0)
(0.992174 6.15221e-12 0)
(0.992174 5.4177e-12 0)
(0.992174 4.73951e-12 0)
(0.992174 4.07173e-12 0)
(0.992174 3.42495e-12 0)
(0.992174 2.83004e-12 0)
(0.992174 2.3139e-12 0)
(0.992174 1.905e-12 0)
(0.992174 1.61981e-12 0)
(0.992174 1.4174e-12 0)
(0.992174 1.30613e-12 0)
(0.992174 1.23012e-12 0)
(0.992174 1.13531e-12 0)
(0.992174 1.02796e-12 0)
(0.992174 8.8932e-13 0)
(0.992174 7.42112e-13 0)
(0.992174 6.02455e-13 0)
(0.992174 4.8327e-13 0)
(0.992174 4.14416e-13 0)
(0.992174 3.89958e-13 0)
(0.992174 3.88396e-13 0)
(0.992174 4.03905e-13 0)
(0.992174 4.00503e-13 0)
(0.992174 3.62146e-13 0)
(0.992174 2.88661e-13 0)
(0.992174 1.71655e-13 0)
(0.992174 3.65475e-14 0)
(0.992174 -8.75906e-14 0)
(0.992174 -1.74488e-13 0)
(0.992174 -2.08901e-13 0)
(0.992174 -1.89648e-13 0)
(0.992174 -1.41898e-13 0)
(0.992174 -6.60403e-14 0)
(0.992174 -3.20477e-15 0)
(0.992174 2.22497e-14 0)
(0.992174 1.94198e-14 0)
(0.992174 -2.18975e-14 0)
(0.992174 -1.0406e-13 0)
(0.992174 -2.11801e-13 0)
(0.992174 -3.08906e-13 0)
(0.992174 -3.84312e-13 0)
(0.992174 -3.87787e-13 0)
(0.992174 -3.27355e-13 0)
(0.992174 -2.74481e-13 0)
(0.992174 -2.01168e-13 0)
(0.992174 -1.46242e-13 0)
(0.992174 -7.64169e-14 0)
(0.992174 -1.42781e-14 0)
(0.992174 3.90756e-14 0)
(0.992174 9.00275e-14 0)
(0.992174 9.04794e-14 0)
(0.992174 9.44835e-14 0)
(0.992174 6.29954e-14 0)
(0.992174 1.61823e-14 0)
(0.992174 -1.73576e-14 0)
(0.992174 -4.23836e-14 0)
(0.992174 -5.07557e-14 0)
(0.992174 -6.33485e-14 0)
(0.992174 -7.48787e-14 0)
(0.992174 -6.70037e-14 0)
(0.992174 -5.6198e-14 0)
(0.992174 -3.41586e-14 0)
(0.992174 4.62291e-15 0)
(0.992174 3.18053e-14 0)
(0.992174 3.39326e-14 0)
(0.992174 3.91212e-14 0)
(0.992174 6.24953e-14 0)
(0.992174 7.47865e-14 0)
(0.992174 1.27017e-13 0)
(0.992174 1.48304e-13 0)
(0.992174 1.64517e-13 0)
(0.992174 2.04373e-13 0)
(0.992174 2.26446e-13 0)
(0.992174 2.64493e-13 0)
(0.992174 2.93363e-13 0)
(0.992174 3.19706e-13 0)
(0.992174 3.07472e-13 0)
(0.992174 3.41778e-13 0)
(0.992174 3.74356e-13 0)
(0.992174 3.42991e-13 0)
(0.992174 3.92258e-13 0)
(0.992174 3.051e-13 0)
(0.992174 2.74366e-13 0)
(0.992174 2.77445e-13 0)
(0.992174 1.85203e-13 0)
(0.992174 1.28178e-13 0)
(0.992174 7.07365e-14 0)
(0.992174 1.93174e-15 0)
(0.992174 -4.20056e-14 0)
(1 0.000180374 0)
(1.00007 0.000403803 0)
(1.00018 0.000521675 0)
(1.00029 0.000586673 0)
(1.00043 0.000580197 0)
(1.00055 0.000522851 0)
(1.00058 0.000504393 0)
(1.00056 0.000550129 0)
(1.0006 0.000612278 0)
(1.00069 0.000654464 0)
(1.00077 0.000662574 0)
(1.0008 0.000626314 0)
(1.00081 0.000546733 0)
(1.0008 0.000442564 0)
(1.00077 0.000337648 0)
(1.00073 0.000247625 0)
(1.00069 0.000177757 0)
(1.00064 0.000126906 0)
(1.0006 9.13493e-05 0)
(1.00057 6.69582e-05 0)
(1.00054 5.02192e-05 0)
(1.00052 3.85511e-05 0)
(1.0005 3.02171e-05 0)
(1.00048 2.40988e-05 0)
(1.00047 1.94866e-05 0)
(1.00045 1.59281e-05 0)
(1.00045 1.31292e-05 0)
(1.00044 1.08936e-05 0)
(1.00043 9.08599e-06 0)
(1.00043 7.61013e-06 0)
(1.00042 6.3957e-06 0)
(1.00042 5.39008e-06 0)
(1.00041 4.55307e-06 0)
(1.00041 3.85341e-06 0)
(1.00041 3.26651e-06 0)
(1.00041 2.77273e-06 0)
(1.00041 2.35627e-06 0)
(1.0004 2.00429e-06 0)
(1.0004 1.70628e-06 0)
(1.0004 1.45359e-06 0)
(1.0004 1.23905e-06 0)
(1.0004 1.05671e-06 0)
(1.0004 9.01589e-07 0)
(1.0004 7.69522e-07 0)
(1.0004 6.57007e-07 0)
(1.0004 5.61095e-07 0)
(1.0004 4.79295e-07 0)
(1.0004 4.09502e-07 0)
(1.0004 3.49931e-07 0)
(1.0004 2.99069e-07 0)
(1.0004 2.55633e-07 0)
(1.0004 2.18528e-07 0)
(1.0004 1.86827e-07 0)
(1.0004 1.59737e-07 0)
(1.0004 1.36584e-07 0)
(1.0004 1.16794e-07 0)
(1.0004 9.98771e-08 0)
(1.0004 8.54137e-08 0)
(1.0004 7.30475e-08 0)
(1.0004 6.24737e-08 0)
(1.0004 5.3432e-08 0)
(1.0004 4.57002e-08 0)
(1.0004 3.9088e-08 0)
(1.0004 3.3433e-08 0)
(1.0004 2.85964e-08 0)
(1.0004 2.44597e-08 0)
(1.0004 2.09217e-08 0)
(1.0004 1.78958e-08 0)
(1.0004 1.53077e-08 0)
(1.0004 1.30939e-08 0)
(1.0004 1.12003e-08 0)
(1.0004 9.58065e-09 0)
(1.0004 8.19536e-09 0)
(1.0004 7.01054e-09 0)
(1.0004 5.997e-09 0)
(1.0004 5.12989e-09 0)
(1.0004 4.38802e-09 0)
(1.0004 3.75344e-09 0)
(1.0004 3.21074e-09 0)
(1.0004 2.74665e-09 0)
(1.0004 2.3497e-09 0)
(1.0004 2.01005e-09 0)
(1.0004 1.7194e-09 0)
(1.0004 1.47078e-09 0)
(1.0004 1.25823e-09 0)
(1.0004 1.07658e-09 0)
(1.0004 9.21275e-10 0)
(1.0004 7.88329e-10 0)
(1.0004 6.74363e-10 0)
(1.0004 5.7663e-10 0)
(1.0004 4.92932e-10 0)
(1.0004 4.2142e-10 0)
(1.0004 3.60432e-10 0)
(1.0004 3.08446e-10 0)
(1.0004 2.64038e-10 0)
(1.0004 2.25959e-10 0)
(1.0004 1.9321e-10 0)
(1.0004 1.65053e-10 0)
(1.0004 1.40918e-10 0)
(1.0004 1.20353e-10 0)
(1.0004 1.02925e-10 0)
(1.0004 8.81502e-11 0)
(1.0004 7.55469e-11 0)
(1.0004 6.46811e-11 0)
(1.0004 5.52306e-11 0)
(1.0004 4.70138e-11 0)
(1.0004 3.99221e-11 0)
(1.0004 3.39231e-11 0)
(1.0004 2.89303e-11 0)
(1.0004 2.48311e-11 0)
(1.0004 2.14536e-11 0)
(1.0004 1.85866e-11 0)
(1.0004 1.60722e-11 0)
(1.0004 1.37713e-11 0)
(1.0004 1.16708e-11 0)
(1.0004 9.77844e-12 0)
(1.0004 8.13481e-12 0)
(1.0004 6.78948e-12 0)
(1.0004 5.72333e-12 0)
(1.0004 4.93579e-12 0)
(1.0004 4.33342e-12 0)
(1.0004 3.86575e-12 0)
(1.0004 3.4708e-12 0)
(1.0004 3.06726e-12 0)
(1.0004 2.68082e-12 0)
(1.0004 2.28721e-12 0)
(1.0004 1.9099e-12 0)
(1.0004 1.58639e-12 0)
(1.0004 1.34209e-12 0)
(1.0004 1.16948e-12 0)
(1.0004 1.0834e-12 0)
(1.0004 1.05282e-12 0)
(1.0004 1.05408e-12 0)
(1.0004 1.05914e-12 0)
(1.0004 1.0042e-12 0)
(1.0004 9.0999e-13 0)
(1.0004 7.72501e-13 0)
(1.0004 6.11641e-13 0)
(1.0004 4.62564e-13 0)
(1.0004 3.65938e-13 0)
(1.0004 3.20245e-13 0)
(1.0004 3.26869e-13 0)
(1.0004 3.60792e-13 0)
(1.0004 3.90888e-13 0)
(1.0004 4.03258e-13 0)
(1.0004 3.67867e-13 0)
(1.0004 2.8238e-13 0)
(1.0004 1.31186e-13 0)
(1.0004 -7.43603e-14 0)
(1.0004 -3.09158e-13 0)
(1.0004 -5.3861e-13 0)
(1.0004 -7.2036e-13 0)
(1.0004 -8.30218e-13 0)
(1.0004 -8.60864e-13 0)
(1.0004 -8.44741e-13 0)
(1.0004 -7.93924e-13 0)
(1.0004 -7.05743e-13 0)
(1.0004 -5.88439e-13 0)
(1.0004 -4.62449e-13 0)
(1.0004 -3.34712e-13 0)
(1.0004 -2.02883e-13 0)
(1.0004 -1.27505e-13 0)
(1.0004 -6.58141e-14 0)
(1.0004 -4.06817e-14 0)
(1.0004 -3.91491e-14 0)
(1.0004 -1.56032e-14 0)
(1.0004 -4.99864e-15 0)
(1.0004 8.38025e-15 0)
(1.0004 1.76487e-14 0)
(1.0004 3.8173e-14 0)
(1.0004 8.05484e-14 0)
(1.0004 1.28667e-13 0)
(1.0004 1.91376e-13 0)
(1.0004 2.26742e-13 0)
(1.0004 2.68592e-13 0)
(1.0004 2.95938e-13 0)
(1.0004 2.99249e-13 0)
(1.0004 3.44835e-13 0)
(1.0004 3.50908e-13 0)
(1.0004 3.4938e-13 0)
(1.0004 3.40638e-13 0)
(1.0004 3.47485e-13 0)
(1.0004 3.56823e-13 0)
(1.0004 3.87241e-13 0)
(1.0004 3.74969e-13 0)
(1.0004 3.62889e-13 0)
(1.0004 4.04142e-13 0)
(1.0004 3.61902e-13 0)
(1.0004 3.99707e-13 0)
(1.0004 4.11999e-13 0)
(1.0004 3.51703e-13 0)
(1.0004 4.17462e-13 0)
(1.0004 3.07174e-13 0)
(1.0004 2.94065e-13 0)
(1.0004 2.95629e-13 0)
(1.0004 1.85186e-13 0)
(1.0004 8.96701e-14 0)
(1.0004 1.9393e-14 0)
(1.0004 -3.51104e-14 0)
(1.0004 -6.47217e-14 0)
(1 6.89938e-05 0)
(1.00004 0.00018697 0)
(1.00011 0.000267956 0)
(1.0002 0.000336289 0)
(1.00031 0.00037788 0)
(1.00043 0.000369463 0)
(1.00049 0.000350668 0)
(1.00049 0.000368443 0)
(1.00051 0.000410561 0)
(1.00058 0.000445161 0)
(1.00066 0.000462004 0)
(1.00072 0.000458309 0)
(1.00074 0.000429592 0)
(1.00075 0.000378671 0)
(1.00073 0.00031679 0)
(1.0007 0.000255432 0)
(1.00067 0.000201298 0)
(1.00063 0.000156749 0)
(1.0006 0.00012168 0)
(1.00057 9.48122e-05 0)
(1.00054 7.44755e-05 0)
(1.00052 5.90895e-05 0)
(1.0005 4.73687e-05 0)
(1.00049 3.83441e-05 0)
(1.00048 3.13094e-05 0)
(1.00047 2.57571e-05 0)
(1.00046 2.13235e-05 0)
(1.00045 1.77462e-05 0)
(1.00045 1.48338e-05 0)
(1.00044 1.24445e-05 0)
(1.00044 1.04717e-05 0)
(1.00043 8.83382e-06 0)
(1.00043 7.46786e-06 0)
(1.00043 6.3243e-06 0)
(1.00043 5.36384e-06 0)
(1.00042 4.55496e-06 0)
(1.00042 3.87219e-06 0)
(1.00042 3.29474e-06 0)
(1.00042 2.80555e-06 0)
(1.00042 2.39056e-06 0)
(1.00042 2.0381e-06 0)
(1.00042 1.73842e-06 0)
(1.00042 1.48342e-06 0)
(1.00042 1.26626e-06 0)
(1.00042 1.08122e-06 0)
(1.00041 9.23448e-07 0)
(1.00041 7.88875e-07 0)
(1.00041 6.7404e-07 0)
(1.00041 5.76014e-07 0)
(1.00041 4.92313e-07 0)
(1.00041 4.20825e-07 0)
(1.00041 3.59754e-07 0)
(1.00041 3.07573e-07 0)
(1.00041 2.62981e-07 0)
(1.00041 2.24868e-07 0)
(1.00041 1.9229e-07 0)
(1.00041 1.6444e-07 0)
(1.00041 1.40629e-07 0)
(1.00041 1.2027e-07 0)
(1.00041 1.02861e-07 0)
(1.00041 8.79753e-08 0)
(1.00041 7.52453e-08 0)
(1.00041 6.43585e-08 0)
(1.00041 5.50476e-08 0)
(1.00041 4.70842e-08 0)
(1.00041 4.02734e-08 0)
(1.00041 3.44482e-08 0)
(1.00041 2.9466e-08 0)
(1.00041 2.52047e-08 0)
(1.00041 2.15597e-08 0)
(1.00041 1.84419e-08 0)
(1.00041 1.57752e-08 0)
(1.00041 1.34943e-08 0)
(1.00041 1.15433e-08 0)
(1.00041 9.87435e-09 0)
(1.00041 8.44653e-09 0)
(1.00041 7.22505e-09 0)
(1.00041 6.18025e-09 0)
(1.00041 5.28671e-09 0)
(1.00041 4.52255e-09 0)
(1.00041 3.86892e-09 0)
(1.00041 3.30971e-09 0)
(1.00041 2.83132e-09 0)
(1.00041 2.42214e-09 0)
(1.00041 2.07224e-09 0)
(1.00041 1.77303e-09 0)
(1.00041 1.51702e-09 0)
(1.00041 1.29781e-09 0)
(1.00041 1.11003e-09 0)
(1.00041 9.49238e-10 0)
(1.00041 8.11686e-10 0)
(1.00041 6.94163e-10 0)
(1.00041 5.93814e-10 0)
(1.00041 5.08069e-10 0)
(1.00041 4.34686e-10 0)
(1.00041 3.71762e-10 0)
(1.00041 3.17779e-10 0)
(1.00041 2.71538e-10 0)
(1.00041 2.32038e-10 0)
(1.00041 1.98383e-10 0)
(1.00041 1.69705e-10 0)
(1.00041 1.4519e-10 0)
(1.00041 1.24145e-10 0)
(1.00041 1.05999e-10 0)
(1.00041 9.03428e-11 0)
(1.00041 7.69176e-11 0)
(1.00041 6.55216e-11 0)
(1.00041 5.59639e-11 0)
(1.00041 4.79858e-11 0)
(1.00041 4.12897e-11 0)
(1.00041 3.55844e-11 0)
(1.00041 3.05828e-11 0)
(1.00041 2.61477e-11 0)
(1.00041 2.21637e-11 0)
(1.00041 1.86364e-11 0)
(1.00041 1.56007e-11 0)
(1.00041 1.3072e-11 0)
(1.00041 1.10551e-11 0)
(1.00041 9.43714e-12 0)
(1.00041 8.17586e-12 0)
(1.00041 7.14172e-12 0)
(1.00041 6.23059e-12 0)
(1.00041 5.42419e-12 0)
(1.00041 4.67373e-12 0)
(1.00041 3.98554e-12 0)
(1.00041 3.38473e-12 0)
(1.00041 2.87907e-12 0)
(1.00041 2.4698e-12 0)
(1.00041 2.17826e-12 0)
(1.00041 1.96651e-12 0)
(1.00041 1.82666e-12 0)
(1.00041 1.7402e-12 0)
(1.00041 1.69168e-12 0)
(1.00041 1.65635e-12 0)
(1.00041 1.60975e-12 0)
(1.00041 1.55554e-12 0)
(1.00041 1.493e-12 0)
(1.00041 1.45115e-12 0)
(1.00041 1.41836e-12 0)
(1.00041 1.40138e-12 0)
(1.00041 1.38066e-12 0)
(1.00041 1.33639e-12 0)
(1.00041 1.2681e-12 0)
(1.00041 1.11781e-12 0)
(1.00041 9.27147e-13 0)
(1.00041 6.90992e-13 0)
(1.00041 4.04017e-13 0)
(1.00041 8.84009e-14 0)
(1.00041 -2.42503e-13 0)
(1.00041 -5.54848e-13 0)
(1.00041 -8.264e-13 0)
(1.00041 -1.02596e-12 0)
(1.00041 -1.15858e-12 0)
(1.00041 -1.245e-12 0)
(1.00041 -1.23402e-12 0)
(1.00041 -1.1791e-12 0)
(1.00041 -1.06287e-12 0)
(1.00041 -9.17501e-13 0)
(1.00041 -7.71927e-13 0)
(1.00041 -6.09064e-13 0)
(1.00041 -4.79639e-13 0)
(1.00041 -3.59e-13 0)
(1.00041 -2.5467e-13 0)
(1.00041 -1.72374e-13 0)
(1.00041 -6.92522e-14 0)
(1.00041 1.7639e-14 0)
(1.00041 8.94167e-14 0)
(1.00041 1.52959e-13 0)
(1.00041 2.09219e-13 0)
(1.00041 2.89826e-13 0)
(1.00041 3.69089e-13 0)
(1.00041 4.43955e-13 0)
(1.00041 5.06411e-13 0)
(1.00041 5.09631e-13 0)
(1.00041 5.37102e-13 0)
(1.00041 5.58464e-13 0)
(1.00041 5.47644e-13 0)
(1.00041 5.5745e-13 0)
(1.00041 5.15085e-13 0)
(1.00041 4.40885e-13 0)
(1.00041 3.90345e-13 0)
(1.00041 3.64471e-13 0)
(1.00041 3.11175e-13 0)
(1.00041 2.89987e-13 0)
(1.00041 2.40127e-13 0)
(1.00041 1.75834e-13 0)
(1.00041 2.08176e-13 0)
(1.00041 1.98476e-13 0)
(1.00041 2.08731e-13 0)
(1.00041 1.63488e-13 0)
(1.00041 1.21674e-13 0)
(1.00041 1.90648e-13 0)
(1.00041 1.62747e-13 0)
(1.00041 1.60884e-13 0)
(1.00041 9.85927e-14 0)
(1.00041 5.93852e-14 0)
(1.00041 7.31739e-14 0)
(1.00041 7.78636e-14 0)
(1.00041 1.32486e-14 0)
(1.00041 -2.08404e-14 0)
(1 6.19941e-05 0)
(1.00003 0.000176375 0)
(1.00007 0.000266501 0)
(1.00013 0.000345211 0)
(1.0002 0.000407527 0)
(1.00029 0.000418697 0)
(1.00035 0.000399714 0)
(1.00038 0.000408171 0)
(1.00039 0.000451544 0)
(1.00044 0.000495351 0)
(1.0005 0.000517237 0)
(1.00055 0.000513293 0)
(1.00058 0.000483292 0)
(1.0006 0.000430843 0)
(1.0006 0.00036601 0)
(1.0006 0.000300205 0)
(1.00059 0.000240908 0)
(1.00057 0.00019112 0)
(1.00056 0.000151076 0)
(1.00054 0.000119697 0)
(1.00052 9.54136e-05 0)
(1.00051 7.66564e-05 0)
(1.00049 6.20947e-05 0)
(1.00048 5.06928e-05 0)
(1.00047 4.16751e-05 0)
(1.00046 3.44704e-05 0)
(1.00045 2.86592e-05 0)
(1.00045 2.39321e-05 0)
(1.00044 2.00583e-05 0)
(1.00044 1.68636e-05 0)
(1.00043 1.42147e-05 0)
(1.00043 1.20081e-05 0)
(1.00043 1.01629e-05 0)
(1.00043 8.61466e-06 0)
(1.00042 7.312e-06 0)
(1.00042 6.21332e-06 0)
(1.00042 5.28479e-06 0)
(1.00042 4.4987e-06 0)
(1.00042 3.8322e-06 0)
(1.00042 3.26639e-06 0)
(1.00042 2.78554e-06 0)
(1.00042 2.37651e-06 0)
(1.00042 2.0283e-06 0)
(1.00042 1.73166e-06 0)
(1.00042 1.47882e-06 0)
(1.00041 1.26318e-06 0)
(1.00041 1.07921e-06 0)
(1.00041 9.22196e-07 0)
(1.00041 7.8814e-07 0)
(1.00041 6.73658e-07 0)
(1.00041 5.75869e-07 0)
(1.00041 4.92322e-07 0)
(1.00041 4.2093e-07 0)
(1.00041 3.59916e-07 0)
(1.00041 3.07764e-07 0)
(1.00041 2.63183e-07 0)
(1.00041 2.2507e-07 0)
(1.00041 1.92483e-07 0)
(1.00041 1.6462e-07 0)
(1.00041 1.40794e-07 0)
(1.00041 1.2042e-07 0)
(1.00041 1.02996e-07 0)
(1.00041 8.80949e-08 0)
(1.00041 7.53505e-08 0)
(1.00041 6.44506e-08 0)
(1.00041 5.51281e-08 0)
(1.00041 4.71547e-08 0)
(1.00041 4.03351e-08 0)
(1.00041 3.4502e-08 0)
(1.00041 2.95125e-08 0)
(1.00041 2.52448e-08 0)
(1.00041 2.15944e-08 0)
(1.00041 1.8472e-08 0)
(1.00041 1.58012e-08 0)
(1.00041 1.35165e-08 0)
(1.00041 1.1562e-08 0)
(1.00041 9.8901e-09 0)
(1.00041 8.46008e-09 0)
(1.00041 7.23707e-09 0)
(1.00041 6.19104e-09 0)
(1.00041 5.29622e-09 0)
(1.00041 4.53072e-09 0)
(1.00041 3.87584e-09 0)
(1.00041 3.31572e-09 0)
(1.00041 2.83672e-09 0)
(1.00041 2.42701e-09 0)
(1.00041 2.07643e-09 0)
(1.00041 1.7763e-09 0)
(1.00041 1.5193e-09 0)
(1.00041 1.29933e-09 0)
(1.00041 1.11121e-09 0)
(1.00041 9.50436e-10 0)
(1.00041 8.13053e-10 0)
(1.00041 6.95549e-10 0)
(1.00041 5.94945e-10 0)
(1.00041 5.08721e-10 0)
(1.00041 4.34856e-10 0)
(1.00041 3.7167e-10 0)
(1.00041 3.17714e-10 0)
(1.00041 2.71707e-10 0)
(1.00041 2.32415e-10 0)
(1.00041 1.98759e-10 0)
(1.00041 1.69824e-10 0)
(1.00041 1.44894e-10 0)
(1.00041 1.23495e-10 0)
(1.00041 1.05214e-10 0)
(1.00041 8.97681e-11 0)
(1.00041 7.67996e-11 0)
(1.00041 6.59039e-11 0)
(1.00041 5.66844e-11 0)
(1.00041 4.87329e-11 0)
(1.00041 4.17469e-11 0)
(1.00041 3.55477e-11 0)
(1.00041 3.00602e-11 0)
(1.00041 2.52861e-11 0)
(1.00041 2.12319e-11 0)
(1.00041 1.7887e-11 0)
(1.00041 1.51949e-11 0)
(1.00041 1.302e-11 0)
(1.00041 1.12451e-11 0)
(1.00041 9.74403e-12 0)
(1.00041 8.42884e-12 0)
(1.00041 7.25395e-12 0)
(1.00041 6.21252e-12 0)
(1.00041 5.30017e-12 0)
(1.00041 4.5441e-12 0)
(1.00041 3.93157e-12 0)
(1.00041 3.46116e-12 0)
(1.00041 3.09828e-12 0)
(1.00041 2.83318e-12 0)
(1.00041 2.64023e-12 0)
(1.00041 2.48728e-12 0)
(1.00041 2.37486e-12 0)
(1.00041 2.27226e-12 0)
(1.00041 2.20124e-12 0)
(1.00041 2.1526e-12 0)
(1.00041 2.1155e-12 0)
(1.00041 2.10578e-12 0)
(1.00041 2.10612e-12 0)
(1.00041 2.1048e-12 0)
(1.00041 2.0627e-12 0)
(1.00041 1.95757e-12 0)
(1.00041 1.77313e-12 0)
(1.00041 1.49717e-12 0)
(1.00041 1.1436e-12 0)
(1.00041 7.2176e-13 0)
(1.00041 2.57839e-13 0)
(1.00041 -2.12108e-13 0)
(1.00041 -6.60183e-13 0)
(1.00041 -1.0403e-12 0)
(1.00041 -1.32168e-12 0)
(1.00041 -1.50448e-12 0)
(1.00041 -1.58595e-12 0)
(1.00041 -1.57957e-12 0)
(1.00041 -1.49651e-12 0)
(1.00041 -1.36353e-12 0)
(1.00041 -1.20659e-12 0)
(1.00041 -1.01929e-12 0)
(1.00041 -8.49422e-13 0)
(1.00041 -6.77158e-13 0)
(1.00041 -5.4751e-13 0)
(1.00041 -4.29502e-13 0)
(1.00041 -3.09043e-13 0)
(1.00041 -2.02428e-13 0)
(1.00041 -8.42193e-14 0)
(1.00041 2.49139e-14 0)
(1.00041 1.30325e-13 0)
(1.00041 2.29155e-13 0)
(1.00041 3.50211e-13 0)
(1.00041 4.75791e-13 0)
(1.00041 5.74685e-13 0)
(1.00041 6.58844e-13 0)
(1.00041 7.0257e-13 0)
(1.00041 7.2623e-13 0)
(1.00041 7.4648e-13 0)
(1.00041 7.41087e-13 0)
(1.00041 7.0089e-13 0)
(1.00041 6.31315e-13 0)
(1.00041 5.6439e-13 0)
(1.00041 4.94529e-13 0)
(1.00041 4.42866e-13 0)
(1.00041 3.84025e-13 0)
(1.00041 3.04242e-13 0)
(1.00041 2.51981e-13 0)
(1.00041 2.26607e-13 0)
(1.00041 2.02159e-13 0)
(1.00041 2.03139e-13 0)
(1.00041 2.08174e-13 0)
(1.00041 1.93995e-13 0)
(1.00041 2.30541e-13 0)
(1.00041 1.98441e-13 0)
(1.00041 2.25156e-13 0)
(1.00041 2.32765e-13 0)
(1.00041 1.76839e-13 0)
(1.00041 1.38122e-13 0)
(1.00041 1.49877e-13 0)
(1.00041 1.19658e-13 0)
(1.00041 6.68164e-14 0)
(1.00041 2.65812e-15 0)
(1.00041 -1.46211e-14 0)
(1 4.22083e-05 0)
(1.00002 0.000120551 0)
(1.00005 0.000185916 0)
(1.00009 0.000243113 0)
(1.00014 0.000293953 0)
(1.0002 0.000318103 0)
(1.00027 0.000314627 0)
(1.0003 0.000317298 0)
(1.00032 0.000344215 0)
(1.00036 0.000379427 0)
(1.00041 0.000403668 0)
(1.00046 0.000410512 0)
(1.0005 0.000398975 0)
(1.00053 0.000369986 0)
(1.00054 0.000328529 0)
(1.00055 0.000282058 0)
(1.00054 0.000236713 0)
(1.00054 0.000195874 0)
(1.00052 0.000160818 0)
(1.00051 0.00013163 0)
(1.0005 0.000107772 0)
(1.00049 8.84511e-05 0)
(1.00048 7.28474e-05 0)
(1.00047 6.02324e-05 0)
(1.00046 5.00001e-05 0)
(1.00045 4.16633e-05 0)
(1.00045 3.48369e-05 0)
(1.00044 2.92192e-05 0)
(1.00044 2.45744e-05 0)
(1.00044 2.07171e-05 0)
(1.00043 1.75013e-05 0)
(1.00043 1.48109e-05 0)
(1.00043 1.25532e-05 0)
(1.00042 1.06536e-05 0)
(1.00042 9.05165e-06 0)
(1.00042 7.69795e-06 0)
(1.00042 6.55211e-06 0)
(1.00042 5.58076e-06 0)
(1.00042 4.7563e-06 0)
(1.00042 4.05574e-06 0)
(1.00042 3.45991e-06 0)
(1.00042 2.95275e-06 0)
(1.00042 2.52075e-06 0)
(1.00042 2.15256e-06 0)
(1.00041 1.8386e-06 0)
(1.00041 1.57076e-06 0)
(1.00041 1.34218e-06 0)
(1.00041 1.14703e-06 0)
(1.00041 9.80392e-07 0)
(1.00041 8.38057e-07 0)
(1.00041 7.16456e-07 0)
(1.00041 6.12551e-07 0)
(1.00041 5.23753e-07 0)
(1.00041 4.47855e-07 0)
(1.00041 3.82977e-07 0)
(1.00041 3.27512e-07 0)
(1.00041 2.80091e-07 0)
(1.00041 2.39544e-07 0)
(1.00041 2.04873e-07 0)
(1.00041 1.75225e-07 0)
(1.00041 1.49871e-07 0)
(1.00041 1.28187e-07 0)
(1.00041 1.09643e-07 0)
(1.00041 9.37821e-08 0)
(1.00041 8.02168e-08 0)
(1.00041 6.86146e-08 0)
(1.00041 5.86912e-08 0)
(1.00041 5.02033e-08 0)
(1.00041 4.29432e-08 0)
(1.00041 3.67331e-08 0)
(1.00041 3.14213e-08 0)
(1.00041 2.68778e-08 0)
(1.00041 2.29915e-08 0)
(1.00041 1.96672e-08 0)
(1.00041 1.68235e-08 0)
(1.00041 1.43908e-08 0)
(1.00041 1.231e-08 0)
(1.00041 1.05303e-08 0)
(1.00041 9.00805e-09 0)
(1.00041 7.70601e-09 0)
(1.00041 6.59217e-09 0)
(1.00041 5.6393e-09 0)
(1.00041 4.8242e-09 0)
(1.00041 4.12704e-09 0)
(1.00041 3.53077e-09 0)
(1.00041 3.02069e-09 0)
(1.00041 2.58418e-09 0)
(1.00041 2.21055e-09 0)
(1.00041 1.89076e-09 0)
(1.00041 1.61716e-09 0)
(1.00041 1.3832e-09 0)
(1.00041 1.18319e-09 0)
(1.00041 1.01215e-09 0)
(1.00041 8.65771e-10 0)
(1.00041 7.40408e-10 0)
(1.00041 6.33024e-10 0)
(1.00041 5.41129e-10 0)
(1.00041 4.62609e-10 0)
(1.00041 3.95582e-10 0)
(1.00041 3.38359e-10 0)
(1.00041 2.89392e-10 0)
(1.00041 2.47372e-10 0)
(1.00041 2.11243e-10 0)
(1.00041 1.80175e-10 0)
(1.00041 1.53595e-10 0)
(1.00041 1.30991e-10 0)
(1.00041 1.11904e-10 0)
(1.00041 9.58506e-11 0)
(1.00041 8.22774e-11 0)
(1.00041 7.06873e-11 0)
(1.00041 6.06107e-11 0)
(1.00041 5.17657e-11 0)
(1.00041 4.39657e-11 0)
(1.00041 3.71379e-11 0)
(1.00041 3.12945e-11 0)
(1.00041 2.638e-11 0)
(1.00041 2.23509e-11 0)
(1.00041 1.90604e-11 0)
(1.00041 1.63537e-11 0)
(1.00041 1.40793e-11 0)
(1.00041 1.21171e-11 0)
(1.00041 1.03924e-11 0)
(1.00041 8.87611e-12 0)
(1.00041 7.57144e-12 0)
(1.00041 6.48068e-12 0)
(1.00041 5.59677e-12 0)
(1.00041 4.89126e-12 0)
(1.00041 4.35148e-12 0)
(1.00041 3.91536e-12 0)
(1.00041 3.57931e-12 0)
(1.00041 3.31589e-12 0)
(1.00041 3.09708e-12 0)
(1.00041 2.92701e-12 0)
(1.00041 2.80456e-12 0)
(1.00041 2.73293e-12 0)
(1.00041 2.71119e-12 0)
(1.00041 2.73108e-12 0)
(1.00041 2.76381e-12 0)
(1.00041 2.80491e-12 0)
(1.00041 2.7993e-12 0)
(1.00041 2.70923e-12 0)
(1.00041 2.52908e-12 0)
(1.00041 2.22264e-12 0)
(1.00041 1.81515e-12 0)
(1.00041 1.32391e-12 0)
(1.00041 7.63093e-13 0)
(1.00041 1.7462e-13 0)
(1.00041 -4.039e-13 0)
(1.00041 -9.17984e-13 0)
(1.00041 -1.3329e-12 0)
(1.00041 -1.63816e-12 0)
(1.00041 -1.8223e-12 0)
(1.00041 -1.90523e-12 0)
(1.00041 -1.89863e-12 0)
(1.00041 -1.80997e-12 0)
(1.00041 -1.66223e-12 0)
(1.00041 -1.48797e-12 0)
(1.00041 -1.28666e-12 0)
(1.00041 -1.09752e-12 0)
(1.00041 -9.25644e-13 0)
(1.00041 -7.51714e-13 0)
(1.00041 -5.95083e-13 0)
(1.00041 -4.34885e-13 0)
(1.00041 -2.58234e-13 0)
(1.00041 -1.11898e-13 0)
(1.00041 5.34503e-14 0)
(1.00041 2.08798e-13 0)
(1.00041 3.60739e-13 0)
(1.00041 5.36562e-13 0)
(1.00041 6.87005e-13 0)
(1.00041 7.97227e-13 0)
(1.00041 8.81867e-13 0)
(1.00041 9.42304e-13 0)
(1.00041 9.74767e-13 0)
(1.00041 9.72573e-13 0)
(1.00041 9.35005e-13 0)
(1.00041 8.60379e-13 0)
(1.00041 7.51395e-13 0)
(1.00041 6.80638e-13 0)
(1.00041 5.79244e-13 0)
(1.00041 4.82291e-13 0)
(1.00041 3.80978e-13 0)
(1.00041 2.79693e-13 0)
(1.00041 2.51242e-13 0)
(1.00041 1.98618e-13 0)
(1.00041 1.85245e-13 0)
(1.00041 1.60567e-13 0)
(1.00041 1.20518e-13 0)
(1.00041 1.57061e-13 0)
(1.00041 1.84678e-13 0)
(1.00041 2.13219e-13 0)
(1.00041 1.88638e-13 0)
(1.00041 1.07675e-13 0)
(1.00041 1.9736e-13 0)
(1.00041 1.75766e-13 0)
(1.00041 1.05093e-13 0)
(1.00041 5.52606e-14 0)
(1.00041 6.99393e-14 0)
(1.00041 4.60388e-14 0)
(1.00041 -4.312e-15 0)
(1 3.46716e-05 0)
(1.00001 0.000100358 0)
(1.00003 0.000159838 0)
(1.00007 0.00021473 0)
(1.00011 0.000265857 0)
(1.00016 0.000299785 0)
(1.00021 0.000309923 0)
(1.00025 0.000317005 0)
(1.00027 0.000340784 0)
(1.0003 0.00037458 0)
(1.00035 0.000400377 0)
(1.00039 0.000408534 0)
(1.00042 0.000397943 0)
(1.00045 0.000370939 0)
(1.00047 0.000332362 0)
(1.00049 0.000288618 0)
(1.00049 0.000245261 0)
(1.00049 0.000205617 0)
(1.00049 0.000171068 0)
(1.00048 0.000141835 0)
(1.00048 0.000117533 0)
(1.00047 9.75165e-05 0)
(1.00046 8.10875e-05 0)
(1.00046 6.76032e-05 0)
(1.00045 5.65152e-05 0)
(1.00045 4.73716e-05 0)
(1.00044 3.98061e-05 0)
(1.00044 3.35247e-05 0)
(1.00043 2.82918e-05 0)
(1.00043 2.39187e-05 0)
(1.00043 2.02535e-05 0)
(1.00043 1.71736e-05 0)
(1.00042 1.45796e-05 0)
(1.00042 1.23903e-05 0)
(1.00042 1.05393e-05 0)
(1.00042 8.9718e-06 0)
(1.00042 7.64257e-06 0)
(1.00042 6.51405e-06 0)
(1.00042 5.55496e-06 0)
(1.00042 4.73912e-06 0)
(1.00042 4.04461e-06 0)
(1.00042 3.45298e-06 0)
(1.00042 2.9487e-06 0)
(1.00041 2.51867e-06 0)
(1.00041 2.15179e-06 0)
(1.00041 1.83867e-06 0)
(1.00041 1.57136e-06 0)
(1.00041 1.34309e-06 0)
(1.00041 1.1481e-06 0)
(1.00041 9.8152e-07 0)
(1.00041 8.39178e-07 0)
(1.00041 7.1753e-07 0)
(1.00041 6.13554e-07 0)
(1.00041 5.24673e-07 0)
(1.00041 4.48688e-07 0)
(1.00041 3.83723e-07 0)
(1.00041 3.28174e-07 0)
(1.00041 2.80676e-07 0)
(1.00041 2.40058e-07 0)
(1.00041 2.05323e-07 0)
(1.00041 1.75617e-07 0)
(1.00041 1.50211e-07 0)
(1.00041 1.28482e-07 0)
(1.00041 1.09898e-07 0)
(1.00041 9.40026e-08 0)
(1.00041 8.04075e-08 0)
(1.00041 6.87791e-08 0)
(1.00041 5.88327e-08 0)
(1.00041 5.03248e-08 0)
(1.00041 4.30474e-08 0)
(1.00041 3.68226e-08 0)
(1.00041 3.14982e-08 0)
(1.00041 2.69439e-08 0)
(1.00041 2.30481e-08 0)
(1.00041 1.97155e-08 0)
(1.00041 1.68647e-08 0)
(1.00041 1.44264e-08 0)
(1.00041 1.23408e-08 0)
(1.00041 1.05569e-08 0)
(1.00041 9.03098e-09 0)
(1.00041 7.7256e-09 0)
(1.00041 6.60886e-09 0)
(1.00041 5.65354e-09 0)
(1.00041 4.83642e-09 0)
(1.00041 4.13748e-09 0)
(1.00041 3.53957e-09 0)
(1.00041 3.02799e-09 0)
(1.00041 2.59022e-09 0)
(1.00041 2.21565e-09 0)
(1.00041 1.89523e-09 0)
(1.00041 1.62118e-09 0)
(1.00041 1.38678e-09 0)
(1.00041 1.18622e-09 0)
(1.00041 1.01453e-09 0)
(1.00041 8.67532e-10 0)
(1.00041 7.41723e-10 0)
(1.00041 6.34143e-10 0)
(1.00041 5.42233e-10 0)
(1.00041 4.63743e-10 0)
(1.00041 3.96639e-10 0)
(1.00041 3.39169e-10 0)
(1.00041 2.89829e-10 0)
(1.00041 2.47433e-10 0)
(1.00041 2.11091e-10 0)
(1.00041 1.80051e-10 0)
(1.00041 1.53708e-10 0)
(1.00041 1.31436e-10 0)
(1.00041 1.12605e-10 0)
(1.00041 9.65912e-11 0)
(1.00041 8.28327e-11 0)
(1.00041 7.08723e-11 0)
(1.00041 6.03954e-11 0)
(1.00041 5.12402e-11 0)
(1.00041 4.33432e-11 0)
(1.00041 3.6626e-11 0)
(1.00041 3.0995e-11 0)
(1.00041 2.63639e-11 0)
(1.00041 2.25116e-11 0)
(1.00041 1.92902e-11 0)
(1.00041 1.654e-11 0)
(1.00041 1.41431e-11 0)
(1.00041 1.2053e-11 0)
(1.00041 1.02554e-11 0)
(1.00041 8.73667e-12 0)
(1.00041 7.50146e-12 0)
(1.00041 6.5083e-12 0)
(1.00041 5.73135e-12 0)
(1.00041 5.12452e-12 0)
(1.00041 4.61953e-12 0)
(1.00041 4.23012e-12 0)
(1.00041 3.89763e-12 0)
(1.00041 3.63637e-12 0)
(1.00041 3.43582e-12 0)
(1.00041 3.29141e-12 0)
(1.00041 3.23383e-12 0)
(1.00041 3.23667e-12 0)
(1.00041 3.28796e-12 0)
(1.00041 3.35508e-12 0)
(1.00041 3.4095e-12 0)
(1.00041 3.38472e-12 0)
(1.00041 3.24839e-12 0)
(1.00041 2.99234e-12 0)
(1.00041 2.5884e-12 0)
(1.00041 2.06874e-12 0)
(1.00041 1.45382e-12 0)
(1.00041 7.71639e-13 0)
(1.00041 7.05547e-14 0)
(1.00041 -5.95244e-13 0)
(1.00041 -1.17062e-12 0)
(1.00041 -1.62367e-12 0)
(1.00041 -1.94968e-12 0)
(1.00041 -2.13732e-12 0)
(1.00041 -2.21044e-12 0)
(1.00041 -2.17533e-12 0)
(1.00041 -2.05263e-12 0)
(1.00041 -1.87719e-12 0)
(1.00041 -1.65504e-12 0)
(1.00041 -1.45233e-12 0)
(1.00041 -1.23533e-12 0)
(1.00041 -1.03845e-12 0)
(1.00041 -8.52176e-13 0)
(1.00041 -6.56937e-13 0)
(1.00041 -4.72407e-13 0)
(1.00041 -2.81276e-13 0)
(1.00041 -9.87666e-14 0)
(1.00041 9.66364e-14 0)
(1.00041 2.91347e-13 0)
(1.00041 4.9153e-13 0)
(1.00041 6.86583e-13 0)
(1.00041 8.36136e-13 0)
(1.00041 9.60587e-13 0)
(1.00041 1.0633e-12 0)
(1.00041 1.12331e-12 0)
(1.00041 1.15343e-12 0)
(1.00041 1.12017e-12 0)
(1.00041 1.04807e-12 0)
(1.00041 9.67436e-13 0)
(1.00041 8.51671e-13 0)
(1.00041 7.4699e-13 0)
(1.00041 6.26611e-13 0)
(1.00041 4.967e-13 0)
(1.00041 3.86774e-13 0)
(1.00041 2.85386e-13 0)
(1.00041 2.61124e-13 0)
(1.00041 1.98608e-13 0)
(1.00041 1.4837e-13 0)
(1.00041 1.39799e-13 0)
(1.00041 1.4886e-13 0)
(1.00041 1.95582e-13 0)
(1.00041 1.60389e-13 0)
(1.00041 1.5805e-13 0)
(1.00041 2.08854e-13 0)
(1.00041 1.85707e-13 0)
(1.00041 2.13061e-13 0)
(1.00041 1.55691e-13 0)
(1.00041 1.30953e-13 0)
(1.00041 1.02925e-13 0)
(1.00041 8.76231e-14 0)
(1.00041 4.69101e-14 0)
(1.00041 2.75737e-15 0)
(1 2.85068e-05 0)
(1.00001 8.22458e-05 0)
(1.00003 0.00013133 0)
(1.00005 0.000178024 0)
(1.00008 0.000221092 0)
(1.00012 0.000251663 0)
(1.00016 0.00026501 0)
(1.0002 0.000273222 0)
(1.00023 0.000291547 0)
(1.00026 0.00031907 0)
(1.0003 0.00034319 0)
(1.00033 0.00035437 0)
(1.00037 0.000350215 0)
(1.0004 0.00033225 0)
(1.00042 0.000303977 0)
(1.00044 0.000270039 0)
(1.00045 0.000234797 0)
(1.00046 0.000201227 0)
(1.00046 0.00017087 0)
(1.00046 0.00014429 0)
(1.00046 0.000121491 0)
(1.00045 0.00010218 0)
(1.00045 8.59416e-05 0)
(1.00045 7.23348e-05 0)
(1.00044 6.09488e-05 0)
(1.00044 5.14212e-05 0)
(1.00043 4.34416e-05 0)
(1.00043 3.67493e-05 0)
(1.00043 3.11274e-05 0)
(1.00043 2.63966e-05 0)
(1.00043 2.24088e-05 0)
(1.00042 1.90418e-05 0)
(1.00042 1.61945e-05 0)
(1.00042 1.37835e-05 0)
(1.00042 1.17392e-05 0)
(1.00042 1.0004e-05 0)
(1.00042 8.52959e-06 0)
(1.00042 7.27572e-06 0)
(1.00042 6.20856e-06 0)
(1.00042 5.2997e-06 0)
(1.00042 4.52519e-06 0)
(1.00042 3.86484e-06 0)
(1.00041 3.30156e-06 0)
(1.00041 2.82091e-06 0)
(1.00041 2.41062e-06 0)
(1.00041 2.0603e-06 0)
(1.00041 1.76109e-06 0)
(1.00041 1.5055e-06 0)
(1.00041 1.28711e-06 0)
(1.00041 1.10049e-06 0)
(1.00041 9.40993e-07 0)
(1.00041 8.04657e-07 0)
(1.00041 6.88107e-07 0)
(1.00041 5.88464e-07 0)
(1.00041 5.03269e-07 0)
(1.00041 4.30421e-07 0)
(1.00041 3.68128e-07 0)
(1.00041 3.14858e-07 0)
(1.00041 2.69302e-07 0)
(1.00041 2.30341e-07 0)
(1.00041 1.9702e-07 0)
(1.00041 1.68521e-07 0)
(1.00041 1.44146e-07 0)
(1.00041 1.23298e-07 0)
(1.00041 1.05466e-07 0)
(1.00041 9.02143e-08 0)
(1.00041 7.71683e-08 0)
(1.00041 6.60091e-08 0)
(1.00041 5.64637e-08 0)
(1.00041 4.82988e-08 0)
(1.00041 4.13149e-08 0)
(1.00041 3.53411e-08 0)
(1.00041 3.02312e-08 0)
(1.00041 2.58601e-08 0)
(1.00041 2.21209e-08 0)
(1.00041 1.89224e-08 0)
(1.00041 1.61867e-08 0)
(1.00041 1.38468e-08 0)
(1.00041 1.18453e-08 0)
(1.00041 1.01331e-08 0)
(1.00041 8.66833e-09 0)
(1.00041 7.41516e-09 0)
(1.00041 6.34312e-09 0)
(1.00041 5.42616e-09 0)
(1.00041 4.64188e-09 0)
(1.00041 3.97101e-09 0)
(1.00041 3.39709e-09 0)
(1.00041 2.90606e-09 0)
(1.00041 2.48593e-09 0)
(1.00041 2.12653e-09 0)
(1.00041 1.81907e-09 0)
(1.00041 1.55602e-09 0)
(1.00041 1.3309e-09 0)
(1.00041 1.13821e-09 0)
(1.00041 9.73282e-10 0)
(1.00041 8.32181e-10 0)
(1.00041 7.11566e-10 0)
(1.00041 6.08506e-10 0)
(1.00041 5.20448e-10 0)
(1.00041 4.45106e-10 0)
(1.00041 3.80537e-10 0)
(1.00041 3.25149e-10 0)
(1.00041 2.77599e-10 0)
(1.00041 2.36902e-10 0)
(1.00041 2.02203e-10 0)
(1.00041 1.72732e-10 0)
(1.00041 1.47775e-10 0)
(1.00041 1.26577e-10 0)
(1.00041 1.0847e-10 0)
(1.00041 9.28572e-11 0)
(1.00041 7.92943e-11 0)
(1.00041 6.74943e-11 0)
(1.00041 5.72517e-11 0)
(1.00041 4.84939e-11 0)
(1.00041 4.10934e-11 0)
(1.00041 3.49062e-11 0)
(1.00041 2.97596e-11 0)
(1.00041 2.54312e-11 0)
(1.00041 2.17566e-11 0)
(1.00041 1.85709e-11 0)
(1.00041 1.57929e-11 0)
(1.00041 1.33948e-11 0)
(1.00041 1.13548e-11 0)
(1.00041 9.66537e-12 0)
(1.00041 8.32141e-12 0)
(1.00041 7.25938e-12 0)
(1.00041 6.42607e-12 0)
(1.00041 5.77607e-12 0)
(1.00041 5.22814e-12 0)
(1.00041 4.78003e-12 0)
(1.00041 4.3915e-12 0)
(1.00041 4.07832e-12 0)
(1.00041 3.85691e-12 0)
(1.00041 3.70871e-12 0)
(1.00041 3.66461e-12 0)
(1.00041 3.69233e-12 0)
(1.00041 3.78022e-12 0)
(1.00041 3.87624e-12 0)
(1.00041 3.92148e-12 0)
(1.00041 3.87716e-12 0)
(1.00041 3.6929e-12 0)
(1.00041 3.3599e-12 0)
(1.00041 2.87396e-12 0)
(1.00041 2.24549e-12 0)
(1.00041 1.52668e-12 0)
(1.00041 7.467e-13 0)
(1.00041 -3.93822e-14 0)
(1.00041 -7.57774e-13 0)
(1.00041 -1.37516e-12 0)
(1.00041 -1.84766e-12 0)
(1.00041 -2.18566e-12 0)
(1.00041 -2.36767e-12 0)
(1.00041 -2.43326e-12 0)
(1.00041 -2.38068e-12 0)
(1.00041 -2.22547e-12 0)
(1.00041 -2.04205e-12 0)
(1.00041 -1.815e-12 0)
(1.00041 -1.60962e-12 0)
(1.00041 -1.38822e-12 0)
(1.00041 -1.16367e-12 0)
(1.00041 -9.60517e-13 0)
(1.00041 -7.40101e-13 0)
(1.00041 -5.28615e-13 0)
(1.00041 -3.20569e-13 0)
(1.00041 -1.02114e-13 0)
(1.00041 1.31765e-13 0)
(1.00041 3.72112e-13 0)
(1.00041 5.93805e-13 0)
(1.00041 8.02031e-13 0)
(1.00041 9.73929e-13 0)
(1.00041 1.11847e-12 0)
(1.00041 1.24048e-12 0)
(1.00041 1.28936e-12 0)
(1.00041 1.30735e-12 0)
(1.00041 1.25421e-12 0)
(1.00041 1.16199e-12 0)
(1.00041 1.07983e-12 0)
(1.00041 9.55895e-13 0)
(1.00041 7.9976e-13 0)
(1.00041 6.43964e-13 0)
(1.00041 5.20322e-13 0)
(1.00041 4.24658e-13 0)
(1.00041 2.9449e-13 0)
(1.00041 2.33958e-13 0)
(1.00041 1.77879e-13 0)
(1.00041 1.33083e-13 0)
(1.00041 1.3554e-13 0)
(1.00041 1.31941e-13 0)
(1.00041 1.38777e-13 0)
(1.00041 1.58312e-13 0)
(1.00041 1.44522e-13 0)
(1.00041 1.50006e-13 0)
(1.00041 1.27023e-13 0)
(1.00041 1.64283e-13 0)
(1.00041 1.36667e-13 0)
(1.00041 1.29437e-13 0)
(1.00041 8.67138e-14 0)
(1.00041 3.53334e-14 0)
(1.00041 1.18412e-14 0)
(1.00041 -4.44457e-15 0)
(1 2.37105e-05 0)
(1.00001 6.84107e-05 0)
(1.00002 0.000109877 0)
(1.00004 0.000150702 0)
(1.00007 0.000188622 0)
(1.0001 0.000217414 0)
(1.00013 0.000234336 0)
(1.00017 0.000246719 0)
(1.0002 0.000265061 0)
(1.00022 0.00029018 0)
(1.00026 0.000313207 0)
(1.00029 0.000325458 0)
(1.00033 0.000323848 0)
(1.00036 0.000309607 0)
(1.00038 0.000285974 0)
(1.0004 0.000256915 0)
(1.00041 0.000226109 0)
(1.00042 0.000196188 0)
(1.00043 0.000168628 0)
(1.00043 0.00014406 0)
(1.00043 0.000122612 0)
(1.00043 0.000104136 0)
(1.00043 8.8351e-05 0)
(1.00043 7.49327e-05 0)
(1.00043 6.35582e-05 0)
(1.00043 5.39303e-05 0)
(1.00043 4.57852e-05 0)
(1.00043 3.88942e-05 0)
(1.00042 3.30617e-05 0)
(1.00042 2.81219e-05 0)
(1.00042 2.39348e-05 0)
(1.00042 2.03829e-05 0)
(1.00042 1.73673e-05 0)
(1.00042 1.48049e-05 0)
(1.00042 1.26261e-05 0)
(1.00042 1.0772e-05 0)
(1.00042 9.19337e-06 0)
(1.00042 7.84842e-06 0)
(1.00042 6.70201e-06 0)
(1.00042 5.72437e-06 0)
(1.00041 4.89033e-06 0)
(1.00041 4.17855e-06 0)
(1.00041 3.57091e-06 0)
(1.00041 3.05204e-06 0)
(1.00041 2.60886e-06 0)
(1.00041 2.23026e-06 0)
(1.00041 1.90677e-06 0)
(1.00041 1.63032e-06 0)
(1.00041 1.39404e-06 0)
(1.00041 1.19207e-06 0)
(1.00041 1.01941e-06 0)
(1.00041 8.71798e-07 0)
(1.00041 7.45585e-07 0)
(1.00041 6.37665e-07 0)
(1.00041 5.4538e-07 0)
(1.00041 4.66461e-07 0)
(1.00041 3.98971e-07 0)
(1.00041 3.41251e-07 0)
(1.00041 2.91886e-07 0)
(1.00041 2.49665e-07 0)
(1.00041 2.13554e-07 0)
(1.00041 1.82667e-07 0)
(1.00041 1.56249e-07 0)
(1.00041 1.33653e-07 0)
(1.00041 1.14326e-07 0)
(1.00041 9.77934e-08 0)
(1.00041 8.36521e-08 0)
(1.00041 7.15557e-08 0)
(1.00041 6.12086e-08 0)
(1.00041 5.23581e-08 0)
(1.00041 4.47876e-08 0)
(1.00041 3.83119e-08 0)
(1.00041 3.27725e-08 0)
(1.00041 2.80339e-08 0)
(1.00041 2.39804e-08 0)
(1.00041 2.05133e-08 0)
(1.00041 1.75477e-08 0)
(1.00041 1.50112e-08 0)
(1.00041 1.28414e-08 0)
(1.00041 1.09851e-08 0)
(1.00041 9.39696e-09 0)
(1.00041 8.03825e-09 0)
(1.00041 6.87599e-09 0)
(1.00041 5.88191e-09 0)
(1.00041 5.03171e-09 0)
(1.00041 4.30451e-09 0)
(1.00041 3.68242e-09 0)
(1.00041 3.1502e-09 0)
(1.00041 2.69484e-09 0)
(1.00041 2.30526e-09 0)
(1.00041 1.97196e-09 0)
(1.00041 1.68677e-09 0)
(1.00041 1.44269e-09 0)
(1.00041 1.2338e-09 0)
(1.00041 1.05504e-09 0)
(1.00041 9.02166e-10 0)
(1.00041 7.71477e-10 0)
(1.00041 6.5979e-10 0)
(1.00041 5.64306e-10 0)
(1.00041 4.8259e-10 0)
(1.00041 4.12541e-10 0)
(1.00041 3.52464e-10 0)
(1.00041 3.00981e-10 0)
(1.00041 2.56958e-10 0)
(1.00041 2.19456e-10 0)
(1.00041 1.87579e-10 0)
(1.00041 1.60496e-10 0)
(1.00041 1.37403e-10 0)
(1.00041 1.17601e-10 0)
(1.00041 1.00516e-10 0)
(1.00041 8.56976e-11 0)
(1.00041 7.28717e-11 0)
(1.00041 6.18553e-11 0)
(1.00041 5.25024e-11 0)
(1.00041 4.46217e-11 0)
(1.00041 3.80231e-11 0)
(1.00041 3.24746e-11 0)
(1.00041 2.77585e-11 0)
(1.00041 2.36721e-11 0)
(1.00041 2.01098e-11 0)
(1.00041 1.7017e-11 0)
(1.00041 1.43646e-11 0)
(1.00041 1.2146e-11 0)
(1.00041 1.03573e-11 0)
(1.00041 8.94475e-12 0)
(1.00041 7.8434e-12 0)
(1.00041 6.98349e-12 0)
(1.00041 6.27733e-12 0)
(1.00041 5.69635e-12 0)
(1.00041 5.1873e-12 0)
(1.00041 4.76391e-12 0)
(1.00041 4.41936e-12 0)
(1.00041 4.17509e-12 0)
(1.00041 4.04811e-12 0)
(1.00041 4.02703e-12 0)
(1.00041 4.08606e-12 0)
(1.00041 4.19048e-12 0)
(1.00041 4.29582e-12 0)
(1.00041 4.3314e-12 0)
(1.00041 4.24543e-12 0)
(1.00041 4.01486e-12 0)
(1.00041 3.61617e-12 0)
(1.00041 3.0545e-12 0)
(1.00041 2.34977e-12 0)
(1.00041 1.54349e-12 0)
(1.00041 6.92704e-13 0)
(1.00041 -1.43503e-13 0)
(1.00041 -9.02187e-13 0)
(1.00041 -1.53538e-12 0)
(1.00041 -2.0244e-12 0)
(1.00041 -2.36345e-12 0)
(1.00041 -2.54728e-12 0)
(1.00041 -2.58692e-12 0)
(1.00041 -2.51665e-12 0)
(1.00041 -2.35993e-12 0)
(1.00041 -2.14845e-12 0)
(1.00041 -1.93668e-12 0)
(1.00041 -1.70566e-12 0)
(1.00041 -1.47526e-12 0)
(1.00041 -1.2439e-12 0)
(1.00041 -1.01422e-12 0)
(1.00041 -7.97152e-13 0)
(1.00041 -5.63439e-13 0)
(1.00041 -3.31676e-13 0)
(1.00041 -7.91349e-14 0)
(1.00041 1.8642e-13 0)
(1.00041 4.41602e-13 0)
(1.00041 6.83036e-13 0)
(1.00041 8.9852e-13 0)
(1.00041 1.09332e-12 0)
(1.00041 1.25991e-12 0)
(1.00041 1.37432e-12 0)
(1.00041 1.41066e-12 0)
(1.00041 1.40308e-12 0)
(1.00041 1.36148e-12 0)
(1.00041 1.25558e-12 0)
(1.00041 1.13496e-12 0)
(1.00041 1.0073e-12 0)
(1.00041 8.26324e-13 0)
(1.00041 6.58699e-13 0)
(1.00041 5.28302e-13 0)
(1.00041 4.29929e-13 0)
(1.00041 2.90873e-13 0)
(1.00041 1.87935e-13 0)
(1.00041 1.55678e-13 0)
(1.00041 1.30099e-13 0)
(1.00041 1.24206e-13 0)
(1.00041 5.21092e-14 0)
(1.00041 1.18478e-13 0)
(1.00041 1.27043e-13 0)
(1.00041 1.17344e-13 0)
(1.00041 1.89954e-13 0)
(1.00041 6.83522e-14 0)
(1.00041 1.44605e-13 0)
(1.00041 1.32371e-13 0)
(1.00041 9.48114e-14 0)
(1.00041 9.48854e-14 0)
(1.00041 7.66457e-14 0)
(1.00041 2.31869e-14 0)
(1.00041 -1.80127e-14 0)
(1 2.00078e-05 0)
(1.00001 5.78292e-05 0)
(1.00002 9.31805e-05 0)
(1.00003 0.000128649 0)
(1.00006 0.000162315 0)
(1.00008 0.000188888 0)
(1.00011 0.000206269 0)
(1.00014 0.000219632 0)
(1.00017 0.000236597 0)
(1.0002 0.000258464 0)
(1.00023 0.000279063 0)
(1.00026 0.000291185 0)
(1.00029 0.00029159 0)
(1.00032 0.000280985 0)
(1.00035 0.000262065 0)
(1.00037 0.000238098 0)
(1.00038 0.000212094 0)
(1.0004 0.000186286 0)
(1.00041 0.000162028 0)
(1.00041 0.000139981 0)
(1.00042 0.000120377 0)
(1.00042 0.000103195 0)
(1.00042 8.82813e-05 0)
(1.00042 7.54209e-05 0)
(1.00042 6.43798e-05 0)
(1.00042 5.49287e-05 0)
(1.00042 4.68545e-05 0)
(1.00042 3.99651e-05 0)
(1.00042 3.4091e-05 0)
(1.00042 2.90843e-05 0)
(1.00042 2.48175e-05 0)
(1.00042 2.1181e-05 0)
(1.00042 1.80812e-05 0)
(1.00042 1.54382e-05 0)
(1.00042 1.31843e-05 0)
(1.00042 1.12615e-05 0)
(1.00041 9.62074e-06 0)
(1.00041 8.22036e-06 0)
(1.00041 7.0248e-06 0)
(1.00041 6.00388e-06 0)
(1.00041 5.1319e-06 0)
(1.00041 4.387e-06 0)
(1.00041 3.75055e-06 0)
(1.00041 3.20668e-06 0)
(1.00041 2.74186e-06 0)
(1.00041 2.34455e-06 0)
(1.00041 2.00492e-06 0)
(1.00041 1.71456e-06 0)
(1.00041 1.46631e-06 0)
(1.00041 1.25404e-06 0)
(1.00041 1.07254e-06 0)
(1.00041 9.17324e-07 0)
(1.00041 7.8459e-07 0)
(1.00041 6.71075e-07 0)
(1.00041 5.73993e-07 0)
(1.00041 4.90962e-07 0)
(1.00041 4.19947e-07 0)
(1.00041 3.59207e-07 0)
(1.00041 3.07256e-07 0)
(1.00041 2.6282e-07 0)
(1.00041 2.24812e-07 0)
(1.00041 1.92302e-07 0)
(1.00041 1.64494e-07 0)
(1.00041 1.40708e-07 0)
(1.00041 1.20362e-07 0)
(1.00041 1.02958e-07 0)
(1.00041 8.80706e-08 0)
(1.00041 7.5336e-08 0)
(1.00041 6.44429e-08 0)
(1.00041 5.51252e-08 0)
(1.00041 4.7155e-08 0)
(1.00041 4.03373e-08 0)
(1.00041 3.45051e-08 0)
(1.00041 2.9516e-08 0)
(1.00041 2.52483e-08 0)
(1.00041 2.1598e-08 0)
(1.00041 1.84758e-08 0)
(1.00041 1.58052e-08 0)
(1.00041 1.35205e-08 0)
(1.00041 1.15658e-08 0)
(1.00041 9.89352e-09 0)
(1.00041 8.46284e-09 0)
(1.00041 7.23911e-09 0)
(1.00041 6.19253e-09 0)
(1.00041 5.29743e-09 0)
(1.00041 4.53185e-09 0)
(1.00041 3.87693e-09 0)
(1.00041 3.3166e-09 0)
(1.00041 2.8372e-09 0)
(1.00041 2.42701e-09 0)
(1.00041 2.07608e-09 0)
(1.00041 1.7758e-09 0)
(1.00041 1.51884e-09 0)
(1.00041 1.29896e-09 0)
(1.00041 1.11083e-09 0)
(1.00041 9.49957e-10 0)
(1.00041 8.1241e-10 0)
(1.00041 6.94828e-10 0)
(1.00041 5.94246e-10 0)
(1.00041 5.08118e-10 0)
(1.00041 4.34353e-10 0)
(1.00041 3.71119e-10 0)
(1.00041 3.17005e-10 0)
(1.00041 2.70782e-10 0)
(1.00041 2.31376e-10 0)
(1.00041 1.97847e-10 0)
(1.00041 1.69255e-10 0)
(1.00041 1.44794e-10 0)
(1.00041 1.23759e-10 0)
(1.00041 1.05595e-10 0)
(1.00041 8.99388e-11 0)
(1.00041 7.64667e-11 0)
(1.00041 6.49801e-11 0)
(1.00041 5.52902e-11 0)
(1.00041 4.71285e-11 0)
(1.00041 4.02685e-11 0)
(1.00041 3.44172e-11 0)
(1.00041 2.93712e-11 0)
(1.00041 2.49606e-11 0)
(1.00041 2.11059e-11 0)
(1.00041 1.77718e-11 0)
(1.00041 1.49581e-11 0)
(1.00041 1.26429e-11 0)
(1.00041 1.08025e-11 0)
(1.00041 9.3674e-12 0)
(1.00041 8.24366e-12 0)
(1.00041 7.3668e-12 0)
(1.00041 6.62484e-12 0)
(1.00041 6.01607e-12 0)
(1.00041 5.4681e-12 0)
(1.00041 5.01072e-12 0)
(1.00041 4.66355e-12 0)
(1.00041 4.42304e-12 0)
(1.00041 4.3127e-12 0)
(1.00041 4.30238e-12 0)
(1.00041 4.39022e-12 0)
(1.00041 4.50515e-12 0)
(1.00041 4.5922e-12 0)
(1.00041 4.60554e-12 0)
(1.00041 4.48079e-12 0)
(1.00041 4.20663e-12 0)
(1.00041 3.75847e-12 0)
(1.00041 3.13248e-12 0)
(1.00041 2.37365e-12 0)
(1.00041 1.51542e-12 0)
(1.00041 6.24934e-13 0)
(1.00041 -2.31244e-13 0)
(1.00041 -1.01085e-12 0)
(1.00041 -1.6443e-12 0)
(1.00041 -2.14969e-12 0)
(1.00041 -2.47207e-12 0)
(1.00041 -2.64125e-12 0)
(1.00041 -2.67693e-12 0)
(1.00041 -2.56743e-12 0)
(1.00041 -2.43015e-12 0)
(1.00041 -2.20982e-12 0)
(1.00041 -1.9916e-12 0)
(1.00041 -1.76454e-12 0)
(1.00041 -1.51199e-12 0)
(1.00041 -1.28671e-12 0)
(1.00041 -1.04909e-12 0)
(1.00041 -8.23765e-13 0)
(1.00041 -5.8103e-13 0)
(1.00041 -3.25457e-13 0)
(1.00041 -5.71262e-14 0)
(1.00041 2.28352e-13 0)
(1.00041 4.89202e-13 0)
(1.00041 7.40708e-13 0)
(1.00041 9.87378e-13 0)
(1.00041 1.18401e-12 0)
(1.00041 1.35033e-12 0)
(1.00041 1.45681e-12 0)
(1.00041 1.4782e-12 0)
(1.00041 1.46866e-12 0)
(1.00041 1.42722e-12 0)
(1.00041 1.31109e-12 0)
(1.00041 1.15286e-12 0)
(1.00041 1.0129e-12 0)
(1.00041 8.53057e-13 0)
(1.00041 6.84059e-13 0)
(1.00041 5.22126e-13 0)
(1.00041 3.78193e-13 0)
(1.00041 3.02453e-13 0)
(1.00041 1.89587e-13 0)
(1.00041 1.20988e-13 0)
(1.00041 8.80754e-14 0)
(1.00041 8.47889e-14 0)
(1.00041 9.12301e-14 0)
(1.00041 2.9496e-14 0)
(1.00041 8.45847e-14 0)
(1.00041 9.59094e-14 0)
(1.00041 9.85403e-14 0)
(1.00041 9.77426e-14 0)
(1.00041 9.67817e-14 0)
(1.00041 7.92705e-14 0)
(1.00041 9.93714e-14 0)
(1.00041 4.63542e-14 0)
(1.00041 2.42124e-14 0)
(1.00041 -1.9698e-14 0)
(1.00041 -3.785e-14 0)
(1 1.69935e-05 0)
(1.00001 4.92196e-05 0)
(1.00001 7.94442e-05 0)
(1.00003 0.000110253 0)
(1.00005 0.000139949 0)
(1.00007 0.000163703 0)
(1.00009 0.000180147 0)
(1.00012 0.000193584 0)
(1.00015 0.000209672 0)
(1.00017 0.000229444 0)
(1.0002 0.000248248 0)
(1.00023 0.000260124 0)
(1.00026 0.000261973 0)
(1.00029 0.000254123 0)
(1.00032 0.000238826 0)
(1.00034 0.000218867 0)
(1.00036 0.000196783 0)
(1.00037 0.000174486 0)
(1.00038 0.000153189 0)
(1.00039 0.000133539 0)
(1.0004 0.00011581 0)
(1.0004 0.000100055 0)
(1.00041 8.62012e-05 0)
(1.00041 7.41117e-05 0)
(1.00041 6.36193e-05 0)
(1.00041 5.45501e-05 0)
(1.00041 4.67345e-05 0)
(1.00041 4.00145e-05 0)
(1.00041 3.42461e-05 0)
(1.00041 2.93004e-05 0)
(1.00041 2.50638e-05 0)
(1.00041 2.1437e-05 0)
(1.00041 1.83334e-05 0)
(1.00041 1.56785e-05 0)
(1.00041 1.34078e-05 0)
(1.00041 1.14658e-05 0)
(1.00041 9.80527e-06 0)
(1.00041 8.38532e-06 0)
(1.00041 7.17113e-06 0)
(1.00041 6.13289e-06 0)
(1.00041 5.24508e-06 0)
(1.00041 4.48589e-06 0)
(1.00041 3.83667e-06 0)
(1.00041 3.28147e-06 0)
(1.00041 2.80666e-06 0)
(1.00041 2.40059e-06 0)
(1.00041 2.0533e-06 0)
(1.00041 1.75627e-06 0)
(1.00041 1.50223e-06 0)
(1.00041 1.28495e-06 0)
(1.00041 1.09911e-06 0)
(1.00041 9.40151e-07 0)
(1.00041 8.04188e-07 0)
(1.00041 6.87892e-07 0)
(1.00041 5.88416e-07 0)
(1.00041 5.03328e-07 0)
(1.00041 4.30546e-07 0)
(1.00041 3.6829e-07 0)
(1.00041 3.15037e-07 0)
(1.00041 2.69485e-07 0)
(1.00041 2.30519e-07 0)
(1.00041 1.97189e-07 0)
(1.00041 1.68677e-07 0)
(1.00041 1.44289e-07 0)
(1.00041 1.23427e-07 0)
(1.00041 1.05581e-07 0)
(1.00041 9.03154e-08 0)
(1.00041 7.7257e-08 0)
(1.00041 6.60869e-08 0)
(1.00041 5.65322e-08 0)
(1.00041 4.8359e-08 0)
(1.00041 4.13673e-08 0)
(1.00041 3.53862e-08 0)
(1.00041 3.02698e-08 0)
(1.00041 2.58933e-08 0)
(1.00041 2.21499e-08 0)
(1.00041 1.8948e-08 0)
(1.00041 1.6209e-08 0)
(1.00041 1.38658e-08 0)
(1.00041 1.1861e-08 0)
(1.00041 1.01458e-08 0)
(1.00041 8.67854e-09 0)
(1.00041 7.42364e-09 0)
(1.00041 6.35043e-09 0)
(1.00041 5.43258e-09 0)
(1.00041 4.64747e-09 0)
(1.00041 3.97581e-09 0)
(1.00041 3.40112e-09 0)
(1.00041 2.90943e-09 0)
(1.00041 2.48875e-09 0)
(1.00041 2.12886e-09 0)
(1.00041 1.82095e-09 0)
(1.00041 1.55751e-09 0)
(1.00041 1.33212e-09 0)
(1.00041 1.1393e-09 0)
(1.00041 9.74377e-10 0)
(1.00041 8.33332e-10 0)
(1.00041 7.12695e-10 0)
(1.00041 6.09485e-10 0)
(1.00041 5.21114e-10 0)
(1.00041 4.45454e-10 0)
(1.00041 3.80675e-10 0)
(1.00041 3.25276e-10 0)
(1.00041 2.77994e-10 0)
(1.00041 2.3765e-10 0)
(1.00041 2.03233e-10 0)
(1.00041 1.73795e-10 0)
(1.00041 1.48521e-10 0)
(1.00041 1.26784e-10 0)
(1.00041 1.08041e-10 0)
(1.00041 9.19468e-11 0)
(1.00041 7.82127e-11 0)
(1.00041 6.65824e-11 0)
(1.00041 5.67839e-11 0)
(1.00041 4.85259e-11 0)
(1.00041 4.15314e-11 0)
(1.00041 3.54952e-11 0)
(1.00041 3.02275e-11 0)
(1.00041 2.55982e-11 0)
(1.00041 2.15494e-11 0)
(1.00041 1.80811e-11 0)
(1.00041 1.51843e-11 0)
(1.00041 1.28429e-11 0)
(1.00041 1.0997e-11 0)
(1.00041 9.56792e-12 0)
(1.00041 8.44929e-12 0)
(1.00041 7.55651e-12 0)
(1.00041 6.80659e-12 0)
(1.00041 6.15951e-12 0)
(1.00041 5.60093e-12 0)
(1.00041 5.13267e-12 0)
(1.00041 4.78846e-12 0)
(1.00041 4.56506e-12 0)
(1.00041 4.47407e-12 0)
(1.00041 4.49348e-12 0)
(1.00041 4.58245e-12 0)
(1.00041 4.69214e-12 0)
(1.00041 4.76178e-12 0)
(1.00041 4.74185e-12 0)
(1.00041 4.58908e-12 0)
(1.00041 4.26652e-12 0)
(1.00041 3.77226e-12 0)
(1.00041 3.11883e-12 0)
(1.00041 2.31903e-12 0)
(1.00041 1.44445e-12 0)
(1.00041 5.45319e-13 0)
(1.00041 -3.15671e-13 0)
(1.00041 -1.07975e-12 0)
(1.00041 -1.71267e-12 0)
(1.00041 -2.20109e-12 0)
(1.00041 -2.51071e-12 0)
(1.00041 -2.65728e-12 0)
(1.00041 -2.67811e-12 0)
(1.00041 -2.57145e-12 0)
(1.00041 -2.41808e-12 0)
(1.00041 -2.21778e-12 0)
(1.00041 -1.98855e-12 0)
(1.00041 -1.75511e-12 0)
(1.00041 -1.51474e-12 0)
(1.00041 -1.28763e-12 0)
(1.00041 -1.06547e-12 0)
(1.00041 -8.20949e-13 0)
(1.00041 -5.69079e-13 0)
(1.00041 -3.02469e-13 0)
(1.00041 -2.48425e-14 0)
(1.00041 2.5397e-13 0)
(1.00041 5.36379e-13 0)
(1.00041 8.1112e-13 0)
(1.00041 1.05924e-12 0)
(1.00041 1.2516e-12 0)
(1.00041 1.3996e-12 0)
(1.00041 1.50118e-12 0)
(1.00041 1.53732e-12 0)
(1.00041 1.51465e-12 0)
(1.00041 1.44959e-12 0)
(1.00041 1.33401e-12 0)
(1.00041 1.1683e-12 0)
(1.00041 1.00986e-12 0)
(1.00041 8.51478e-13 0)
(1.00041 6.7059e-13 0)
(1.00041 5.05147e-13 0)
(1.00041 3.48848e-13 0)
(1.00041 2.6299e-13 0)
(1.00041 1.7796e-13 0)
(1.00041 9.91383e-14 0)
(1.00041 5.73964e-14 0)
(1.00041 3.74767e-14 0)
(1.00041 4.23951e-14 0)
(1.00041 5.36123e-14 0)
(1.00041 2.35086e-14 0)
(1.00041 1.90686e-14 0)
(1.00041 7.92364e-14 0)
(1.00041 9.24757e-15 0)
(1.00041 7.92229e-14 0)
(1.00041 4.48783e-14 0)
(1.00041 2.08888e-14 0)
(1.00041 3.06368e-14 0)
(1.00041 4.71032e-14 0)
(1.00041 -1.8776e-14 0)
(1.00041 -4.96822e-14 0)
(1 1.44695e-05 0)
(1 4.19868e-05 0)
(1.00001 6.78557e-05 0)
(1.00002 9.448e-05 0)
(1.00004 0.000120394 0)
(1.00006 0.000141445 0)
(1.00008 0.000156669 0)
(1.00011 0.000169693 0)
(1.00013 0.000184837 0)
(1.00016 0.000202715 0)
(1.00018 0.000219633 0)
(1.00021 0.000230758 0)
(1.00024 0.000233357 0)
(1.00027 0.000227536 0)
(1.00029 0.000215148 0)
(1.00032 0.000198555 0)
(1.00033 0.000179895 0)
(1.00035 0.000160788 0)
(1.00036 0.000142291 0)
(1.00037 0.000124999 0)
(1.00038 0.0001092 0)
(1.00039 9.49885e-05 0)
(1.00039 8.23492e-05 0)
(1.0004 7.12015e-05 0)
(1.0004 6.14322e-05 0)
(1.0004 5.29134e-05 0)
(1.00041 4.55141e-05 0)
(1.00041 3.91071e-05 0)
(1.00041 3.35729e-05 0)
(1.00041 2.88021e-05 0)
(1.00041 2.46955e-05 0)
(1.00041 2.11652e-05 0)
(1.00041 1.81331e-05 0)
(1.00041 1.5531e-05 0)
(1.00041 1.32993e-05 0)
(1.00041 1.13862e-05 0)
(1.00041 9.74685e-06 0)
(1.00041 8.34251e-06 0)
(1.00041 7.13981e-06 0)
(1.00041 6.11001e-06 0)
(1.00041 5.2284e-06 0)
(1.00041 4.47374e-06 0)
(1.00041 3.82785e-06 0)
(1.00041 3.27508e-06 0)
(1.00041 2.80204e-06 0)
(1.00041 2.39727e-06 0)
(1.00041 2.05093e-06 0)
(1.00041 1.75459e-06 0)
(1.00041 1.50104e-06 0)
(1.00041 1.28412e-06 0)
(1.00041 1.09853e-06 0)
(1.00041 9.39759e-07 0)
(1.00041 8.03927e-07 0)
(1.00041 6.87723e-07 0)
(1.00041 5.88313e-07 0)
(1.00041 5.0327e-07 0)
(1.00041 4.30518e-07 0)
(1.00041 3.68282e-07 0)
(1.00041 3.15042e-07 0)
(1.00041 2.69498e-07 0)
(1.00041 2.30537e-07 0)
(1.00041 1.97209e-07 0)
(1.00041 1.68698e-07 0)
(1.00041 1.44309e-07 0)
(1.00041 1.23446e-07 0)
(1.00041 1.05599e-07 0)
(1.00041 9.03316e-08 0)
(1.00041 7.72719e-08 0)
(1.00041 6.61005e-08 0)
(1.00041 5.65444e-08 0)
(1.00041 4.83697e-08 0)
(1.00041 4.13765e-08 0)
(1.00041 3.53941e-08 0)
(1.00041 3.02767e-08 0)
(1.00041 2.58994e-08 0)
(1.00041 2.21553e-08 0)
(1.00041 1.89526e-08 0)
(1.00041 1.62128e-08 0)
(1.00041 1.38688e-08 0)
(1.00041 1.18633e-08 0)
(1.00041 1.01477e-08 0)
(1.00041 8.68018e-09 0)
(1.00041 7.42515e-09 0)
(1.00041 6.35182e-09 0)
(1.00041 5.43381e-09 0)
(1.00041 4.64848e-09 0)
(1.00041 3.97655e-09 0)
(1.00041 3.40163e-09 0)
(1.00041 2.90975e-09 0)
(1.00041 2.48897e-09 0)
(1.00041 2.12905e-09 0)
(1.00041 1.82118e-09 0)
(1.00041 1.55782e-09 0)
(1.00041 1.33249e-09 0)
(1.00041 1.13971e-09 0)
(1.00041 9.74779e-10 0)
(1.00041 8.3369e-10 0)
(1.00041 7.1297e-10 0)
(1.00041 6.09656e-10 0)
(1.00041 5.21253e-10 0)
(1.00041 4.45587e-10 0)
(1.00041 3.80891e-10 0)
(1.00041 3.25601e-10 0)
(1.00041 2.78384e-10 0)
(1.00041 2.38055e-10 0)
(1.00041 2.03553e-10 0)
(1.00041 1.73971e-10 0)
(1.00041 1.48527e-10 0)
(1.00041 1.26613e-10 0)
(1.00041 1.07807e-10 0)
(1.00041 9.17332e-11 0)
(1.00041 7.80986e-11 0)
(1.00041 6.66176e-11 0)
(1.00041 5.69446e-11 0)
(1.00041 4.8776e-11 0)
(1.00041 4.17587e-11 0)
(1.00041 3.56603e-11 0)
(1.00041 3.02828e-11 0)
(1.00041 2.55515e-11 0)
(1.00041 2.14326e-11 0)
(1.00041 1.79452e-11 0)
(1.00041 1.5053e-11 0)
(1.00041 1.27564e-11 0)
(1.00041 1.09525e-11 0)
(1.00041 9.54812e-12 0)
(1.00041 8.46122e-12 0)
(1.00041 7.55563e-12 0)
(1.00041 6.804e-12 0)
(1.00041 6.14152e-12 0)
(1.00041 5.57378e-12 0)
(1.00041 5.12466e-12 0)
(1.00041 4.80784e-12 0)
(1.00041 4.61171e-12 0)
(1.00041 4.54563e-12 0)
(1.00041 4.57974e-12 0)
(1.00041 4.66789e-12 0)
(1.00041 4.74839e-12 0)
(1.00041 4.79357e-12 0)
(1.00041 4.73444e-12 0)
(1.00041 4.54507e-12 0)
(1.00041 4.19492e-12 0)
(1.00041 3.67857e-12 0)
(1.00041 3.00504e-12 0)
(1.00041 2.20894e-12 0)
(1.00041 1.34374e-12 0)
(1.00041 4.65255e-13 0)
(1.00041 -3.72602e-13 0)
(1.00041 -1.1109e-12 0)
(1.00041 -1.72752e-12 0)
(1.00041 -2.18399e-12 0)
(1.00041 -2.46921e-12 0)
(1.00041 -2.6019e-12 0)
(1.00041 -2.59401e-12 0)
(1.00041 -2.51846e-12 0)
(1.00041 -2.34814e-12 0)
(1.00041 -2.15452e-12 0)
(1.00041 -1.92564e-12 0)
(1.00041 -1.68799e-12 0)
(1.00041 -1.47343e-12 0)
(1.00041 -1.24893e-12 0)
(1.00041 -1.0376e-12 0)
(1.00041 -7.87212e-13 0)
(1.00041 -5.35785e-13 0)
(1.00041 -2.83721e-13 0)
(1.00041 9.13198e-16 0)
(1.00041 2.80635e-13 0)
(1.00041 5.63853e-13 0)
(1.00041 8.45711e-13 0)
(1.00041 1.07186e-12 0)
(1.00041 1.2646e-12 0)
(1.00041 1.40019e-12 0)
(1.00041 1.50055e-12 0)
(1.00041 1.54713e-12 0)
(1.00041 1.49015e-12 0)
(1.00041 1.42143e-12 0)
(1.00041 1.31635e-12 0)
(1.00041 1.164e-12 0)
(1.00041 9.85388e-13 0)
(1.00041 7.97494e-13 0)
(1.00041 6.53241e-13 0)
(1.00041 4.81612e-13 0)
(1.00041 3.30003e-13 0)
(1.00041 2.14363e-13 0)
(1.00041 1.46137e-13 0)
(1.00041 7.68377e-14 0)
(1.00041 1.18125e-14 0)
(1.00041 1.28053e-15 0)
(1.00041 -4.86646e-14 0)
(1.00041 -8.1164e-15 0)
(1.00041 1.94737e-15 0)
(1.00041 -3.67254e-14 0)
(1.00041 4.87449e-14 0)
(1.00041 1.62576e-15 0)
(1.00041 9.25267e-15 0)
(1.00041 6.32581e-16 0)
(1.00041 9.66906e-15 0)
(1.00041 -2.07459e-14 0)
(1.00041 -2.31498e-14 0)
(1.00041 -4.05025e-14 0)
(1.00041 -6.04973e-14 0)
(1 1.2301e-05 0)
(1 3.57492e-05 0)
(1.00001 5.78351e-05 0)
(1.00002 8.0712e-05 0)
(1.00004 0.000103181 0)
(1.00005 0.000121696 0)
(1.00007 0.000135459 0)
(1.00009 0.000147557 0)
(1.00012 0.000161447 0)
(1.00014 0.000177461 0)
(1.00017 0.000192553 0)
(1.00019 0.00020277 0)
(1.00022 0.000205768 0)
(1.00025 0.000201519 0)
(1.00027 0.000191531 0)
(1.0003 0.000177792 0)
(1.00032 0.00016211 0)
(1.00033 0.000145855 0)
(1.00035 0.000129936 0)
(1.00036 0.000114889 0)
(1.00037 0.000100992 0)
(1.00038 8.83628e-05 0)
(1.00038 7.70199e-05 0)
(1.00039 6.69237e-05 0)
(1.00039 5.80007e-05 0)
(1.0004 5.01596e-05 0)
(1.0004 4.3301e-05 0)
(1.0004 3.73248e-05 0)
(1.0004 3.21336e-05 0)
(1.0004 2.7636e-05 0)
(1.00041 2.37476e-05 0)
(1.00041 2.03917e-05 0)
(1.00041 1.74997e-05 0)
(1.00041 1.50103e-05 0)
(1.00041 1.28697e-05 0)
(1.00041 1.10305e-05 0)
(1.00041 9.45135e-06 0)
(1.00041 8.09627e-06 0)
(1.00041 6.93403e-06 0)
(1.00041 5.93758e-06 0)
(1.00041 5.08356e-06 0)
(1.00041 4.35182e-06 0)
(1.00041 3.72501e-06 0)
(1.00041 3.18819e-06 0)
(1.00041 2.72852e-06 0)
(1.00041 2.33497e-06 0)
(1.00041 1.99807e-06 0)
(1.00041 1.70969e-06 0)
(1.00041 1.46288e-06 0)
(1.00041 1.25165e-06 0)
(1.00041 1.07088e-06 0)
(1.00041 9.16204e-07 0)
(1.00041 7.83848e-07 0)
(1.00041 6.70599e-07 0)
(1.00041 5.73703e-07 0)
(1.00041 4.90801e-07 0)
(1.00041 4.19873e-07 0)
(1.00041 3.59191e-07 0)
(1.00041 3.07277e-07 0)
(1.00041 2.62864e-07 0)
(1.00041 2.24868e-07 0)
(1.00041 1.92364e-07 0)
(1.00041 1.64558e-07 0)
(1.00041 1.4077e-07 0)
(1.00041 1.2042e-07 0)
(1.00041 1.03011e-07 0)
(1.00041 8.81196e-08 0)
(1.00041 7.53806e-08 0)
(1.00041 6.44834e-08 0)
(1.00041 5.51615e-08 0)
(1.00041 4.71869e-08 0)
(1.00041 4.03648e-08 0)
(1.00041 3.45288e-08 0)
(1.00041 2.95367e-08 0)
(1.00041 2.52666e-08 0)
(1.00041 2.1614e-08 0)
(1.00041 1.84895e-08 0)
(1.00041 1.58164e-08 0)
(1.00041 1.35294e-08 0)
(1.00041 1.15729e-08 0)
(1.00041 9.89923e-09 0)
(1.00041 8.46781e-09 0)
(1.00041 7.24366e-09 0)
(1.00041 6.19667e-09 0)
(1.00041 5.30105e-09 0)
(1.00041 4.53478e-09 0)
(1.00041 3.8791e-09 0)
(1.00041 3.31811e-09 0)
(1.00041 2.8382e-09 0)
(1.00041 2.42775e-09 0)
(1.00041 2.07674e-09 0)
(1.00041 1.77653e-09 0)
(1.00041 1.51975e-09 0)
(1.00041 1.30004e-09 0)
(1.00041 1.11204e-09 0)
(1.00041 9.51145e-10 0)
(1.00041 8.13437e-10 0)
(1.00041 6.95619e-10 0)
(1.00041 5.94777e-10 0)
(1.00041 5.08527e-10 0)
(1.00041 4.34778e-10 0)
(1.00041 3.71747e-10 0)
(1.00041 3.17918e-10 0)
(1.00041 2.71909e-10 0)
(1.00041 2.32556e-10 0)
(1.00041 1.98804e-10 0)
(1.00041 1.69769e-10 0)
(1.00041 1.44801e-10 0)
(1.00041 1.2332e-10 0)
(1.00041 1.04937e-10 0)
(1.00041 8.9323e-11 0)
(1.00041 7.6138e-11 0)
(1.00041 6.50766e-11 0)
(1.00041 5.57408e-11 0)
(1.00041 4.78052e-11 0)
(1.00041 4.09287e-11 0)
(1.00041 3.48869e-11 0)
(1.00041 2.95381e-11 0)
(1.00041 2.48364e-11 0)
(1.00041 2.0775e-11 0)
(1.00041 1.73626e-11 0)
(1.00041 1.45857e-11 0)
(1.00041 1.23824e-11 0)
(1.00041 1.0669e-11 0)
(1.00041 9.31633e-12 0)
(1.00041 8.2562e-12 0)
(1.00041 7.36841e-12 0)
(1.00041 6.61003e-12 0)
(1.00041 5.96155e-12 0)
(1.00041 5.41266e-12 0)
(1.00041 4.99348e-12 0)
(1.00041 4.69607e-12 0)
(1.00041 4.55392e-12 0)
(1.00041 4.50877e-12 0)
(1.00041 4.53621e-12 0)
(1.00041 4.61435e-12 0)
(1.00041 4.66287e-12 0)
(1.00041 4.67306e-12 0)
(1.00041 4.58919e-12 0)
(1.00041 4.36371e-12 0)
(1.00041 4.00166e-12 0)
(1.00041 3.4797e-12 0)
(1.00041 2.81835e-12 0)
(1.00041 2.05015e-12 0)
(1.00041 1.21734e-12 0)
(1.00041 3.85149e-13 0)
(1.00041 -4.13991e-13 0)
(1.00041 -1.10064e-12 0)
(1.00041 -1.6779e-12 0)
(1.00041 -2.1024e-12 0)
(1.00041 -2.34742e-12 0)
(1.00041 -2.48253e-12 0)
(1.00041 -2.46158e-12 0)
(1.00041 -2.37773e-12 0)
(1.00041 -2.21996e-12 0)
(1.00041 -2.01469e-12 0)
(1.00041 -1.80266e-12 0)
(1.00041 -1.58395e-12 0)
(1.00041 -1.38325e-12 0)
(1.00041 -1.1734e-12 0)
(1.00041 -9.59673e-13 0)
(1.00041 -7.29719e-13 0)
(1.00041 -4.9659e-13 0)
(1.00041 -2.52632e-13 0)
(1.00041 2.81438e-14 0)
(1.00041 3.08944e-13 0)
(1.00041 5.78618e-13 0)
(1.00041 8.37047e-13 0)
(1.00041 1.05359e-12 0)
(1.00041 1.25201e-12 0)
(1.00041 1.38141e-12 0)
(1.00041 1.45664e-12 0)
(1.00041 1.50653e-12 0)
(1.00041 1.44786e-12 0)
(1.00041 1.37528e-12 0)
(1.00041 1.25658e-12 0)
(1.00041 1.09439e-12 0)
(1.00041 9.50984e-13 0)
(1.00041 7.41261e-13 0)
(1.00041 6.10711e-13 0)
(1.00041 4.43754e-13 0)
(1.00041 2.92948e-13 0)
(1.00041 1.7586e-13 0)
(1.00041 9.01714e-14 0)
(1.00041 4.08017e-14 0)
(1.00041 -3.38127e-14 0)
(1.00041 -4.71173e-14 0)
(1.00041 -6.13484e-14 0)
(1.00041 -6.68716e-14 0)
(1.00041 -9.31543e-14 0)
(1.00041 -8.13471e-14 0)
(1.00041 -3.6855e-14 0)
(1.00041 -8.63393e-14 0)
(1.00041 -1.00393e-14 0)
(1.00041 -3.78857e-14 0)
(1.00041 -6.92022e-14 0)
(1.00041 -7.12047e-14 0)
(1.00041 -4.8313e-14 0)
(1.00041 -7.90775e-14 0)
(1.00041 -8.72992e-14 0)
(1 1.03999e-05 0)
(1 3.02546e-05 0)
(1.00001 4.89968e-05 0)
(1.00002 6.84942e-05 0)
(1.00003 8.77841e-05 0)
(1.00005 0.000103847 0)
(1.00007 0.000116009 0)
(1.00009 0.000126907 0)
(1.00011 0.000139372 0)
(1.00013 0.000153557 0)
(1.00015 0.000166883 0)
(1.00018 0.000176085 0)
(1.00021 0.000179193 0)
(1.00023 0.000176125 0)
(1.00026 0.000168105 0)
(1.00028 0.000156794 0)
(1.0003 0.000143712 0)
(1.00032 0.000130012 0)
(1.00033 0.000116465 0)
(1.00034 0.000103541 0)
(1.00036 9.14965e-05 0)
(1.00036 8.04543e-05 0)
(1.00037 7.04535e-05 0)
(1.00038 6.14814e-05 0)
(1.00038 5.34934e-05 0)
(1.00039 4.64263e-05 0)
(1.00039 4.02067e-05 0)
(1.0004 3.47569e-05 0)
(1.0004 2.99993e-05 0)
(1.0004 2.58588e-05 0)
(1.0004 2.22648e-05 0)
(1.0004 1.9152e-05 0)
(1.00041 1.64611e-05 0)
(1.00041 1.41385e-05 0)
(1.00041 1.21365e-05 0)
(1.00041 1.04127e-05 0)
(1.00041 8.93e-06 0)
(1.00041 7.65561e-06 0)
(1.00041 6.56104e-06 0)
(1.00041 5.62148e-06 0)
(1.00041 4.81536e-06 0)
(1.00041 4.12404e-06 0)
(1.00041 3.53138e-06 0)
(1.00041 3.02345e-06 0)
(1.00041 2.58827e-06 0)
(1.00041 2.21549e-06 0)
(1.00041 1.89623e-06 0)
(1.00041 1.62285e-06 0)
(1.00041 1.38879e-06 0)
(1.00041 1.18842e-06 0)
(1.00041 1.01691e-06 0)
(1.00041 8.70111e-07 0)
(1.00041 7.44478e-07 0)
(1.00041 6.36966e-07 0)
(1.00041 5.44965e-07 0)
(1.00041 4.66241e-07 0)
(1.00041 3.98882e-07 0)
(1.00041 3.41249e-07 0)
(1.00041 2.91938e-07 0)
(1.00041 2.4975e-07 0)
(1.00041 2.13656e-07 0)
(1.00041 1.82776e-07 0)
(1.00041 1.56359e-07 0)
(1.00041 1.33758e-07 0)
(1.00041 1.14424e-07 0)
(1.00041 9.78836e-08 0)
(1.00041 8.37342e-08 0)
(1.00041 7.16301e-08 0)
(1.00041 6.12757e-08 0)
(1.00041 5.24177e-08 0)
(1.00041 4.48399e-08 0)
(1.00041 3.83572e-08 0)
(1.00041 3.28117e-08 0)
(1.00041 2.8068e-08 0)
(1.00041 2.40104e-08 0)
(1.00041 2.05394e-08 0)
(1.00041 1.75701e-08 0)
(1.00041 1.50296e-08 0)
(1.00041 1.28562e-08 0)
(1.00041 1.0997e-08 0)
(1.00041 9.40676e-09 0)
(1.00041 8.04675e-09 0)
(1.00041 6.88362e-09 0)
(1.00041 5.88872e-09 0)
(1.00041 5.03751e-09 0)
(1.00041 4.30914e-09 0)
(1.00041 3.68588e-09 0)
(1.00041 3.15267e-09 0)
(1.00041 2.69663e-09 0)
(1.00041 2.30667e-09 0)
(1.00041 1.97327e-09 0)
(1.00041 1.68815e-09 0)
(1.00041 1.44427e-09 0)
(1.00041 1.23557e-09 0)
(1.00041 1.05691e-09 0)
(1.00041 9.03991e-10 0)
(1.00041 7.73089e-10 0)
(1.00041 6.61057e-10 0)
(1.00041 5.65223e-10 0)
(1.00041 4.8328e-10 0)
(1.00041 4.13272e-10 0)
(1.00041 3.5347e-10 0)
(1.00041 3.02389e-10 0)
(1.00041 2.5869e-10 0)
(1.00041 2.21225e-10 0)
(1.00041 1.89046e-10 0)
(1.00041 1.61324e-10 0)
(1.00041 1.37453e-10 0)
(1.00041 1.1699e-10 0)
(1.00041 9.95365e-11 0)
(1.00041 8.47868e-11 0)
(1.00041 7.23876e-11 0)
(1.00041 6.19781e-11 0)
(1.00041 5.3181e-11 0)
(1.00041 4.56202e-11 0)
(1.00041 3.90244e-11 0)
(1.00041 3.31849e-11 0)
(1.00041 2.80132e-11 0)
(1.00041 2.34867e-11 0)
(1.00041 1.9619e-11 0)
(1.00041 1.6395e-11 0)
(1.00041 1.37963e-11 0)
(1.00041 1.17472e-11 0)
(1.00041 1.015e-11 0)
(1.00041 8.88314e-12 0)
(1.00041 7.85155e-12 0)
(1.00041 6.98727e-12 0)
(1.00041 6.23644e-12 0)
(1.00041 5.61356e-12 0)
(1.00041 5.10303e-12 0)
(1.00041 4.73854e-12 0)
(1.00041 4.4933e-12 0)
(1.00041 4.37445e-12 0)
(1.00041 4.35004e-12 0)
(1.00041 4.37464e-12 0)
(1.00041 4.42094e-12 0)
(1.00041 4.4407e-12 0)
(1.00041 4.40622e-12 0)
(1.00041 4.2911e-12 0)
(1.00041 4.05027e-12 0)
(1.00041 3.68247e-12 0)
(1.00041 3.1784e-12 0)
(1.00041 2.55834e-12 0)
(1.00041 1.8462e-12 0)
(1.00041 1.07518e-12 0)
(1.00041 3.06443e-13 0)
(1.00041 -4.22093e-13 0)
(1.00041 -1.05057e-12 0)
(1.00041 -1.57064e-12 0)
(1.00041 -1.9433e-12 0)
(1.00041 -2.16978e-12 0)
(1.00041 -2.27632e-12 0)
(1.00041 -2.26606e-12 0)
(1.00041 -2.16467e-12 0)
(1.00041 -2.0133e-12 0)
(1.00041 -1.81905e-12 0)
(1.00041 -1.63231e-12 0)
(1.00041 -1.43759e-12 0)
(1.00041 -1.2382e-12 0)
(1.00041 -1.05819e-12 0)
(1.00041 -8.5683e-13 0)
(1.00041 -6.54535e-13 0)
(1.00041 -4.37475e-13 0)
(1.00041 -1.95608e-13 0)
(1.00041 6.1706e-14 0)
(1.00041 3.14766e-13 0)
(1.00041 5.67325e-13 0)
(1.00041 8.07195e-13 0)
(1.00041 1.01327e-12 0)
(1.00041 1.19684e-12 0)
(1.00041 1.31821e-12 0)
(1.00041 1.36338e-12 0)
(1.00041 1.41703e-12 0)
(1.00041 1.38364e-12 0)
(1.00041 1.27299e-12 0)
(1.00041 1.17725e-12 0)
(1.00041 1.01035e-12 0)
(1.00041 8.80594e-13 0)
(1.00041 7.0079e-13 0)
(1.00041 5.29417e-13 0)
(1.00041 3.93285e-13 0)
(1.00041 2.63601e-13 0)
(1.00041 1.28773e-13 0)
(1.00041 3.70317e-14 0)
(1.00041 -2.10223e-14 0)
(1.00041 -8.86201e-14 0)
(1.00041 -9.52665e-14 0)
(1.00041 -1.55146e-13 0)
(1.00041 -1.08641e-13 0)
(1.00041 -9.99607e-14 0)
(1.00041 -1.66569e-13 0)
(1.00041 -8.96067e-14 0)
(1.00041 -1.27844e-13 0)
(1.00041 -9.73413e-14 0)
(1.00041 -9.81944e-14 0)
(1.00041 -8.94473e-14 0)
(1.00041 -1.0954e-13 0)
(1.00041 -1.08488e-13 0)
(1.00041 -1.2767e-13 0)
(1.00041 -1.09616e-13 0)
(1 8.69935e-06 0)
(1 2.53238e-05 0)
(1.00001 4.10498e-05 0)
(1.00002 5.74569e-05 0)
(1.00003 7.37794e-05 0)
(1.00004 8.74797e-05 0)
(1.00006 9.80036e-05 0)
(1.00008 0.000107564 0)
(1.0001 0.000118489 0)
(1.00012 0.000130825 0)
(1.00014 0.000142394 0)
(1.00017 0.000150498 0)
(1.00019 0.000153504 0)
(1.00022 0.000151319 0)
(1.00024 0.000144931 0)
(1.00027 0.000135712 0)
(1.00029 0.000124924 0)
(1.0003 0.000113526 0)
(1.00032 0.000102165 0)
(1.00033 9.12416e-05 0)
(1.00034 8.09839e-05 0)
(1.00035 7.15103e-05 0)
(1.00036 6.28691e-05 0)
(1.00037 5.50646e-05 0)
(1.00038 4.80724e-05 0)
(1.00038 4.18503e-05 0)
(1.00039 3.63451e-05 0)
(1.00039 3.14978e-05 0)
(1.00039 2.72475e-05 0)
(1.0004 2.3534e-05 0)
(1.0004 2.02992e-05 0)
(1.0004 1.74887e-05 0)
(1.0004 1.50524e-05 0)
(1.0004 1.29443e-05 0)
(1.00041 1.11232e-05 0)
(1.00041 9.55233e-06 0)
(1.00041 8.1988e-06 0)
(1.00041 7.03375e-06 0)
(1.00041 6.03183e-06 0)
(1.00041 5.17083e-06 0)
(1.00041 4.43141e-06 0)
(1.00041 3.79674e-06 0)
(1.00041 3.25226e-06 0)
(1.00041 2.78533e-06 0)
(1.00041 2.38505e-06 0)
(1.00041 2.042e-06 0)
(1.00041 1.74808e-06 0)
(1.00041 1.49632e-06 0)
(1.00041 1.28069e-06 0)
(1.00041 1.09606e-06 0)
(1.00041 9.3798e-07 0)
(1.00041 8.02653e-07 0)
(1.00041 6.86817e-07 0)
(1.00041 5.87673e-07 0)
(1.00041 5.02822e-07 0)
(1.00041 4.30209e-07 0)
(1.00041 3.68072e-07 0)
(1.00041 3.14903e-07 0)
(1.00041 2.69408e-07 0)
(1.00041 2.30482e-07 0)
(1.00041 1.97178e-07 0)
(1.00041 1.68684e-07 0)
(1.00041 1.44306e-07 0)
(1.00041 1.23449e-07 0)
(1.00041 1.05607e-07 0)
(1.00041 9.03423e-08 0)
(1.00041 7.7284e-08 0)
(1.00041 6.6113e-08 0)
(1.00041 5.65564e-08 0)
(1.00041 4.83809e-08 0)
(1.00041 4.13867e-08 0)
(1.00041 3.54034e-08 0)
(1.00041 3.02851e-08 0)
(1.00041 2.59069e-08 0)
(1.00041 2.21618e-08 0)
(1.00041 1.8958e-08 0)
(1.00041 1.6217e-08 0)
(1.00041 1.3872e-08 0)
(1.00041 1.18659e-08 0)
(1.00041 1.015e-08 0)
(1.00041 8.68244e-09 0)
(1.00041 7.42736e-09 0)
(1.00041 6.35386e-09 0)
(1.00041 5.43547e-09 0)
(1.00041 4.64961e-09 0)
(1.00041 3.9771e-09 0)
(1.00041 3.40168e-09 0)
(1.00041 2.90948e-09 0)
(1.00041 2.48861e-09 0)
(1.00041 2.12882e-09 0)
(1.00041 1.82123e-09 0)
(1.00041 1.55821e-09 0)
(1.00041 1.33318e-09 0)
(1.00041 1.14058e-09 0)
(1.00041 9.75687e-10 0)
(1.00041 8.34475e-10 0)
(1.00041 7.1361e-10 0)
(1.00041 6.10172e-10 0)
(1.00041 5.21721e-10 0)
(1.00041 4.46143e-10 0)
(1.00041 3.81594e-10 0)
(1.00041 3.26478e-10 0)
(1.00041 2.7936e-10 0)
(1.00041 2.39022e-10 0)
(1.00041 2.0437e-10 0)
(1.00041 1.7453e-10 0)
(1.00041 1.48834e-10 0)
(1.00041 1.26721e-10 0)
(1.00041 1.0781e-10 0)
(1.00041 9.17626e-11 0)
(1.00041 7.82401e-11 0)
(1.00041 6.69248e-11 0)
(1.00041 5.73851e-11 0)
(1.00041 4.9281e-11 0)
(1.00041 4.22596e-11 0)
(1.00041 3.60834e-11 0)
(1.00041 3.06006e-11 0)
(1.00041 2.57572e-11 0)
(1.00041 2.15521e-11 0)
(1.00041 1.79947e-11 0)
(1.00041 1.50688e-11 0)
(1.00041 1.27119e-11 0)
(1.00041 1.08655e-11 0)
(1.00041 9.40091e-12 0)
(1.00041 8.2255e-12 0)
(1.00041 7.24327e-12 0)
(1.00041 6.40629e-12 0)
(1.00041 5.70057e-12 0)
(1.00041 5.12292e-12 0)
(1.00041 4.67468e-12 0)
(1.00041 4.36399e-12 0)
(1.00041 4.18657e-12 0)
(1.00041 4.09951e-12 0)
(1.00041 4.08196e-12 0)
(1.00041 4.09127e-12 0)
(1.00041 4.09548e-12 0)
(1.00041 4.081e-12 0)
(1.00041 4.00998e-12 0)
(1.00041 3.86092e-12 0)
(1.00041 3.61266e-12 0)
(1.00041 3.25968e-12 0)
(1.00041 2.80093e-12 0)
(1.00041 2.23767e-12 0)
(1.00041 1.60478e-12 0)
(1.00041 9.3246e-13 0)
(1.00041 2.39865e-13 0)
(1.00041 -3.95342e-13 0)
(1.00041 -9.49902e-13 0)
(1.00041 -1.40995e-12 0)
(1.00041 -1.72446e-12 0)
(1.00041 -1.93813e-12 0)
(1.00041 -2.01022e-12 0)
(1.00041 -1.99012e-12 0)
(1.00041 -1.89945e-12 0)
(1.00041 -1.74705e-12 0)
(1.00041 -1.57745e-12 0)
(1.00041 -1.40698e-12 0)
(1.00041 -1.23526e-12 0)
(1.00041 -1.0551e-12 0)
(1.00041 -9.00369e-13 0)
(1.00041 -7.31641e-13 0)
(1.00041 -5.5647e-13 0)
(1.00041 -3.58547e-13 0)
(1.00041 -1.39463e-13 0)
(1.00041 8.49317e-14 0)
(1.00041 3.00463e-13 0)
(1.00041 5.2859e-13 0)
(1.00041 7.63417e-13 0)
(1.00041 9.37703e-13 0)
(1.00041 1.09196e-12 0)
(1.00041 1.20615e-12 0)
(1.00041 1.24921e-12 0)
(1.00041 1.27513e-12 0)
(1.00041 1.25783e-12 0)
(1.00041 1.15384e-12 0)
(1.00041 1.05502e-12 0)
(1.00041 9.32686e-13 0)
(1.00041 7.68023e-13 0)
(1.00041 6.35843e-13 0)
(1.00041 4.51184e-13 0)
(1.00041 3.1585e-13 0)
(1.00041 2.05445e-13 0)
(1.00041 7.88538e-14 0)
(1.00041 -7.64548e-15 0)
(1.00041 -8.2055e-14 0)
(1.00041 -1.10204e-13 0)
(1.00041 -1.57426e-13 0)
(1.00041 -1.95173e-13 0)
(1.00041 -1.97598e-13 0)
(1.00041 -1.85012e-13 0)
(1.00041 -1.76438e-13 0)
(1.00041 -1.86543e-13 0)
(1.00041 -2.23664e-13 0)
(1.00041 -1.65455e-13 0)
(1.00041 -1.80774e-13 0)
(1.00041 -1.59873e-13 0)
(1.00041 -1.74573e-13 0)
(1.00041 -1.52654e-13 0)
(1.00041 -1.30314e-13 0)
(1.00041 -1.10712e-13 0)
(1 7.14984e-06 0)
(1 2.08231e-05 0)
(1.00001 3.37788e-05 0)
(1.00002 4.73264e-05 0)
(1.00003 6.08582e-05 0)
(1.00004 7.22904e-05 0)
(1.00006 8.1168e-05 0)
(1.00007 8.93117e-05 0)
(1.00009 9.86168e-05 0)
(1.00011 0.000109081 0)
(1.00014 0.000118888 0)
(1.00016 0.000125835 0)
(1.00018 0.000128588 0)
(1.00021 0.000127059 0)
(1.00023 0.00012204 0)
(1.00025 0.000114643 0)
(1.00027 0.000105898 0)
(1.00029 9.65903e-05 0)
(1.00031 8.72511e-05 0)
(1.00032 7.82137e-05 0)
(1.00034 6.96738e-05 0)
(1.00035 6.17383e-05 0)
(1.00036 5.44574e-05 0)
(1.00036 4.78444e-05 0)
(1.00037 4.18884e-05 0)
(1.00038 3.65623e-05 0)
(1.00038 3.18285e-05 0)
(1.00039 2.76432e-05 0)
(1.00039 2.39595e-05 0)
(1.00039 2.07301e-05 0)
(1.0004 1.79084e-05 0)
(1.0004 1.54502e-05 0)
(1.0004 1.3314e-05 0)
(1.0004 1.14617e-05 0)
(1.0004 9.8585e-06 0)
(1.00041 8.47321e-06 0)
(1.00041 7.27786e-06 0)
(1.00041 6.24763e-06 0)
(1.00041 5.36064e-06 0)
(1.00041 4.59766e-06 0)
(1.00041 3.94185e-06 0)
(1.00041 3.37853e-06 0)
(1.00041 2.89493e-06 0)
(1.00041 2.47998e-06 0)
(1.00041 2.12408e-06 0)
(1.00041 1.81895e-06 0)
(1.00041 1.55741e-06 0)
(1.00041 1.33331e-06 0)
(1.00041 1.14133e-06 0)
(1.00041 9.76898e-07 0)
(1.00041 8.36088e-07 0)
(1.00041 7.15523e-07 0)
(1.00041 6.12306e-07 0)
(1.00041 5.23952e-07 0)
(1.00041 4.48326e-07 0)
(1.00041 3.83601e-07 0)
(1.00041 3.28209e-07 0)
(1.00041 2.80808e-07 0)
(1.00041 2.40246e-07 0)
(1.00041 2.05539e-07 0)
(1.00041 1.75843e-07 0)
(1.00041 1.50435e-07 0)
(1.00041 1.28697e-07 0)
(1.00041 1.10098e-07 0)
(1.00041 9.41864e-08 0)
(1.00041 8.05737e-08 0)
(1.00041 6.89282e-08 0)
(1.00041 5.89654e-08 0)
(1.00041 5.04422e-08 0)
(1.00041 4.31506e-08 0)
(1.00041 3.69126e-08 0)
(1.00041 3.15763e-08 0)
(1.00041 2.70116e-08 0)
(1.00041 2.31068e-08 0)
(1.00041 1.97665e-08 0)
(1.00041 1.69088e-08 0)
(1.00041 1.44639e-08 0)
(1.00041 1.23722e-08 0)
(1.00041 1.05831e-08 0)
(1.00041 9.05281e-09 0)
(1.00041 7.74412e-09 0)
(1.00041 6.62484e-09 0)
(1.00041 5.66736e-09 0)
(1.00041 4.84806e-09 0)
(1.00041 4.14693e-09 0)
(1.00041 3.54691e-09 0)
(1.00041 3.0336e-09 0)
(1.00041 2.59463e-09 0)
(1.00041 2.21936e-09 0)
(1.00041 1.89862e-09 0)
(1.00041 1.6244e-09 0)
(1.00041 1.38989e-09 0)
(1.00041 1.18922e-09 0)
(1.00041 1.01741e-09 0)
(1.00041 8.70303e-10 0)
(1.00041 7.44319e-10 0)
(1.00041 6.3648e-10 0)
(1.00041 5.44234e-10 0)
(1.00041 4.65367e-10 0)
(1.00041 3.98018e-10 0)
(1.00041 3.40512e-10 0)
(1.00041 2.91398e-10 0)
(1.00041 2.49389e-10 0)
(1.00041 2.13351e-10 0)
(1.00041 1.82368e-10 0)
(1.00041 1.55661e-10 0)
(1.00041 1.32642e-10 0)
(1.00041 1.1288e-10 0)
(1.00041 9.60299e-11 0)
(1.00041 8.18038e-11 0)
(1.00041 6.98502e-11 0)
(1.00041 5.98367e-11 0)
(1.00041 5.13802e-11 0)
(1.00041 4.41263e-11 0)
(1.00041 3.77921e-11 0)
(1.00041 3.21825e-11 0)
(1.00041 2.71994e-11 0)
(1.00041 2.28333e-11 0)
(1.00041 1.90886e-11 0)
(1.00041 1.59575e-11 0)
(1.00041 1.34114e-11 0)
(1.00041 1.1375e-11 0)
(1.00041 9.75202e-12 0)
(1.00041 8.44158e-12 0)
(1.00041 7.35842e-12 0)
(1.00041 6.43641e-12 0)
(1.00041 5.6525e-12 0)
(1.00041 5.00956e-12 0)
(1.00041 4.49054e-12 0)
(1.00041 4.12865e-12 0)
(1.00041 3.88725e-12 0)
(1.00041 3.76021e-12 0)
(1.00041 3.7103e-12 0)
(1.00041 3.67856e-12 0)
(1.00041 3.67189e-12 0)
(1.00041 3.63276e-12 0)
(1.00041 3.57467e-12 0)
(1.00041 3.47424e-12 0)
(1.00041 3.30264e-12 0)
(1.00041 3.06922e-12 0)
(1.00041 2.75343e-12 0)
(1.00041 2.35321e-12 0)
(1.00041 1.88039e-12 0)
(1.00041 1.34047e-12 0)
(1.00041 7.73125e-13 0)
(1.00041 1.8867e-13 0)
(1.00041 -3.48065e-13 0)
(1.00041 -8.1181e-13 0)
(1.00041 -1.20573e-12 0)
(1.00041 -1.47579e-12 0)
(1.00041 -1.64579e-12 0)
(1.00041 -1.70506e-12 0)
(1.00041 -1.66564e-12 0)
(1.00041 -1.57363e-12 0)
(1.00041 -1.43747e-12 0)
(1.00041 -1.28967e-12 0)
(1.00041 -1.1366e-12 0)
(1.00041 -9.87198e-13 0)
(1.00041 -8.49308e-13 0)
(1.00041 -7.11028e-13 0)
(1.00041 -5.73802e-13 0)
(1.00041 -4.24934e-13 0)
(1.00041 -2.60657e-13 0)
(1.00041 -7.93318e-14 0)
(1.00041 1.0448e-13 0)
(1.00041 2.88425e-13 0)
(1.00041 4.96828e-13 0)
(1.00041 6.97302e-13 0)
(1.00041 8.33938e-13 0)
(1.00041 9.69066e-13 0)
(1.00041 1.0739e-12 0)
(1.00041 1.11188e-12 0)
(1.00041 1.11017e-12 0)
(1.00041 1.0899e-12 0)
(1.00041 1.02637e-12 0)
(1.00041 9.00999e-13 0)
(1.00041 8.12532e-13 0)
(1.00041 6.53857e-13 0)
(1.00041 5.32448e-13 0)
(1.00041 3.83794e-13 0)
(1.00041 2.3022e-13 0)
(1.00041 1.39522e-13 0)
(1.00041 2.36651e-14 0)
(1.00041 -7.45547e-14 0)
(1.00041 -1.38709e-13 0)
(1.00041 -1.59218e-13 0)
(1.00041 -2.23768e-13 0)
(1.00041 -2.35491e-13 0)
(1.00041 -2.37533e-13 0)
(1.00041 -2.74894e-13 0)
(1.00041 -2.64626e-13 0)
(1.00041 -2.34246e-13 0)
(1.00041 -2.79883e-13 0)
(1.00041 -2.28611e-13 0)
(1.00041 -2.58063e-13 0)
(1.00041 -2.38162e-13 0)
(1.00041 -2.08826e-13 0)
(1.00041 -1.87848e-13 0)
(1.00041 -2.31266e-13 0)
(1.00041 -1.67864e-13 0)
(1 5.7145e-06 0)
(1 1.66487e-05 0)
(1.00001 2.70221e-05 0)
(1.00002 3.78896e-05 0)
(1.00003 4.87754e-05 0)
(1.00004 5.80198e-05 0)
(1.00005 6.52559e-05 0)
(1.00007 7.19414e-05 0)
(1.00009 7.95828e-05 0)
(1.00011 8.81568e-05 0)
(1.00013 9.61964e-05 0)
(1.00015 0.000101939 0)
(1.00018 0.000104325 0)
(1.0002 0.000103279 0)
(1.00022 9.94227e-05 0)
(1.00025 9.36351e-05 0)
(1.00027 8.67337e-05 0)
(1.00028 7.93429e-05 0)
(1.0003 7.18873e-05 0)
(1.00032 6.46352e-05 0)
(1.00033 5.77476e-05 0)
(1.00034 5.13155e-05 0)
(1.00035 4.53856e-05 0)
(1.00036 3.99751e-05 0)
(1.00037 3.5081e-05 0)
(1.00037 3.06868e-05 0)
(1.00038 2.67667e-05 0)
(1.00038 2.32888e-05 0)
(1.00039 2.02182e-05 0)
(1.00039 1.75186e-05 0)
(1.00039 1.51539e-05 0)
(1.0004 1.3089e-05 0)
(1.0004 1.12909e-05 0)
(1.0004 9.7289e-06 0)
(1.0004 8.37483e-06 0)
(1.0004 7.20312e-06 0)
(1.00041 6.19078e-06 0)
(1.00041 5.31733e-06 0)
(1.00041 4.56459e-06 0)
(1.00041 3.91653e-06 0)
(1.00041 3.35909e-06 0)
(1.00041 2.87995e-06 0)
(1.00041 2.4684e-06 0)
(1.00041 2.11508e-06 0)
(1.00041 1.81193e-06 0)
(1.00041 1.55191e-06 0)
(1.00041 1.32897e-06 0)
(1.00041 1.1379e-06 0)
(1.00041 9.74165e-07 0)
(1.00041 8.339e-07 0)
(1.00041 7.13763e-07 0)
(1.00041 6.10883e-07 0)
(1.00041 5.22795e-07 0)
(1.00041 4.47381e-07 0)
(1.00041 3.82826e-07 0)
(1.00041 3.27571e-07 0)
(1.00041 2.8028e-07 0)
(1.00041 2.39808e-07 0)
(1.00041 2.05174e-07 0)
(1.00041 1.75538e-07 0)
(1.00041 1.5018e-07 0)
(1.00041 1.28482e-07 0)
(1.00041 1.09918e-07 0)
(1.00041 9.40341e-08 0)
(1.00041 8.0445e-08 0)
(1.00041 6.88191e-08 0)
(1.00041 5.8873e-08 0)
(1.00041 5.03638e-08 0)
(1.00041 4.30841e-08 0)
(1.00041 3.68561e-08 0)
(1.00041 3.15282e-08 0)
(1.00041 2.69705e-08 0)
(1.00041 2.30718e-08 0)
(1.00041 1.97366e-08 0)
(1.00041 1.68834e-08 0)
(1.00041 1.44424e-08 0)
(1.00041 1.2354e-08 0)
(1.00041 1.05674e-08 0)
(1.00041 9.03935e-09 0)
(1.00041 7.7325e-09 0)
(1.00041 6.61486e-09 0)
(1.00041 5.65887e-09 0)
(1.00041 4.84094e-09 0)
(1.00041 4.14096e-09 0)
(1.00041 3.54189e-09 0)
(1.00041 3.02928e-09 0)
(1.00041 2.59082e-09 0)
(1.00041 2.21596e-09 0)
(1.00041 1.89556e-09 0)
(1.00041 1.6217e-09 0)
(1.00041 1.38757e-09 0)
(1.00041 1.18728e-09 0)
(1.00041 1.01586e-09 0)
(1.00041 8.69083e-10 0)
(1.00041 7.43378e-10 0)
(1.00041 6.3575e-10 0)
(1.00041 5.43638e-10 0)
(1.00041 4.64865e-10 0)
(1.00041 3.97562e-10 0)
(1.00041 3.40097e-10 0)
(1.00041 2.91017e-10 0)
(1.00041 2.49076e-10 0)
(1.00041 2.13178e-10 0)
(1.00041 1.82341e-10 0)
(1.00041 1.55769e-10 0)
(1.00041 1.32881e-10 0)
(1.00041 1.13167e-10 0)
(1.00041 9.63009e-11 0)
(1.00041 8.1972e-11 0)
(1.00041 6.98911e-11 0)
(1.00041 5.97855e-11 0)
(1.00041 5.1282e-11 0)
(1.00041 4.40622e-11 0)
(1.00041 3.78158e-11 0)
(1.00041 3.23117e-11 0)
(1.00041 2.74333e-11 0)
(1.00041 2.31221e-11 0)
(1.00041 1.93628e-11 0)
(1.00041 1.61933e-11 0)
(1.00041 1.35759e-11 0)
(1.00041 1.14611e-11 0)
(1.00041 9.77827e-12 0)
(1.00041 8.41733e-12 0)
(1.00041 7.29362e-12 0)
(1.00041 6.32546e-12 0)
(1.00041 5.48185e-12 0)
(1.00041 4.76305e-12 0)
(1.00041 4.19108e-12 0)
(1.00041 3.76145e-12 0)
(1.00041 3.47606e-12 0)
(1.00041 3.32334e-12 0)
(1.00041 3.25302e-12 0)
(1.00041 3.21045e-12 0)
(1.00041 3.18445e-12 0)
(1.00041 3.14242e-12 0)
(1.00041 3.0673e-12 0)
(1.00041 2.9642e-12 0)
(1.00041 2.82679e-12 0)
(1.00041 2.64799e-12 0)
(1.00041 2.43931e-12 0)
(1.00041 2.17806e-12 0)
(1.00041 1.86637e-12 0)
(1.00041 1.49407e-12 0)
(1.00041 1.06952e-12 0)
(1.00041 6.27182e-13 0)
(1.00041 1.65175e-13 0)
(1.00041 -2.50693e-13 0)
(1.00041 -6.36488e-13 0)
(1.00041 -9.39095e-13 0)
(1.00041 -1.16054e-12 0)
(1.00041 -1.28679e-12 0)
(1.00041 -1.31404e-12 0)
(1.00041 -1.27561e-12 0)
(1.00041 -1.18943e-12 0)
(1.00041 -1.07625e-12 0)
(1.00041 -9.43005e-13 0)
(1.00041 -8.25411e-13 0)
(1.00041 -7.01425e-13 0)
(1.00041 -6.00863e-13 0)
(1.00041 -5.03999e-13 0)
(1.00041 -3.9125e-13 0)
(1.00041 -2.82504e-13 0)
(1.00041 -1.71946e-13 0)
(1.00041 -3.97262e-14 0)
(1.00041 1.03641e-13 0)
(1.00041 2.54369e-13 0)
(1.00041 4.16574e-13 0)
(1.00041 5.64918e-13 0)
(1.00041 6.90569e-13 0)
(1.00041 7.9579e-13 0)
(1.00041 8.80934e-13 0)
(1.00041 9.2539e-13 0)
(1.00041 9.24451e-13 0)
(1.00041 9.05867e-13 0)
(1.00041 8.54631e-13 0)
(1.00041 7.55065e-13 0)
(1.00041 6.50719e-13 0)
(1.00041 5.24524e-13 0)
(1.00041 4.14026e-13 0)
(1.00041 2.90845e-13 0)
(1.00041 1.62744e-13 0)
(1.00041 5.81088e-14 0)
(1.00041 -2.25847e-14 0)
(1.00041 -1.2449e-13 0)
(1.00041 -2.04671e-13 0)
(1.00041 -2.33717e-13 0)
(1.00041 -2.81762e-13 0)
(1.00041 -2.7304e-13 0)
(1.00041 -3.4661e-13 0)
(1.00041 -3.28195e-13 0)
(1.00041 -3.07382e-13 0)
(1.00041 -3.26552e-13 0)
(1.00041 -3.44511e-13 0)
(1.00041 -3.30077e-13 0)
(1.00041 -3.35951e-13 0)
(1.00041 -2.90254e-13 0)
(1.00041 -2.98948e-13 0)
(1.00041 -2.23662e-13 0)
(1.00041 -1.77023e-13 0)
(1.00041 -1.50501e-13 0)
(1 4.36442e-06 0)
(1 1.27186e-05 0)
(1.00001 2.06518e-05 0)
(1.00001 2.89746e-05 0)
(1.00002 3.73287e-05 0)
(1.00004 4.44505e-05 0)
(1.00005 5.00582e-05 0)
(1.00007 5.52661e-05 0)
(1.00008 6.12209e-05 0)
(1.0001 6.78946e-05 0)
(1.00012 7.41568e-05 0)
(1.00015 7.8659e-05 0)
(1.00017 8.05939e-05 0)
(1.00019 7.99018e-05 0)
(1.00022 7.7052e-05 0)
(1.00024 7.27097e-05 0)
(1.00026 6.74955e-05 0)
(1.00028 6.18844e-05 0)
(1.00029 5.62002e-05 0)
(1.00031 5.06489e-05 0)
(1.00032 4.53556e-05 0)
(1.00033 4.03932e-05 0)
(1.00034 3.58011e-05 0)
(1.00035 3.1596e-05 0)
(1.00036 2.77793e-05 0)
(1.00037 2.43415e-05 0)
(1.00037 2.12655e-05 0)
(1.00038 1.85291e-05 0)
(1.00038 1.6107e-05 0)
(1.00039 1.39728e-05 0)
(1.00039 1.20994e-05 0)
(1.00039 1.04605e-05 0)
(1.0004 9.03108e-06 0)
(1.0004 7.7875e-06 0)
(1.0004 6.70803e-06 0)
(1.0004 5.77285e-06 0)
(1.0004 4.96405e-06 0)
(1.00041 4.26557e-06 0)
(1.00041 3.66315e-06 0)
(1.00041 3.14414e-06 0)
(1.00041 2.69744e-06 0)
(1.00041 2.31328e-06 0)
(1.00041 1.98315e-06 0)
(1.00041 1.69963e-06 0)
(1.00041 1.45626e-06 0)
(1.00041 1.24747e-06 0)
(1.00041 1.0684e-06 0)
(1.00041 9.1489e-07 0)
(1.00041 7.83322e-07 0)
(1.00041 6.70592e-07 0)
(1.00041 5.74023e-07 0)
(1.00041 4.91315e-07 0)
(1.00041 4.20491e-07 0)
(1.00041 3.59851e-07 0)
(1.00041 3.07939e-07 0)
(1.00041 2.63501e-07 0)
(1.00041 2.25467e-07 0)
(1.00041 1.92915e-07 0)
(1.00041 1.65057e-07 0)
(1.00041 1.41218e-07 0)
(1.00041 1.2082e-07 0)
(1.00041 1.03366e-07 0)
(1.00041 8.84313e-08 0)
(1.00041 7.56535e-08 0)
(1.00041 6.47213e-08 0)
(1.00041 5.53682e-08 0)
(1.00041 4.73664e-08 0)
(1.00041 4.05204e-08 0)
(1.00041 3.46635e-08 0)
(1.00041 2.96529e-08 0)
(1.00041 2.53664e-08 0)
(1.00041 2.16997e-08 0)
(1.00041 1.8563e-08 0)
(1.00041 1.58796e-08 0)
(1.00041 1.35839e-08 0)
(1.00041 1.16198e-08 0)
(1.00041 9.93945e-09 0)
(1.00041 8.50215e-09 0)
(1.00041 7.27288e-09 0)
(1.00041 6.2216e-09 0)
(1.00041 5.32244e-09 0)
(1.00041 4.5532e-09 0)
(1.00041 3.89495e-09 0)
(1.00041 3.33158e-09 0)
(1.00041 2.84946e-09 0)
(1.00041 2.43703e-09 0)
(1.00041 2.08434e-09 0)
(1.00041 1.78286e-09 0)
(1.00041 1.52519e-09 0)
(1.00041 1.30492e-09 0)
(1.00041 1.11654e-09 0)
(1.00041 9.55341e-10 0)
(1.00041 8.17355e-10 0)
(1.00041 6.99222e-10 0)
(1.00041 5.98064e-10 0)
(1.00041 5.11477e-10 0)
(1.00041 4.37397e-10 0)
(1.00041 3.74059e-10 0)
(1.00041 3.19955e-10 0)
(1.00041 2.73752e-10 0)
(1.00041 2.34301e-10 0)
(1.00041 2.00558e-10 0)
(1.00041 1.71624e-10 0)
(1.00041 1.46757e-10 0)
(1.00041 1.2531e-10 0)
(1.00041 1.06818e-10 0)
(1.00041 9.09438e-11 0)
(1.00041 7.74061e-11 0)
(1.00041 6.59665e-11 0)
(1.00041 5.63493e-11 0)
(1.00041 4.82922e-11 0)
(1.00041 4.14717e-11 0)
(1.00041 3.5613e-11 0)
(1.00041 3.04961e-11 0)
(1.00041 2.59607e-11 0)
(1.00041 2.19412e-11 0)
(1.00041 1.84355e-11 0)
(1.00041 1.54392e-11 0)
(1.00041 1.29465e-11 0)
(1.00041 1.09279e-11 0)
(1.00041 9.29591e-12 0)
(1.00041 7.97849e-12 0)
(1.00041 6.87128e-12 0)
(1.00041 5.92178e-12 0)
(1.00041 5.07424e-12 0)
(1.00041 4.32857e-12 0)
(1.00041 3.71708e-12 0)
(1.00041 3.24393e-12 0)
(1.00041 2.9354e-12 0)
(1.00041 2.75621e-12 0)
(1.00041 2.67563e-12 0)
(1.00041 2.65065e-12 0)
(1.00041 2.60989e-12 0)
(1.00041 2.56426e-12 0)
(1.00041 2.48686e-12 0)
(1.00041 2.36828e-12 0)
(1.00041 2.2241e-12 0)
(1.00041 2.06148e-12 0)
(1.00041 1.89838e-12 0)
(1.00041 1.73178e-12 0)
(1.00041 1.54632e-12 0)
(1.00041 1.33166e-12 0)
(1.00041 1.07209e-12 0)
(1.00041 7.88932e-13 0)
(1.00041 4.74021e-13 0)
(1.00041 1.42771e-13 0)
(1.00041 -1.61698e-13 0)
(1.00041 -4.54981e-13 0)
(1.00041 -6.84112e-13 0)
(1.00041 -8.41891e-13 0)
(1.00041 -9.28622e-13 0)
(1.00041 -9.34505e-13 0)
(1.00041 -8.86095e-13 0)
(1.00041 -8.07518e-13 0)
(1.00041 -6.96571e-13 0)
(1.00041 -5.85749e-13 0)
(1.00041 -4.9027e-13 0)
(1.00041 -4.03395e-13 0)
(1.00041 -3.22796e-13 0)
(1.00041 -2.49974e-13 0)
(1.00041 -1.78661e-13 0)
(1.00041 -1.23704e-13 0)
(1.00041 -5.29537e-14 0)
(1.00041 3.85509e-14 0)
(1.00041 1.37059e-13 0)
(1.00041 2.40569e-13 0)
(1.00041 3.41738e-13 0)
(1.00041 4.49018e-13 0)
(1.00041 5.58566e-13 0)
(1.00041 6.11757e-13 0)
(1.00041 6.8148e-13 0)
(1.00041 7.25033e-13 0)
(1.00041 7.08535e-13 0)
(1.00041 7.03813e-13 0)
(1.00041 6.43569e-13 0)
(1.00041 5.93244e-13 0)
(1.00041 4.96571e-13 0)
(1.00041 3.86682e-13 0)
(1.00041 3.09197e-13 0)
(1.00041 1.80713e-13 0)
(1.00041 8.61034e-14 0)
(1.00041 -2.51002e-14 0)
(1.00041 -9.37599e-14 0)
(1.00041 -1.4815e-13 0)
(1.00041 -2.62354e-13 0)
(1.00041 -2.68306e-13 0)
(1.00041 -3.35332e-13 0)
(1.00041 -3.61451e-13 0)
(1.00041 -3.50445e-13 0)
(1.00041 -4.55874e-13 0)
(1.00041 -4.40552e-13 0)
(1.00041 -4.03599e-13 0)
(1.00041 -4.63242e-13 0)
(1.00041 -4.02543e-13 0)
(1.00041 -4.1712e-13 0)
(1.00041 -4.01438e-13 0)
(1.00041 -3.40738e-13 0)
(1.00041 -2.76619e-13 0)
(1.00041 -2.60418e-13 0)
(1.00041 -1.72176e-13 0)
(1 3.07606e-06 0)
(1 8.96566e-06 0)
(1.00001 1.45624e-05 0)
(1.00001 2.04398e-05 0)
(1.00002 2.63481e-05 0)
(1.00004 3.13983e-05 0)
(1.00005 3.53918e-05 0)
(1.00006 3.91138e-05 0)
(1.00008 4.3371e-05 0)
(1.0001 4.81392e-05 0)
(1.00012 5.26169e-05 0)
(1.00014 5.58516e-05 0)
(1.00017 5.72745e-05 0)
(1.00019 5.68429e-05 0)
(1.00021 5.48849e-05 0)
(1.00023 5.18663e-05 0)
(1.00025 4.82225e-05 0)
(1.00027 4.4287e-05 0)
(1.00029 4.02879e-05 0)
(1.0003 3.63707e-05 0)
(1.00032 3.26246e-05 0)
(1.00033 2.91026e-05 0)
(1.00034 2.58344e-05 0)
(1.00035 2.28337e-05 0)
(1.00036 2.01032e-05 0)
(1.00037 1.7638e-05 0)
(1.00037 1.54272e-05 0)
(1.00038 1.34566e-05 0)
(1.00038 1.1709e-05 0)
(1.00039 1.01665e-05 0)
(1.00039 8.81047e-06 0)
(1.00039 7.62252e-06 0)
(1.0004 6.58507e-06 0)
(1.0004 5.6815e-06 0)
(1.0004 4.8964e-06 0)
(1.0004 4.21564e-06 0)
(1.0004 3.62641e-06 0)
(1.00041 3.11721e-06 0)
(1.00041 2.67776e-06 0)
(1.00041 2.29897e-06 0)
(1.00041 1.97279e-06 0)
(1.00041 1.69217e-06 0)
(1.00041 1.45093e-06 0)
(1.00041 1.24368e-06 0)
(1.00041 1.06574e-06 0)
(1.00041 9.13044e-07 0)
(1.00041 7.8206e-07 0)
(1.00041 6.69747e-07 0)
(1.00041 5.73475e-07 0)
(1.00041 4.90975e-07 0)
(1.00041 4.20295e-07 0)
(1.00041 3.59754e-07 0)
(1.00041 3.07908e-07 0)
(1.00041 2.63513e-07 0)
(1.00041 2.25505e-07 0)
(1.00041 1.92969e-07 0)
(1.00041 1.65119e-07 0)
(1.00041 1.41282e-07 0)
(1.00041 1.20883e-07 0)
(1.00041 1.03426e-07 0)
(1.00041 8.84874e-08 0)
(1.00041 7.57048e-08 0)
(1.00041 6.47675e-08 0)
(1.00041 5.54095e-08 0)
(1.00041 4.7403e-08 0)
(1.00041 4.05529e-08 0)
(1.00041 3.46923e-08 0)
(1.00041 2.96782e-08 0)
(1.00041 2.53884e-08 0)
(1.00041 2.17185e-08 0)
(1.00041 1.85792e-08 0)
(1.00041 1.58936e-08 0)
(1.00041 1.35963e-08 0)
(1.00041 1.16309e-08 0)
(1.00041 9.9493e-09 0)
(1.00041 8.51062e-09 0)
(1.00041 7.2799e-09 0)
(1.00041 6.22727e-09 0)
(1.00041 5.32707e-09 0)
(1.00041 4.55721e-09 0)
(1.00041 3.89864e-09 0)
(1.00041 3.33513e-09 0)
(1.00041 2.85283e-09 0)
(1.00041 2.44005e-09 0)
(1.00041 2.08685e-09 0)
(1.00041 1.7848e-09 0)
(1.00041 1.52659e-09 0)
(1.00041 1.30591e-09 0)
(1.00041 1.11727e-09 0)
(1.00041 9.5597e-10 0)
(1.00041 8.17947e-10 0)
(1.00041 6.99802e-10 0)
(1.00041 5.98659e-10 0)
(1.00041 5.1208e-10 0)
(1.00041 4.37973e-10 0)
(1.00041 3.74578e-10 0)
(1.00041 3.2037e-10 0)
(1.00041 2.74038e-10 0)
(1.00041 2.34456e-10 0)
(1.00041 2.00639e-10 0)
(1.00041 1.71733e-10 0)
(1.00041 1.46988e-10 0)
(1.00041 1.25747e-10 0)
(1.00041 1.07446e-10 0)
(1.00041 9.16813e-11 0)
(1.00041 7.81095e-11 0)
(1.00041 6.65091e-11 0)
(1.00041 5.66515e-11 0)
(1.00041 4.83606e-11 0)
(1.00041 4.1427e-11 0)
(1.00041 3.55801e-11 0)
(1.00041 3.05849e-11 0)
(1.00041 2.62272e-11 0)
(1.00041 2.23697e-11 0)
(1.00041 1.8935e-11 0)
(1.00041 1.59031e-11 0)
(1.00041 1.33007e-11 0)
(1.00041 1.1147e-11 0)
(1.00041 9.41033e-12 0)
(1.00041 8.04236e-12 0)
(1.00041 6.93868e-12 0)
(1.00041 6.01464e-12 0)
(1.00041 5.19523e-12 0)
(1.00041 4.43167e-12 0)
(1.00041 3.73048e-12 0)
(1.00041 3.09746e-12 0)
(1.00041 2.59308e-12 0)
(1.00041 2.23036e-12 0)
(1.00041 2.02993e-12 0)
(1.00041 1.95258e-12 0)
(1.00041 1.94168e-12 0)
(1.00041 1.95976e-12 0)
(1.00041 1.93885e-12 0)
(1.00041 1.86985e-12 0)
(1.00041 1.76621e-12 0)
(1.00041 1.61497e-12 0)
(1.00041 1.44129e-12 0)
(1.00041 1.25823e-12 0)
(1.00041 1.11677e-12 0)
(1.00041 1.00053e-12 0)
(1.00041 8.9452e-13 0)
(1.00041 7.9063e-13 0)
(1.00041 6.65668e-13 0)
(1.00041 5.40623e-13 0)
(1.00041 3.72116e-13 0)
(1.00041 2.00294e-13 0)
(1.00041 8.34182e-15 0)
(1.00041 -1.80009e-13 0)
(1.00041 -3.28855e-13 0)
(1.00041 -4.24782e-13 0)
(1.00041 -4.73159e-13 0)
(1.00041 -4.73275e-13 0)
(1.00041 -4.391e-13 0)
(1.00041 -3.74243e-13 0)
(1.00041 -2.84155e-13 0)
(1.00041 -2.13395e-13 0)
(1.00041 -1.48437e-13 0)
(1.00041 -1.09416e-13 0)
(1.00041 -6.50265e-14 0)
(1.00041 -3.05027e-14 0)
(1.00041 -2.41533e-14 0)
(1.00041 -4.38944e-15 0)
(1.00041 1.95303e-14 0)
(1.00041 6.31377e-14 0)
(1.00041 1.0641e-13 0)
(1.00041 1.65097e-13 0)
(1.00041 2.29309e-13 0)
(1.00041 2.91163e-13 0)
(1.00041 3.80124e-13 0)
(1.00041 4.16795e-13 0)
(1.00041 4.74759e-13 0)
(1.00041 5.16484e-13 0)
(1.00041 4.86375e-13 0)
(1.00041 4.94762e-13 0)
(1.00041 4.36838e-13 0)
(1.00041 3.92905e-13 0)
(1.00041 3.41506e-13 0)
(1.00041 2.48285e-13 0)
(1.00041 1.60439e-13 0)
(1.00041 8.88481e-14 0)
(1.00041 -1.53698e-14 0)
(1.00041 -9.4549e-14 0)
(1.00041 -1.86132e-13 0)
(1.00041 -2.30565e-13 0)
(1.00041 -2.67671e-13 0)
(1.00041 -3.846e-13 0)
(1.00041 -3.88592e-13 0)
(1.00041 -4.47898e-13 0)
(1.00041 -4.42487e-13 0)
(1.00041 -4.65241e-13 0)
(1.00041 -5.34497e-13 0)
(1.00041 -4.85619e-13 0)
(1.00041 -5.25461e-13 0)
(1.00041 -4.84523e-13 0)
(1.00041 -4.51475e-13 0)
(1.00041 -4.38607e-13 0)
(1.00041 -4.17454e-13 0)
(1.00041 -3.04583e-13 0)
(1.00041 -2.55898e-13 0)
(1.00041 -1.68118e-13 0)
(1 1.82952e-06 0)
(1 5.333e-06 0)
(1.00001 8.66374e-06 0)
(1.00001 1.21638e-05 0)
(1.00002 1.56855e-05 0)
(1.00003 1.8701e-05 0)
(1.00005 2.1092e-05 0)
(1.00006 2.33254e-05 0)
(1.00008 2.58805e-05 0)
(1.0001 2.87416e-05 0)
(1.00012 3.143e-05 0)
(1.00014 3.33782e-05 0)
(1.00016 3.42479e-05 0)
(1.00019 3.40134e-05 0)
(1.00021 3.28689e-05 0)
(1.00023 3.10904e-05 0)
(1.00025 2.89358e-05 0)
(1.00027 2.66033e-05 0)
(1.00029 2.42281e-05 0)
(1.0003 2.1897e-05 0)
(1.00031 1.96635e-05 0)
(1.00033 1.75596e-05 0)
(1.00034 1.56038e-05 0)
(1.00035 1.38048e-05 0)
(1.00036 1.21652e-05 0)
(1.00036 1.06824e-05 0)
(1.00037 9.35084e-06 0)
(1.00038 8.16222e-06 0)
(1.00038 7.10689e-06 0)
(1.00039 6.1743e-06 0)
(1.00039 5.35359e-06 0)
(1.00039 4.63395e-06 0)
(1.0004 4.00496e-06 0)
(1.0004 3.45673e-06 0)
(1.0004 2.98006e-06 0)
(1.0004 2.56649e-06 0)
(1.0004 2.20835e-06 0)
(1.0004 1.8987e-06 0)
(1.00041 1.63136e-06 0)
(1.00041 1.40084e-06 0)
(1.00041 1.20227e-06 0)
(1.00041 1.03139e-06 0)
(1.00041 8.84457e-07 0)
(1.00041 7.58201e-07 0)
(1.00041 6.49779e-07 0)
(1.00041 5.56721e-07 0)
(1.00041 4.76887e-07 0)
(1.00041 4.08424e-07 0)
(1.00041 3.49733e-07 0)
(1.00041 2.99434e-07 0)
(1.00041 2.56337e-07 0)
(1.00041 2.19421e-07 0)
(1.00041 1.87804e-07 0)
(1.00041 1.6073e-07 0)
(1.00041 1.3755e-07 0)
(1.00041 1.17706e-07 0)
(1.00041 1.00719e-07 0)
(1.00041 8.61809e-08 0)
(1.00041 7.37384e-08 0)
(1.00041 6.30902e-08 0)
(1.00041 5.39781e-08 0)
(1.00041 4.61809e-08 0)
(1.00041 3.95092e-08 0)
(1.00041 3.38008e-08 0)
(1.00041 2.89168e-08 0)
(1.00041 2.47383e-08 0)
(1.00041 2.11632e-08 0)
(1.00041 1.81044e-08 0)
(1.00041 1.54875e-08 0)
(1.00041 1.32488e-08 0)
(1.00041 1.13338e-08 0)
(1.00041 9.69564e-09 0)
(1.00041 8.29422e-09 0)
(1.00041 7.09523e-09 0)
(1.00041 6.06937e-09 0)
(1.00041 5.19172e-09 0)
(1.00041 4.441e-09 0)
(1.00041 3.79897e-09 0)
(1.00041 3.24992e-09 0)
(1.00041 2.7803e-09 0)
(1.00041 2.3785e-09 0)
(1.00041 2.03462e-09 0)
(1.00041 1.74027e-09 0)
(1.00041 1.48841e-09 0)
(1.00041 1.27299e-09 0)
(1.00041 1.08883e-09 0)
(1.00041 9.31441e-10 0)
(1.00041 7.9691e-10 0)
(1.00041 6.81852e-10 0)
(1.00041 5.83381e-10 0)
(1.00041 4.99076e-10 0)
(1.00041 4.26898e-10 0)
(1.00041 3.6513e-10 0)
(1.00041 3.12296e-10 0)
(1.00041 2.67121e-10 0)
(1.00041 2.28504e-10 0)
(1.00041 1.95497e-10 0)
(1.00041 1.67285e-10 0)
(1.00041 1.43173e-10 0)
(1.00041 1.22571e-10 0)
(1.00041 1.04929e-10 0)
(1.00041 8.97874e-11 0)
(1.00041 7.67668e-11 0)
(1.00041 6.55191e-11 0)
(1.00041 5.58437e-11 0)
(1.00041 4.75462e-11 0)
(1.00041 4.05034e-11 0)
(1.00041 3.45866e-11 0)
(1.00041 2.9635e-11 0)
(1.00041 2.55088e-11 0)
(1.00041 2.19825e-11 0)
(1.00041 1.89042e-11 0)
(1.00041 1.6142e-11 0)
(1.00041 1.36353e-11 0)
(1.00041 1.13988e-11 0)
(1.00041 9.47634e-12 0)
(1.00041 7.8802e-12 0)
(1.00041 6.63156e-12 0)
(1.00041 5.70331e-12 0)
(1.00041 4.99405e-12 0)
(1.00041 4.4191e-12 0)
(1.00041 3.8839e-12 0)
(1.00041 3.34417e-12 0)
(1.00041 2.78337e-12 0)
(1.00041 2.24386e-12 0)
(1.00041 1.77092e-12 0)
(1.00041 1.41998e-12 0)
(1.00041 1.22065e-12 0)
(1.00041 1.15778e-12 0)
(1.00041 1.19246e-12 0)
(1.00041 1.25686e-12 0)
(1.00041 1.28834e-12 0)
(1.00041 1.26031e-12 0)
(1.00041 1.1553e-12 0)
(1.00041 9.83255e-13 0)
(1.00041 7.79575e-13 0)
(1.00041 5.76046e-13 0)
(1.00041 4.12757e-13 0)
(1.00041 3.119e-13 0)
(1.00041 2.51188e-13 0)
(1.00041 2.3377e-13 0)
(1.00041 2.34499e-13 0)
(1.00041 2.16367e-13 0)
(1.00041 2.02027e-13 0)
(1.00041 1.45292e-13 0)
(1.00041 7.50734e-14 0)
(1.00041 -1.88974e-14 0)
(1.00041 -1.20415e-13 0)
(1.00041 -1.69669e-13 0)
(1.00041 -1.91225e-13 0)
(1.00041 -1.8226e-13 0)
(1.00041 -1.38036e-13 0)
(1.00041 -7.30506e-14 0)
(1.00041 2.04063e-14 0)
(1.00041 1.22461e-13 0)
(1.00041 1.91684e-13 0)
(1.00041 2.54512e-13 0)
(1.00041 3.03418e-13 0)
(1.00041 3.21442e-13 0)
(1.00041 3.15531e-13 0)
(1.00041 2.93373e-13 0)
(1.00041 2.6596e-13 0)
(1.00041 2.37797e-13 0)
(1.00041 2.1134e-13 0)
(1.00041 1.83168e-13 0)
(1.00041 1.82881e-13 0)
(1.00041 1.83521e-13 0)
(1.00041 1.74491e-13 0)
(1.00041 2.09387e-13 0)
(1.00041 2.19045e-13 0)
(1.00041 2.19592e-13 0)
(1.00041 2.42773e-13 0)
(1.00041 2.15774e-13 0)
(1.00041 2.13257e-13 0)
(1.00041 1.94547e-13 0)
(1.00041 1.45322e-13 0)
(1.00041 1.32711e-13 0)
(1.00041 8.27891e-14 0)
(1.00041 1.6085e-14 0)
(1.00041 9.97627e-16 0)
(1.00041 -6.20522e-14 0)
(1.00041 -1.2063e-13 0)
(1.00041 -1.95305e-13 0)
(1.00041 -2.84489e-13 0)
(1.00041 -2.90082e-13 0)
(1.00041 -3.75896e-13 0)
(1.00041 -4.50918e-13 0)
(1.00041 -4.83455e-13 0)
(1.00041 -5.26556e-13 0)
(1.00041 -5.46122e-13 0)
(1.00041 -5.87167e-13 0)
(1.00041 -5.92767e-13 0)
(1.00041 -6.47389e-13 0)
(1.00041 -6.37733e-13 0)
(1.00041 -5.97439e-13 0)
(1.00041 -5.26316e-13 0)
(1.00041 -4.97212e-13 0)
(1.00041 -3.88721e-13 0)
(1.00041 -2.66145e-13 0)
(1.00041 -1.44492e-13 0)
(1 6.07195e-07 0)
(1 1.77006e-06 0)
(1.00001 2.87582e-06 0)
(1.00001 4.03816e-06 0)
(1.00002 5.20825e-06 0)
(1.00003 6.21094e-06 0)
(1.00005 7.00706e-06 0)
(1.00006 7.7515e-06 0)
(1.00008 8.60329e-06 0)
(1.0001 9.55695e-06 0)
(1.00012 1.04534e-05 0)
(1.00014 1.1104e-05 0)
(1.00016 1.13965e-05 0)
(1.00018 1.13224e-05 0)
(1.00021 1.09459e-05 0)
(1.00023 1.03584e-05 0)
(1.00025 9.64546e-06 0)
(1.00027 8.87269e-06 0)
(1.00028 8.085e-06 0)
(1.0003 7.31117e-06 0)
(1.00031 6.56903e-06 0)
(1.00033 5.86933e-06 0)
(1.00034 5.21826e-06 0)
(1.00035 4.61889e-06 0)
(1.00036 4.07214e-06 0)
(1.00036 3.57733e-06 0)
(1.00037 3.13264e-06 0)
(1.00038 2.73542e-06 0)
(1.00038 2.38252e-06 0)
(1.00039 2.07049e-06 0)
(1.00039 1.79575e-06 0)
(1.00039 1.55474e-06 0)
(1.0004 1.34399e-06 0)
(1.0004 1.16024e-06 0)
(1.0004 1.00041e-06 0)
(1.0004 8.61706e-07 0)
(1.0004 7.41555e-07 0)
(1.0004 6.3765e-07 0)
(1.00041 5.47924e-07 0)
(1.00041 4.7054e-07 0)
(1.00041 4.03873e-07 0)
(1.00041 3.46494e-07 0)
(1.00041 2.97149e-07 0)
(1.00041 2.54744e-07 0)
(1.00041 2.18326e-07 0)
(1.00041 1.87066e-07 0)
(1.00041 1.60246e-07 0)
(1.00041 1.37245e-07 0)
(1.00041 1.17525e-07 0)
(1.00041 1.00625e-07 0)
(1.00041 8.61439e-08 0)
(1.00041 7.3739e-08 0)
(1.00041 6.31147e-08 0)
(1.00041 5.40167e-08 0)
(1.00041 4.6227e-08 0)
(1.00041 3.95583e-08 0)
(1.00041 3.38499e-08 0)
(1.00041 2.8964e-08 0)
(1.00041 2.47824e-08 0)
(1.00041 2.12038e-08 0)
(1.00041 1.81414e-08 0)
(1.00041 1.55208e-08 0)
(1.00041 1.32785e-08 0)
(1.00041 1.136e-08 0)
(1.00041 9.71863e-09 0)
(1.00041 8.31429e-09 0)
(1.00041 7.11274e-09 0)
(1.00041 6.08472e-09 0)
(1.00041 5.20521e-09 0)
(1.00041 4.45282e-09 0)
(1.00041 3.80921e-09 0)
(1.00041 3.25864e-09 0)
(1.00041 2.78763e-09 0)
(1.00041 2.38464e-09 0)
(1.00041 2.03985e-09 0)
(1.00041 1.74489e-09 0)
(1.00041 1.49262e-09 0)
(1.00041 1.27688e-09 0)
(1.00041 1.09238e-09 0)
(1.00041 9.34542e-10 0)
(1.00041 7.99457e-10 0)
(1.00041 6.83823e-10 0)
(1.00041 5.84849e-10 0)
(1.00041 5.00196e-10 0)
(1.00041 4.2784e-10 0)
(1.00041 3.66008e-10 0)
(1.00041 3.13167e-10 0)
(1.00041 2.67985e-10 0)
(1.00041 2.29301e-10 0)
(1.00041 1.96157e-10 0)
(1.00041 1.67758e-10 0)
(1.00041 1.43453e-10 0)
(1.00041 1.22675e-10 0)
(1.00041 1.04919e-10 0)
(1.00041 8.97583e-11 0)
(1.00041 7.68092e-11 0)
(1.00041 6.57443e-11 0)
(1.00041 5.62816e-11 0)
(1.00041 4.81832e-11 0)
(1.00041 4.12622e-11 0)
(1.00041 3.53393e-11 0)
(1.00041 3.02432e-11 0)
(1.00041 2.58448e-11 0)
(1.00041 2.20354e-11 0)
(1.00041 1.87627e-11 0)
(1.00041 1.5963e-11 0)
(1.00041 1.36079e-11 0)
(1.00041 1.16521e-11 0)
(1.00041 1.00302e-11 0)
(1.00041 8.68664e-12 0)
(1.00041 7.5167e-12 0)
(1.00041 6.46224e-12 0)
(1.00041 5.4835e-12 0)
(1.00041 4.57432e-12 0)
(1.00041 3.76093e-12 0)
(1.00041 3.0821e-12 0)
(1.00041 2.54712e-12 0)
(1.00041 2.16425e-12 0)
(1.00041 1.90956e-12 0)
(1.00041 1.72746e-12 0)
(1.00041 1.56818e-12 0)
(1.00041 1.38999e-12 0)
(1.00041 1.17695e-12 0)
(1.00041 9.38654e-13 0)
(1.00041 7.04335e-13 0)
(1.00041 5.17442e-13 0)
(1.00041 3.99216e-13 0)
(1.00041 3.55597e-13 0)
(1.00041 3.71833e-13 0)
(1.00041 4.27877e-13 0)
(1.00041 4.78854e-13 0)
(1.00041 4.89172e-13 0)
(1.00041 4.62452e-13 0)
(1.00041 3.87648e-13 0)
(1.00041 2.73709e-13 0)
(1.00041 1.49426e-13 0)
(1.00041 3.92909e-14 0)
(1.00041 -2.78533e-14 0)
(1.00041 -6.36554e-14 0)
(1.00041 -7.39882e-14 0)
(1.00041 -5.59159e-14 0)
(1.00041 -3.37503e-14 0)
(1.00041 -2.53057e-14 0)
(1.00041 -1.9053e-14 0)
(1.00041 -3.64088e-14 0)
(1.00041 -6.25121e-14 0)
(1.00041 -9.42328e-14 0)
(1.00041 -1.27761e-13 0)
(1.00041 -1.30846e-13 0)
(1.00041 -1.21054e-13 0)
(1.00041 -9.69047e-14 0)
(1.00041 -5.11231e-14 0)
(1.00041 9.62126e-15 0)
(1.00041 7.92625e-14 0)
(1.00041 1.49508e-13 0)
(1.00041 1.95499e-13 0)
(1.00041 2.40933e-13 0)
(1.00041 2.83077e-13 0)
(1.00041 2.9586e-13 0)
(1.00041 2.92432e-13 0)
(1.00041 2.8562e-13 0)
(1.00041 2.54617e-13 0)
(1.00041 2.34934e-13 0)
(1.00041 2.06415e-13 0)
(1.00041 1.67382e-13 0)
(1.00041 1.4664e-13 0)
(1.00041 1.23016e-13 0)
(1.00041 9.161e-14 0)
(1.00041 8.52068e-14 0)
(1.00041 7.03328e-14 0)
(1.00041 4.32972e-14 0)
(1.00041 3.66097e-14 0)
(1.00041 2.30582e-14 0)
(1.00041 1.51398e-14 0)
(1.00041 1.48827e-14 0)
(1.00041 -2.77901e-16 0)
(1.00041 5.5402e-15 0)
(1.00041 -8.02588e-15 0)
(1.00041 -1.30279e-14 0)
(1.00041 -1.88267e-14 0)
(1.00041 -2.82631e-14 0)
(1.00041 -5.89372e-14 0)
(1.00041 -7.66494e-14 0)
(1.00041 -1.26963e-13 0)
(1.00041 -1.75621e-13 0)
(1.00041 -1.43991e-13 0)
(1.00041 -2.28966e-13 0)
(1.00041 -2.70824e-13 0)
(1.00041 -2.65035e-13 0)
(1.00041 -2.9251e-13 0)
(1.00041 -3.23464e-13 0)
(1.00041 -3.37375e-13 0)
(1.00041 -3.39072e-13 0)
(1.00041 -3.81827e-13 0)
(1.00041 -3.64085e-13 0)
(1.00041 -2.90885e-13 0)
(1.00041 -2.62072e-13 0)
(1.00041 -2.74248e-13 0)
(1.00041 -2.47713e-13 0)
(1.00041 -1.01705e-13 0)
)
;

boundaryField
{
    inlet
    {
        type            fixedValue;
        value           uniform (1 0 0);
    }
    outlet
    {
        type            zeroGradient;
    }
    top
    {
        type            slip;
    }
    bottom
    {
        type            noSlip;
    }
    frontAndBack
    {
        type            empty;
    }
}


// ************************************************************************* //
