/*--------------------------------*- C++ -*----------------------------------*\
  =========                 |
  \\      /  F ield         | OpenFOAM: The Open Source CFD Toolbox
   \\    /   O peration     | Website:  https://openfoam.org
    \\  /    A nd           | Version:  dev
     \\/     M anipulation  |
\*---------------------------------------------------------------------------*/
FoamFile
{
    format      ascii;
    class       volScalarField;
    location    "0.2";
    object      p;
}
// * * * * * * * * * * * * * * * * * * * * * * * * * * * * * * * * * * * * * //

dimensions      [0 2 -2 0 0 0 0];

internalField   nonuniform List<scalar> 
4000
(
0.00689381
0.00656527
0.00625478
0.00608865
0.00601717
0.00595336
0.00588424
0.00582232
0.00576897
0.00572071
0.00567577
0.00563353
0.0055935
0.00555523
0.00551839
0.00548273
0.00544803
0.00541414
0.00538092
0.00534827
0.00531609
0.0052843
0.00525286
0.0052217
0.00519078
0.00516006
0.00512952
0.00509913
0.00506886
0.00503871
0.00500864
0.00497865
0.00494873
0.00491886
0.00488904
0.00485927
0.00482953
0.00479982
0.00477013
0.00474047
0.00471083
0.0046812
0.00465159
0.00462198
0.00459239
0.00456281
0.00453323
0.00450367
0.0044741
0.00444454
0.00441499
0.00438544
0.00435589
0.00432634
0.0042968
0.00426726
0.00423772
0.00420818
0.00417864
0.0041491
0.00411957
0.00409003
0.0040605
0.00403096
0.00400143
0.0039719
0.00394237
0.00391283
0.0038833
0.00385377
0.00382424
0.00379471
0.00376518
0.00373565
0.00370611
0.00367658
0.00364705
0.00361752
0.00358799
0.00355846
0.00352893
0.0034994
0.00346987
0.00344034
0.00341081
0.00338128
0.00335175
0.00332222
0.00329269
0.00326316
0.00323363
0.0032041
0.00317457
0.00314504
0.00311551
0.00308598
0.00305645
0.00302692
0.00299739
0.00296786
0.00293833
0.0029088
0.00287927
0.00284974
0.00282021
0.00279068
0.00276115
0.00273162
0.00270209
0.00267256
0.00264303
0.0026135
0.00258396
0.00255443
0.0025249
0.00249537
0.00246584
0.00243631
0.00240678
0.00237725
0.00234772
0.00231818
0.00228865
0.00225912
0.00222959
0.00220006
0.00217053
0.002141
0.00211146
0.00208193
0.0020524
0.00202287
0.00199334
0.00196381
0.00193428
0.00190475
0.00187521
0.00184568
0.00181615
0.00178662
0.00175709
0.00172756
0.00169803
0.0016685
0.00163897
0.00160943
0.0015799
0.00155037
0.00152084
0.00149131
0.00146178
0.00143225
0.00140272
0.00137319
0.00134366
0.00131412
0.00128459
0.00125506
0.00122553
0.001196
0.00116647
0.00113694
0.00110741
0.00107788
0.00104835
0.00101882
0.000989285
0.000959753
0.000930222
0.000900691
0.000871159
0.000841628
0.000812096
0.000782565
0.000753034
0.000723502
0.000693971
0.00066444
0.000634908
0.000605377
0.000575846
0.000546314
0.000516783
0.000487252
0.00045772
0.000428189
0.000398658
0.000369127
0.000339596
0.000310065
0.000280535
0.000251004
0.000221474
0.000191944
0.000162414
0.000132884
0.000103354
7.38242e-05
4.42945e-05
1.47648e-05
0.00640263
0.00631104
0.00617932
0.00606283
0.00598695
0.00592778
0.00586945
0.00581381
0.00576315
0.00571647
0.00567265
0.00563117
0.00559164
0.00555375
0.00551719
0.00548174
0.00544721
0.00541346
0.00538035
0.00534779
0.00531569
0.00528397
0.00525257
0.00522145
0.00519057
0.00515989
0.00512937
0.005099
0.00506876
0.00503861
0.00500856
0.00497858
0.00494867
0.00491881
0.004889
0.00485923
0.0048295
0.00479979
0.00477011
0.00474045
0.00471081
0.00468119
0.00465157
0.00462197
0.00459238
0.0045628
0.00453323
0.00450366
0.0044741
0.00444454
0.00441499
0.00438543
0.00435589
0.00432634
0.0042968
0.00426726
0.00423772
0.00420818
0.00417864
0.0041491
0.00411957
0.00409003
0.0040605
0.00403096
0.00400143
0.0039719
0.00394236
0.00391283
0.0038833
0.00385377
0.00382424
0.00379471
0.00376518
0.00373565
0.00370611
0.00367658
0.00364705
0.00361752
0.00358799
0.00355846
0.00352893
0.0034994
0.00346987
0.00344034
0.00341081
0.00338128
0.00335175
0.00332222
0.00329269
0.00326316
0.00323363
0.0032041
0.00317457
0.00314504
0.00311551
0.00308598
0.00305645
0.00302692
0.00299739
0.00296786
0.00293833
0.0029088
0.00287927
0.00284974
0.00282021
0.00279068
0.00276115
0.00273162
0.00270209
0.00267256
0.00264303
0.0026135
0.00258396
0.00255443
0.0025249
0.00249537
0.00246584
0.00243631
0.00240678
0.00237725
0.00234772
0.00231818
0.00228865
0.00225912
0.00222959
0.00220006
0.00217053
0.002141
0.00211146
0.00208193
0.0020524
0.00202287
0.00199334
0.00196381
0.00193428
0.00190475
0.00187521
0.00184568
0.00181615
0.00178662
0.00175709
0.00172756
0.00169803
0.0016685
0.00163897
0.00160943
0.0015799
0.00155037
0.00152084
0.00149131
0.00146178
0.00143225
0.00140272
0.00137319
0.00134366
0.00131412
0.00128459
0.00125506
0.00122553
0.001196
0.00116647
0.00113694
0.00110741
0.00107788
0.00104835
0.00101882
0.000989285
0.000959753
0.000930222
0.000900691
0.000871159
0.000841628
0.000812096
0.000782565
0.000753034
0.000723502
0.000693971
0.00066444
0.000634908
0.000605377
0.000575846
0.000546314
0.000516783
0.000487252
0.00045772
0.000428189
0.000398658
0.000369127
0.000339596
0.000310065
0.000280535
0.000251004
0.000221474
0.000191944
0.000162414
0.000132884
0.000103354
7.38242e-05
4.42945e-05
1.47648e-05
0.00629624
0.00624283
0.00615056
0.0060513
0.00597448
0.0059142
0.00585818
0.00580487
0.00575568
0.00571022
0.00566752
0.00562698
0.00558822
0.00555093
0.00551487
0.00547982
0.00544561
0.00541213
0.00537924
0.00534685
0.00531489
0.0052833
0.00525201
0.00522097
0.00519016
0.00515954
0.00512908
0.00509875
0.00506854
0.00503843
0.0050084
0.00497845
0.00494856
0.00491872
0.00488892
0.00485916
0.00482944
0.00479974
0.00477007
0.00474041
0.00471078
0.00468116
0.00465155
0.00462195
0.00459237
0.00456279
0.00453322
0.00450365
0.00447409
0.00444453
0.00441498
0.00438543
0.00435588
0.00432634
0.00429679
0.00426725
0.00423771
0.00420817
0.00417864
0.0041491
0.00411956
0.00409003
0.0040605
0.00403096
0.00400143
0.0039719
0.00394236
0.00391283
0.0038833
0.00385377
0.00382424
0.00379471
0.00376518
0.00373564
0.00370611
0.00367658
0.00364705
0.00361752
0.00358799
0.00355846
0.00352893
0.0034994
0.00346987
0.00344034
0.00341081
0.00338128
0.00335175
0.00332222
0.00329269
0.00326316
0.00323363
0.0032041
0.00317457
0.00314504
0.00311551
0.00308598
0.00305645
0.00302692
0.00299739
0.00296786
0.00293833
0.0029088
0.00287927
0.00284974
0.00282021
0.00279068
0.00276115
0.00273162
0.00270209
0.00267256
0.00264303
0.0026135
0.00258396
0.00255443
0.0025249
0.00249537
0.00246584
0.00243631
0.00240678
0.00237725
0.00234772
0.00231818
0.00228865
0.00225912
0.00222959
0.00220006
0.00217053
0.002141
0.00211146
0.00208193
0.0020524
0.00202287
0.00199334
0.00196381
0.00193428
0.00190475
0.00187521
0.00184568
0.00181615
0.00178662
0.00175709
0.00172756
0.00169803
0.0016685
0.00163897
0.00160943
0.0015799
0.00155037
0.00152084
0.00149131
0.00146178
0.00143225
0.00140272
0.00137319
0.00134366
0.00131412
0.00128459
0.00125506
0.00122553
0.001196
0.00116647
0.00113694
0.00110741
0.00107788
0.00104835
0.00101882
0.000989285
0.000959753
0.000930222
0.000900691
0.000871159
0.000841628
0.000812096
0.000782565
0.000753034
0.000723502
0.000693971
0.00066444
0.000634908
0.000605377
0.000575846
0.000546314
0.000516783
0.000487251
0.00045772
0.000428189
0.000398658
0.000369127
0.000339596
0.000310065
0.000280535
0.000251004
0.000221474
0.000191944
0.000162414
0.000132884
0.000103354
7.38242e-05
4.42945e-05
1.47648e-05
0.00614403
0.00611228
0.00605769
0.00599321
0.00593427
0.00588297
0.00583466
0.00578776
0.00574293
0.00570038
0.00565977
0.00562079
0.00558321
0.00554684
0.0055115
0.00547702
0.00544329
0.00541018
0.0053776
0.00534548
0.00531373
0.00528232
0.00525118
0.00522027
0.00518957
0.00515903
0.00512865
0.00509839
0.00506823
0.00503816
0.00500818
0.00497826
0.00494839
0.00491857
0.0048888
0.00485906
0.00482935
0.00479966
0.00477
0.00474036
0.00471073
0.00468112
0.00465152
0.00462192
0.00459234
0.00456277
0.0045332
0.00450363
0.00447407
0.00444452
0.00441497
0.00438542
0.00435587
0.00432633
0.00429679
0.00426725
0.00423771
0.00420817
0.00417863
0.0041491
0.00411956
0.00409003
0.00406049
0.00403096
0.00400143
0.0039719
0.00394236
0.00391283
0.0038833
0.00385377
0.00382424
0.00379471
0.00376518
0.00373564
0.00370611
0.00367658
0.00364705
0.00361752
0.00358799
0.00355846
0.00352893
0.0034994
0.00346987
0.00344034
0.00341081
0.00338128
0.00335175
0.00332222
0.00329269
0.00326316
0.00323363
0.0032041
0.00317457
0.00314504
0.00311551
0.00308598
0.00305645
0.00302692
0.00299739
0.00296786
0.00293833
0.0029088
0.00287927
0.00284974
0.00282021
0.00279068
0.00276115
0.00273162
0.00270209
0.00267256
0.00264303
0.0026135
0.00258396
0.00255443
0.0025249
0.00249537
0.00246584
0.00243631
0.00240678
0.00237725
0.00234772
0.00231818
0.00228865
0.00225912
0.00222959
0.00220006
0.00217053
0.002141
0.00211146
0.00208193
0.0020524
0.00202287
0.00199334
0.00196381
0.00193428
0.00190475
0.00187521
0.00184568
0.00181615
0.00178662
0.00175709
0.00172756
0.00169803
0.0016685
0.00163897
0.00160943
0.0015799
0.00155037
0.00152084
0.00149131
0.00146178
0.00143225
0.00140272
0.00137319
0.00134366
0.00131412
0.00128459
0.00125506
0.00122553
0.001196
0.00116647
0.00113694
0.00110741
0.00107788
0.00104835
0.00101882
0.000989285
0.000959753
0.000930222
0.00090069
0.000871159
0.000841628
0.000812096
0.000782565
0.000753034
0.000723502
0.000693971
0.00066444
0.000634908
0.000605377
0.000575846
0.000546314
0.000516783
0.000487251
0.00045772
0.000428189
0.000398658
0.000369127
0.000339596
0.000310065
0.000280535
0.000251004
0.000221474
0.000191944
0.000162414
0.000132884
0.000103354
7.38242e-05
4.42945e-05
1.47648e-05
0.00605537
0.0060367
0.00600124
0.00595381
0.0059044
0.00585795
0.00581375
0.00577082
0.00572926
0.00568924
0.00565065
0.0056133
0.00557704
0.00554174
0.00550726
0.00547349
0.00544033
0.0054077
0.00537551
0.00534372
0.00531224
0.00528106
0.00525011
0.00521936
0.0051888
0.00515838
0.00512809
0.00509791
0.00506782
0.00503782
0.00500788
0.004978
0.00494818
0.00491839
0.00488864
0.00485892
0.00482923
0.00479957
0.00476992
0.00474029
0.00471067
0.00468107
0.00465147
0.00462189
0.00459231
0.00456274
0.00453317
0.00450361
0.00447406
0.0044445
0.00441496
0.00438541
0.00435586
0.00432632
0.00429678
0.00426724
0.0042377
0.00420817
0.00417863
0.00414909
0.00411956
0.00409003
0.00406049
0.00403096
0.00400143
0.00397189
0.00394236
0.00391283
0.0038833
0.00385377
0.00382424
0.00379471
0.00376517
0.00373564
0.00370611
0.00367658
0.00364705
0.00361752
0.00358799
0.00355846
0.00352893
0.0034994
0.00346987
0.00344034
0.00341081
0.00338128
0.00335175
0.00332222
0.00329269
0.00326316
0.00323363
0.0032041
0.00317457
0.00314504
0.00311551
0.00308598
0.00305645
0.00302692
0.00299739
0.00296786
0.00293833
0.0029088
0.00287927
0.00284974
0.00282021
0.00279068
0.00276115
0.00273162
0.00270209
0.00267256
0.00264303
0.0026135
0.00258396
0.00255443
0.0025249
0.00249537
0.00246584
0.00243631
0.00240678
0.00237725
0.00234772
0.00231818
0.00228865
0.00225912
0.00222959
0.00220006
0.00217053
0.002141
0.00211146
0.00208193
0.0020524
0.00202287
0.00199334
0.00196381
0.00193428
0.00190475
0.00187521
0.00184568
0.00181615
0.00178662
0.00175709
0.00172756
0.00169803
0.0016685
0.00163897
0.00160943
0.0015799
0.00155037
0.00152084
0.00149131
0.00146178
0.00143225
0.00140272
0.00137319
0.00134366
0.00131413
0.00128459
0.00125506
0.00122553
0.001196
0.00116647
0.00113694
0.00110741
0.00107788
0.00104835
0.00101882
0.000989285
0.000959753
0.000930222
0.00090069
0.000871159
0.000841628
0.000812096
0.000782565
0.000753034
0.000723502
0.000693971
0.00066444
0.000634908
0.000605377
0.000575846
0.000546314
0.000516783
0.000487251
0.00045772
0.000428189
0.000398658
0.000369127
0.000339596
0.000310065
0.000280535
0.000251004
0.000221474
0.000191944
0.000162414
0.000132884
0.000103354
7.38242e-05
4.42945e-05
1.47648e-05
0.00598118
0.00596788
0.00594223
0.00590705
0.00586792
0.00582865
0.00578992
0.00575153
0.00571365
0.00567652
0.00564021
0.00560469
0.00556991
0.0055358
0.0055023
0.00546934
0.00543685
0.00540476
0.00537304
0.00534162
0.00531047
0.00527955
0.00524883
0.00521828
0.00518787
0.00515759
0.00512742
0.00509734
0.00506734
0.0050374
0.00500753
0.0049777
0.00494792
0.00491817
0.00488845
0.00485876
0.0048291
0.00479945
0.00476982
0.0047402
0.0047106
0.004681
0.00465142
0.00462184
0.00459227
0.0045627
0.00453314
0.00450359
0.00447404
0.00444449
0.00441494
0.0043854
0.00435585
0.00432631
0.00429677
0.00426723
0.0042377
0.00420816
0.00417863
0.00414909
0.00411956
0.00409002
0.00406049
0.00403096
0.00400142
0.00397189
0.00394236
0.00391283
0.0038833
0.00385377
0.00382424
0.0037947
0.00376517
0.00373564
0.00370611
0.00367658
0.00364705
0.00361752
0.00358799
0.00355846
0.00352893
0.0034994
0.00346987
0.00344034
0.00341081
0.00338128
0.00335175
0.00332222
0.00329269
0.00326316
0.00323363
0.0032041
0.00317457
0.00314504
0.00311551
0.00308598
0.00305645
0.00302692
0.00299739
0.00296786
0.00293833
0.0029088
0.00287927
0.00284974
0.00282021
0.00279068
0.00276115
0.00273162
0.00270209
0.00267256
0.00264303
0.0026135
0.00258396
0.00255443
0.0025249
0.00249537
0.00246584
0.00243631
0.00240678
0.00237725
0.00234772
0.00231818
0.00228865
0.00225912
0.00222959
0.00220006
0.00217053
0.002141
0.00211146
0.00208193
0.0020524
0.00202287
0.00199334
0.00196381
0.00193428
0.00190475
0.00187521
0.00184568
0.00181615
0.00178662
0.00175709
0.00172756
0.00169803
0.0016685
0.00163897
0.00160943
0.0015799
0.00155037
0.00152084
0.00149131
0.00146178
0.00143225
0.00140272
0.00137319
0.00134366
0.00131413
0.00128459
0.00125506
0.00122553
0.001196
0.00116647
0.00113694
0.00110741
0.00107788
0.00104835
0.00101882
0.000989284
0.000959753
0.000930222
0.00090069
0.000871159
0.000841628
0.000812096
0.000782565
0.000753034
0.000723502
0.000693971
0.00066444
0.000634908
0.000605377
0.000575845
0.000546314
0.000516783
0.000487251
0.00045772
0.000428189
0.000398658
0.000369127
0.000339596
0.000310065
0.000280535
0.000251004
0.000221474
0.000191944
0.000162414
0.000132884
0.000103354
7.38242e-05
4.42945e-05
1.47648e-05
0.00592117
0.00591139
0.00589248
0.00586574
0.00583423
0.00580079
0.00576664
0.00573214
0.00569755
0.00566314
0.00562906
0.00559538
0.00556212
0.00552927
0.00549682
0.00546472
0.00543295
0.00540147
0.00537025
0.00533926
0.00530847
0.00527785
0.00524738
0.00521705
0.00518683
0.0051567
0.00512666
0.00509669
0.00506678
0.00503693
0.00500712
0.00497736
0.00494762
0.00491792
0.00488824
0.00485858
0.00482894
0.00479931
0.0047697
0.0047401
0.00471051
0.00468093
0.00465136
0.00462179
0.00459222
0.00456267
0.00453311
0.00450356
0.00447401
0.00444447
0.00441492
0.00438538
0.00435584
0.0043263
0.00429676
0.00426723
0.00423769
0.00420815
0.00417862
0.00414909
0.00411955
0.00409002
0.00406049
0.00403095
0.00400142
0.00397189
0.00394236
0.00391283
0.0038833
0.00385377
0.00382423
0.0037947
0.00376517
0.00373564
0.00370611
0.00367658
0.00364705
0.00361752
0.00358799
0.00355846
0.00352893
0.0034994
0.00346987
0.00344034
0.00341081
0.00338128
0.00335175
0.00332222
0.00329269
0.00326316
0.00323363
0.0032041
0.00317457
0.00314504
0.00311551
0.00308598
0.00305645
0.00302692
0.00299739
0.00296786
0.00293833
0.0029088
0.00287927
0.00284974
0.00282021
0.00279068
0.00276115
0.00273162
0.00270209
0.00267256
0.00264303
0.0026135
0.00258396
0.00255443
0.0025249
0.00249537
0.00246584
0.00243631
0.00240678
0.00237725
0.00234772
0.00231818
0.00228865
0.00225912
0.00222959
0.00220006
0.00217053
0.002141
0.00211146
0.00208193
0.0020524
0.00202287
0.00199334
0.00196381
0.00193428
0.00190475
0.00187521
0.00184568
0.00181615
0.00178662
0.00175709
0.00172756
0.00169803
0.0016685
0.00163897
0.00160943
0.0015799
0.00155037
0.00152084
0.00149131
0.00146178
0.00143225
0.00140272
0.00137319
0.00134366
0.00131413
0.00128459
0.00125506
0.00122553
0.001196
0.00116647
0.00113694
0.00110741
0.00107788
0.00104835
0.00101882
0.000989284
0.000959753
0.000930222
0.00090069
0.000871159
0.000841628
0.000812096
0.000782565
0.000753034
0.000723502
0.000693971
0.00066444
0.000634908
0.000605377
0.000575845
0.000546314
0.000516783
0.000487251
0.00045772
0.000428189
0.000398658
0.000369127
0.000339596
0.000310065
0.000280535
0.000251004
0.000221474
0.000191944
0.000162414
0.000132884
0.000103354
7.38242e-05
4.42945e-05
1.47648e-05
0.00587164
0.00586408
0.00584939
0.00582826
0.00580243
0.00577388
0.00574384
0.00571286
0.00568131
0.00564947
0.00561755
0.00558568
0.00555394
0.00552237
0.00549098
0.00545978
0.00542876
0.00539792
0.00536724
0.0053367
0.00530629
0.005276
0.00524581
0.0052157
0.00518568
0.00515572
0.00512582
0.00509598
0.00506618
0.00503641
0.00500668
0.00497698
0.0049473
0.00491764
0.004888
0.00485838
0.00482877
0.00479917
0.00476958
0.00473999
0.00471042
0.00468085
0.00465129
0.00462173
0.00459217
0.00456262
0.00453307
0.00450353
0.00447398
0.00444444
0.0044149
0.00438536
0.00435583
0.00432629
0.00429675
0.00426722
0.00423768
0.00420815
0.00417861
0.00414908
0.00411955
0.00409002
0.00406048
0.00403095
0.00400142
0.00397189
0.00394236
0.00391283
0.0038833
0.00385376
0.00382423
0.0037947
0.00376517
0.00373564
0.00370611
0.00367658
0.00364705
0.00361752
0.00358799
0.00355846
0.00352893
0.0034994
0.00346987
0.00344034
0.00341081
0.00338128
0.00335175
0.00332222
0.00329269
0.00326316
0.00323363
0.0032041
0.00317457
0.00314504
0.00311551
0.00308598
0.00305645
0.00302692
0.00299739
0.00296786
0.00293833
0.0029088
0.00287927
0.00284974
0.00282021
0.00279068
0.00276115
0.00273162
0.00270209
0.00267256
0.00264303
0.0026135
0.00258396
0.00255443
0.0025249
0.00249537
0.00246584
0.00243631
0.00240678
0.00237725
0.00234772
0.00231818
0.00228865
0.00225912
0.00222959
0.00220006
0.00217053
0.002141
0.00211146
0.00208193
0.0020524
0.00202287
0.00199334
0.00196381
0.00193428
0.00190474
0.00187521
0.00184568
0.00181615
0.00178662
0.00175709
0.00172756
0.00169803
0.0016685
0.00163896
0.00160943
0.0015799
0.00155037
0.00152084
0.00149131
0.00146178
0.00143225
0.00140272
0.00137319
0.00134366
0.00131413
0.00128459
0.00125506
0.00122553
0.001196
0.00116647
0.00113694
0.00110741
0.00107788
0.00104835
0.00101882
0.000989284
0.000959753
0.000930222
0.00090069
0.000871159
0.000841628
0.000812096
0.000782565
0.000753034
0.000723502
0.000693971
0.00066444
0.000634908
0.000605377
0.000575845
0.000546314
0.000516783
0.000487251
0.00045772
0.000428189
0.000398658
0.000369127
0.000339596
0.000310065
0.000280535
0.000251004
0.000221474
0.000191944
0.000162414
0.000132884
0.000103354
7.38242e-05
4.42945e-05
1.47648e-05
0.00583004
0.00582396
0.00581208
0.00579483
0.00577326
0.0057487
0.00572216
0.00569427
0.00566542
0.00563593
0.00560603
0.00557589
0.00554562
0.00551529
0.00548496
0.00545466
0.00542441
0.00539421
0.00536408
0.00533401
0.005304
0.00527404
0.00524414
0.00521428
0.00518446
0.00515468
0.00512494
0.00509522
0.00506553
0.00503586
0.00500621
0.00497657
0.00494695
0.00491735
0.00488775
0.00485816
0.00482858
0.00479901
0.00476944
0.00473988
0.00471032
0.00468077
0.00465122
0.00462167
0.00459212
0.00456258
0.00453304
0.0045035
0.00447396
0.00444442
0.00441488
0.00438535
0.00435581
0.00432628
0.00429674
0.00426721
0.00423767
0.00420814
0.00417861
0.00414908
0.00411954
0.00409001
0.00406048
0.00403095
0.00400142
0.00397189
0.00394236
0.00391282
0.00388329
0.00385376
0.00382423
0.0037947
0.00376517
0.00373564
0.00370611
0.00367658
0.00364705
0.00361752
0.00358799
0.00355846
0.00352893
0.0034994
0.00346987
0.00344034
0.00341081
0.00338128
0.00335175
0.00332222
0.00329269
0.00326316
0.00323363
0.0032041
0.00317457
0.00314504
0.00311551
0.00308598
0.00305645
0.00302692
0.00299739
0.00296786
0.00293833
0.0029088
0.00287927
0.00284974
0.00282021
0.00279068
0.00276115
0.00273162
0.00270209
0.00267256
0.00264303
0.0026135
0.00258396
0.00255443
0.0025249
0.00249537
0.00246584
0.00243631
0.00240678
0.00237725
0.00234772
0.00231818
0.00228865
0.00225912
0.00222959
0.00220006
0.00217053
0.002141
0.00211146
0.00208193
0.0020524
0.00202287
0.00199334
0.00196381
0.00193428
0.00190474
0.00187521
0.00184568
0.00181615
0.00178662
0.00175709
0.00172756
0.00169803
0.0016685
0.00163896
0.00160943
0.0015799
0.00155037
0.00152084
0.00149131
0.00146178
0.00143225
0.00140272
0.00137319
0.00134366
0.00131413
0.00128459
0.00125506
0.00122553
0.001196
0.00116647
0.00113694
0.00110741
0.00107788
0.00104835
0.00101882
0.000989284
0.000959753
0.000930221
0.00090069
0.000871159
0.000841628
0.000812096
0.000782565
0.000753034
0.000723502
0.000693971
0.00066444
0.000634908
0.000605377
0.000575845
0.000546314
0.000516783
0.000487251
0.00045772
0.000428189
0.000398658
0.000369127
0.000339596
0.000310065
0.000280535
0.000251004
0.000221474
0.000191944
0.000162414
0.000132884
0.000103354
7.38242e-05
4.42945e-05
1.47648e-05
0.00579478
0.00578972
0.00577981
0.00576532
0.00574693
0.00572554
0.00570193
0.0056767
0.00565023
0.00562285
0.00559479
0.00556625
0.00553737
0.00550823
0.00547893
0.0054495
0.00542
0.00539045
0.00536087
0.00533126
0.00530165
0.00527204
0.00524242
0.00521282
0.00518321
0.00515361
0.00512402
0.00509444
0.00506486
0.00503529
0.00500572
0.00497616
0.0049466
0.00491704
0.00488749
0.00485794
0.00482839
0.00479884
0.0047693
0.00473976
0.00471022
0.00468068
0.00465114
0.0046216
0.00459207
0.00456253
0.004533
0.00450346
0.00447393
0.00444439
0.00441486
0.00438533
0.00435579
0.00432626
0.00429673
0.0042672
0.00423767
0.00420813
0.0041786
0.00414907
0.00411954
0.00409001
0.00406048
0.00403095
0.00400141
0.00397188
0.00394235
0.00391282
0.00388329
0.00385376
0.00382423
0.0037947
0.00376517
0.00373564
0.00370611
0.00367658
0.00364705
0.00361752
0.00358799
0.00355846
0.00352893
0.0034994
0.00346987
0.00344034
0.00341081
0.00338128
0.00335175
0.00332222
0.00329269
0.00326316
0.00323363
0.0032041
0.00317457
0.00314504
0.00311551
0.00308598
0.00305645
0.00302692
0.00299739
0.00296786
0.00293833
0.0029088
0.00287927
0.00284974
0.00282021
0.00279068
0.00276115
0.00273162
0.00270209
0.00267256
0.00264303
0.00261349
0.00258396
0.00255443
0.0025249
0.00249537
0.00246584
0.00243631
0.00240678
0.00237725
0.00234772
0.00231818
0.00228865
0.00225912
0.00222959
0.00220006
0.00217053
0.002141
0.00211146
0.00208193
0.0020524
0.00202287
0.00199334
0.00196381
0.00193428
0.00190474
0.00187521
0.00184568
0.00181615
0.00178662
0.00175709
0.00172756
0.00169803
0.0016685
0.00163896
0.00160943
0.0015799
0.00155037
0.00152084
0.00149131
0.00146178
0.00143225
0.00140272
0.00137319
0.00134366
0.00131413
0.00128459
0.00125506
0.00122553
0.001196
0.00116647
0.00113694
0.00110741
0.00107788
0.00104835
0.00101882
0.000989284
0.000959753
0.000930221
0.00090069
0.000871159
0.000841627
0.000812096
0.000782565
0.000753034
0.000723502
0.000693971
0.00066444
0.000634908
0.000605377
0.000575845
0.000546314
0.000516783
0.000487251
0.00045772
0.000428189
0.000398658
0.000369127
0.000339596
0.000310065
0.000280535
0.000251004
0.000221474
0.000191944
0.000162414
0.000132884
0.000103354
7.38242e-05
4.42945e-05
1.47648e-05
0.00576474
0.00576042
0.00575193
0.00573945
0.00572346
0.00570457
0.00568338
0.0056604
0.00563599
0.00561046
0.00558406
0.00555699
0.00552938
0.00550136
0.00547302
0.00544443
0.00541565
0.00538672
0.00535767
0.00532853
0.00529931
0.00527003
0.00524071
0.00521135
0.00518195
0.00515254
0.0051231
0.00509365
0.00506419
0.00503471
0.00500523
0.00497573
0.00494623
0.00491673
0.00488722
0.00485771
0.0048282
0.00479868
0.00476916
0.00473964
0.00471011
0.00468059
0.00465106
0.00462154
0.00459201
0.00456248
0.00453295
0.00450343
0.0044739
0.00444437
0.00441484
0.00438531
0.00435578
0.00432625
0.00429672
0.00426719
0.00423766
0.00420813
0.0041786
0.00414906
0.00411953
0.00409
0.00406047
0.00403094
0.00400141
0.00397188
0.00394235
0.00391282
0.00388329
0.00385376
0.00382423
0.0037947
0.00376517
0.00373564
0.00370611
0.00367658
0.00364705
0.00361752
0.00358799
0.00355846
0.00352893
0.0034994
0.00346987
0.00344034
0.00341081
0.00338128
0.00335175
0.00332222
0.00329269
0.00326316
0.00323363
0.0032041
0.00317457
0.00314504
0.00311551
0.00308598
0.00305645
0.00302692
0.00299739
0.00296786
0.00293833
0.0029088
0.00287927
0.00284974
0.00282021
0.00279068
0.00276115
0.00273162
0.00270209
0.00267256
0.00264303
0.00261349
0.00258396
0.00255443
0.0025249
0.00249537
0.00246584
0.00243631
0.00240678
0.00237725
0.00234772
0.00231818
0.00228865
0.00225912
0.00222959
0.00220006
0.00217053
0.002141
0.00211146
0.00208193
0.0020524
0.00202287
0.00199334
0.00196381
0.00193428
0.00190474
0.00187521
0.00184568
0.00181615
0.00178662
0.00175709
0.00172756
0.00169803
0.0016685
0.00163896
0.00160943
0.0015799
0.00155037
0.00152084
0.00149131
0.00146178
0.00143225
0.00140272
0.00137319
0.00134366
0.00131413
0.00128459
0.00125506
0.00122553
0.001196
0.00116647
0.00113694
0.00110741
0.00107788
0.00104835
0.00101882
0.000989284
0.000959753
0.000930221
0.00090069
0.000871159
0.000841627
0.000812096
0.000782565
0.000753034
0.000723502
0.000693971
0.00066444
0.000634908
0.000605377
0.000575845
0.000546314
0.000516783
0.000487251
0.00045772
0.000428189
0.000398658
0.000369127
0.000339596
0.000310065
0.000280535
0.000251004
0.000221474
0.000191944
0.000162414
0.000132884
0.000103354
7.38242e-05
4.42945e-05
1.47648e-05
0.00573913
0.00573535
0.00572792
0.00571695
0.00570278
0.00568585
0.00566664
0.00564553
0.00562289
0.00559897
0.00557404
0.00554826
0.00552181
0.00549482
0.00546737
0.00543956
0.00541146
0.00538312
0.00535457
0.00532587
0.00529702
0.00526807
0.00523903
0.00520991
0.00518072
0.00515148
0.0051222
0.00509288
0.00506352
0.00503414
0.00500474
0.00497532
0.00494588
0.00491643
0.00488696
0.00485749
0.004828
0.00479851
0.00476902
0.00473952
0.00471001
0.0046805
0.00465099
0.00462147
0.00459196
0.00456244
0.00453291
0.00450339
0.00447387
0.00444434
0.00441482
0.00438529
0.00435576
0.00432623
0.00429671
0.00426718
0.00423765
0.00420812
0.00417859
0.00414906
0.00411953
0.00409
0.00406047
0.00403094
0.00400141
0.00397188
0.00394235
0.00391282
0.00388329
0.00385376
0.00382423
0.0037947
0.00376517
0.00373564
0.00370611
0.00367658
0.00364705
0.00361752
0.00358799
0.00355846
0.00352893
0.0034994
0.00346987
0.00344034
0.00341081
0.00338128
0.00335175
0.00332222
0.00329269
0.00326316
0.00323363
0.0032041
0.00317457
0.00314504
0.00311551
0.00308598
0.00305645
0.00302692
0.00299739
0.00296786
0.00293833
0.0029088
0.00287927
0.00284974
0.00282021
0.00279068
0.00276115
0.00273162
0.00270209
0.00267256
0.00264303
0.00261349
0.00258396
0.00255443
0.0025249
0.00249537
0.00246584
0.00243631
0.00240678
0.00237725
0.00234772
0.00231818
0.00228865
0.00225912
0.00222959
0.00220006
0.00217053
0.002141
0.00211146
0.00208193
0.0020524
0.00202287
0.00199334
0.00196381
0.00193428
0.00190474
0.00187521
0.00184568
0.00181615
0.00178662
0.00175709
0.00172756
0.00169803
0.0016685
0.00163896
0.00160943
0.0015799
0.00155037
0.00152084
0.00149131
0.00146178
0.00143225
0.00140272
0.00137319
0.00134366
0.00131413
0.00128459
0.00125506
0.00122553
0.001196
0.00116647
0.00113694
0.00110741
0.00107788
0.00104835
0.00101882
0.000989284
0.000959753
0.000930221
0.00090069
0.000871159
0.000841627
0.000812096
0.000782565
0.000753033
0.000723502
0.000693971
0.000664439
0.000634908
0.000605377
0.000575845
0.000546314
0.000516782
0.000487251
0.00045772
0.000428189
0.000398658
0.000369127
0.000339596
0.000310065
0.000280535
0.000251004
0.000221474
0.000191944
0.000162414
0.000132884
0.000103354
7.38242e-05
4.42945e-05
1.47648e-05
0.00571738
0.00571401
0.00570737
0.00569754
0.00568477
0.00566939
0.00565177
0.00563222
0.00561106
0.00558853
0.00556486
0.00554023
0.00551481
0.00548873
0.00546209
0.005435
0.00540752
0.00537971
0.00535164
0.00532334
0.00529486
0.00526621
0.00523743
0.00520853
0.00517954
0.00515047
0.00512133
0.00509213
0.00506289
0.0050336
0.00500427
0.00497492
0.00494554
0.00491613
0.00488671
0.00485727
0.00482782
0.00479836
0.00476888
0.0047394
0.00470991
0.00468042
0.00465092
0.00462141
0.0045919
0.00456239
0.00453288
0.00450336
0.00447384
0.00444432
0.0044148
0.00438527
0.00435575
0.00432622
0.00429669
0.00426717
0.00423764
0.00420811
0.00417858
0.00414905
0.00411952
0.00409
0.00406047
0.00403094
0.00400141
0.00397188
0.00394235
0.00391282
0.00388329
0.00385376
0.00382423
0.0037947
0.00376517
0.00373564
0.00370611
0.00367658
0.00364705
0.00361752
0.00358799
0.00355846
0.00352893
0.0034994
0.00346987
0.00344034
0.00341081
0.00338128
0.00335175
0.00332222
0.00329269
0.00326316
0.00323363
0.0032041
0.00317457
0.00314504
0.00311551
0.00308598
0.00305645
0.00302692
0.00299739
0.00296786
0.00293833
0.0029088
0.00287927
0.00284974
0.00282021
0.00279068
0.00276115
0.00273162
0.00270209
0.00267256
0.00264303
0.00261349
0.00258396
0.00255443
0.0025249
0.00249537
0.00246584
0.00243631
0.00240678
0.00237725
0.00234771
0.00231818
0.00228865
0.00225912
0.00222959
0.00220006
0.00217053
0.002141
0.00211146
0.00208193
0.0020524
0.00202287
0.00199334
0.00196381
0.00193428
0.00190474
0.00187521
0.00184568
0.00181615
0.00178662
0.00175709
0.00172756
0.00169803
0.00166849
0.00163896
0.00160943
0.0015799
0.00155037
0.00152084
0.00149131
0.00146178
0.00143225
0.00140272
0.00137319
0.00134366
0.00131413
0.00128459
0.00125506
0.00122553
0.001196
0.00116647
0.00113694
0.00110741
0.00107788
0.00104835
0.00101882
0.000989284
0.000959752
0.000930221
0.00090069
0.000871159
0.000841627
0.000812096
0.000782565
0.000753033
0.000723502
0.000693971
0.000664439
0.000634908
0.000605377
0.000575845
0.000546314
0.000516782
0.000487251
0.00045772
0.000428189
0.000398658
0.000369127
0.000339596
0.000310065
0.000280535
0.000251004
0.000221474
0.000191944
0.000162414
0.000132884
0.000103354
7.38242e-05
4.42945e-05
1.47648e-05
0.00569905
0.005696
0.00568996
0.005681
0.00566931
0.00565515
0.0056388
0.00562053
0.00560059
0.00557923
0.00555664
0.005533
0.00550848
0.0054832
0.00545728
0.00543082
0.0054039
0.00537658
0.00534894
0.00532101
0.00529285
0.00526448
0.00523594
0.00520726
0.00517845
0.00514953
0.00512053
0.00509144
0.00506229
0.00503309
0.00500384
0.00497454
0.00494522
0.00491586
0.00488648
0.00485707
0.00482765
0.00479821
0.00476876
0.00473929
0.00470982
0.00468034
0.00465085
0.00462135
0.00459185
0.00456235
0.00453284
0.00450333
0.00447381
0.00444429
0.00441478
0.00438525
0.00435573
0.00432621
0.00429668
0.00426716
0.00423763
0.0042081
0.00417858
0.00414905
0.00411952
0.00408999
0.00406046
0.00403093
0.0040014
0.00397188
0.00394235
0.00391282
0.00388329
0.00385376
0.00382423
0.0037947
0.00376517
0.00373564
0.00370611
0.00367658
0.00364705
0.00361752
0.00358799
0.00355846
0.00352893
0.0034994
0.00346987
0.00344034
0.00341081
0.00338128
0.00335175
0.00332222
0.00329269
0.00326316
0.00323363
0.0032041
0.00317457
0.00314504
0.00311551
0.00308598
0.00305645
0.00302692
0.00299739
0.00296786
0.00293833
0.0029088
0.00287927
0.00284974
0.00282021
0.00279068
0.00276115
0.00273162
0.00270209
0.00267256
0.00264302
0.00261349
0.00258396
0.00255443
0.0025249
0.00249537
0.00246584
0.00243631
0.00240678
0.00237725
0.00234771
0.00231818
0.00228865
0.00225912
0.00222959
0.00220006
0.00217053
0.002141
0.00211146
0.00208193
0.0020524
0.00202287
0.00199334
0.00196381
0.00193428
0.00190474
0.00187521
0.00184568
0.00181615
0.00178662
0.00175709
0.00172756
0.00169803
0.00166849
0.00163896
0.00160943
0.0015799
0.00155037
0.00152084
0.00149131
0.00146178
0.00143225
0.00140272
0.00137319
0.00134366
0.00131413
0.00128459
0.00125506
0.00122553
0.001196
0.00116647
0.00113694
0.00110741
0.00107788
0.00104835
0.00101881
0.000989284
0.000959752
0.000930221
0.00090069
0.000871159
0.000841627
0.000812096
0.000782565
0.000753033
0.000723502
0.000693971
0.000664439
0.000634908
0.000605377
0.000575845
0.000546314
0.000516782
0.000487251
0.00045772
0.000428189
0.000398658
0.000369127
0.000339596
0.000310065
0.000280535
0.000251004
0.000221474
0.000191944
0.000162414
0.000132884
0.000103354
7.38242e-05
4.42945e-05
1.47648e-05
0.00568383
0.00568101
0.00567543
0.00566714
0.00565629
0.00564308
0.00562773
0.00561049
0.00559156
0.00557116
0.00554947
0.00552667
0.00550291
0.00547832
0.00545302
0.00542711
0.00540067
0.00537379
0.00534652
0.00531892
0.00529105
0.00526293
0.00523461
0.00520611
0.00517746
0.00514868
0.0051198
0.00509082
0.00506176
0.00503263
0.00500344
0.00497421
0.00494493
0.00491561
0.00488626
0.00485689
0.00482749
0.00479808
0.00476864
0.0047392
0.00470974
0.00468027
0.00465079
0.0046213
0.00459181
0.00456231
0.00453281
0.0045033
0.00447379
0.00444427
0.00441476
0.00438524
0.00435572
0.0043262
0.00429667
0.00426715
0.00423762
0.0042081
0.00417857
0.00414904
0.00411952
0.00408999
0.00406046
0.00403093
0.0040014
0.00397187
0.00394234
0.00391281
0.00388329
0.00385376
0.00382423
0.0037947
0.00376517
0.00373564
0.00370611
0.00367658
0.00364705
0.00361752
0.00358799
0.00355846
0.00352893
0.0034994
0.00346987
0.00344034
0.00341081
0.00338128
0.00335175
0.00332222
0.00329269
0.00326316
0.00323363
0.0032041
0.00317457
0.00314504
0.00311551
0.00308598
0.00305645
0.00302692
0.00299739
0.00296786
0.00293833
0.0029088
0.00287927
0.00284974
0.00282021
0.00279068
0.00276115
0.00273162
0.00270209
0.00267256
0.00264302
0.00261349
0.00258396
0.00255443
0.0025249
0.00249537
0.00246584
0.00243631
0.00240678
0.00237725
0.00234771
0.00231818
0.00228865
0.00225912
0.00222959
0.00220006
0.00217053
0.002141
0.00211146
0.00208193
0.0020524
0.00202287
0.00199334
0.00196381
0.00193428
0.00190474
0.00187521
0.00184568
0.00181615
0.00178662
0.00175709
0.00172756
0.00169803
0.00166849
0.00163896
0.00160943
0.0015799
0.00155037
0.00152084
0.00149131
0.00146178
0.00143225
0.00140272
0.00137319
0.00134366
0.00131413
0.00128459
0.00125506
0.00122553
0.001196
0.00116647
0.00113694
0.00110741
0.00107788
0.00104835
0.00101881
0.000989284
0.000959752
0.000930221
0.00090069
0.000871158
0.000841627
0.000812096
0.000782565
0.000753033
0.000723502
0.000693971
0.000664439
0.000634908
0.000605377
0.000575845
0.000546314
0.000516782
0.000487251
0.00045772
0.000428189
0.000398658
0.000369127
0.000339596
0.000310065
0.000280535
0.000251004
0.000221474
0.000191944
0.000162414
0.000132884
0.000103354
7.38242e-05
4.42945e-05
1.47648e-05
0.00567147
0.00566883
0.00566359
0.00565581
0.00564559
0.00563311
0.00561856
0.00560212
0.00558399
0.00556437
0.00554342
0.0055213
0.00549817
0.00547416
0.00544937
0.00542393
0.0053979
0.00537138
0.00534443
0.00531712
0.00528949
0.00526158
0.00523345
0.00520511
0.0051766
0.00514794
0.00511916
0.00509027
0.00506129
0.00503223
0.0050031
0.00497391
0.00494467
0.00491539
0.00488608
0.00485673
0.00482736
0.00479796
0.00476854
0.00473911
0.00470966
0.0046802
0.00465073
0.00462126
0.00459177
0.00456228
0.00453278
0.00450327
0.00447377
0.00444426
0.00441474
0.00438523
0.00435571
0.00432619
0.00429667
0.00426714
0.00423762
0.00420809
0.00417857
0.00414904
0.00411951
0.00408999
0.00406046
0.00403093
0.0040014
0.00397187
0.00394234
0.00391281
0.00388328
0.00385375
0.00382423
0.0037947
0.00376517
0.00373564
0.00370611
0.00367658
0.00364705
0.00361752
0.00358799
0.00355846
0.00352893
0.0034994
0.00346987
0.00344034
0.00341081
0.00338128
0.00335175
0.00332222
0.00329269
0.00326316
0.00323363
0.0032041
0.00317457
0.00314504
0.00311551
0.00308598
0.00305645
0.00302692
0.00299739
0.00296786
0.00293833
0.0029088
0.00287927
0.00284974
0.00282021
0.00279068
0.00276115
0.00273162
0.00270209
0.00267256
0.00264302
0.00261349
0.00258396
0.00255443
0.0025249
0.00249537
0.00246584
0.00243631
0.00240678
0.00237725
0.00234771
0.00231818
0.00228865
0.00225912
0.00222959
0.00220006
0.00217053
0.002141
0.00211146
0.00208193
0.0020524
0.00202287
0.00199334
0.00196381
0.00193428
0.00190474
0.00187521
0.00184568
0.00181615
0.00178662
0.00175709
0.00172756
0.00169803
0.00166849
0.00163896
0.00160943
0.0015799
0.00155037
0.00152084
0.00149131
0.00146178
0.00143225
0.00140272
0.00137319
0.00134366
0.00131413
0.00128459
0.00125506
0.00122553
0.001196
0.00116647
0.00113694
0.00110741
0.00107788
0.00104835
0.00101881
0.000989284
0.000959752
0.000930221
0.00090069
0.000871158
0.000841627
0.000812096
0.000782565
0.000753033
0.000723502
0.000693971
0.000664439
0.000634908
0.000605377
0.000575845
0.000546314
0.000516782
0.000487251
0.00045772
0.000428189
0.000398658
0.000369127
0.000339596
0.000310065
0.000280535
0.000251004
0.000221474
0.000191944
0.000162414
0.000132884
0.000103354
7.38243e-05
4.42945e-05
1.47648e-05
0.00566177
0.00565926
0.00565429
0.00564688
0.00563714
0.00562521
0.00561125
0.00559543
0.00557792
0.0055589
0.00553852
0.00551695
0.00549432
0.00547076
0.0054464
0.00542132
0.00539563
0.0053694
0.00534272
0.00531563
0.0052882
0.00526047
0.00523249
0.00520428
0.00517589
0.00514733
0.00511864
0.00508982
0.0050609
0.0050319
0.00500281
0.00497367
0.00494446
0.00491521
0.00488592
0.0048566
0.00482724
0.00479786
0.00476846
0.00473904
0.0047096
0.00468015
0.00465069
0.00462122
0.00459174
0.00456225
0.00453275
0.00450325
0.00447375
0.00444424
0.00441473
0.00438521
0.0043557
0.00432618
0.00429666
0.00426714
0.00423761
0.00420809
0.00417856
0.00414904
0.00411951
0.00408998
0.00406046
0.00403093
0.0040014
0.00397187
0.00394234
0.00391281
0.00388328
0.00385375
0.00382422
0.00379469
0.00376517
0.00373564
0.00370611
0.00367658
0.00364705
0.00361752
0.00358799
0.00355846
0.00352893
0.0034994
0.00346987
0.00344034
0.00341081
0.00338128
0.00335175
0.00332222
0.00329269
0.00326316
0.00323363
0.0032041
0.00317457
0.00314504
0.00311551
0.00308598
0.00305645
0.00302692
0.00299739
0.00296786
0.00293833
0.0029088
0.00287927
0.00284974
0.00282021
0.00279068
0.00276115
0.00273162
0.00270209
0.00267256
0.00264302
0.00261349
0.00258396
0.00255443
0.0025249
0.00249537
0.00246584
0.00243631
0.00240678
0.00237725
0.00234771
0.00231818
0.00228865
0.00225912
0.00222959
0.00220006
0.00217053
0.00214099
0.00211146
0.00208193
0.0020524
0.00202287
0.00199334
0.00196381
0.00193428
0.00190474
0.00187521
0.00184568
0.00181615
0.00178662
0.00175709
0.00172756
0.00169803
0.00166849
0.00163896
0.00160943
0.0015799
0.00155037
0.00152084
0.00149131
0.00146178
0.00143225
0.00140272
0.00137319
0.00134366
0.00131413
0.00128459
0.00125506
0.00122553
0.001196
0.00116647
0.00113694
0.00110741
0.00107788
0.00104835
0.00101881
0.000989283
0.000959752
0.000930221
0.00090069
0.000871158
0.000841627
0.000812096
0.000782565
0.000753033
0.000723502
0.000693971
0.000664439
0.000634908
0.000605376
0.000575845
0.000546314
0.000516782
0.000487251
0.00045772
0.000428189
0.000398658
0.000369127
0.000339596
0.000310065
0.000280535
0.000251004
0.000221474
0.000191944
0.000162414
0.000132884
0.000103354
7.38243e-05
4.42945e-05
1.47648e-05
0.00565461
0.0056522
0.0056474
0.00564026
0.00563086
0.00561932
0.00560579
0.00559042
0.00557336
0.00555478
0.00553483
0.00551366
0.0054914
0.00546819
0.00544413
0.00541933
0.00539389
0.00536789
0.0053414
0.00531449
0.00528721
0.00525962
0.00523175
0.00520365
0.00517534
0.00514686
0.00511823
0.00508947
0.0050606
0.00503164
0.00500259
0.00497348
0.0049443
0.00491508
0.00488581
0.0048565
0.00482716
0.00479779
0.0047684
0.00473899
0.00470956
0.00468011
0.00465066
0.00462119
0.00459171
0.00456223
0.00453274
0.00450324
0.00447374
0.00444423
0.00441472
0.00438521
0.00435569
0.00432617
0.00429665
0.00426713
0.00423761
0.00420809
0.00417856
0.00414903
0.00411951
0.00408998
0.00406045
0.00403093
0.0040014
0.00397187
0.00394234
0.00391281
0.00388328
0.00385375
0.00382422
0.00379469
0.00376517
0.00373564
0.00370611
0.00367658
0.00364705
0.00361752
0.00358799
0.00355846
0.00352893
0.0034994
0.00346987
0.00344034
0.00341081
0.00338128
0.00335175
0.00332222
0.00329269
0.00326316
0.00323363
0.0032041
0.00317457
0.00314504
0.00311551
0.00308598
0.00305645
0.00302692
0.00299739
0.00296786
0.00293833
0.0029088
0.00287927
0.00284974
0.00282021
0.00279068
0.00276115
0.00273162
0.00270209
0.00267255
0.00264302
0.00261349
0.00258396
0.00255443
0.0025249
0.00249537
0.00246584
0.00243631
0.00240678
0.00237725
0.00234771
0.00231818
0.00228865
0.00225912
0.00222959
0.00220006
0.00217053
0.00214099
0.00211146
0.00208193
0.0020524
0.00202287
0.00199334
0.00196381
0.00193428
0.00190474
0.00187521
0.00184568
0.00181615
0.00178662
0.00175709
0.00172756
0.00169803
0.00166849
0.00163896
0.00160943
0.0015799
0.00155037
0.00152084
0.00149131
0.00146178
0.00143225
0.00140272
0.00137319
0.00134366
0.00131413
0.00128459
0.00125506
0.00122553
0.001196
0.00116647
0.00113694
0.00110741
0.00107788
0.00104835
0.00101881
0.000989283
0.000959752
0.000930221
0.00090069
0.000871158
0.000841627
0.000812096
0.000782565
0.000753033
0.000723502
0.000693971
0.000664439
0.000634908
0.000605376
0.000575845
0.000546314
0.000516782
0.000487251
0.00045772
0.000428189
0.000398658
0.000369127
0.000339596
0.000310065
0.000280535
0.000251004
0.000221474
0.000191944
0.000162414
0.000132884
0.000103354
7.38243e-05
4.42945e-05
1.47648e-05
0.00564989
0.00564753
0.00564286
0.00563589
0.0056267
0.00561541
0.00560216
0.00558708
0.00557031
0.00555202
0.00553235
0.00551145
0.00548944
0.00546645
0.0054426
0.00541799
0.00539272
0.00536687
0.00534051
0.00531372
0.00528654
0.00525904
0.00523125
0.00520322
0.00517497
0.00514654
0.00511796
0.00508924
0.0050604
0.00503146
0.00500244
0.00497335
0.00494419
0.00491498
0.00488572
0.00485643
0.0048271
0.00479774
0.00476835
0.00473895
0.00470952
0.00468008
0.00465063
0.00462117
0.00459169
0.00456221
0.00453272
0.00450323
0.00447373
0.00444422
0.00441471
0.0043852
0.00435569
0.00432617
0.00429665
0.00426713
0.00423761
0.00420808
0.00417856
0.00414903
0.00411951
0.00408998
0.00406045
0.00403093
0.0040014
0.00397187
0.00394234
0.00391281
0.00388328
0.00385375
0.00382422
0.00379469
0.00376516
0.00373564
0.00370611
0.00367658
0.00364705
0.00361752
0.00358799
0.00355846
0.00352893
0.0034994
0.00346987
0.00344034
0.00341081
0.00338128
0.00335175
0.00332222
0.00329269
0.00326316
0.00323363
0.0032041
0.00317457
0.00314504
0.00311551
0.00308598
0.00305645
0.00302692
0.00299739
0.00296786
0.00293833
0.0029088
0.00287927
0.00284974
0.00282021
0.00279068
0.00276115
0.00273162
0.00270209
0.00267255
0.00264302
0.00261349
0.00258396
0.00255443
0.0025249
0.00249537
0.00246584
0.00243631
0.00240678
0.00237725
0.00234771
0.00231818
0.00228865
0.00225912
0.00222959
0.00220006
0.00217053
0.00214099
0.00211146
0.00208193
0.0020524
0.00202287
0.00199334
0.00196381
0.00193427
0.00190474
0.00187521
0.00184568
0.00181615
0.00178662
0.00175709
0.00172756
0.00169803
0.00166849
0.00163896
0.00160943
0.0015799
0.00155037
0.00152084
0.00149131
0.00146178
0.00143225
0.00140272
0.00137319
0.00134366
0.00131413
0.00128459
0.00125506
0.00122553
0.001196
0.00116647
0.00113694
0.00110741
0.00107788
0.00104835
0.00101881
0.000989283
0.000959752
0.000930221
0.00090069
0.000871158
0.000841627
0.000812096
0.000782565
0.000753033
0.000723502
0.000693971
0.000664439
0.000634908
0.000605376
0.000575845
0.000546314
0.000516782
0.000487251
0.00045772
0.000428189
0.000398658
0.000369127
0.000339596
0.000310065
0.000280535
0.000251004
0.000221474
0.000191944
0.000162414
0.000132884
0.000103354
7.38243e-05
4.42945e-05
1.47648e-05
0.00564754
0.00564522
0.0056406
0.00563371
0.00562463
0.00561347
0.00560035
0.00558541
0.00556879
0.00555064
0.00553111
0.00551034
0.00548845
0.00546558
0.00544183
0.00541732
0.00539213
0.00536635
0.00534007
0.00531333
0.00528621
0.00525875
0.005231
0.005203
0.00517478
0.00514638
0.00511782
0.00508912
0.0050603
0.00503138
0.00500237
0.00497328
0.00494414
0.00491493
0.00488568
0.00485639
0.00482707
0.00479771
0.00476833
0.00473893
0.00470951
0.00468007
0.00465062
0.00462116
0.00459169
0.0045622
0.00453272
0.00450322
0.00447372
0.00444422
0.00441471
0.0043852
0.00435568
0.00432617
0.00429665
0.00426713
0.00423761
0.00420808
0.00417856
0.00414903
0.00411951
0.00408998
0.00406045
0.00403092
0.0040014
0.00397187
0.00394234
0.00391281
0.00388328
0.00385375
0.00382422
0.00379469
0.00376516
0.00373564
0.00370611
0.00367658
0.00364705
0.00361752
0.00358799
0.00355846
0.00352893
0.0034994
0.00346987
0.00344034
0.00341081
0.00338128
0.00335175
0.00332222
0.00329269
0.00326316
0.00323363
0.0032041
0.00317457
0.00314504
0.00311551
0.00308598
0.00305645
0.00302692
0.00299739
0.00296786
0.00293833
0.0029088
0.00287927
0.00284974
0.00282021
0.00279068
0.00276115
0.00273162
0.00270209
0.00267255
0.00264302
0.00261349
0.00258396
0.00255443
0.0025249
0.00249537
0.00246584
0.00243631
0.00240678
0.00237725
0.00234771
0.00231818
0.00228865
0.00225912
0.00222959
0.00220006
0.00217053
0.00214099
0.00211146
0.00208193
0.0020524
0.00202287
0.00199334
0.00196381
0.00193427
0.00190474
0.00187521
0.00184568
0.00181615
0.00178662
0.00175709
0.00172756
0.00169803
0.00166849
0.00163896
0.00160943
0.0015799
0.00155037
0.00152084
0.00149131
0.00146178
0.00143225
0.00140272
0.00137319
0.00134366
0.00131413
0.00128459
0.00125506
0.00122553
0.001196
0.00116647
0.00113694
0.00110741
0.00107788
0.00104835
0.00101881
0.000989283
0.000959752
0.000930221
0.00090069
0.000871158
0.000841627
0.000812096
0.000782565
0.000753033
0.000723502
0.000693971
0.000664439
0.000634908
0.000605376
0.000575845
0.000546314
0.000516782
0.000487251
0.00045772
0.000428189
0.000398658
0.000369127
0.000339596
0.000310065
0.000280535
0.000251005
0.000221474
0.000191944
0.000162414
0.000132884
0.000103354
7.38243e-05
4.42946e-05
1.47648e-05
)
;

boundaryField
{
    inlet
    {
        type            zeroGradient;
    }
    outlet
    {
        type            fixedValue;
        value           uniform 0;
    }
    top
    {
        type            zeroGradient;
    }
    bottom
    {
        type            zeroGradient;
    }
    frontAndBack
    {
        type            empty;
    }
}


// ************************************************************************* //
