/*--------------------------------*- C++ -*----------------------------------*\
  =========                 |
  \\      /  F ield         | OpenFOAM: The Open Source CFD Toolbox
   \\    /   O peration     | Website:  https://openfoam.org
    \\  /    A nd           | Version:  dev
     \\/     M anipulation  |
\*---------------------------------------------------------------------------*/
FoamFile
{
    format      ascii;
    class       surfaceScalarField;
    location    "0.2";
    object      phi;
}
// * * * * * * * * * * * * * * * * * * * * * * * * * * * * * * * * * * * * * //

dimensions      [0 3 -1 0 0 0 0];

internalField   nonuniform List<scalar> 
7780
(
0.00499903
9.71755e-07
0.00499672
2.30525e-06
0.00499438
2.34235e-06
0.00499259
1.78881e-06
0.00499133
1.25825e-06
0.0049905
8.34401e-07
0.00498997
5.25078e-07
0.00498964
3.29167e-07
0.00498943
2.14841e-07
0.00498928
1.47334e-07
0.00498918
1.05528e-07
0.0049891
7.84258e-08
0.00498904
6.00517e-08
0.00498899
4.70472e-08
0.00498895
3.75028e-08
0.00498892
3.02932e-08
0.0049889
2.47221e-08
0.00498888
2.03392e-08
0.00498886
1.68417e-08
0.00498885
1.40187e-08
0.00498884
1.1719e-08
0.00498883
9.83127e-09
0.00498882
8.27191e-09
0.00498881
6.97704e-09
0.00498881
5.89705e-09
0.0049888
4.99292e-09
0.0049888
4.23365e-09
0.00498879
3.59433e-09
0.00498879
3.0548e-09
0.00498879
2.59859e-09
0.00498878
2.21221e-09
0.00498878
1.88453e-09
0.00498878
1.60629e-09
0.00498878
1.36977e-09
0.00498878
1.16856e-09
0.00498878
9.97257e-10
0.00498878
8.51325e-10
0.00498878
7.26935e-10
0.00498878
6.20854e-10
0.00498877
5.30353e-10
0.00498877
4.53118e-10
0.00498877
3.87186e-10
0.00498877
3.30885e-10
0.00498877
2.828e-10
0.00498877
2.41725e-10
0.00498877
2.06635e-10
0.00498877
1.7665e-10
0.00498877
1.51021e-10
0.00498877
1.29115e-10
0.00498877
1.10392e-10
0.00498877
9.43908e-11
0.00498877
8.07128e-11
0.00498877
6.90166e-11
0.00498877
5.90135e-11
0.00498877
5.04603e-11
0.00498877
4.31496e-11
0.00498877
3.6901e-11
0.00498877
3.15582e-11
0.00498877
2.69878e-11
0.00498877
2.30784e-11
0.00498877
1.97356e-11
0.00498877
1.68781e-11
0.00498877
1.44344e-11
0.00498877
1.23435e-11
0.00498877
1.05544e-11
0.00498877
9.02485e-12
0.00498877
7.71834e-12
0.00498877
6.60226e-12
0.00498877
5.64736e-12
0.00498877
4.82916e-12
0.00498877
4.12823e-12
0.00498877
3.52914e-12
0.00498877
3.01854e-12
0.00498877
2.58343e-12
0.00498877
2.21142e-12
0.00498877
1.89182e-12
0.00498877
1.61664e-12
0.00498877
1.38041e-12
0.00498877
1.17921e-12
0.00498877
1.00908e-12
0.00498877
8.65214e-13
0.00498877
7.42454e-13
0.00498877
6.36254e-13
0.00498877
5.43663e-13
0.00498877
4.63267e-13
0.00498877
3.94593e-13
0.00498877
3.36972e-13
0.00498877
2.89054e-13
0.00498877
2.48765e-13
0.00498877
2.13908e-13
0.00498877
1.83179e-13
0.00498877
1.55924e-13
0.00498877
1.32346e-13
0.00498877
1.12617e-13
0.00498877
9.66579e-14
0.00498877
8.38133e-14
0.00498877
7.30542e-14
0.00498877
6.35009e-14
0.00498877
5.45419e-14
0.00498877
4.60198e-14
0.00498877
3.83033e-14
0.00498877
3.17276e-14
0.00498877
2.64835e-14
0.00498877
2.25813e-14
0.00498877
1.96705e-14
0.00498877
1.74134e-14
0.00498877
1.54184e-14
0.00498877
1.34255e-14
0.00498877
1.14001e-14
0.00498877
9.34193e-15
0.00498877
7.34483e-15
0.00498877
5.50407e-15
0.00498877
4.0044e-15
0.00498877
3.03382e-15
0.00498877
2.52482e-15
0.00498877
2.52566e-15
0.00498877
2.8369e-15
0.00498877
3.22704e-15
0.00498877
3.50395e-15
0.00498877
3.46734e-15
0.00498877
3.099e-15
0.00498877
2.3842e-15
0.00498877
1.66771e-15
0.00498877
1.0953e-15
0.00498877
7.64873e-16
0.00498877
8.19463e-16
0.00498877
1.05319e-15
0.00498877
1.56135e-15
0.00498877
1.76185e-15
0.00498877
1.70242e-15
0.00498877
1.43532e-15
0.00498877
9.89423e-16
0.00498877
4.95338e-16
0.00498877
3.99538e-16
0.00498877
6.33864e-16
0.00498877
1.12324e-15
0.00498877
1.87961e-15
0.00498877
2.67916e-15
0.00498877
3.23866e-15
0.00498877
3.58732e-15
0.00498877
3.32011e-15
0.00498877
2.62953e-15
0.00498877
1.6259e-15
0.00498877
5.52551e-16
0.00498877
-3.17514e-16
0.00498877
-8.19202e-16
0.00498877
-8.89226e-16
0.00498877
-4.19054e-16
0.00498877
3.15788e-16
0.00498877
1.13196e-15
0.00498877
1.97152e-15
0.00498877
2.90698e-15
0.00498877
3.03426e-15
0.00498877
2.67715e-15
0.00498877
1.89549e-15
0.00498877
7.69077e-16
0.00498877
-4.8189e-16
0.00498877
-1.61132e-15
0.00498877
-2.46928e-15
0.00498877
-3.09033e-15
0.00498877
-3.28878e-15
0.00498877
-3.15519e-15
0.00498877
-2.65414e-15
0.00498877
-1.81837e-15
0.00498877
-8.7923e-16
0.00498877
-2.00752e-17
0.00498877
6.12396e-16
0.00498877
1.10563e-15
0.00498877
1.3325e-15
0.00498877
1.21797e-15
0.00498877
9.51438e-16
0.00498877
5.0795e-16
0.00498877
-1.22578e-16
0.00498877
-7.61108e-16
0.00498877
-1.25722e-15
0.00498877
-1.53431e-15
0.00498877
-1.68014e-15
0.00498877
-1.62927e-15
0.00498877
-1.43327e-15
0.00498877
-1.06665e-15
0.00498877
-4.63639e-16
0.00498877
1.73517e-16
0.00498877
7.37471e-16
0.00498877
1.30145e-15
0.00498877
1.72142e-15
0.00498877
1.99406e-15
0.00498877
2.2092e-15
0.00498877
2.422e-15
0.00498877
2.38364e-15
0.00498877
2.17297e-15
0.00498877
1.93513e-15
0.00498877
1.78357e-15
0.00498877
1.57327e-15
0.00498877
1.2852e-15
0.00498877
8.45915e-16
0.00498877
4.65156e-16
0.00498877
2.42616e-16
0.00498877
1.17622e-16
0.00498877
-1.11381e-16
-7.10532e-17
0.00500044
5.35558e-07
0.00500113
1.60953e-06
0.00500155
1.91945e-06
0.00500168
1.66008e-06
0.00500166
1.28247e-06
0.00500155
9.4266e-07
0.00500141
6.6895e-07
0.00500127
4.71279e-07
0.00500114
3.38389e-07
0.00500104
2.49388e-07
0.00500096
1.88063e-07
0.00500089
1.44681e-07
0.00500084
1.13281e-07
0.00500079
9.00223e-08
0.00500076
7.24215e-08
0.00500073
5.88532e-08
0.00500071
4.82266e-08
0.00500069
3.97909e-08
0.00500067
3.30177e-08
0.00500066
2.75269e-08
0.00500065
2.30394e-08
0.00500064
1.93469e-08
0.00500063
1.62909e-08
0.00500062
1.37495e-08
0.00500062
1.16273e-08
0.00500061
9.84885e-09
0.00500061
8.35415e-09
0.0050006
7.09474e-09
0.0050006
6.0313e-09
0.0050006
5.13168e-09
0.0050006
4.36947e-09
0.0050006
3.72281e-09
0.00500059
3.17356e-09
0.00500059
2.70657e-09
0.00500059
2.30922e-09
0.00500059
1.97087e-09
0.00500059
1.68258e-09
0.00500059
1.43681e-09
0.00500059
1.2272e-09
0.00500059
1.04835e-09
0.00500059
8.95716e-10
0.00500059
7.65406e-10
0.00500059
6.54128e-10
0.00500059
5.59085e-10
0.00500059
4.77893e-10
0.00500059
4.08522e-10
0.00500059
3.49241e-10
0.00500059
2.98576e-10
0.00500059
2.55274e-10
0.00500058
2.18263e-10
0.00500058
1.86627e-10
0.00500058
1.59578e-10
0.00500058
1.3645e-10
0.00500058
1.16675e-10
0.00500058
9.97702e-11
0.00500058
8.53199e-11
0.00500058
7.29653e-11
0.00500058
6.23991e-11
0.00500058
5.33612e-11
0.00500058
4.56315e-11
0.00500058
3.90223e-11
0.00500058
3.33713e-11
0.00500058
2.85386e-11
0.00500058
2.44047e-11
0.00500058
2.08694e-11
0.00500058
1.78469e-11
0.00500058
1.52634e-11
0.00500058
1.30545e-11
0.00500058
1.11646e-11
0.00500058
9.54732e-12
0.00500058
8.16425e-12
0.00500058
6.98244e-12
0.00500058
5.97292e-12
0.00500058
5.10972e-12
0.00500058
4.37028e-12
0.00500058
3.73629e-12
0.00500058
3.19358e-12
0.00500058
2.73044e-12
0.00500058
2.33641e-12
0.00500058
2.00104e-12
0.00500058
1.71436e-12
0.00500058
1.46776e-12
0.00500058
1.25473e-12
0.00500058
1.07114e-12
0.00500058
9.1395e-13
0.00500058
7.80646e-13
0.00500058
6.6812e-13
0.00500058
5.72796e-13
0.00500058
4.91195e-13
0.00500058
4.20553e-13
0.00500058
3.59379e-13
0.00500058
3.06844e-13
0.00500058
2.62539e-13
0.00500058
2.25638e-13
0.00500058
1.94795e-13
0.00500058
1.68445e-13
0.00500058
1.45146e-13
0.00500058
1.24117e-13
0.00500058
1.05083e-13
0.00500058
8.83516e-14
0.00500058
7.43166e-14
0.00500058
6.30812e-14
0.00500058
5.43506e-14
0.00500058
4.73968e-14
0.00500058
4.13671e-14
0.00500058
3.57092e-14
0.00500058
3.01704e-14
0.00500058
2.48496e-14
0.00500058
1.99929e-14
0.00500058
1.58799e-14
0.00500058
1.2752e-14
0.00500058
1.06362e-14
0.00500058
9.43534e-15
0.00500058
9.02691e-15
0.00500058
9.03005e-15
0.00500058
9.23673e-15
0.00500058
9.37e-15
0.00500058
9.24984e-15
0.00500058
8.76124e-15
0.00500058
7.78281e-15
0.00500058
6.63175e-15
0.00500058
5.26993e-15
0.00500058
4.04853e-15
0.00500058
3.16427e-15
0.00500058
2.52314e-15
0.00500058
2.31895e-15
0.00500058
2.33067e-15
0.00500058
2.55952e-15
0.00500058
2.78901e-15
0.00500058
2.95799e-15
0.00500058
3.16786e-15
0.00500058
3.37869e-15
0.00500058
3.58516e-15
0.00500058
3.82422e-15
0.00500058
4.09768e-15
0.00500058
4.31018e-15
0.00500058
4.49309e-15
0.00500058
4.45597e-15
0.00500058
4.23574e-15
0.00500058
3.88328e-15
0.00500058
3.2883e-15
0.00500058
2.63485e-15
0.00500058
2.03052e-15
0.00500058
1.60739e-15
0.00500058
1.35147e-15
0.00500058
1.3458e-15
0.00500058
1.42529e-15
0.00500058
1.54985e-15
0.00500058
1.57869e-15
0.00500058
1.43862e-15
0.00500058
1.10632e-15
0.00500058
5.61641e-16
0.00500058
-3.08579e-16
0.00500058
-1.27927e-15
0.00500058
-2.19282e-15
0.00500058
-2.96292e-15
0.00500058
-3.50659e-15
0.00500058
-3.6085e-15
0.00500058
-3.2349e-15
0.00500058
-2.62255e-15
0.00500058
-1.72404e-15
0.00500058
-6.50869e-16
0.00500058
4.9307e-16
0.00500058
1.57426e-15
0.00500058
2.43228e-15
0.00500058
2.99221e-15
0.00500058
3.2462e-15
0.00500058
3.21847e-15
0.00500058
3.00116e-15
0.00500058
2.54489e-15
0.00500058
1.88373e-15
0.00500058
1.1276e-15
0.00500058
4.31112e-16
0.00500058
-1.85475e-16
0.00500058
-6.01344e-16
0.00500058
-7.68185e-16
0.00500058
-8.86079e-16
0.00500058
-9.02546e-16
0.00500058
-6.71791e-16
0.00500058
-2.85816e-16
0.00500058
1.21452e-16
0.00500058
5.05267e-16
0.00500058
6.99647e-16
0.00500058
9.19398e-16
0.00500058
1.1855e-15
0.00500058
1.34241e-15
0.00500058
1.28403e-15
0.00500058
1.15768e-15
0.00500058
1.00636e-15
0.00500058
9.51346e-16
0.00500058
7.91012e-16
0.00500058
5.70064e-16
0.00500058
3.67708e-16
0.00500058
2.60924e-16
0.00500058
1.4284e-16
0.00500058
1.27374e-17
0.00500058
5.47708e-17
0.00500058
-8.13305e-17
0.00500058
-8.79152e-17
1.50757e-16
0.0050002
3.32122e-07
0.00500074
1.07742e-06
0.00500117
1.48916e-06
0.00500136
1.46687e-06
0.0050014
1.24577e-06
0.00500135
9.91069e-07
0.00500126
7.58954e-07
0.00500116
5.7095e-07
0.00500107
4.30399e-07
0.00500099
3.28419e-07
0.00500092
2.54156e-07
0.00500087
1.99374e-07
0.00500082
1.58381e-07
0.00500078
1.27229e-07
0.00500075
1.03191e-07
0.00500073
8.43801e-08
0.00500071
6.94755e-08
0.00500069
5.75366e-08
0.00500067
4.78826e-08
0.00500066
4.00127e-08
0.00500065
3.35524e-08
0.00500064
2.82176e-08
0.00500063
2.37899e-08
0.00500063
2.00991e-08
0.00500062
1.70111e-08
0.00500062
1.44193e-08
0.00500061
1.22382e-08
0.00500061
1.03984e-08
0.00500061
8.84342e-09
0.00500061
7.527e-09
0.0050006
6.41091e-09
0.0050006
5.4635e-09
0.0050006
4.65842e-09
0.0050006
3.97367e-09
0.0050006
3.39082e-09
0.0050006
2.89438e-09
0.0050006
2.47128e-09
0.0050006
2.11051e-09
0.00500059
1.80276e-09
0.00500059
1.54015e-09
0.00500059
1.316e-09
0.00500059
1.1246e-09
0.00500059
9.61145e-10
0.00500059
8.21524e-10
0.00500059
7.02242e-10
0.00500059
6.00319e-10
0.00500059
5.13218e-10
0.00500059
4.38775e-10
0.00500059
3.7515e-10
0.00500059
3.20764e-10
0.00500059
2.74271e-10
0.00500059
2.3452e-10
0.00500059
2.00532e-10
0.00500059
1.71475e-10
0.00500059
1.46635e-10
0.00500059
1.25398e-10
0.00500059
1.07238e-10
0.00500059
9.17066e-11
0.00500059
7.84228e-11
0.00500059
6.70634e-11
0.00500059
5.73511e-11
0.00500059
4.90464e-11
0.00500059
4.19438e-11
0.00500059
3.58689e-11
0.00500059
3.06736e-11
0.00500059
2.62318e-11
0.00500059
2.24343e-11
0.00500059
1.91868e-11
0.00500059
1.64088e-11
0.00500059
1.40325e-11
0.00500059
1.20008e-11
0.00500059
1.02642e-11
0.00500059
8.77954e-12
0.00500059
7.50911e-12
0.00500059
6.42115e-12
0.00500059
5.4898e-12
0.00500059
4.69392e-12
0.00500059
4.0152e-12
0.00500059
3.43676e-12
0.00500059
2.94281e-12
0.00500059
2.51937e-12
0.00500059
2.15508e-12
0.00500059
1.84146e-12
0.00500059
1.57241e-12
0.00500059
1.34306e-12
0.00500059
1.14855e-12
0.00500059
9.83539e-13
0.00500059
8.42743e-13
0.00500059
7.21646e-13
0.00500059
6.17147e-13
0.00500059
5.2735e-13
0.00500059
4.51013e-13
0.00500059
3.86881e-13
0.00500059
3.33081e-13
0.00500059
2.87419e-13
0.00500059
2.47765e-13
0.00500059
2.12431e-13
0.00500059
1.80757e-13
0.00500059
1.52738e-13
0.00500059
1.28844e-13
0.00500059
1.0931e-13
0.00500059
9.37748e-14
0.00500059
8.13408e-14
0.00500059
7.08368e-14
0.00500059
6.13631e-14
0.00500059
5.2307e-14
0.00500059
4.35198e-14
0.00500059
3.54103e-14
0.00500059
2.83643e-14
0.00500059
2.2798e-14
0.00500059
1.89068e-14
0.00500059
1.64501e-14
0.00500059
1.5167e-14
0.00500059
1.46761e-14
0.00500059
1.46159e-14
0.00500059
1.45716e-14
0.00500059
1.429e-14
0.00500059
1.36516e-14
0.00500059
1.25924e-14
0.00500059
1.11143e-14
0.00500059
9.44145e-15
0.00500059
7.68497e-15
0.00500059
6.09346e-15
0.00500059
4.84419e-15
0.00500059
3.9373e-15
0.00500059
3.48274e-15
0.00500059
3.34488e-15
0.00500059
3.54881e-15
0.00500059
3.93664e-15
0.00500059
4.45594e-15
0.00500059
5.05821e-15
0.00500059
5.67291e-15
0.00500059
6.14742e-15
0.00500059
6.47521e-15
0.00500059
6.60153e-15
0.00500059
6.54224e-15
0.00500059
6.31212e-15
0.00500059
5.87969e-15
0.00500059
5.33281e-15
0.00500059
4.69446e-15
0.00500059
4.05615e-15
0.00500059
3.5021e-15
0.00500059
3.14165e-15
0.00500059
3.0056e-15
0.00500059
2.99299e-15
0.00500059
3.04336e-15
0.00500059
2.99533e-15
0.00500059
2.75196e-15
0.00500059
2.25429e-15
0.00500059
1.4714e-15
0.00500059
4.09218e-16
0.00500059
-8.47911e-16
0.00500059
-2.24458e-15
0.00500059
-3.53715e-15
0.00500059
-4.5419e-15
0.00500059
-5.11239e-15
0.00500059
-5.21003e-15
0.00500059
-4.75589e-15
0.00500059
-3.86631e-15
0.00500059
-2.64375e-15
0.00500059
-1.12557e-15
0.00500059
4.7659e-16
0.00500059
2.04842e-15
0.00500059
3.34411e-15
0.00500059
4.22728e-15
0.00500059
4.77291e-15
0.00500059
4.8914e-15
0.00500059
4.75276e-15
0.00500059
4.27939e-15
0.00500059
3.53164e-15
0.00500059
2.59763e-15
0.00500059
1.64177e-15
0.00500059
8.54994e-16
0.00500059
1.60494e-16
0.00500059
-3.34408e-16
0.00500059
-6.39923e-16
0.00500059
-7.70313e-16
0.00500059
-6.82017e-16
0.00500059
-4.27127e-16
0.00500059
-6.45871e-17
0.00500059
2.9108e-16
0.00500059
5.22034e-16
0.00500059
7.37039e-16
0.00500059
9.54351e-16
0.00500059
1.13316e-15
0.00500059
1.21413e-15
0.00500059
1.10005e-15
0.00500059
8.69212e-16
0.00500059
7.56337e-16
0.00500059
7.67028e-16
0.00500059
5.70747e-16
0.00500059
2.13197e-16
0.00500059
-1.32043e-17
0.00500059
-3.91676e-17
0.00500059
7.95351e-17
0.00500059
-5.46912e-17
0.00500059
-2.07854e-16
0.00500059
-5.71724e-17
0.00500059
1.18218e-16
3.01809e-16
0.00500011
2.22389e-07
0.00500039
7.9406e-07
0.00500069
1.19057e-06
0.00500089
1.26509e-06
0.005001
1.13951e-06
0.00500104
9.51821e-07
0.00500103
7.65851e-07
0.005001
6.04783e-07
0.00500095
4.75388e-07
0.00500091
3.75187e-07
0.00500086
2.98219e-07
0.00500082
2.38898e-07
0.00500079
1.9288e-07
0.00500076
1.56885e-07
0.00500073
1.28474e-07
0.00500071
1.05843e-07
0.00500069
8.76588e-08
0.00500068
7.29323e-08
0.00500067
6.092e-08
0.00500065
5.10591e-08
0.00500064
4.29191e-08
0.00500064
3.61666e-08
0.00500063
3.05414e-08
0.00500062
2.5838e-08
0.00500062
2.18929e-08
0.00500062
1.85749e-08
0.00500061
1.57776e-08
0.00500061
1.34146e-08
0.00500061
1.1415e-08
0.0050006
9.72041e-09
0.0050006
8.28242e-09
0.0050006
7.06085e-09
0.0050006
6.02215e-09
0.0050006
5.13823e-09
0.0050006
4.3855e-09
0.0050006
3.7441e-09
0.0050006
3.19727e-09
0.00500059
2.73088e-09
0.00500059
2.33294e-09
0.00500059
1.9933e-09
0.00500059
1.70333e-09
0.00500059
1.45571e-09
0.00500059
1.2442e-09
0.00500059
1.06352e-09
0.00500059
9.0914e-10
0.00500059
7.77217e-10
0.00500059
6.64471e-10
0.00500059
5.68108e-10
0.00500059
4.85741e-10
0.00500059
4.15331e-10
0.00500059
3.55135e-10
0.00500059
3.03668e-10
0.00500059
2.59665e-10
0.00500059
2.22045e-10
0.00500059
1.89882e-10
0.00500059
1.62382e-10
0.00500059
1.38864e-10
0.00500059
1.1875e-10
0.00500059
1.01549e-10
0.00500059
8.68416e-11
0.00500059
7.42667e-11
0.00500059
6.35134e-11
0.00500059
5.43161e-11
0.00500059
4.64497e-11
0.00500059
3.97226e-11
0.00500059
3.39708e-11
0.00500059
2.90528e-11
0.00500059
2.48469e-11
0.00500059
2.12493e-11
0.00500059
1.81726e-11
0.00500059
1.55418e-11
0.00500059
1.32927e-11
0.00500059
1.13691e-11
0.00500059
9.72301e-12
0.00500059
8.31412e-12
0.00500059
7.10912e-12
0.00500059
6.0799e-12
0.00500059
5.20175e-12
0.00500059
4.4522e-12
0.00500059
3.81096e-12
0.00500059
3.26078e-12
0.00500059
2.78791e-12
0.00500059
2.38214e-12
0.00500059
2.03524e-12
0.00500059
1.73997e-12
0.00500059
1.48904e-12
0.00500059
1.27523e-12
0.00500059
1.09209e-12
0.00500059
9.34369e-13
0.00500059
7.98646e-13
0.00500059
6.82616e-13
0.00500059
5.84398e-13
0.00500059
5.01848e-13
0.00500059
4.32173e-13
0.00500059
3.72444e-13
0.00500059
3.20092e-13
0.00500059
2.73544e-13
0.00500059
2.32291e-13
0.00500059
1.96544e-13
0.00500059
1.66545e-13
0.00500059
1.42156e-13
0.00500059
1.22589e-13
0.00500059
1.06553e-13
0.00500059
9.25388e-14
0.00500059
7.95352e-14
0.00500059
6.71346e-14
0.00500059
5.54613e-14
0.00500059
4.50861e-14
0.00500059
3.64441e-14
0.00500059
2.98336e-14
0.00500059
2.53009e-14
0.00500059
2.245e-14
0.00500059
2.09456e-14
0.00500059
2.0124e-14
0.00500059
1.96082e-14
0.00500059
1.90771e-14
0.00500059
1.82962e-14
0.00500059
1.72033e-14
0.00500059
1.56622e-14
0.00500059
1.3811e-14
0.00500059
1.17906e-14
0.00500059
9.73576e-15
0.00500059
7.92709e-15
0.00500059
6.38694e-15
0.00500059
5.31397e-15
0.00500059
4.69199e-15
0.00500059
4.51305e-15
0.00500059
4.77948e-15
0.00500059
5.31649e-15
0.00500059
6.11984e-15
0.00500059
7.00138e-15
0.00500059
7.79063e-15
0.00500059
8.36913e-15
0.00500059
8.70419e-15
0.00500059
8.67152e-15
0.00500059
8.38525e-15
0.00500059
7.84347e-15
0.00500059
7.14004e-15
0.00500059
6.34811e-15
0.00500059
5.53556e-15
0.00500059
4.87214e-15
0.00500059
4.47381e-15
0.00500059
4.34148e-15
0.00500059
4.36552e-15
0.00500059
4.46874e-15
0.00500059
4.45571e-15
0.00500059
4.18871e-15
0.00500059
3.60928e-15
0.00500059
2.65775e-15
0.00500059
1.32926e-15
0.00500059
-3.46722e-16
0.00500059
-2.14422e-15
0.00500059
-3.92212e-15
0.00500059
-5.43387e-15
0.00500059
-6.45957e-15
0.00500059
-6.85733e-15
0.00500059
-6.61244e-15
0.00500059
-5.75731e-15
0.00500059
-4.38687e-15
0.00500059
-2.60174e-15
0.00500059
-5.39274e-16
0.00500059
1.51921e-15
0.00500059
3.37917e-15
0.00500059
4.84328e-15
0.00500059
5.77259e-15
0.00500059
6.3429e-15
0.00500059
6.43707e-15
0.00500059
6.08797e-15
0.00500059
5.36244e-15
0.00500059
4.3367e-15
0.00500059
3.19729e-15
0.00500059
2.15474e-15
0.00500059
1.22427e-15
0.00500059
4.19764e-16
0.00500059
-1.75536e-16
0.00500059
-5.88408e-16
0.00500059
-6.84066e-16
0.00500059
-4.6854e-16
0.00500059
-2.46372e-16
0.00500059
-6.57221e-17
0.00500059
2.83355e-16
0.00500059
6.19015e-16
0.00500059
8.62904e-16
0.00500059
1.02275e-15
0.00500059
1.01595e-15
0.00500059
9.14387e-16
0.00500059
9.62006e-16
0.00500059
8.6002e-16
0.00500059
6.76278e-16
0.00500059
4.40355e-16
0.00500059
2.30463e-16
0.00500059
1.74623e-16
0.00500059
8.22223e-17
0.00500059
-1.40456e-16
0.00500059
-2.59966e-16
0.00500059
-1.51405e-16
0.00500059
-1.15188e-16
0.00500059
-2.79337e-17
0.00500059
7.11931e-17
3.05045e-16
0.00500005
1.70191e-07
0.00500024
6.10612e-07
0.00500047
9.56977e-07
0.00500066
1.07427e-06
0.00500078
1.01719e-06
0.00500085
8.86056e-07
0.00500087
7.40927e-07
0.00500087
6.0691e-07
0.00500085
4.92857e-07
0.00500083
3.99717e-07
0.0050008
3.24906e-07
0.00500078
2.65081e-07
0.00500075
2.17217e-07
0.00500073
1.78808e-07
0.00500071
1.47846e-07
0.00500069
1.22754e-07
0.00500068
1.02308e-07
0.00500067
8.55575e-08
0.00500066
7.17651e-08
0.00500065
6.03553e-08
0.00500064
5.08766e-08
0.00500063
4.29725e-08
0.00500063
3.63592e-08
0.00500062
3.08098e-08
0.00500062
2.61411e-08
0.00500061
2.22045e-08
0.00500061
1.88788e-08
0.00500061
1.60644e-08
0.0050006
1.36792e-08
0.0050006
1.16553e-08
0.0050006
9.93598e-09
0.0050006
8.47411e-09
0.0050006
7.23011e-09
0.0050006
6.17078e-09
0.0050006
5.26816e-09
0.0050006
4.49867e-09
0.0050006
3.84238e-09
0.00500059
3.28243e-09
0.00500059
2.80452e-09
0.00500059
2.39652e-09
0.00500059
2.0481e-09
0.00500059
1.75051e-09
0.00500059
1.49628e-09
0.00500059
1.27907e-09
0.00500059
1.09347e-09
0.00500059
9.34841e-10
0.00500059
7.99263e-10
0.00500059
6.83377e-10
0.00500059
5.84316e-10
0.00500059
4.99628e-10
0.00500059
4.27223e-10
0.00500059
3.65317e-10
0.00500059
3.12389e-10
0.00500059
2.67137e-10
0.00500059
2.28444e-10
0.00500059
1.95357e-10
0.00500059
1.67061e-10
0.00500059
1.42863e-10
0.00500059
1.22171e-10
0.00500059
1.0448e-10
0.00500059
8.93529e-11
0.00500059
7.64157e-11
0.00500059
6.53501e-11
0.00500059
5.58859e-11
0.00500059
4.7793e-11
0.00500059
4.08732e-11
0.00500059
3.49561e-11
0.00500059
2.98954e-11
0.00500059
2.55668e-11
0.00500059
2.1865e-11
0.00500059
1.86997e-11
0.00500059
1.59933e-11
0.00500059
1.36784e-11
0.00500059
1.16977e-11
0.00500059
1.00031e-11
0.00500059
8.55431e-12
0.00500059
7.31687e-12
0.00500059
6.26024e-12
0.00500059
5.35716e-12
0.00500059
4.58381e-12
0.00500059
3.92045e-12
0.00500059
3.35135e-12
0.00500059
2.86421e-12
0.00500059
2.44857e-12
0.00500059
2.0948e-12
0.00500059
1.79351e-12
0.00500059
1.53591e-12
0.00500059
1.31462e-12
0.00500059
1.12406e-12
0.00500059
9.60529e-13
0.00500059
8.21258e-13
0.00500059
7.03625e-13
0.00500059
6.04473e-13
0.00500059
5.20226e-13
0.00500059
4.47531e-13
0.00500059
3.83672e-13
0.00500059
3.2723e-13
0.00500059
2.77782e-13
0.00500059
2.35495e-13
0.00500059
2.00465e-13
0.00500059
1.72036e-13
0.00500059
1.48831e-13
0.00500059
1.29205e-13
0.00500059
1.11666e-13
0.00500059
9.53455e-14
0.00500059
8.00023e-14
0.00500059
6.60042e-14
0.00500059
5.38893e-14
0.00500059
4.40998e-14
0.00500059
3.68232e-14
0.00500059
3.18291e-14
0.00500059
2.85481e-14
0.00500059
2.64442e-14
0.00500059
2.50488e-14
0.00500059
2.38912e-14
0.00500059
2.27021e-14
0.00500059
2.13536e-14
0.00500059
1.97962e-14
0.00500059
1.78992e-14
0.00500059
1.58381e-14
0.00500059
1.36612e-14
0.00500059
1.14892e-14
0.00500059
9.58854e-15
0.00500059
7.91858e-15
0.00500059
6.74767e-15
0.00500059
6.01111e-15
0.00500059
5.78034e-15
0.00500059
6.07892e-15
0.00500059
6.77128e-15
0.00500059
7.73521e-15
0.00500059
8.79625e-15
0.00500059
9.70142e-15
0.00500059
1.03164e-14
0.00500059
1.05585e-14
0.00500059
1.03931e-14
0.00500059
9.91988e-15
0.00500059
9.09232e-15
0.00500059
8.13474e-15
0.00500059
7.13715e-15
0.00500059
6.28251e-15
0.00500059
5.65887e-15
0.00500059
5.37921e-15
0.00500059
5.43399e-15
0.00500059
5.58444e-15
0.00500059
5.71853e-15
0.00500059
5.62396e-15
0.00500059
5.21686e-15
0.00500059
4.3695e-15
0.00500059
2.98254e-15
0.00500059
1.11272e-15
0.00500059
-1.10257e-15
0.00500059
-3.39474e-15
0.00500059
-5.51109e-15
0.00500059
-7.15273e-15
0.00500059
-8.11896e-15
0.00500059
-8.37334e-15
0.00500059
-7.84401e-15
0.00500059
-6.57472e-15
0.00500059
-4.71043e-15
0.00500059
-2.38211e-15
0.00500059
1.00861e-16
0.00500059
2.49608e-15
0.00500059
4.57237e-15
0.00500059
6.17098e-15
0.00500059
7.25071e-15
0.00500059
7.78983e-15
0.00500059
7.78599e-15
0.00500059
7.17512e-15
0.00500059
6.20497e-15
0.00500059
5.03631e-15
0.00500059
3.7675e-15
0.00500059
2.60631e-15
0.00500059
1.48403e-15
0.00500059
5.55879e-16
0.00500059
-5.77995e-17
0.00500059
-3.74446e-16
0.00500059
-4.7981e-16
0.00500059
-3.55192e-16
0.00500059
-1.82297e-16
0.00500059
-3.97164e-17
0.00500059
3.09701e-16
0.00500059
7.13936e-16
0.00500059
8.57459e-16
0.00500059
9.15164e-16
0.00500059
9.584e-16
0.00500059
9.00855e-16
0.00500059
8.71252e-16
0.00500059
6.78837e-16
0.00500059
4.73523e-16
0.00500059
2.89434e-16
0.00500059
1.38138e-16
0.00500059
7.5328e-17
0.00500059
-1.48061e-16
0.00500059
-2.73478e-16
0.00500059
-3.1576e-16
0.00500059
-1.39097e-16
0.00500059
9.08861e-17
0.00500059
-1.38031e-16
0.00500059
-2.70374e-18
4.4476e-16
0.00500003
1.36014e-07
0.00500016
4.88046e-07
0.00500033
7.84768e-07
0.00500049
9.13741e-07
0.00500061
8.96705e-07
0.00500069
8.06723e-07
0.00500073
6.95318e-07
0.00500076
5.86315e-07
0.00500076
4.88985e-07
0.00500075
4.05898e-07
0.00500074
3.36518e-07
0.00500073
2.79165e-07
0.00500071
2.31963e-07
0.0050007
1.93163e-07
0.00500069
1.61247e-07
0.00500067
1.34941e-07
0.00500066
1.13199e-07
0.00500065
9.51774e-08
0.00500064
8.01919e-08
0.00500064
6.76934e-08
0.00500063
5.72393e-08
0.00500062
4.8472e-08
0.00500062
4.11016e-08
0.00500062
3.48919e-08
0.00500061
2.96502e-08
0.00500061
2.52179e-08
0.00500061
2.14644e-08
0.0050006
1.82816e-08
0.0050006
1.55795e-08
0.0050006
1.32834e-08
0.0050006
1.13304e-08
0.0050006
9.66809e-09
0.0050006
8.25226e-09
0.0050006
7.04568e-09
0.0050006
6.01691e-09
0.0050006
5.13939e-09
0.00500059
4.39061e-09
0.00500059
3.75149e-09
0.00500059
3.20582e-09
0.00500059
2.73981e-09
0.00500059
2.34176e-09
0.00500059
2.00171e-09
0.00500059
1.71116e-09
0.00500059
1.46287e-09
0.00500059
1.25067e-09
0.00500059
1.0693e-09
0.00500059
9.14267e-10
0.00500059
7.8174e-10
0.00500059
6.68443e-10
0.00500059
5.71579e-10
0.00500059
4.8876e-10
0.00500059
4.17948e-10
0.00500059
3.57404e-10
0.00500059
3.05636e-10
0.00500059
2.61369e-10
0.00500059
2.23512e-10
0.00500059
1.91138e-10
0.00500059
1.63455e-10
0.00500059
1.39784e-10
0.00500059
1.19545e-10
0.00500059
1.02238e-10
0.00500059
8.74345e-11
0.00500059
7.47731e-11
0.00500059
6.3945e-11
0.00500059
5.46861e-11
0.00500059
4.67692e-11
0.00500059
3.99987e-11
0.00500059
3.42076e-11
0.00500059
2.92545e-11
0.00500059
2.50186e-11
0.00500059
2.13969e-11
0.00500059
1.82999e-11
0.00500059
1.5651e-11
0.00500059
1.33849e-11
0.00500059
1.14466e-11
0.00500059
9.78955e-12
0.00500059
8.37371e-12
0.00500059
7.16387e-12
0.00500059
6.12899e-12
0.00500059
5.2426e-12
0.00500059
4.4828e-12
0.00500059
3.83217e-12
0.00500059
3.27628e-12
0.00500059
2.80243e-12
0.00500059
2.39881e-12
0.00500059
2.05417e-12
0.00500059
1.75876e-12
0.00500059
1.5046e-12
0.00500059
1.28597e-12
0.00500059
1.09886e-12
0.00500059
9.39853e-13
0.00500059
8.05555e-13
0.00500059
6.91984e-13
0.00500059
5.94971e-13
0.00500059
5.10869e-13
0.00500059
4.37027e-13
0.00500059
3.72276e-13
0.00500059
3.1632e-13
0.00500059
2.69021e-13
0.00500059
2.29997e-13
0.00500059
1.98006e-13
0.00500059
1.71464e-13
0.00500059
1.48502e-13
0.00500059
1.27705e-13
0.00500059
1.08424e-13
0.00500059
9.06419e-14
0.00500059
7.49643e-14
0.00500059
6.18237e-14
0.00500059
5.14164e-14
0.00500059
4.37071e-14
0.00500059
3.81806e-14
0.00500059
3.43726e-14
0.00500059
3.15547e-14
0.00500059
2.92448e-14
0.00500059
2.7214e-14
0.00500059
2.52392e-14
0.00500059
2.33311e-14
0.00500059
2.13723e-14
0.00500059
1.93007e-14
0.00500059
1.72228e-14
0.00500059
1.50745e-14
0.00500059
1.29767e-14
0.00500059
1.10391e-14
0.00500059
9.33401e-15
0.00500059
8.07821e-15
0.00500059
7.2556e-15
0.00500059
7.05482e-15
0.00500059
7.38242e-15
0.00500059
8.20387e-15
0.00500059
9.29602e-15
0.00500059
1.04351e-14
0.00500059
1.1336e-14
0.00500059
1.19496e-14
0.00500059
1.20756e-14
0.00500059
1.17131e-14
0.00500059
1.10084e-14
0.00500059
9.95254e-15
0.00500059
8.8438e-15
0.00500059
7.73893e-15
0.00500059
6.87187e-15
0.00500059
6.40671e-15
0.00500059
6.32538e-15
0.00500059
6.54602e-15
0.00500059
6.79786e-15
0.00500059
6.95938e-15
0.00500059
6.80997e-15
0.00500059
6.15626e-15
0.00500059
4.93236e-15
0.00500059
3.07296e-15
0.00500059
6.64433e-16
0.00500059
-2.00318e-15
0.00500059
-4.60912e-15
0.00500059
-6.8948e-15
0.00500059
-8.63366e-15
0.00500059
-9.56111e-15
0.00500059
-9.61853e-15
0.00500059
-8.77036e-15
0.00500059
-7.07734e-15
0.00500059
-4.79984e-15
0.00500059
-2.05645e-15
0.00500059
7.31659e-16
0.00500059
3.3362e-15
0.00500059
5.6317e-15
0.00500059
7.29895e-15
0.00500059
8.48693e-15
0.00500059
8.8991e-15
0.00500059
8.69283e-15
0.00500059
7.96915e-15
0.00500059
6.87542e-15
0.00500059
5.62271e-15
0.00500059
4.2526e-15
0.00500059
2.91213e-15
0.00500059
1.68636e-15
0.00500059
7.78986e-16
0.00500059
2.16711e-16
0.00500059
-1.4562e-16
0.00500059
-3.04047e-16
0.00500059
-2.64612e-16
0.00500059
-7.4703e-17
0.00500059
1.95055e-16
0.00500059
4.07711e-16
0.00500059
6.8783e-16
0.00500059
7.98324e-16
0.00500059
7.95015e-16
0.00500059
8.39954e-16
0.00500059
8.92062e-16
0.00500059
7.86753e-16
0.00500059
4.47042e-16
0.00500059
2.53157e-16
0.00500059
1.6112e-16
0.00500059
-4.95387e-17
0.00500059
-1.00958e-16
0.00500059
-2.00017e-16
0.00500059
-2.68264e-16
0.00500059
-3.24115e-16
0.00500059
-3.76456e-16
0.00500059
-1.87041e-16
0.00500059
6.17811e-18
0.00500059
2.08478e-16
4.07537e-16
0.00500002
1.11881e-07
0.00500011
4.01578e-07
0.00500024
6.54481e-07
0.00500038
7.79209e-07
0.00500049
7.84934e-07
0.00500057
7.24485e-07
0.00500062
6.3994e-07
0.00500066
5.52475e-07
0.00500068
4.70995e-07
0.00500068
3.9874e-07
0.00500068
3.36323e-07
0.00500068
2.8318e-07
0.00500067
2.3831e-07
0.00500067
2.00604e-07
0.00500066
1.68995e-07
0.00500065
1.42517e-07
0.00500064
1.20332e-07
0.00500064
1.01727e-07
0.00500063
8.61042e-08
0.00500063
7.29652e-08
0.00500062
6.18979e-08
0.00500062
5.2561e-08
0.00500061
4.46723e-08
0.00500061
3.79976e-08
0.00500061
3.23431e-08
0.00500061
2.75471e-08
0.0050006
2.3475e-08
0.0050006
2.00145e-08
0.0050006
1.70712e-08
0.0050006
1.4566e-08
0.0050006
1.24323e-08
0.0050006
1.06141e-08
0.0050006
9.0639e-09
0.0050006
7.74171e-09
0.00500059
6.61356e-09
0.00500059
5.65067e-09
0.00500059
4.8286e-09
0.00500059
4.12661e-09
0.00500059
3.52701e-09
0.00500059
3.01478e-09
0.00500059
2.57713e-09
0.00500059
2.20316e-09
0.00500059
1.88356e-09
0.00500059
1.61039e-09
0.00500059
1.37689e-09
0.00500059
1.17729e-09
0.00500059
1.00666e-09
0.00500059
8.60777e-10
0.00500059
7.36054e-10
0.00500059
6.29414e-10
0.00500059
5.38231e-10
0.00500059
4.60266e-10
0.00500059
3.936e-10
0.00500059
3.36594e-10
0.00500059
2.87845e-10
0.00500059
2.46155e-10
0.00500059
2.10504e-10
0.00500059
1.8002e-10
0.00500059
1.53955e-10
0.00500059
1.31665e-10
0.00500059
1.12603e-10
0.00500059
9.62979e-11
0.00500059
8.23532e-11
0.00500059
7.04286e-11
0.00500059
6.02324e-11
0.00500059
5.15133e-11
0.00500059
4.40559e-11
0.00500059
3.76771e-11
0.00500059
3.22212e-11
0.00500059
2.75558e-11
0.00500059
2.35669e-11
0.00500059
2.01561e-11
0.00500059
1.72388e-11
0.00500059
1.47432e-11
0.00500059
1.26087e-11
0.00500059
1.07838e-11
0.00500059
9.22393e-12
0.00500059
7.89024e-12
0.00500059
6.74892e-12
0.00500059
5.7716e-12
0.00500059
4.93476e-12
0.00500059
4.21922e-12
0.00500059
3.60855e-12
0.00500059
3.08806e-12
0.00500059
2.64411e-12
0.00500059
2.26419e-12
0.00500059
1.93793e-12
0.00500059
1.6572e-12
0.00500059
1.41609e-12
0.00500059
1.21018e-12
0.00500059
1.03546e-12
0.00500059
8.87656e-13
0.00500059
7.6215e-13
0.00500059
6.54405e-13
0.00500059
5.60841e-13
0.00500059
4.79106e-13
0.00500059
4.08046e-13
0.00500059
3.47256e-13
0.00500059
2.96281e-13
0.00500059
2.54208e-13
0.00500059
2.19354e-13
0.00500059
1.89803e-13
0.00500059
1.63739e-13
0.00500059
1.40073e-13
0.00500059
1.18475e-13
0.00500059
9.90918e-14
0.00500059
8.24334e-14
0.00500059
6.88286e-14
0.00500059
5.81873e-14
0.00500059
5.02761e-14
0.00500059
4.42854e-14
0.00500059
3.96119e-14
0.00500059
3.57812e-14
0.00500059
3.24143e-14
0.00500059
2.94063e-14
0.00500059
2.66448e-14
0.00500059
2.42191e-14
0.00500059
2.20254e-14
0.00500059
1.99696e-14
0.00500059
1.80298e-14
0.00500059
1.60305e-14
0.00500059
1.40996e-14
0.00500059
1.22284e-14
0.00500059
1.06035e-14
0.00500059
9.3409e-15
0.00500059
8.53487e-15
0.00500059
8.35372e-15
0.00500059
8.75702e-15
0.00500059
9.59331e-15
0.00500059
1.06953e-14
0.00500059
1.18115e-14
0.00500059
1.26589e-14
0.00500059
1.3113e-14
0.00500059
1.30877e-14
0.00500059
1.26149e-14
0.00500059
1.17288e-14
0.00500059
1.05076e-14
0.00500059
9.25079e-15
0.00500059
8.21227e-15
0.00500059
7.4873e-15
0.00500059
7.15622e-15
0.00500059
7.24166e-15
0.00500059
7.59595e-15
0.00500059
7.88615e-15
0.00500059
7.98403e-15
0.00500059
7.67524e-15
0.00500059
6.75536e-15
0.00500059
5.18838e-15
0.00500059
2.94832e-15
0.00500059
1.68702e-16
0.00500059
-2.81806e-15
0.00500059
-5.67996e-15
0.00500059
-8.06442e-15
0.00500059
-9.77889e-15
0.00500059
-1.06266e-14
0.00500059
-1.05104e-14
0.00500059
-9.39615e-15
0.00500059
-7.3478e-15
0.00500059
-4.71244e-15
0.00500059
-1.71493e-15
0.00500059
1.29993e-15
0.00500059
4.07666e-15
0.00500059
6.47769e-15
0.00500059
8.25896e-15
0.00500059
9.35462e-15
0.00500059
9.70249e-15
0.00500059
9.3555e-15
0.00500059
8.54021e-15
0.00500059
7.41429e-15
0.00500059
6.02278e-15
0.00500059
4.54454e-15
0.00500059
3.15981e-15
0.00500059
1.9423e-15
0.00500059
1.00749e-15
0.00500059
4.60921e-16
0.00500059
1.11007e-16
0.00500059
-1.38995e-16
0.00500059
-1.56358e-16
0.00500059
8.42151e-17
0.00500059
3.84824e-16
0.00500059
4.49856e-16
0.00500059
5.44991e-16
0.00500059
8.19026e-16
0.00500059
9.02421e-16
0.00500059
6.93203e-16
0.00500059
6.03944e-16
0.00500059
6.32741e-16
0.00500059
4.64323e-16
0.00500059
1.63063e-16
0.00500059
-4.91497e-17
0.00500059
-2.3255e-16
0.00500059
-3.07092e-16
0.00500059
-3.96109e-16
0.00500059
-4.26065e-16
0.00500059
-4.00147e-16
0.00500059
-3.29172e-16
0.00500059
-9.13742e-17
0.00500059
-1.35892e-16
0.00500059
5.39722e-17
5.46913e-16
0.00500002
9.36688e-08
0.00500008
3.36514e-07
0.00500019
5.52639e-07
0.0050003
6.67143e-07
0.0050004
6.8467e-07
0.00500048
6.44701e-07
0.00500054
5.80826e-07
0.00500058
5.11161e-07
0.0050006
4.43777e-07
0.00500062
3.82022e-07
0.00500063
3.27071e-07
0.00500063
2.79041e-07
0.00500064
2.37543e-07
0.00500063
2.01959e-07
0.00500063
1.71601e-07
0.00500063
1.45782e-07
0.00500062
1.23864e-07
0.00500062
1.05275e-07
0.00500062
8.95136e-08
0.00500061
7.61491e-08
0.00500061
6.48124e-08
0.00500061
5.51907e-08
0.00500061
4.70196e-08
0.0050006
4.00758e-08
0.0050006
3.41712e-08
0.0050006
2.91473e-08
0.0050006
2.48701e-08
0.0050006
2.12268e-08
0.0050006
1.8122e-08
0.0050006
1.54748e-08
0.0050006
1.32169e-08
0.0050006
1.12905e-08
0.00500059
9.64628e-09
0.00500059
8.24263e-09
0.00500059
7.04405e-09
0.00500059
6.02036e-09
0.00500059
5.14589e-09
0.00500059
4.39877e-09
0.00500059
3.76037e-09
0.00500059
3.2148e-09
0.00500059
2.74851e-09
0.00500059
2.34997e-09
0.00500059
2.00928e-09
0.00500059
1.71804e-09
0.00500059
1.46905e-09
0.00500059
1.25618e-09
0.00500059
1.07417e-09
0.00500059
9.18553e-10
0.00500059
7.85492e-10
0.00500059
6.71714e-10
0.00500059
5.74422e-10
0.00500059
4.91228e-10
0.00500059
4.20088e-10
0.00500059
3.59251e-10
0.00500059
3.07224e-10
0.00500059
2.62731e-10
0.00500059
2.24685e-10
0.00500059
1.92152e-10
0.00500059
1.64332e-10
0.00500059
1.4054e-10
0.00500059
1.20192e-10
0.00500059
1.02788e-10
0.00500059
8.7904e-11
0.00500059
7.51774e-11
0.00500059
6.42952e-11
0.00500059
5.49883e-11
0.00500059
4.70274e-11
0.00500059
4.02177e-11
0.00500059
3.43939e-11
0.00500059
2.94143e-11
0.00500059
2.51569e-11
0.00500059
2.15163e-11
0.00500059
1.84025e-11
0.00500059
1.57387e-11
0.00500059
1.34603e-11
0.00500059
1.15121e-11
0.00500059
9.84626e-12
0.00500059
8.42149e-12
0.00500059
7.20227e-12
0.00500059
6.15866e-12
0.00500059
5.26592e-12
0.00500059
4.50334e-12
0.00500059
3.85282e-12
0.00500059
3.29809e-12
0.00500059
2.82414e-12
0.00500059
2.41794e-12
0.00500059
2.06878e-12
0.00500059
1.76855e-12
0.00500059
1.51124e-12
0.00500059
1.29183e-12
0.00500059
1.10562e-12
0.00500059
9.47734e-13
0.00500059
8.1309e-13
0.00500059
6.9722e-13
0.00500059
5.9658e-13
0.00500059
5.09124e-13
0.00500059
4.33824e-13
0.00500059
3.69983e-13
0.00500059
3.16735e-13
0.00500059
2.72415e-13
0.00500059
2.3519e-13
0.00500059
2.03082e-13
0.00500059
1.74478e-13
0.00500059
1.48673e-13
0.00500059
1.25461e-13
0.00500059
1.05239e-13
0.00500059
8.83763e-14
0.00500059
7.48501e-14
0.00500059
6.43248e-14
0.00500059
5.61111e-14
0.00500059
4.95746e-14
0.00500059
4.39881e-14
0.00500059
3.89592e-14
0.00500059
3.44164e-14
0.00500059
3.03979e-14
0.00500059
2.69722e-14
0.00500059
2.41694e-14
0.00500059
2.18745e-14
0.00500059
1.99992e-14
0.00500059
1.83023e-14
0.00500059
1.66283e-14
0.00500059
1.49988e-14
0.00500059
1.33214e-14
0.00500059
1.18139e-14
0.00500059
1.05703e-14
0.00500059
9.81648e-15
0.00500059
9.62121e-15
0.00500059
1.0003e-14
0.00500059
1.07877e-14
0.00500059
1.17984e-14
0.00500059
1.27585e-14
0.00500059
1.35194e-14
0.00500059
1.39002e-14
0.00500059
1.37235e-14
0.00500059
1.31096e-14
0.00500059
1.20375e-14
0.00500059
1.08081e-14
0.00500059
9.525e-15
0.00500059
8.49224e-15
0.00500059
7.86721e-15
0.00500059
7.6743e-15
0.00500059
7.88969e-15
0.00500059
8.23728e-15
0.00500059
8.58212e-15
0.00500059
8.68147e-15
0.00500059
8.26046e-15
0.00500059
7.16606e-15
0.00500059
5.28956e-15
0.00500059
2.70773e-15
0.00500059
-3.4177e-16
0.00500059
-3.50132e-15
0.00500059
-6.45367e-15
0.00500059
-8.96687e-15
0.00500059
-1.06969e-14
0.00500059
-1.14323e-14
0.00500059
-1.10994e-14
0.00500059
-9.65759e-15
0.00500059
-7.40643e-15
0.00500059
-4.50177e-15
0.00500059
-1.32206e-15
0.00500059
1.81754e-15
0.00500059
4.79219e-15
0.00500059
7.20742e-15
0.00500059
9.00029e-15
0.00500059
9.95519e-15
0.00500059
1.0205e-14
0.00500059
9.79852e-15
0.00500059
8.91322e-15
0.00500059
7.73627e-15
0.00500059
6.20751e-15
0.00500059
4.6789e-15
0.00500059
3.3116e-15
0.00500059
2.19174e-15
0.00500059
1.27136e-15
0.00500059
5.71737e-16
0.00500059
2.07882e-16
0.00500059
1.26793e-16
0.00500059
7.09412e-17
0.00500059
1.52514e-16
0.00500059
4.11283e-16
0.00500059
5.59595e-16
0.00500059
5.77145e-16
0.00500059
7.18908e-16
0.00500059
8.65725e-16
0.00500059
6.91142e-16
0.00500059
4.62799e-16
0.00500059
3.63435e-16
0.00500059
2.65961e-16
0.00500059
7.79948e-17
0.00500059
-1.82603e-16
0.00500059
-3.75483e-16
0.00500059
-5.05496e-16
0.00500059
-5.0054e-16
0.00500059
-4.24115e-16
0.00500059
-4.99331e-16
0.00500059
-4.70055e-16
0.00500059
-2.26646e-16
0.00500059
-6.39599e-17
0.00500059
8.94327e-17
4.86301e-16
0.00500001
7.92672e-08
0.00500007
2.85034e-07
0.00500015
4.70348e-07
0.00500024
5.73007e-07
0.00500033
5.95746e-07
0.00500041
5.69641e-07
0.00500047
5.21404e-07
0.00500051
4.66129e-07
0.00500054
4.10845e-07
0.00500057
3.58706e-07
0.00500058
3.11096e-07
0.00500059
2.68505e-07
0.0050006
2.30935e-07
0.0050006
1.98127e-07
0.00500061
1.69681e-07
0.00500061
1.45145e-07
0.00500061
1.24059e-07
0.00500061
1.05983e-07
0.0050006
9.05156e-08
0.0050006
7.72945e-08
0.0050006
6.60022e-08
0.0050006
5.63613e-08
0.0050006
4.81321e-08
0.0050006
4.11084e-08
0.0050006
3.51135e-08
0.0050006
2.99963e-08
0.0050006
2.56277e-08
0.0050006
2.18977e-08
0.0050006
1.87124e-08
0.00500059
1.5992e-08
0.00500059
1.36682e-08
0.00500059
1.1683e-08
0.00500059
9.98683e-09
0.00500059
8.5374e-09
0.00500059
7.29873e-09
0.00500059
6.24006e-09
0.00500059
5.33517e-09
0.00500059
4.56167e-09
0.00500059
3.90042e-09
0.00500059
3.33513e-09
0.00500059
2.85183e-09
0.00500059
2.43862e-09
0.00500059
2.08532e-09
0.00500059
1.78323e-09
0.00500059
1.52492e-09
0.00500059
1.30404e-09
0.00500059
1.11517e-09
0.00500059
9.53663e-10
0.00500059
8.15551e-10
0.00500059
6.97445e-10
0.00500059
5.96447e-10
0.00500059
5.10078e-10
0.00500059
4.36218e-10
0.00500059
3.73052e-10
0.00500059
3.19032e-10
0.00500059
2.72836e-10
0.00500059
2.33331e-10
0.00500059
1.9955e-10
0.00500059
1.7066e-10
0.00500059
1.45952e-10
0.00500059
1.24818e-10
0.00500059
1.06745e-10
0.00500059
9.12898e-11
0.00500059
7.80749e-11
0.00500059
6.67741e-11
0.00500059
5.71082e-11
0.00500059
4.88397e-11
0.00500059
4.17673e-11
0.00500059
3.57193e-11
0.00500059
3.05486e-11
0.00500059
2.61277e-11
0.00500059
2.23471e-11
0.00500059
1.91131e-11
0.00500059
1.63465e-11
0.00500059
1.398e-11
0.00500059
1.19562e-11
0.00500059
1.02256e-11
0.00500059
8.7452e-12
0.00500059
7.47857e-12
0.00500059
6.39488e-12
0.00500059
5.46852e-12
0.00500059
4.67761e-12
0.00500059
4.0028e-12
0.00500059
3.42685e-12
0.00500059
2.93408e-12
0.00500059
2.51133e-12
0.00500059
2.14805e-12
0.00500059
1.83604e-12
0.00500059
1.56909e-12
0.00500059
1.34169e-12
0.00500059
1.14856e-12
0.00500059
9.84302e-13
0.00500059
8.43662e-13
0.00500059
7.224e-13
0.00500059
6.17379e-13
0.00500059
5.26731e-13
0.00500059
4.49328e-13
0.00500059
3.84043e-13
0.00500059
3.29614e-13
0.00500059
2.83965e-13
0.00500059
2.45019e-13
0.00500059
2.10909e-13
0.00500059
1.80419e-13
0.00500059
1.5325e-13
0.00500059
1.29396e-13
0.00500059
1.0917e-13
0.00500059
9.2711e-14
0.00500059
7.96018e-14
0.00500059
6.93981e-14
0.00500059
6.10253e-14
0.00500059
5.37357e-14
0.00500059
4.70626e-14
0.00500059
4.08321e-14
0.00500059
3.52058e-14
0.00500059
3.02767e-14
0.00500059
2.62926e-14
0.00500059
2.33336e-14
0.00500059
2.11173e-14
0.00500059
1.95438e-14
0.00500059
1.8233e-14
0.00500059
1.69472e-14
0.00500059
1.56001e-14
0.00500059
1.41238e-14
0.00500059
1.27894e-14
0.00500059
1.16356e-14
0.00500059
1.09176e-14
0.00500059
1.07235e-14
0.00500059
1.10224e-14
0.00500059
1.16851e-14
0.00500059
1.25955e-14
0.00500059
1.34388e-14
0.00500059
1.40116e-14
0.00500059
1.42006e-14
0.00500059
1.38772e-14
0.00500059
1.31777e-14
0.00500059
1.2023e-14
0.00500059
1.06956e-14
0.00500059
9.47852e-15
0.00500059
8.57631e-15
0.00500059
8.07824e-15
0.00500059
7.99281e-15
0.00500059
8.30848e-15
0.00500059
8.75403e-15
0.00500059
9.13816e-15
0.00500059
9.18727e-15
0.00500059
8.58585e-15
0.00500059
7.24884e-15
0.00500059
5.12729e-15
0.00500059
2.34516e-15
0.00500059
-8.18745e-16
0.00500059
-4.10704e-15
0.00500059
-7.15391e-15
0.00500059
-9.64146e-15
0.00500059
-1.12474e-14
0.00500059
-1.17925e-14
0.00500059
-1.12693e-14
0.00500059
-9.61102e-15
0.00500059
-7.20872e-15
0.00500059
-4.17339e-15
0.00500059
-8.26831e-16
0.00500059
2.36374e-15
0.00500059
5.37648e-15
0.00500059
7.70522e-15
0.00500059
9.35571e-15
0.00500059
1.0278e-14
0.00500059
1.04594e-14
0.00500059
9.99882e-15
0.00500059
9.03037e-15
0.00500059
7.74006e-15
0.00500059
6.23451e-15
0.00500059
4.77365e-15
0.00500059
3.46204e-15
0.00500059
2.2742e-15
0.00500059
1.37747e-15
0.00500059
7.44695e-16
0.00500059
3.85067e-16
0.00500059
3.56577e-16
0.00500059
2.83749e-16
0.00500059
2.49001e-16
0.00500059
4.69481e-16
0.00500059
7.11992e-16
0.00500059
6.50934e-16
0.00500059
5.80387e-16
0.00500059
6.91852e-16
0.00500059
6.62636e-16
0.00500059
4.7098e-16
0.00500059
2.13134e-16
0.00500059
3.97166e-17
0.00500059
-5.62627e-17
0.00500059
-3.31412e-16
0.00500059
-4.74521e-16
0.00500059
-5.86977e-16
0.00500059
-6.67196e-16
0.00500059
-7.08184e-16
0.00500059
-6.13199e-16
0.00500059
-3.75828e-16
0.00500059
-3.06004e-16
0.00500059
-2.01716e-16
0.00500059
1.32327e-17
4.13751e-16
0.00500001
6.74423e-08
0.00500005
2.42722e-07
0.00500012
4.01833e-07
0.0050002
4.926e-07
0.00500028
5.16918e-07
0.00500035
5.00018e-07
0.00500041
4.63506e-07
0.00500046
4.19718e-07
0.00500049
3.7461e-07
0.00500052
3.30995e-07
0.00500054
2.90259e-07
0.00500056
2.53065e-07
0.00500057
2.19647e-07
0.00500058
1.89979e-07
0.00500058
1.63878e-07
0.00500059
1.41071e-07
0.00500059
1.21247e-07
0.00500059
1.04082e-07
0.00500059
8.92661e-08
0.00500059
7.65055e-08
0.00500059
6.55344e-08
0.00500059
5.61142e-08
0.00500059
4.80336e-08
0.00500059
4.11073e-08
0.00500059
3.51738e-08
0.00500059
3.00928e-08
0.00500059
2.57434e-08
0.00500059
2.20209e-08
0.00500059
1.88357e-08
0.00500059
1.61106e-08
0.00500059
1.37793e-08
0.00500059
1.17851e-08
0.00500059
1.00794e-08
0.00500059
8.62037e-09
0.00500059
7.37249e-09
0.00500059
6.30522e-09
0.00500059
5.39241e-09
0.00500059
4.61174e-09
0.00500059
3.94407e-09
0.00500059
3.37306e-09
0.00500059
2.88472e-09
0.00500059
2.46707e-09
0.00500059
2.10989e-09
0.00500059
1.80441e-09
0.00500059
1.54317e-09
0.00500059
1.31974e-09
0.00500059
1.12867e-09
0.00500059
9.65261e-10
0.00500059
8.25506e-10
0.00500059
7.05986e-10
0.00500059
6.03772e-10
0.00500059
5.16358e-10
0.00500059
4.41599e-10
0.00500059
3.77663e-10
0.00500059
3.22982e-10
0.00500059
2.76221e-10
0.00500059
2.36231e-10
0.00500059
2.02032e-10
0.00500059
1.72783e-10
0.00500059
1.47766e-10
0.00500059
1.2637e-10
0.00500059
1.08073e-10
0.00500059
9.24277e-11
0.00500059
7.90495e-11
0.00500059
6.76078e-11
0.00500059
5.78205e-11
0.00500059
4.94483e-11
0.00500059
4.22878e-11
0.00500059
3.61653e-11
0.00500059
3.0931e-11
0.00500059
2.64554e-11
0.00500059
2.26275e-11
0.00500059
1.93526e-11
0.00500059
1.6551e-11
0.00500059
1.41546e-11
0.00500059
1.21053e-11
0.00500059
1.03529e-11
0.00500059
8.85396e-12
0.00500059
7.57164e-12
0.00500059
6.47485e-12
0.00500059
5.53759e-12
0.00500059
4.73734e-12
0.00500059
4.05431e-12
0.00500059
3.47069e-12
0.00500059
2.97094e-12
0.00500059
2.54211e-12
0.00500059
2.17381e-12
0.00500059
1.8581e-12
0.00500059
1.58833e-12
0.00500059
1.35861e-12
0.00500059
1.16313e-12
0.00500059
9.96331e-13
0.00500059
8.53189e-13
0.00500059
7.29675e-13
0.00500059
6.23067e-13
0.00500059
5.3163e-13
0.00500059
4.54149e-13
0.00500059
3.8912e-13
0.00500059
3.34551e-13
0.00500059
2.88289e-13
0.00500059
2.48301e-13
0.00500059
2.13011e-13
0.00500059
1.81612e-13
0.00500059
1.53962e-13
0.00500059
1.30301e-13
0.00500059
1.10797e-13
0.00500059
9.53042e-14
0.00500059
8.30498e-14
0.00500059
7.30519e-14
0.00500059
6.44336e-14
0.00500059
5.64257e-14
0.00500059
4.86941e-14
0.00500059
4.13147e-14
0.00500059
3.4702e-14
0.00500059
2.91701e-14
0.00500059
2.49111e-14
0.00500059
2.18939e-14
0.00500059
1.99352e-14
0.00500059
1.86798e-14
0.00500059
1.77451e-14
0.00500059
1.68328e-14
0.00500059
1.57633e-14
0.00500059
1.45878e-14
0.00500059
1.34262e-14
0.00500059
1.24529e-14
0.00500059
1.18111e-14
0.00500059
1.16094e-14
0.00500059
1.18419e-14
0.00500059
1.24005e-14
0.00500059
1.30363e-14
0.00500059
1.3637e-14
0.00500059
1.40431e-14
0.00500059
1.40536e-14
0.00500059
1.35973e-14
0.00500059
1.27318e-14
0.00500059
1.16422e-14
0.00500059
1.04407e-14
0.00500059
9.3543e-15
0.00500059
8.57639e-15
0.00500059
8.26863e-15
0.00500059
8.32887e-15
0.00500059
8.65542e-15
0.00500059
9.08631e-15
0.00500059
9.35857e-15
0.00500059
9.25744e-15
0.00500059
8.5181e-15
0.00500059
7.00401e-15
0.00500059
4.78283e-15
0.00500059
1.90565e-15
0.00500059
-1.32872e-15
0.00500059
-4.55505e-15
0.00500059
-7.5351e-15
0.00500059
-9.95151e-15
0.00500059
-1.14265e-14
0.00500059
-1.17843e-14
0.00500059
-1.10478e-14
0.00500059
-9.32516e-15
0.00500059
-6.81621e-15
0.00500059
-3.75803e-15
0.00500059
-4.31201e-16
0.00500059
2.79999e-15
0.00500059
5.62872e-15
0.00500059
7.88615e-15
0.00500059
9.43094e-15
0.00500059
1.03045e-14
0.00500059
1.04329e-14
0.00500059
9.88129e-15
0.00500059
8.92697e-15
0.00500059
7.62266e-15
0.00500059
6.18997e-15
0.00500059
4.77661e-15
0.00500059
3.45015e-15
0.00500059
2.33699e-15
0.00500059
1.56461e-15
0.00500059
9.85093e-16
0.00500059
5.69913e-16
0.00500059
4.94144e-16
0.00500059
5.43002e-16
0.00500059
4.66559e-16
0.00500059
5.2773e-16
0.00500059
7.37212e-16
0.00500059
7.9174e-16
0.00500059
7.09915e-16
0.00500059
5.53879e-16
0.00500059
4.57453e-16
0.00500059
3.25e-16
0.00500059
8.42859e-17
0.00500059
-1.49251e-16
0.00500059
-3.36154e-16
0.00500059
-4.68949e-16
0.00500059
-5.95705e-16
0.00500059
-7.88906e-16
0.00500059
-8.63156e-16
0.00500059
-7.51887e-16
0.00500059
-6.4279e-16
0.00500059
-6.2473e-16
0.00500059
-3.20529e-16
0.00500059
-1.62034e-16
0.00500059
4.83645e-17
5.03897e-16
0.00500001
5.74373e-08
0.00500005
2.06867e-07
0.0050001
3.43268e-07
0.00500017
4.22675e-07
0.00500024
4.46552e-07
0.00500031
4.35738e-07
0.00500036
4.07983e-07
0.00500041
3.73316e-07
0.00500045
3.36674e-07
0.00500048
3.00473e-07
0.0050005
2.65994e-07
0.00500052
2.33945e-07
0.00500054
2.04679e-07
0.00500055
1.78314e-07
0.00500056
1.54811e-07
0.00500057
1.34033e-07
0.00500057
1.15784e-07
0.00500058
9.98375e-08
0.00500058
8.59609e-08
0.00500058
7.39249e-08
0.00500058
6.35126e-08
0.00500058
5.45239e-08
0.00500059
4.67772e-08
0.00500059
4.011e-08
0.00500059
3.43781e-08
0.00500059
2.94549e-08
0.00500059
2.52293e-08
0.00500059
2.16046e-08
0.00500059
1.84969e-08
0.00500059
1.58335e-08
0.00500059
1.35518e-08
0.00500059
1.15974e-08
0.00500059
9.92393e-09
0.00500059
8.4912e-09
0.00500059
7.2648e-09
0.00500059
6.21516e-09
0.00500059
5.31689e-09
0.00500059
4.54826e-09
0.00500059
3.8906e-09
0.00500059
3.32793e-09
0.00500059
2.84656e-09
0.00500059
2.43476e-09
0.00500059
2.08249e-09
0.00500059
1.78116e-09
0.00500059
1.52341e-09
0.00500059
1.30295e-09
0.00500059
1.11438e-09
0.00500059
9.53084e-10
0.00500059
8.15129e-10
0.00500059
6.97139e-10
0.00500059
5.96227e-10
0.00500059
5.09921e-10
0.00500059
4.36105e-10
0.00500059
3.72973e-10
0.00500059
3.18979e-10
0.00500059
2.72803e-10
0.00500059
2.33312e-10
0.00500059
1.99537e-10
0.00500059
1.70648e-10
0.00500059
1.4594e-10
0.00500059
1.2481e-10
0.00500059
1.06741e-10
0.00500059
9.12901e-11
0.00500059
7.80771e-11
0.00500059
6.67754e-11
0.00500059
5.71077e-11
0.00500059
4.88385e-11
0.00500059
4.1767e-11
0.00500059
3.57211e-11
0.00500059
3.0552e-11
0.00500059
2.61315e-11
0.00500059
2.23501e-11
0.00500059
1.91147e-11
0.00500059
1.6347e-11
0.00500059
1.39801e-11
0.00500059
1.19563e-11
0.00500059
1.02257e-11
0.00500059
8.74557e-12
0.00500059
7.47936e-12
0.00500059
6.39646e-12
0.00500059
5.47107e-12
0.00500059
4.68065e-12
0.00500059
4.00558e-12
0.00500059
3.42831e-12
0.00500059
2.93377e-12
0.00500059
2.50961e-12
0.00500059
2.14575e-12
0.00500059
1.83431e-12
0.00500059
1.56852e-12
0.00500059
1.34206e-12
0.00500059
1.14901e-12
0.00500059
9.83671e-13
0.00500059
8.41496e-13
0.00500059
7.18965e-13
0.00500059
6.1368e-13
0.00500059
5.24022e-13
0.00500059
4.48281e-13
0.00500059
3.84762e-13
0.00500059
3.31194e-13
0.00500059
2.85255e-13
0.00500059
2.45102e-13
0.00500059
2.09438e-13
0.00500059
1.78028e-13
0.00500059
1.50947e-13
0.00500059
1.2837e-13
0.00500059
1.10285e-13
0.00500059
9.59665e-14
0.00500059
8.46159e-14
0.00500059
7.49613e-14
0.00500059
6.60158e-14
0.00500059
5.72584e-14
0.00500059
4.8586e-14
0.00500059
4.04125e-14
0.00500059
3.31704e-14
0.00500059
2.72488e-14
0.00500059
2.29691e-14
0.00500059
2.01173e-14
0.00500059
1.84778e-14
0.00500059
1.76044e-14
0.00500059
1.69874e-14
0.00500059
1.64399e-14
0.00500059
1.56283e-14
0.00500059
1.47137e-14
0.00500059
1.37479e-14
0.00500059
1.29586e-14
0.00500059
1.24229e-14
0.00500059
1.22214e-14
0.00500059
1.22766e-14
0.00500059
1.26309e-14
0.00500059
1.30914e-14
0.00500059
1.34686e-14
0.00500059
1.36398e-14
0.00500059
1.34331e-14
0.00500059
1.29491e-14
0.00500059
1.2095e-14
0.00500059
1.10442e-14
0.00500059
9.9743e-15
0.00500059
9.07924e-15
0.00500059
8.5194e-15
0.00500059
8.23817e-15
0.00500059
8.3319e-15
0.00500059
8.64765e-15
0.00500059
8.99203e-15
0.00500059
9.24212e-15
0.00500059
8.99784e-15
0.00500059
8.12524e-15
0.00500059
6.53185e-15
0.00500059
4.26037e-15
0.00500059
1.47743e-15
0.00500059
-1.67759e-15
0.00500059
-4.84845e-15
0.00500059
-7.72601e-15
0.00500059
-9.94631e-15
0.00500059
-1.11624e-14
0.00500059
-1.14208e-14
0.00500059
-1.05681e-14
0.00500059
-8.8115e-15
0.00500059
-6.31412e-15
0.00500059
-3.1985e-15
0.00500059
-5.41217e-17
0.00500059
3.06617e-15
0.00500059
5.70895e-15
0.00500059
7.84372e-15
0.00500059
9.30875e-15
0.00500059
1.00612e-14
0.00500059
1.00923e-14
0.00500059
9.50251e-15
0.00500059
8.57306e-15
0.00500059
7.30799e-15
0.00500059
5.95851e-15
0.00500059
4.6755e-15
0.00500059
3.40514e-15
0.00500059
2.34522e-15
0.00500059
1.68822e-15
0.00500059
1.18492e-15
0.00500059
7.64847e-16
0.00500059
6.38089e-16
0.00500059
7.60224e-16
0.00500059
7.00954e-16
0.00500059
6.51842e-16
0.00500059
7.66448e-16
0.00500059
8.04798e-16
0.00500059
7.60377e-16
0.00500059
5.2042e-16
0.00500059
4.00688e-16
0.00500059
2.27423e-16
0.00500059
-1.86131e-16
0.00500059
-3.43995e-16
0.00500059
-5.49528e-16
0.00500059
-7.47008e-16
0.00500059
-8.13862e-16
0.00500059
-8.51529e-16
0.00500059
-9.15656e-16
0.00500059
-9.77112e-16
0.00500059
-8.34452e-16
0.00500059
-6.82909e-16
0.00500059
-3.70173e-16
0.00500059
-2.19935e-16
0.00500059
-8.23934e-17
3.63679e-16
0.00500001
4.87557e-08
0.00500004
1.75705e-07
0.00500009
2.92056e-07
0.00500015
3.60779e-07
0.00500022
3.83081e-07
0.00500028
3.763e-07
0.00500033
3.55105e-07
0.00500037
3.27688e-07
0.00500041
2.98063e-07
0.00500045
2.6825e-07
0.00500047
2.39375e-07
0.00500049
2.12117e-07
0.00500051
1.86869e-07
0.00500053
1.6383e-07
0.00500054
1.43051e-07
0.00500055
1.24488e-07
0.00500056
1.0803e-07
0.00500056
9.35299e-08
0.00500057
8.08185e-08
0.00500057
6.97214e-08
0.00500057
6.00665e-08
0.00500058
5.16898e-08
0.00500058
4.4439e-08
0.00500058
3.81748e-08
0.00500058
3.27715e-08
0.00500058
2.81171e-08
0.00500059
2.41121e-08
0.00500059
2.06693e-08
0.00500059
1.77119e-08
0.00500059
1.51733e-08
0.00500059
1.29953e-08
0.00500059
1.11276e-08
0.00500059
9.52666e-09
0.00500059
8.15478e-09
0.00500059
6.97955e-09
0.00500059
5.97302e-09
0.00500059
5.11115e-09
0.00500059
4.37329e-09
0.00500059
3.7417e-09
0.00500059
3.20112e-09
0.00500059
2.7385e-09
0.00500059
2.34264e-09
0.00500059
2.00392e-09
0.00500059
1.71412e-09
0.00500059
1.4662e-09
0.00500059
1.2541e-09
0.00500059
1.07266e-09
0.00500059
9.17456e-10
0.00500059
7.84694e-10
0.00500059
6.71137e-10
0.00500059
5.74009e-10
0.00500059
4.90933e-10
0.00500059
4.19876e-10
0.00500059
3.59101e-10
0.00500059
3.07123e-10
0.00500059
2.62668e-10
0.00500059
2.24646e-10
0.00500059
1.92126e-10
0.00500059
1.64311e-10
0.00500059
1.40521e-10
0.00500059
1.20177e-10
0.00500059
1.02781e-10
0.00500059
8.79046e-11
0.00500059
7.51812e-11
0.00500059
6.42976e-11
0.00500059
5.49878e-11
0.00500059
4.70259e-11
0.00500059
4.0218e-11
0.00500059
3.43976e-11
0.00500059
2.94206e-11
0.00500059
2.51635e-11
0.00500059
2.15213e-11
0.00500059
1.84051e-11
0.00500059
1.57399e-11
0.00500059
1.34612e-11
0.00500059
1.15132e-11
0.00500059
9.84755e-12
0.00500059
8.42281e-12
0.00500059
7.20381e-12
0.00500059
6.16118e-12
0.00500059
5.26995e-12
0.00500059
4.5084e-12
0.00500059
3.85758e-12
0.00500059
3.30077e-12
0.00500059
2.82376e-12
0.00500059
2.41491e-12
0.00500059
2.06476e-12
0.00500059
1.76547e-12
0.00500059
1.51021e-12
0.00500059
1.29248e-12
0.00500059
1.10637e-12
0.00500059
9.46644e-13
0.00500059
8.09119e-13
0.00500059
6.90813e-13
0.00500059
5.89603e-13
0.00500059
5.0389e-13
0.00500059
4.31786e-13
0.00500059
3.71154e-13
0.00500059
3.19545e-13
0.00500059
2.74789e-13
0.00500059
2.35377e-13
0.00500059
2.00479e-13
0.00500059
1.70111e-13
0.00500059
1.44477e-13
0.00500059
1.23628e-13
0.00500059
1.07343e-13
0.00500059
9.45807e-14
0.00500059
8.40898e-14
0.00500059
7.46802e-14
0.00500059
6.5466e-14
0.00500059
5.61739e-14
0.00500059
4.6865e-14
0.00500059
3.81559e-14
0.00500059
3.07026e-14
0.00500059
2.48522e-14
0.00500059
2.07748e-14
0.00500059
1.8295e-14
0.00500059
1.70266e-14
0.00500059
1.64351e-14
0.00500059
1.60915e-14
0.00500059
1.57283e-14
0.00500059
1.51328e-14
0.00500059
1.44112e-14
0.00500059
1.36606e-14
0.00500059
1.30016e-14
0.00500059
1.25516e-14
0.00500059
1.2359e-14
0.00500059
1.23902e-14
0.00500059
1.25618e-14
0.00500059
1.27671e-14
0.00500059
1.28709e-14
0.00500059
1.28731e-14
0.00500059
1.25202e-14
0.00500059
1.18603e-14
0.00500059
1.10345e-14
0.00500059
1.01107e-14
0.00500059
9.22515e-15
0.00500059
8.47274e-15
0.00500059
8.05703e-15
0.00500059
7.93273e-15
0.00500059
8.12273e-15
0.00500059
8.45617e-15
0.00500059
8.72067e-15
0.00500059
8.79636e-15
0.00500059
8.42963e-15
0.00500059
7.47209e-15
0.00500059
5.88933e-15
0.00500059
3.65673e-15
0.00500059
9.25934e-16
0.00500059
-2.07402e-15
0.00500059
-5.00236e-15
0.00500059
-7.60992e-15
0.00500059
-9.56925e-15
0.00500059
-1.05724e-14
0.00500059
-1.06862e-14
0.00500059
-9.74053e-15
0.00500059
-7.97936e-15
0.00500059
-5.53796e-15
0.00500059
-2.58178e-15
0.00500059
3.60063e-16
0.00500059
3.21053e-15
0.00500059
5.70981e-15
0.00500059
7.64222e-15
0.00500059
8.91995e-15
0.00500059
9.4926e-15
0.00500059
9.44302e-15
0.00500059
8.9114e-15
0.00500059
8.00496e-15
0.00500059
6.80317e-15
0.00500059
5.52215e-15
0.00500059
4.37062e-15
0.00500059
3.29979e-15
0.00500059
2.3569e-15
0.00500059
1.66456e-15
0.00500059
1.28153e-15
0.00500059
1.03935e-15
0.00500059
8.44155e-16
0.00500059
8.9499e-16
0.00500059
9.59171e-16
0.00500059
9.17296e-16
0.00500059
9.05579e-16
0.00500059
8.3985e-16
0.00500059
7.71994e-16
0.00500059
5.04089e-16
0.00500059
2.19473e-16
0.00500059
1.00495e-16
0.00500059
-2.53332e-16
0.00500059
-5.51261e-16
0.00500059
-8.36486e-16
0.00500059
-9.26212e-16
0.00500059
-1.1043e-15
0.00500059
-1.14877e-15
0.00500059
-1.11687e-15
0.00500059
-1.02451e-15
0.00500059
-8.71335e-16
0.00500059
-8.10912e-16
0.00500059
-5.02371e-16
0.00500059
-3.51705e-16
0.00500059
-1.48498e-16
3.47173e-16
0.00500001
4.10561e-08
0.00500004
1.48028e-07
0.00500008
2.46366e-07
0.00500014
3.05071e-07
0.00500019
3.25158e-07
0.00500025
3.21039e-07
0.0050003
3.04819e-07
0.00500034
2.83198e-07
0.00500038
2.59402e-07
0.00500042
2.3508e-07
0.00500044
2.11186e-07
0.00500047
1.8833e-07
0.00500049
1.66899e-07
0.00500051
1.47122e-07
0.00500052
1.29103e-07
0.00500053
1.12856e-07
0.00500054
9.83333e-08
0.00500055
8.54423e-08
0.00500056
7.40671e-08
0.00500056
6.40784e-08
0.00500057
5.5343e-08
0.00500057
4.77297e-08
0.00500057
4.11133e-08
0.00500058
3.53772e-08
0.00500058
3.04144e-08
0.00500058
2.6128e-08
0.00500058
2.24312e-08
0.00500058
1.92469e-08
0.00500058
1.65068e-08
0.00500059
1.41511e-08
0.00500059
1.21274e-08
0.00500059
1.03901e-08
0.00500059
8.89936e-09
0.00500059
7.62088e-09
0.00500059
6.52486e-09
0.00500059
5.58557e-09
0.00500059
4.78085e-09
0.00500059
4.09159e-09
0.00500059
3.50135e-09
0.00500059
2.99599e-09
0.00500059
2.56338e-09
0.00500059
2.1931e-09
0.00500059
1.8762e-09
0.00500059
1.60502e-09
0.00500059
1.37299e-09
0.00500059
1.17445e-09
0.00500059
1.00459e-09
0.00500059
8.59277e-10
0.00500059
7.34967e-10
0.00500059
6.28631e-10
0.00500059
5.37673e-10
0.00500059
4.59867e-10
0.00500059
3.93316e-10
0.00500059
3.36392e-10
0.00500059
2.87706e-10
0.00500059
2.46065e-10
0.00500059
2.10449e-10
0.00500059
1.79985e-10
0.00500059
1.53928e-10
0.00500059
1.31644e-10
0.00500059
1.12587e-10
0.00500059
9.62913e-11
0.00500059
8.23542e-11
0.00500059
7.0433e-11
0.00500059
6.02357e-11
0.00500059
5.15139e-11
0.00500059
4.40558e-11
0.00500059
3.76793e-11
0.00500059
3.22272e-11
0.00500059
2.75642e-11
0.00500059
2.35749e-11
0.00500059
2.01615e-11
0.00500059
1.72417e-11
0.00500059
1.47451e-11
0.00500059
1.26112e-11
0.00500059
1.07873e-11
0.00500059
9.22765e-12
0.00500059
7.89321e-12
0.00500059
6.75116e-12
0.00500059
5.77412e-12
0.00500059
4.93868e-12
0.00500059
4.22454e-12
0.00500059
3.61393e-12
0.00500059
3.09139e-12
0.00500059
2.64394e-12
0.00500059
2.2608e-12
0.00500059
1.93315e-12
0.00500059
1.65337e-12
0.00500059
1.41477e-12
0.00500059
1.21101e-12
0.00500059
1.0364e-12
0.00500059
8.8622e-13
0.00500059
7.56904e-13
0.00500059
6.45939e-13
0.00500059
5.51574e-13
0.00500059
4.71844e-13
0.00500059
4.04866e-13
0.00500059
3.48289e-13
0.00500059
2.99721e-13
0.00500059
2.57235e-13
0.00500059
2.19599e-13
0.00500059
1.86493e-13
0.00500059
1.58128e-13
0.00500059
1.34828e-13
0.00500059
1.16373e-13
0.00500059
1.0203e-13
0.00500059
9.07586e-14
0.00500059
8.11451e-14
0.00500059
7.20142e-14
0.00500059
6.26531e-14
0.00500059
5.2988e-14
0.00500059
4.3547e-14
0.00500059
3.48816e-14
0.00500059
2.76104e-14
0.00500059
2.21889e-14
0.00500059
1.8557e-14
0.00500059
1.65119e-14
0.00500059
1.55334e-14
0.00500059
1.51078e-14
0.00500059
1.49129e-14
0.00500059
1.46273e-14
0.00500059
1.42057e-14
0.00500059
1.36507e-14
0.00500059
1.31016e-14
0.00500059
1.26435e-14
0.00500059
1.23617e-14
0.00500059
1.21607e-14
0.00500059
1.20699e-14
0.00500059
1.20785e-14
0.00500059
1.20403e-14
0.00500059
1.19067e-14
0.00500059
1.15934e-14
0.00500059
1.11433e-14
0.00500059
1.05007e-14
0.00500059
9.73654e-15
0.00500059
8.9595e-15
0.00500059
8.30307e-15
0.00500059
7.82709e-15
0.00500059
7.57046e-15
0.00500059
7.55511e-15
0.00500059
7.71835e-15
0.00500059
7.95139e-15
0.00500059
8.07331e-15
0.00500059
7.98788e-15
0.00500059
7.52399e-15
0.00500059
6.52936e-15
0.00500059
4.98206e-15
0.00500059
2.89717e-15
0.00500059
3.96088e-16
0.00500059
-2.31656e-15
0.00500059
-4.94545e-15
0.00500059
-7.20692e-15
0.00500059
-8.80641e-15
0.00500059
-9.64635e-15
0.00500059
-9.61497e-15
0.00500059
-8.64346e-15
0.00500059
-6.95119e-15
0.00500059
-4.63104e-15
0.00500059
-2.02937e-15
0.00500059
6.98843e-16
0.00500059
3.27345e-15
0.00500059
5.48963e-15
0.00500059
7.12628e-15
0.00500059
8.19027e-15
0.00500059
8.69257e-15
0.00500059
8.6168e-15
0.00500059
8.1152e-15
0.00500059
7.2052e-15
0.00500059
6.12275e-15
0.00500059
5.03197e-15
0.00500059
4.00308e-15
0.00500059
3.05723e-15
0.00500059
2.27566e-15
0.00500059
1.67794e-15
0.00500059
1.38704e-15
0.00500059
1.27007e-15
0.00500059
1.08185e-15
0.00500059
1.07397e-15
0.00500059
1.21492e-15
0.00500059
1.16622e-15
0.00500059
1.04494e-15
0.00500059
9.52318e-16
0.00500059
7.37965e-16
0.00500059
5.00757e-16
0.00500059
9.45171e-17
0.00500059
-2.57691e-16
0.00500059
-4.28138e-16
0.00500059
-6.6403e-16
0.00500059
-1.01962e-15
0.00500059
-1.23471e-15
0.00500059
-1.33122e-15
0.00500059
-1.2196e-15
0.00500059
-1.24914e-15
0.00500059
-1.22173e-15
0.00500059
-1.05154e-15
0.00500059
-9.71781e-16
0.00500059
-6.12483e-16
0.00500059
-2.44463e-16
0.00500059
-1.22342e-16
1.78204e-16
0.00500001
3.40947e-08
0.00500003
1.22975e-07
0.00500007
2.04868e-07
0.00500012
2.54144e-07
0.00500018
2.71656e-07
0.00500023
2.69271e-07
0.00500028
2.56893e-07
0.00500032
2.39958e-07
0.00500036
2.21042e-07
0.00500039
2.01457e-07
0.00500042
1.81986e-07
0.00500045
1.63152e-07
0.00500047
1.4531e-07
0.00500049
1.28685e-07
0.0050005
1.13406e-07
0.00500052
9.95201e-08
0.00500053
8.70175e-08
0.00500054
7.58482e-08
0.00500055
6.59353e-08
0.00500055
5.71859e-08
0.00500056
4.94994e-08
0.00500056
4.27732e-08
0.00500057
3.69071e-08
0.00500057
3.18057e-08
0.00500057
2.73799e-08
0.00500058
2.35482e-08
0.00500058
2.02366e-08
0.00500058
1.73789e-08
0.00500058
1.49161e-08
0.00500058
1.27958e-08
0.00500058
1.09721e-08
0.00500059
9.40493e-09
0.00500059
8.059e-09
0.00500059
6.90379e-09
0.00500059
5.91277e-09
0.00500059
5.06299e-09
0.00500059
4.33459e-09
0.00500059
3.71042e-09
0.00500059
3.17572e-09
0.00500059
2.71778e-09
0.00500059
2.32564e-09
0.00500059
1.98993e-09
0.00500059
1.70256e-09
0.00500059
1.4566e-09
0.00500059
1.24611e-09
0.00500059
1.06599e-09
0.00500059
9.11862e-10
0.00500059
7.79997e-10
0.00500059
6.67186e-10
0.00500059
5.70677e-10
0.00500059
4.88118e-10
0.00500059
4.17493e-10
0.00500059
3.5708e-10
0.00500059
3.05406e-10
0.00500059
2.61209e-10
0.00500059
2.23406e-10
0.00500059
1.91071e-10
0.00500059
1.63413e-10
0.00500059
1.39758e-10
0.00500059
1.19527e-10
0.00500059
1.02227e-10
0.00500059
8.74306e-11
0.00500059
7.47753e-11
0.00500059
6.39499e-11
0.00500059
5.46904e-11
0.00500059
4.6772e-11
0.00500059
4.00017e-11
0.00500059
3.42131e-11
0.00500059
2.9263e-11
0.00500059
2.50282e-11
0.00500059
2.14047e-11
0.00500059
1.83046e-11
0.00500059
1.56536e-11
0.00500059
1.33877e-11
0.00500059
1.14515e-11
0.00500059
9.79646e-12
0.00500059
8.38082e-12
0.00500059
7.16918e-12
0.00500059
6.13189e-12
0.00500059
5.24428e-12
0.00500059
4.48509e-12
0.00500059
3.83598e-12
0.00500059
3.28086e-12
0.00500059
2.80579e-12
0.00500059
2.39918e-12
0.00500059
2.05135e-12
0.00500059
1.75423e-12
0.00500059
1.50084e-12
0.00500059
1.28455e-12
0.00500059
1.09958e-12
0.00500059
9.40775e-13
0.00500059
8.03988e-13
0.00500059
6.86327e-13
0.00500059
5.856e-13
0.00500059
5.00267e-13
0.00500059
4.28456e-13
0.00500059
3.68082e-13
0.00500059
3.16757e-13
0.00500059
2.72194e-13
0.00500059
2.32989e-13
0.00500059
1.98278e-13
0.00500059
1.68069e-13
0.00500059
1.42745e-13
0.00500059
1.22243e-13
0.00500059
1.06416e-13
0.00500059
9.42913e-14
0.00500059
8.44581e-14
0.00500059
7.56136e-14
0.00500059
6.67294e-14
0.00500059
5.75241e-14
0.00500059
4.8e-14
0.00500059
3.88032e-14
0.00500059
3.07077e-14
0.00500059
2.41094e-14
0.00500059
1.93678e-14
0.00500059
1.63712e-14
0.00500059
1.47615e-14
0.00500059
1.40011e-14
0.00500059
1.36405e-14
0.00500059
1.34768e-14
0.00500059
1.32139e-14
0.00500059
1.28655e-14
0.00500059
1.24928e-14
0.00500059
1.21549e-14
0.00500059
1.18617e-14
0.00500059
1.16737e-14
0.00500059
1.15195e-14
0.00500059
1.13629e-14
0.00500059
1.11799e-14
0.00500059
1.08759e-14
0.00500059
1.05646e-14
0.00500059
1.01147e-14
0.00500059
9.54749e-15
0.00500059
8.94868e-15
0.00500059
8.38249e-15
0.00500059
7.88398e-15
0.00500059
7.3936e-15
0.00500059
7.07645e-15
0.00500059
6.89293e-15
0.00500059
6.86232e-15
0.00500059
6.97585e-15
0.00500059
7.04631e-15
0.00500059
7.04175e-15
0.00500059
6.82585e-15
0.00500059
6.31742e-15
0.00500059
5.40209e-15
0.00500059
3.98359e-15
0.00500059
2.10313e-15
0.00500059
-1.25033e-16
0.00500059
-2.43607e-15
0.00500059
-4.61703e-15
0.00500059
-6.53214e-15
0.00500059
-7.81288e-15
0.00500059
-8.48889e-15
0.00500059
-8.33479e-15
0.00500059
-7.37166e-15
0.00500059
-5.86003e-15
0.00500059
-3.74314e-15
0.00500059
-1.42764e-15
0.00500059
9.52194e-16
0.00500059
3.21856e-15
0.00500059
5.12368e-15
0.00500059
6.49249e-15
0.00500059
7.32451e-15
0.00500059
7.72892e-15
0.00500059
7.59988e-15
0.00500059
7.07721e-15
0.00500059
6.30992e-15
0.00500059
5.37451e-15
0.00500059
4.41138e-15
0.00500059
3.49995e-15
0.00500059
2.73582e-15
0.00500059
2.19492e-15
0.00500059
1.7035e-15
0.00500059
1.45571e-15
0.00500059
1.47051e-15
0.00500059
1.40663e-15
0.00500059
1.33756e-15
0.00500059
1.40007e-15
0.00500059
1.39934e-15
0.00500059
1.16347e-15
0.00500059
9.80938e-16
0.00500059
7.54174e-16
0.00500059
4.17486e-16
0.00500059
7.07607e-17
0.00500059
-4.53026e-16
0.00500059
-7.01108e-16
0.00500059
-9.84629e-16
0.00500059
-1.2549e-15
0.00500059
-1.42135e-15
0.00500059
-1.54674e-15
0.00500059
-1.57828e-15
0.00500059
-1.476e-15
0.00500059
-1.2419e-15
0.00500059
-1.12528e-15
0.00500059
-8.85418e-16
0.00500059
-6.92206e-16
0.00500059
-5.71745e-16
0.00500059
-9.28054e-17
2.94e-16
0.00500001
2.76909e-08
0.00500003
9.99071e-08
0.00500007
1.6656e-07
0.00500012
2.06904e-07
0.00500017
2.21641e-07
0.00500021
2.20358e-07
0.00500026
2.11009e-07
0.0050003
1.9793e-07
0.00500034
1.83148e-07
0.00500037
1.67684e-07
0.0050004
1.52161e-07
0.00500043
1.37007e-07
0.00500045
1.22526e-07
0.00500047
1.08927e-07
0.00500049
9.63357e-08
0.0050005
8.48156e-08
0.00500052
7.43801e-08
0.00500053
6.50063e-08
0.00500054
5.6646e-08
0.00500054
4.92345e-08
0.00500055
4.26978e-08
0.00500056
3.69581e-08
0.00500056
3.19369e-08
0.00500057
2.75584e-08
0.00500057
2.37508e-08
0.00500057
2.04474e-08
0.00500058
1.75873e-08
0.00500058
1.51153e-08
0.00500058
1.29818e-08
0.00500058
1.11429e-08
0.00500058
9.55964e-09
0.00500058
8.19774e-09
0.00500059
7.02721e-09
0.00500059
6.02186e-09
0.00500059
5.1589e-09
0.00500059
4.41854e-09
0.00500059
3.78365e-09
0.00500059
3.2394e-09
0.00500059
2.77301e-09
0.00500059
2.37346e-09
0.00500059
2.03124e-09
0.00500059
1.7382e-09
0.00500059
1.48732e-09
0.00500059
1.27255e-09
0.00500059
1.08872e-09
0.00500059
9.31397e-10
0.00500059
7.96771e-10
0.00500059
6.81581e-10
0.00500059
5.83026e-10
0.00500059
4.98706e-10
0.00500059
4.26568e-10
0.00500059
3.64855e-10
0.00500059
3.12064e-10
0.00500059
2.66909e-10
0.00500059
2.28286e-10
0.00500059
1.9525e-10
0.00500059
1.66992e-10
0.00500059
1.42821e-10
0.00500059
1.22149e-10
0.00500059
1.04469e-10
0.00500059
8.93491e-11
0.00500059
7.64168e-11
0.00500059
6.53545e-11
0.00500059
5.5892e-11
0.00500059
4.77992e-11
0.00500059
4.08794e-11
0.00500059
3.49633e-11
0.00500059
2.99046e-11
0.00500059
2.55775e-11
0.00500059
2.1875e-11
0.00500059
1.87068e-11
0.00500059
1.5997e-11
0.00500059
1.36806e-11
0.00500059
1.17014e-11
0.00500059
1.00104e-11
0.00500059
8.56455e-12
0.00500059
7.32732e-12
0.00500059
6.26787e-12
0.00500059
5.36065e-12
0.00500059
4.58432e-12
0.00500059
3.92034e-12
0.00500059
3.35257e-12
0.00500059
2.8669e-12
0.00500059
2.45129e-12
0.00500059
2.09573e-12
0.00500059
1.79188e-12
0.00500059
1.53255e-12
0.00500059
1.31148e-12
0.00500059
1.12273e-12
0.00500059
9.61036e-13
0.00500059
8.21958e-13
0.00500059
7.02036e-13
0.00500059
5.99017e-13
0.00500059
5.11208e-13
0.00500059
4.37035e-13
0.00500059
3.7471e-13
0.00500059
3.22124e-13
0.00500059
2.77091e-13
0.00500059
2.37769e-13
0.00500059
2.02938e-13
0.00500059
1.72219e-13
0.00500059
1.4584e-13
0.00500059
1.24165e-13
0.00500059
1.07106e-13
0.00500059
9.40499e-14
0.00500059
8.39378e-14
0.00500059
7.546e-14
0.00500059
6.74446e-14
0.00500059
5.90717e-14
0.00500059
5.02213e-14
0.00500059
4.13549e-14
0.00500059
3.3046e-14
0.00500059
2.59305e-14
0.00500059
2.04565e-14
0.00500059
1.66519e-14
0.00500059
1.43856e-14
0.00500059
1.31583e-14
0.00500059
1.24967e-14
0.00500059
1.21076e-14
0.00500059
1.17723e-14
0.00500059
1.14429e-14
0.00500059
1.1119e-14
0.00500059
1.08757e-14
0.00500059
1.07252e-14
0.00500059
1.06848e-14
0.00500059
1.06086e-14
0.00500059
1.04728e-14
0.00500059
1.0259e-14
0.00500059
9.91664e-15
0.00500059
9.41632e-15
0.00500059
8.8617e-15
0.00500059
8.30224e-15
0.00500059
7.76448e-15
0.00500059
7.28852e-15
0.00500059
6.8463e-15
0.00500059
6.5258e-15
0.00500059
6.27456e-15
0.00500059
6.12345e-15
0.00500059
6.05058e-15
0.00500059
6.01172e-15
0.00500059
6.00594e-15
0.00500059
5.91618e-15
0.00500059
5.7462e-15
0.00500059
5.45824e-15
0.00500059
4.93602e-15
0.00500059
4.05886e-15
0.00500059
2.79464e-15
0.00500059
1.25364e-15
0.00500059
-5.58777e-16
0.00500059
-2.43001e-15
0.00500059
-4.16563e-15
0.00500059
-5.62719e-15
0.00500059
-6.57817e-15
0.00500059
-7.03807e-15
0.00500059
-6.78755e-15
0.00500059
-5.93025e-15
0.00500059
-4.59021e-15
0.00500059
-2.82568e-15
0.00500059
-8.30762e-16
0.00500059
1.20464e-15
0.00500059
3.06092e-15
0.00500059
4.55053e-15
0.00500059
5.61571e-15
0.00500059
6.3257e-15
0.00500059
6.56614e-15
0.00500059
6.40667e-15
0.00500059
5.89624e-15
0.00500059
5.19932e-15
0.00500059
4.44642e-15
0.00500059
3.69221e-15
0.00500059
2.93783e-15
0.00500059
2.38328e-15
0.00500059
2.05671e-15
0.00500059
1.73527e-15
0.00500059
1.56548e-15
0.00500059
1.62033e-15
0.00500059
1.65207e-15
0.00500059
1.61193e-15
0.00500059
1.65004e-15
0.00500059
1.63426e-15
0.00500059
1.40438e-15
0.00500059
1.06105e-15
0.00500059
7.11541e-16
0.00500059
3.13966e-16
0.00500059
-6.6884e-17
0.00500059
-6.08211e-16
0.00500059
-9.74896e-16
0.00500059
-1.26183e-15
0.00500059
-1.514e-15
0.00500059
-1.70099e-15
0.00500059
-1.75801e-15
0.00500059
-1.80138e-15
0.00500059
-1.70963e-15
0.00500059
-1.47722e-15
0.00500059
-1.34145e-15
0.00500059
-1.04591e-15
0.00500059
-7.90562e-16
0.00500059
-5.88082e-16
0.00500059
-3.16088e-16
1.03489e-16
0.00500001
2.17063e-08
0.00500003
7.83323e-08
0.00500006
1.30662e-07
0.00500011
1.62477e-07
0.00500016
1.74333e-07
0.0050002
1.73716e-07
0.00500025
1.66817e-07
0.00500029
1.56981e-07
0.00500032
1.45765e-07
0.00500036
1.33936e-07
0.00500039
1.21969e-07
0.00500042
1.10202e-07
0.00500044
9.88792e-08
0.00500046
8.81769e-08
0.00500048
7.82089e-08
0.00500049
6.9039e-08
0.00500051
6.06911e-08
0.00500052
5.31587e-08
0.00500053
4.64135e-08
0.00500054
4.04121e-08
0.00500055
3.5102e-08
0.00500055
3.04259e-08
0.00500056
2.63247e-08
0.00500056
2.27404e-08
0.00500057
1.96173e-08
0.00500057
1.6903e-08
0.00500057
1.45494e-08
0.00500058
1.25124e-08
0.00500058
1.07523e-08
0.00500058
9.23375e-09
0.00500058
7.9251e-09
0.00500058
6.79856e-09
0.00500058
5.82968e-09
0.00500059
4.99703e-09
0.00500059
4.28195e-09
0.00500059
3.6682e-09
0.00500059
3.14169e-09
0.00500059
2.6902e-09
0.00500059
2.30319e-09
0.00500059
1.97156e-09
0.00500059
1.68746e-09
0.00500059
1.44414e-09
0.00500059
1.23579e-09
0.00500059
1.0574e-09
0.00500059
9.04703e-10
0.00500059
7.74008e-10
0.00500059
6.62161e-10
0.00500059
5.66453e-10
0.00500059
4.8456e-10
0.00500059
4.1449e-10
0.00500059
3.54539e-10
0.00500059
3.03251e-10
0.00500059
2.59379e-10
0.00500059
2.21851e-10
0.00500059
1.89751e-10
0.00500059
1.62293e-10
0.00500059
1.38805e-10
0.00500059
1.18716e-10
0.00500059
1.01534e-10
0.00500059
8.68396e-11
0.00500059
7.42715e-11
0.00500059
6.35209e-11
0.00500059
5.43245e-11
0.00500059
4.64585e-11
0.00500059
3.9732e-11
0.00500059
3.39812e-11
0.00500059
2.90644e-11
0.00500059
2.48593e-11
0.00500059
2.12615e-11
0.00500059
1.81826e-11
0.00500059
1.55483e-11
0.00500059
1.3296e-11
0.00500059
1.13716e-11
0.00500059
9.7278e-12
0.00500059
8.32304e-12
0.00500059
7.12131e-12
0.00500059
6.09238e-12
0.00500059
5.21097e-12
0.00500059
4.45631e-12
0.00500059
3.81062e-12
0.00500059
3.25855e-12
0.00500059
2.78649e-12
0.00500059
2.3826e-12
0.00500059
2.03696e-12
0.00500059
1.74127e-12
0.00500059
1.48875e-12
0.00500059
1.27346e-12
0.00500059
1.08996e-12
0.00500059
9.33216e-13
0.00500059
7.98726e-13
0.00500059
6.82876e-13
0.00500059
5.83016e-13
0.00500059
4.97314e-13
0.00500059
4.245e-13
0.00500059
3.63168e-13
0.00500059
3.11708e-13
0.00500059
2.68152e-13
0.00500059
2.30454e-13
0.00500059
1.97271e-13
0.00500059
1.67871e-13
0.00500059
1.42167e-13
0.00500059
1.20501e-13
0.00500059
1.02962e-13
0.00500059
8.94657e-14
0.00500059
7.92707e-14
0.00500059
7.12011e-14
0.00500059
6.39897e-14
0.00500059
5.67737e-14
0.00500059
4.91661e-14
0.00500059
4.12057e-14
0.00500059
3.34145e-14
0.00500059
2.65281e-14
0.00500059
2.09079e-14
0.00500059
1.68651e-14
0.00500059
1.41722e-14
0.00500059
1.25756e-14
0.00500059
1.16738e-14
0.00500059
1.09498e-14
0.00500059
1.03467e-14
0.00500059
9.75053e-15
0.00500059
9.2646e-15
0.00500059
8.96442e-15
0.00500059
8.90693e-15
0.00500059
8.97805e-15
0.00500059
9.12143e-15
0.00500059
9.21268e-15
0.00500059
9.1363e-15
0.00500059
8.8322e-15
0.00500059
8.25975e-15
0.00500059
7.58214e-15
0.00500059
6.85463e-15
0.00500059
6.17629e-15
0.00500059
5.63696e-15
0.00500059
5.31445e-15
0.00500059
5.1542e-15
0.00500059
5.07775e-15
0.00500059
5.10044e-15
0.00500059
5.13673e-15
0.00500059
5.10931e-15
0.00500059
5.00624e-15
0.00500059
4.80187e-15
0.00500059
4.53598e-15
0.00500059
4.20173e-15
0.00500059
3.80355e-15
0.00500059
3.26192e-15
0.00500059
2.50557e-15
0.00500059
1.5348e-15
0.00500059
3.67464e-16
0.00500059
-9.49975e-16
0.00500059
-2.21966e-15
0.00500059
-3.46619e-15
0.00500059
-4.47137e-15
0.00500059
-5.07772e-15
0.00500059
-5.30902e-15
0.00500059
-5.02092e-15
0.00500059
-4.3627e-15
0.00500059
-3.22074e-15
0.00500059
-1.76134e-15
0.00500059
-1.87314e-16
0.00500059
1.30266e-15
0.00500059
2.70129e-15
0.00500059
3.846e-15
0.00500059
4.63386e-15
0.00500059
5.12638e-15
0.00500059
5.19013e-15
0.00500059
4.97487e-15
0.00500059
4.59252e-15
0.00500059
4.00567e-15
0.00500059
3.36208e-15
0.00500059
2.83867e-15
0.00500059
2.34484e-15
0.00500059
1.95361e-15
0.00500059
1.83354e-15
0.00500059
1.79256e-15
0.00500059
1.69052e-15
0.00500059
1.7889e-15
0.00500059
1.95725e-15
0.00500059
1.90644e-15
0.00500059
1.86852e-15
0.00500059
1.76367e-15
0.00500059
1.55563e-15
0.00500059
1.1644e-15
0.00500059
6.37764e-16
0.00500059
2.77575e-16
0.00500059
-1.76608e-16
0.00500059
-7.25691e-16
0.00500059
-1.23624e-15
0.00500059
-1.59351e-15
0.00500059
-1.71041e-15
0.00500059
-1.91301e-15
0.00500059
-1.96285e-15
0.00500059
-1.98111e-15
0.00500059
-1.935e-15
0.00500059
-1.71489e-15
0.00500059
-1.54698e-15
0.00500059
-1.18379e-15
0.00500059
-8.07043e-16
0.00500059
-5.97606e-16
0.00500059
-3.55249e-16
2.1495e-17
0.00500001
1.60304e-08
0.00500003
5.78588e-08
0.00500006
9.65496e-08
0.0050001
1.20147e-07
0.00500015
1.29066e-07
0.00500019
1.28822e-07
0.00500024
1.23961e-07
0.00500028
1.16931e-07
0.00500031
1.08858e-07
0.00500035
1.00293e-07
0.00500038
9.15778e-08
0.0050004
8.29594e-08
0.00500043
7.46232e-08
0.00500045
6.67044e-08
0.00500047
5.9295e-08
0.00500049
5.245e-08
0.0050005
4.61945e-08
0.00500051
4.05303e-08
0.00500052
3.5442e-08
0.00500053
3.0902e-08
0.00500054
2.68747e-08
0.00500055
2.33202e-08
0.00500055
2.01965e-08
0.00500056
1.74616e-08
0.00500056
1.50749e-08
0.00500057
1.29978e-08
0.00500057
1.11945e-08
0.00500057
9.63211e-09
0.00500058
8.28091e-09
0.00500058
7.11413e-09
0.00500058
6.10795e-09
0.00500058
5.24125e-09
0.00500058
4.49544e-09
0.00500058
3.85421e-09
0.00500059
3.3033e-09
0.00500059
2.8303e-09
0.00500059
2.4244e-09
0.00500059
2.07625e-09
0.00500059
1.77775e-09
0.00500059
1.52192e-09
0.00500059
1.30272e-09
0.00500059
1.11495e-09
0.00500059
9.54146e-10
0.00500059
8.16457e-10
0.00500059
6.98583e-10
0.00500059
5.97689e-10
0.00500059
5.1134e-10
0.00500059
4.37445e-10
0.00500059
3.7421e-10
0.00500059
3.20102e-10
0.00500059
2.73806e-10
0.00500059
2.34201e-10
0.00500059
2.00321e-10
0.00500059
1.71341e-10
0.00500059
1.46551e-10
0.00500059
1.25345e-10
0.00500059
1.07205e-10
0.00500059
9.16901e-11
0.00500059
7.8421e-11
0.00500059
6.70724e-11
0.00500059
5.73651e-11
0.00500059
4.90609e-11
0.00500059
4.19572e-11
0.00500059
3.58819e-11
0.00500059
3.06876e-11
0.00500059
2.62469e-11
0.00500059
2.24498e-11
0.00500059
1.92014e-11
0.00500059
1.64214e-11
0.00500059
1.40423e-11
0.00500059
1.20076e-11
0.00500059
1.02688e-11
0.00500059
8.78364e-12
0.00500059
7.51506e-12
0.00500059
6.43034e-12
0.00500059
5.5017e-12
0.00500059
4.70608e-12
0.00500059
4.02449e-12
0.00500059
3.44119e-12
0.00500059
2.94255e-12
0.00500059
2.51643e-12
0.00500059
2.15204e-12
0.00500059
1.8401e-12
0.00500059
1.57297e-12
0.00500059
1.34442e-12
0.00500059
1.14929e-12
0.00500059
9.83154e-13
0.00500059
8.41646e-13
0.00500059
7.20679e-13
0.00500059
6.16786e-13
0.00500059
5.27108e-13
0.00500059
4.49747e-13
0.00500059
3.83544e-13
0.00500059
3.2753e-13
0.00500059
2.80494e-13
0.00500059
2.40942e-13
0.00500059
2.07266e-13
0.00500059
1.7791e-13
0.00500059
1.51928e-13
0.00500059
1.28963e-13
0.00500059
1.09005e-13
0.00500059
9.24962e-14
0.00500059
7.955e-14
0.00500059
6.97688e-14
0.00500059
6.2272e-14
0.00500059
5.60261e-14
0.00500059
5.01967e-14
0.00500059
4.40358e-14
0.00500059
3.74433e-14
0.00500059
3.07981e-14
0.00500059
2.46798e-14
0.00500059
1.95852e-14
0.00500059
1.57862e-14
0.00500059
1.32535e-14
0.00500059
1.17728e-14
0.00500059
1.08307e-14
0.00500059
1.00912e-14
0.00500059
9.24015e-15
0.00500059
8.32574e-15
0.00500059
7.48692e-15
0.00500059
6.85816e-15
0.00500059
6.57658e-15
0.00500059
6.63071e-15
0.00500059
6.92755e-15
0.00500059
7.27409e-15
0.00500059
7.48563e-15
0.00500059
7.41488e-15
0.00500059
7.05551e-15
0.00500059
6.36126e-15
0.00500059
5.47248e-15
0.00500059
4.58427e-15
0.00500059
3.92253e-15
0.00500059
3.54311e-15
0.00500059
3.37688e-15
0.00500059
3.48841e-15
0.00500059
3.66436e-15
0.00500059
3.88122e-15
0.00500059
4.02916e-15
0.00500059
3.9621e-15
0.00500059
3.71678e-15
0.00500059
3.32259e-15
0.00500059
2.87374e-15
0.00500059
2.42224e-15
0.00500059
1.9651e-15
0.00500059
1.47266e-15
0.00500059
8.58208e-16
0.00500059
2.40924e-16
0.00500059
-4.22049e-16
0.00500059
-1.15678e-15
0.00500059
-1.89953e-15
0.00500059
-2.64343e-15
0.00500059
-3.11494e-15
0.00500059
-3.40954e-15
0.00500059
-3.51372e-15
0.00500059
-3.26016e-15
0.00500059
-2.67869e-15
0.00500059
-1.80808e-15
0.00500059
-7.86853e-16
0.00500059
3.04801e-16
0.00500059
1.38624e-15
0.00500059
2.34777e-15
0.00500059
3.08515e-15
0.00500059
3.55835e-15
0.00500059
3.77463e-15
0.00500059
3.7695e-15
0.00500059
3.51594e-15
0.00500059
3.15322e-15
0.00500059
2.73361e-15
0.00500059
2.297e-15
0.00500059
1.95744e-15
0.00500059
1.70535e-15
0.00500059
1.53379e-15
0.00500059
1.55121e-15
0.00500059
1.74306e-15
0.00500059
1.83305e-15
0.00500059
1.97874e-15
0.00500059
2.22368e-15
0.00500059
2.21608e-15
0.00500059
2.11436e-15
0.00500059
1.9185e-15
0.00500059
1.67283e-15
0.00500059
1.3395e-15
0.00500059
6.51086e-16
0.00500059
7.80284e-17
0.00500059
-4.28609e-16
0.00500059
-8.58408e-16
0.00500059
-1.36583e-15
0.00500059
-1.86039e-15
0.00500059
-2.09682e-15
0.00500059
-2.23274e-15
0.00500059
-2.2169e-15
0.00500059
-2.13815e-15
0.00500059
-2.05634e-15
0.00500059
-1.75416e-15
0.00500059
-1.55792e-15
0.00500059
-1.38654e-15
0.00500059
-1.01853e-15
0.00500059
-7.60054e-16
0.00500059
-4.58994e-16
-3.92689e-17
0.00500001
1.05719e-08
0.00500003
3.81617e-08
0.00500006
6.36978e-08
0.0050001
7.93056e-08
0.00500014
8.52607e-08
0.00500019
8.51952e-08
0.00500023
8.20969e-08
0.00500027
7.75677e-08
0.0050003
7.23418e-08
0.00500034
6.67744e-08
0.00500037
6.10863e-08
0.0050004
5.54393e-08
0.00500042
4.99568e-08
0.00500044
4.47305e-08
0.00500046
3.98244e-08
0.00500048
3.52784e-08
0.00500049
3.11124e-08
0.00500051
2.73308e-08
0.00500052
2.3926e-08
0.00500053
2.08818e-08
0.00500054
1.81765e-08
0.00500054
1.5785e-08
0.00500055
1.36802e-08
0.00500056
1.18351e-08
0.00500056
1.0223e-08
0.00500057
8.81872e-09
0.00500057
7.59843e-09
0.00500057
6.54037e-09
0.00500058
5.6247e-09
0.00500058
4.83355e-09
0.00500058
4.15094e-09
0.00500058
3.56269e-09
0.00500058
3.0563e-09
0.00500058
2.62077e-09
0.00500059
2.24649e-09
0.00500059
1.92504e-09
0.00500059
1.64914e-09
0.00500059
1.41244e-09
0.00500059
1.20947e-09
0.00500059
1.03549e-09
0.00500059
8.86402e-10
0.00500059
7.58679e-10
0.00500059
6.49284e-10
0.00500059
5.55609e-10
0.00500059
4.7541e-10
0.00500059
4.06761e-10
0.00500059
3.48005e-10
0.00500059
2.97719e-10
0.00500059
2.54685e-10
0.00500059
2.17861e-10
0.00500059
1.86354e-10
0.00500059
1.59401e-10
0.00500059
1.36345e-10
0.00500059
1.16622e-10
0.00500059
9.9749e-11
0.00500059
8.53148e-11
0.00500059
7.29682e-11
0.00500059
6.24088e-11
0.00500059
5.33781e-11
0.00500059
4.56539e-11
0.00500059
3.90462e-11
0.00500059
3.33932e-11
0.00500059
2.85578e-11
0.00500059
2.4423e-11
0.00500059
2.08883e-11
0.00500059
1.78665e-11
0.00500059
1.52819e-11
0.00500059
1.30701e-11
0.00500059
1.11769e-11
0.00500059
9.55691e-12
0.00500059
8.17219e-12
0.00500059
6.98968e-12
0.00500059
5.97992e-12
0.00500059
5.11706e-12
0.00500059
4.3784e-12
0.00500059
3.74532e-12
0.00500059
3.20262e-12
0.00500059
2.73796e-12
0.00500059
2.3409e-12
0.00500059
2.00197e-12
0.00500059
1.71256e-12
0.00500059
1.46495e-12
0.00500059
1.25274e-12
0.00500059
1.07062e-12
0.00500059
9.14712e-13
0.00500059
7.81753e-13
0.00500059
6.68749e-13
0.00500059
5.72611e-13
0.00500059
4.90406e-13
0.00500059
4.19638e-13
0.00500059
3.58426e-13
0.00500059
3.0564e-13
0.00500059
2.6052e-13
0.00500059
2.22499e-13
0.00500059
1.90721e-13
0.00500059
1.64041e-13
0.00500059
1.41156e-13
0.00500059
1.20969e-13
0.00500059
1.02974e-13
0.00500059
8.70924e-14
0.00500059
7.35842e-14
0.00500059
6.26483e-14
0.00500059
5.43031e-14
0.00500059
4.81388e-14
0.00500059
4.33403e-14
0.00500059
3.90165e-14
0.00500059
3.44843e-14
0.00500059
2.95951e-14
0.00500059
2.4455e-14
0.00500059
1.94977e-14
0.00500059
1.53656e-14
0.00500059
1.2359e-14
0.00500059
1.06297e-14
0.00500059
9.79271e-15
0.00500059
9.40113e-15
0.00500059
9.0536e-15
0.00500059
8.34109e-15
0.00500059
7.33588e-15
0.00500059
6.11252e-15
0.00500059
5.0074e-15
0.00500059
4.2127e-15
0.00500059
3.95934e-15
0.00500059
4.1819e-15
0.00500059
4.69915e-15
0.00500059
5.22612e-15
0.00500059
5.52844e-15
0.00500059
5.50865e-15
0.00500059
5.05177e-15
0.00500059
4.2044e-15
0.00500059
3.24177e-15
0.00500059
2.36417e-15
0.00500059
1.71039e-15
0.00500059
1.43306e-15
0.00500059
1.48819e-15
0.00500059
1.79834e-15
0.00500059
2.17309e-15
0.00500059
2.5509e-15
0.00500059
2.74069e-15
0.00500059
2.64985e-15
0.00500059
2.25802e-15
0.00500059
1.696e-15
0.00500059
1.11562e-15
0.00500059
5.47346e-16
0.00500059
1.44268e-17
0.00500059
-4.26092e-16
0.00500059
-7.85085e-16
0.00500059
-9.9201e-16
0.00500059
-1.19525e-15
0.00500059
-1.35187e-15
0.00500059
-1.50224e-15
0.00500059
-1.71139e-15
0.00500059
-1.73641e-15
0.00500059
-1.78456e-15
0.00500059
-1.66909e-15
0.00500059
-1.42419e-15
0.00500059
-1.04727e-15
0.00500059
-4.60653e-16
0.00500059
1.98446e-16
0.00500059
7.90658e-16
0.00500059
1.40209e-15
0.00500059
1.95391e-15
0.00500059
2.25713e-15
0.00500059
2.42097e-15
0.00500059
2.45417e-15
0.00500059
2.26269e-15
0.00500059
1.96445e-15
0.00500059
1.67185e-15
0.00500059
1.38339e-15
0.00500059
1.14941e-15
0.00500059
1.04418e-15
0.00500059
1.05015e-15
0.00500059
1.17027e-15
0.00500059
1.36118e-15
0.00500059
1.68968e-15
0.00500059
1.99172e-15
0.00500059
2.17202e-15
0.00500059
2.36599e-15
0.00500059
2.47377e-15
0.00500059
2.37389e-15
0.00500059
2.08148e-15
0.00500059
1.69441e-15
0.00500059
1.3101e-15
0.00500059
7.64705e-16
0.00500059
6.86662e-17
0.00500059
-6.39203e-16
0.00500059
-1.14004e-15
0.00500059
-1.57163e-15
0.00500059
-1.99054e-15
0.00500059
-2.36196e-15
0.00500059
-2.45145e-15
0.00500059
-2.49379e-15
0.00500059
-2.50645e-15
0.00500059
-2.28416e-15
0.00500059
-2.10587e-15
0.00500059
-1.92482e-15
0.00500059
-1.5707e-15
0.00500059
-9.68823e-16
0.00500059
-7.16329e-16
0.00500059
-6.20436e-16
-1.87575e-16
0.00500001
5.25217e-09
0.00500002
1.89601e-08
0.00500006
3.16523e-08
0.0050001
3.94194e-08
0.00500014
4.23991e-08
0.00500018
4.23942e-08
0.00500022
4.08862e-08
0.00500026
3.86675e-08
0.0050003
3.61002e-08
0.00500033
3.33587e-08
0.00500036
3.05509e-08
0.00500039
2.77569e-08
0.00500042
2.50383e-08
0.00500044
2.24413e-08
0.00500046
1.99986e-08
0.00500047
1.77312e-08
0.00500049
1.56498e-08
0.0050005
1.37577e-08
0.00500052
1.20518e-08
0.00500053
1.05247e-08
0.00500053
9.16609e-09
0.00500054
7.96386e-09
0.00500055
6.9049e-09
0.00500056
5.97585e-09
0.00500056
5.1636e-09
0.00500056
4.45558e-09
0.00500057
3.84003e-09
0.00500057
3.30606e-09
0.00500057
2.84376e-09
0.00500058
2.44418e-09
0.00500058
2.09932e-09
0.00500058
1.80205e-09
0.00500058
1.54609e-09
0.00500058
1.3259e-09
0.00500058
1.13664e-09
0.00500059
9.7407e-10
0.00500059
8.34515e-10
0.00500059
7.14778e-10
0.00500059
6.12094e-10
0.00500059
5.24066e-10
0.00500059
4.48628e-10
0.00500059
3.83995e-10
0.00500059
3.28634e-10
0.00500059
2.81227e-10
0.00500059
2.40639e-10
0.00500059
2.05896e-10
0.00500059
1.76157e-10
0.00500059
1.50703e-10
0.00500059
1.28919e-10
0.00500059
1.10279e-10
0.00500059
9.43321e-11
0.00500059
8.06908e-11
0.00500059
6.90213e-11
0.00500059
5.90374e-11
0.00500059
5.04952e-11
0.00500059
4.31874e-11
0.00500059
3.69372e-11
0.00500059
3.15923e-11
0.00500059
2.70214e-11
0.00500059
2.31116e-11
0.00500059
1.97663e-11
0.00500059
1.6904e-11
0.00500059
1.44561e-11
0.00500059
1.23635e-11
0.00500059
1.0575e-11
0.00500059
9.04584e-12
0.00500059
7.73733e-12
0.00500059
6.61675e-12
0.00500059
5.6574e-12
0.00500059
4.83705e-12
0.00500059
4.13662e-12
0.00500059
3.53914e-12
0.00500059
3.02891e-12
0.00500059
2.59224e-12
0.00500059
2.21747e-12
0.00500059
1.89559e-12
0.00500059
1.61959e-12
0.00500059
1.38378e-12
0.00500059
1.18309e-12
0.00500059
1.01244e-12
0.00500059
8.6694e-13
0.00500059
7.42132e-13
0.00500059
6.3465e-13
0.00500059
5.42009e-13
0.00500059
4.6259e-13
0.00500059
3.95011e-13
0.00500059
3.3787e-13
0.00500059
2.89456e-13
0.00500059
2.48034e-13
0.00500059
2.12246e-13
0.00500059
1.8107e-13
0.00500059
1.54081e-13
0.00500059
1.31147e-13
0.00500059
1.12033e-13
0.00500059
9.61823e-14
0.00500059
8.29042e-14
0.00500059
7.13546e-14
0.00500059
6.09949e-14
0.00500059
5.16903e-14
0.00500059
4.34797e-14
0.00500059
3.66352e-14
0.00500059
3.14045e-14
0.00500059
2.77462e-14
0.00500059
2.51029e-14
0.00500059
2.28166e-14
0.00500059
2.0415e-14
0.00500059
1.75052e-14
0.00500059
1.41784e-14
0.00500059
1.07784e-14
0.00500059
7.87116e-15
0.00500059
6.04586e-15
0.00500059
5.31616e-15
0.00500059
5.581e-15
0.00500059
6.32584e-15
0.00500059
6.94606e-15
0.00500059
7.19958e-15
0.00500059
6.41983e-15
0.00500059
5.21221e-15
0.00500059
3.62178e-15
0.00500059
2.23962e-15
0.00500059
1.41027e-15
0.00500059
1.22229e-15
0.00500059
1.60178e-15
0.00500059
2.33887e-15
0.00500059
3.06262e-15
0.00500059
3.52835e-15
0.00500059
3.51349e-15
0.00500059
2.92155e-15
0.00500059
1.92519e-15
0.00500059
7.82844e-16
0.00500059
-7.93979e-17
0.00500059
-6.47092e-16
0.00500059
-7.96574e-16
0.00500059
-5.04261e-16
0.00500059
1.20278e-16
0.00500059
7.55022e-16
0.00500059
1.20903e-15
0.00500059
1.41835e-15
0.00500059
1.21926e-15
0.00500059
6.84077e-16
0.00500059
-5.58053e-17
0.00500059
-7.72051e-16
0.00500059
-1.47487e-15
0.00500059
-2.06494e-15
0.00500059
-2.35894e-15
0.00500059
-2.45841e-15
0.00500059
-2.1946e-15
0.00500059
-1.81792e-15
0.00500059
-1.41488e-15
0.00500059
-1.00471e-15
0.00500059
-6.51122e-16
0.00500059
-2.34121e-16
0.00500059
1.3326e-18
0.00500059
2.05696e-16
0.00500059
4.40709e-16
0.00500059
6.4013e-16
0.00500059
8.27952e-16
0.00500059
1.0579e-15
0.00500059
1.22616e-15
0.00500059
1.34257e-15
0.00500059
1.43785e-15
0.00500059
1.35579e-15
0.00500059
1.19809e-15
0.00500059
1.0425e-15
0.00500059
7.51011e-16
0.00500059
4.44723e-16
0.00500059
2.32277e-16
0.00500059
6.89205e-17
0.00500059
-1.86828e-17
0.00500059
1.00888e-16
0.00500059
3.55589e-16
0.00500059
7.52543e-16
0.00500059
1.19614e-15
0.00500059
1.65193e-15
0.00500059
2.10046e-15
0.00500059
2.40562e-15
0.00500059
2.55664e-15
0.00500059
2.6282e-15
0.00500059
2.56514e-15
0.00500059
2.25194e-15
0.00500059
1.82067e-15
0.00500059
1.29532e-15
0.00500059
7.39962e-16
0.00500059
6.56676e-17
0.00500059
-6.92266e-16
0.00500059
-1.40771e-15
0.00500059
-1.88625e-15
0.00500059
-2.16711e-15
0.00500059
-2.59602e-15
0.00500059
-2.87989e-15
0.00500059
-2.76629e-15
0.00500059
-2.81914e-15
0.00500059
-2.58132e-15
0.00500059
-1.98161e-15
0.00500059
-1.90561e-15
0.00500059
-1.88735e-15
0.00500059
-1.31764e-15
0.00500059
-7.25696e-16
0.00500059
-6.34111e-16
-3.08891e-16
0.00500001
0.00500002
0.00500006
0.0050001
0.00500014
0.00500018
0.00500022
0.00500026
0.0050003
0.00500033
0.00500036
0.00500039
0.00500041
0.00500043
0.00500045
0.00500047
0.00500049
0.0050005
0.00500051
0.00500052
0.00500053
0.00500054
0.00500055
0.00500055
0.00500056
0.00500056
0.00500057
0.00500057
0.00500057
0.00500058
0.00500058
0.00500058
0.00500058
0.00500058
0.00500058
0.00500059
0.00500059
0.00500059
0.00500059
0.00500059
0.00500059
0.00500059
0.00500059
0.00500059
0.00500059
0.00500059
0.00500059
0.00500059
0.00500059
0.00500059
0.00500059
0.00500059
0.00500059
0.00500059
0.00500059
0.00500059
0.00500059
0.00500059
0.00500059
0.00500059
0.00500059
0.00500059
0.00500059
0.00500059
0.00500059
0.00500059
0.00500059
0.00500059
0.00500059
0.00500059
0.00500059
0.00500059
0.00500059
0.00500059
0.00500059
0.00500059
0.00500059
0.00500059
0.00500059
0.00500059
0.00500059
0.00500059
0.00500059
0.00500059
0.00500059
0.00500059
0.00500059
0.00500059
0.00500059
0.00500059
0.00500059
0.00500059
0.00500059
0.00500059
0.00500059
0.00500059
0.00500059
0.00500059
0.00500059
0.00500059
0.00500059
0.00500059
0.00500059
0.00500059
0.00500059
0.00500059
0.00500059
0.00500059
0.00500059
0.00500059
0.00500059
0.00500059
0.00500059
0.00500059
0.00500059
0.00500059
0.00500059
0.00500059
0.00500059
0.00500059
0.00500059
0.00500059
0.00500059
0.00500059
0.00500059
0.00500059
0.00500059
0.00500059
0.00500059
0.00500059
0.00500059
0.00500059
0.00500059
0.00500059
0.00500059
0.00500059
0.00500059
0.00500059
0.00500059
0.00500059
0.00500059
0.00500059
0.00500059
0.00500059
0.00500059
0.00500059
0.00500059
0.00500059
0.00500059
0.00500059
0.00500059
0.00500059
0.00500059
0.00500059
0.00500059
0.00500059
0.00500059
0.00500059
0.00500059
0.00500059
0.00500059
0.00500059
0.00500059
0.00500059
0.00500059
0.00500059
0.00500059
0.00500059
0.00500059
0.00500059
0.00500059
0.00500059
0.00500059
0.00500059
0.00500059
0.00500059
0.00500059
0.00500059
0.00500059
0.00500059
0.00500059
0.00500059
0.00500059
0.00500059
0.00500059
0.00500059
0.00500059
0.00500059
0.00500059
0.00500059
0.00500059
0.00500059
0.00500059
0.00500059
0.00500059
0.00500059
0.00500059
0.00500059
0.00500059
)
;

boundaryField
{
    inlet
    {
        type            calculated;
        value           nonuniform List<scalar> 
20
(
-0.005
-0.005
-0.005
-0.005
-0.005
-0.005
-0.005
-0.005
-0.005
-0.005
-0.005
-0.005
-0.005
-0.005
-0.005
-0.005
-0.005
-0.005
-0.005
-0.005
)
;
    }
    outlet
    {
        type            calculated;
        value           nonuniform List<scalar> 
20
(
0.00498877
0.00500058
0.00500059
0.00500059
0.00500059
0.00500059
0.00500059
0.00500059
0.00500059
0.00500059
0.00500059
0.00500059
0.00500059
0.00500059
0.00500059
0.00500059
0.00500059
0.00500059
0.00500059
0.00500059
)
;
    }
    top
    {
        type            calculated;
        value           uniform 0;
    }
    bottom
    {
        type            calculated;
        value           uniform 0;
    }
    frontAndBack
    {
        type            empty;
    }
}


// ************************************************************************* //
