/*--------------------------------*- C++ -*----------------------------------*\
  =========                 |
  \\      /  F ield         | OpenFOAM: The Open Source CFD Toolbox
   \\    /   O peration     | Website:  https://openfoam.org
    \\  /    A nd           | Version:  dev
     \\/     M anipulation  |
\*---------------------------------------------------------------------------*/
FoamFile
{
    format      ascii;
    class       volVectorField;
    location    "0.2";
    object      U;
}
// * * * * * * * * * * * * * * * * * * * * * * * * * * * * * * * * * * * * * //

dimensions      [0 1 -1 0 0 0 0];

internalField   nonuniform List<vector> 
4000
(
(0.999693 0.000152325 0)
(0.999428 0.000386317 0)
(0.99915 0.000395956 0)
(0.998743 0.00029552 0)
(0.99838 0.000197639 0)
(0.99816 0.000123673 0)
(0.998036 7.287e-05 0)
(0.997957 4.2414e-05 0)
(0.997905 2.57443e-05 0)
(0.99787 1.66331e-05 0)
(0.997845 1.14084e-05 0)
(0.997827 8.23754e-06 0)
(0.997813 6.19591e-06 0)
(0.997803 4.80298e-06 0)
(0.997794 3.80487e-06 0)
(0.997788 3.06204e-06 0)
(0.997782 2.4932e-06 0)
(0.997778 2.04817e-06 0)
(0.997774 1.69427e-06 0)
(0.997771 1.40927e-06 0)
(0.997768 1.17746e-06 0)
(0.997766 9.87391e-07 0)
(0.997764 8.30512e-07 0)
(0.997763 7.00325e-07 0)
(0.997762 5.91796e-07 0)
(0.997761 5.00977e-07 0)
(0.99776 4.24733e-07 0)
(0.997759 3.60552e-07 0)
(0.997758 3.064e-07 0)
(0.997758 2.60621e-07 0)
(0.997757 2.21854e-07 0)
(0.997757 1.88981e-07 0)
(0.997756 1.61071e-07 0)
(0.997756 1.37349e-07 0)
(0.997756 1.17169e-07 0)
(0.997756 9.99892e-08 0)
(0.997755 8.53552e-08 0)
(0.997755 7.28821e-08 0)
(0.997755 6.22454e-08 0)
(0.997755 5.3171e-08 0)
(0.997755 4.54272e-08 0)
(0.997755 3.88167e-08 0)
(0.997755 3.3172e-08 0)
(0.997755 2.8351e-08 0)
(0.997755 2.42331e-08 0)
(0.997755 2.07152e-08 0)
(0.997755 1.77091e-08 0)
(0.997755 1.51398e-08 0)
(0.997755 1.29436e-08 0)
(0.997754 1.10666e-08 0)
(0.997754 9.46247e-09 0)
(0.997754 8.0913e-09 0)
(0.997754 6.91879e-09 0)
(0.997754 5.91597e-09 0)
(0.997754 5.05847e-09 0)
(0.997754 4.32555e-09 0)
(0.997754 3.69916e-09 0)
(0.997754 3.16359e-09 0)
(0.997754 2.70546e-09 0)
(0.997754 2.31355e-09 0)
(0.997754 1.97844e-09 0)
(0.997754 1.69198e-09 0)
(0.997754 1.44702e-09 0)
(0.997754 1.2374e-09 0)
(0.997754 1.05804e-09 0)
(0.997754 9.04668e-10 0)
(0.997754 7.737e-10 0)
(0.997754 6.61849e-10 0)
(0.997754 5.66145e-10 0)
(0.997754 4.84136e-10 0)
(0.997754 4.13851e-10 0)
(0.997754 3.53757e-10 0)
(0.997754 3.02574e-10 0)
(0.997754 2.59012e-10 0)
(0.997754 2.21768e-10 0)
(0.997754 1.89722e-10 0)
(0.997754 1.62076e-10 0)
(0.997754 1.38322e-10 0)
(0.997754 1.18125e-10 0)
(0.997754 1.01112e-10 0)
(0.997754 8.67709e-11 0)
(0.997754 7.45264e-11 0)
(0.997754 6.38995e-11 0)
(0.997754 5.45801e-11 0)
(0.997754 4.6446e-11 0)
(0.997754 3.95058e-11 0)
(0.997754 3.37215e-11 0)
(0.997754 2.89621e-11 0)
(0.997754 2.4982e-11 0)
(0.997754 2.1523e-11 0)
(0.997754 1.84322e-11 0)
(0.997754 1.56616e-11 0)
(0.997754 1.32558e-11 0)
(0.997754 1.12678e-11 0)
(0.997754 9.68887e-12 0)
(0.997754 8.43895e-12 0)
(0.997754 7.39554e-12 0)
(0.997754 6.44546e-12 0)
(0.997754 5.52128e-12 0)
(0.997754 4.62832e-12 0)
(0.997754 3.8161e-12 0)
(0.997754 3.13894e-12 0)
(0.997754 2.63353e-12 0)
(0.997754 2.27732e-12 0)
(0.997754 2.01231e-12 0)
(0.997754 1.80127e-12 0)
(0.997754 1.59934e-12 0)
(0.997754 1.37652e-12 0)
(0.997754 1.13552e-12 0)
(0.997754 8.97163e-13 0)
(0.997754 6.81315e-13 0)
(0.997754 4.98668e-13 0)
(0.997754 3.71864e-13 0)
(0.997754 3.02116e-13 0)
(0.997754 2.78903e-13 0)
(0.997754 3.05604e-13 0)
(0.997754 3.46559e-13 0)
(0.997754 3.72813e-13 0)
(0.997754 3.78146e-13 0)
(0.997754 3.54865e-13 0)
(0.997754 2.94153e-13 0)
(0.997754 2.14663e-13 0)
(0.997754 1.55624e-13 0)
(0.997754 1.10604e-13 0)
(0.997754 9.65762e-14 0)
(0.997754 1.10918e-13 0)
(0.997754 1.21673e-13 0)
(0.997754 1.20866e-13 0)
(0.997754 9.60792e-14 0)
(0.997754 6.23832e-14 0)
(0.997754 3.22717e-14 0)
(0.997754 7.91479e-15 0)
(0.997754 2.77433e-14 0)
(0.997754 6.15297e-14 0)
(0.997754 1.08035e-13 0)
(0.997754 1.70754e-13 0)
(0.997754 2.43928e-13 0)
(0.997754 3.02295e-13 0)
(0.997754 3.28813e-13 0)
(0.997754 3.11527e-13 0)
(0.997754 2.76328e-13 0)
(0.997754 2.15452e-13 0)
(0.997754 1.33279e-13 0)
(0.997754 6.0129e-14 0)
(0.997754 2.26268e-14 0)
(0.997754 2.19565e-14 0)
(0.997754 6.41406e-14 0)
(0.997754 1.41762e-13 0)
(0.997754 2.2496e-13 0)
(0.997754 2.98553e-13 0)
(0.997754 3.39412e-13 0)
(0.997754 3.2533e-13 0)
(0.997754 3.04226e-13 0)
(0.997754 2.54097e-13 0)
(0.997754 1.71489e-13 0)
(0.997754 5.7675e-14 0)
(0.997754 -6.81647e-14 0)
(0.997754 -1.84903e-13 0)
(0.997754 -2.71659e-13 0)
(0.997754 -3.14614e-13 0)
(0.997754 -3.20128e-13 0)
(0.997754 -2.94275e-13 0)
(0.997754 -2.44389e-13 0)
(0.997754 -1.65798e-13 0)
(0.997754 -8.54746e-14 0)
(0.997754 -1.33071e-14 0)
(0.997754 3.80952e-14 0)
(0.997754 5.75738e-14 0)
(0.997754 6.62349e-14 0)
(0.997754 4.82217e-14 0)
(0.997754 3.18182e-14 0)
(0.997754 4.39346e-15 0)
(0.997754 -4.77471e-14 0)
(0.997754 -9.69231e-14 0)
(0.997754 -1.34655e-13 0)
(0.997754 -1.6072e-13 0)
(0.997754 -1.57006e-13 0)
(0.997754 -1.29792e-13 0)
(0.997754 -1.11572e-13 0)
(0.997754 -7.61369e-14 0)
(0.997754 -1.35584e-14 0)
(0.997754 4.55522e-14 0)
(0.997754 1.06995e-13 0)
(0.997754 1.66291e-13 0)
(0.997754 1.9152e-13 0)
(0.997754 1.99714e-13 0)
(0.997754 2.18518e-13 0)
(0.997754 2.49357e-13 0)
(0.997754 2.46628e-13 0)
(0.997754 2.14998e-13 0)
(0.997754 1.79789e-13 0)
(0.997754 1.51529e-13 0)
(0.997754 1.18123e-13 0)
(0.997754 8.67738e-14 0)
(0.997754 5.15137e-14 0)
(0.997754 1.55209e-14 0)
(0.997754 -1.38634e-14 0)
(0.997754 1.18978e-14 0)
(0.997754 -3.55384e-15 0)
(0.997754 -1.47608e-14 0)
(0.999989 0.000179693 0)
(1.0001 0.000472371 0)
(1.00026 0.000508355 0)
(1.00035 0.000403722 0)
(1.00035 0.000291444 0)
(1.00032 0.000200204 0)
(1.0003 0.000131903 0)
(1.00027 8.65733e-05 0)
(1.00024 5.8676e-05 0)
(1.00022 4.14185e-05 0)
(1.0002 3.03002e-05 0)
(1.00018 2.28424e-05 0)
(1.00017 1.76489e-05 0)
(1.00016 1.39035e-05 0)
(1.00016 1.11202e-05 0)
(1.00015 9.00095e-06 0)
(1.00014 7.35515e-06 0)
(1.00014 6.05635e-06 0)
(1.00014 5.01788e-06 0)
(1.00013 4.1786e-06 0)
(1.00013 3.49426e-06 0)
(1.00013 2.93215e-06 0)
(1.00013 2.46758e-06 0)
(1.00013 2.08166e-06 0)
(1.00012 1.75968e-06 0)
(1.00012 1.49006e-06 0)
(1.00012 1.26359e-06 0)
(1.00012 1.07287e-06 0)
(1.00012 9.11884e-07 0)
(1.00012 7.75748e-07 0)
(1.00012 6.60438e-07 0)
(1.00012 5.62635e-07 0)
(1.00012 4.7958e-07 0)
(1.00012 4.08978e-07 0)
(1.00012 3.4891e-07 0)
(1.00012 2.9777e-07 0)
(1.00012 2.54201e-07 0)
(1.00012 2.17062e-07 0)
(1.00012 1.85388e-07 0)
(1.00012 1.58366e-07 0)
(1.00012 1.35305e-07 0)
(1.00012 1.15618e-07 0)
(1.00012 9.8807e-08 0)
(1.00012 8.44489e-08 0)
(1.00012 7.2184e-08 0)
(1.00012 6.17052e-08 0)
(1.00012 5.27507e-08 0)
(1.00012 4.50977e-08 0)
(1.00012 3.85567e-08 0)
(1.00012 3.29661e-08 0)
(1.00012 2.81877e-08 0)
(1.00012 2.41026e-08 0)
(1.00012 2.06094e-08 0)
(1.00012 1.76224e-08 0)
(1.00012 1.50688e-08 0)
(1.00012 1.2886e-08 0)
(1.00012 1.10201e-08 0)
(1.00012 9.42436e-09 0)
(1.00012 8.05941e-09 0)
(1.00012 6.89193e-09 0)
(1.00012 5.89366e-09 0)
(1.00012 5.0402e-09 0)
(1.00012 4.31035e-09 0)
(1.00012 3.68597e-09 0)
(1.00012 3.1519e-09 0)
(1.00012 2.69531e-09 0)
(1.00012 2.30515e-09 0)
(1.00012 1.97168e-09 0)
(1.00012 1.68635e-09 0)
(1.00012 1.44203e-09 0)
(1.00012 1.23296e-09 0)
(1.00012 1.05432e-09 0)
(1.00012 9.01875e-10 0)
(1.00012 7.71687e-10 0)
(1.00012 6.60224e-10 0)
(1.00012 5.64548e-10 0)
(1.00012 4.8246e-10 0)
(1.00012 4.12275e-10 0)
(1.00012 3.52584e-10 0)
(1.00012 3.0193e-10 0)
(1.00012 2.58808e-10 0)
(1.00012 2.21793e-10 0)
(1.00012 1.89748e-10 0)
(1.00012 1.61986e-10 0)
(1.00012 1.38094e-10 0)
(1.00012 1.17825e-10 0)
(1.00012 1.00793e-10 0)
(1.00012 8.64728e-11 0)
(1.00012 7.42869e-11 0)
(1.00012 6.37102e-11 0)
(1.00012 5.44657e-11 0)
(1.00012 4.64272e-11 0)
(1.00012 3.95906e-11 0)
(1.00012 3.392e-11 0)
(1.00012 2.92582e-11 0)
(1.00012 2.53666e-11 0)
(1.00012 2.197e-11 0)
(1.00012 1.88841e-11 0)
(1.00012 1.60303e-11 0)
(1.00012 1.34597e-11 0)
(1.00012 1.12636e-11 0)
(1.00012 9.48289e-12 0)
(1.00012 8.10218e-12 0)
(1.00012 7.03894e-12 0)
(1.00012 6.16605e-12 0)
(1.00012 5.38164e-12 0)
(1.00012 4.6092e-12 0)
(1.00012 3.84632e-12 0)
(1.00012 3.13034e-12 0)
(1.00012 2.49567e-12 0)
(1.00012 1.98965e-12 0)
(1.00012 1.6145e-12 0)
(1.00012 1.36092e-12 0)
(1.00012 1.24689e-12 0)
(1.00012 1.21558e-12 0)
(1.00012 1.24059e-12 0)
(1.00012 1.27474e-12 0)
(1.00012 1.28347e-12 0)
(1.00012 1.2407e-12 0)
(1.00012 1.12474e-12 0)
(1.00012 9.70946e-13 0)
(1.00012 7.7017e-13 0)
(1.00012 5.85575e-13 0)
(1.00012 4.45786e-13 0)
(1.00012 3.53673e-13 0)
(1.00012 3.41715e-13 0)
(1.00012 3.5021e-13 0)
(1.00012 3.74494e-13 0)
(1.00012 3.89359e-13 0)
(1.00012 3.83474e-13 0)
(1.00012 3.85288e-13 0)
(1.00012 3.86464e-13 0)
(1.00012 4.12722e-13 0)
(1.00012 4.53056e-13 0)
(1.00012 5.11818e-13 0)
(1.00012 5.80394e-13 0)
(1.00012 6.65002e-13 0)
(1.00012 7.18523e-13 0)
(1.00012 7.45921e-13 0)
(1.00012 7.1461e-13 0)
(1.00012 6.27765e-13 0)
(1.00012 5.02865e-13 0)
(1.00012 3.6693e-13 0)
(1.00012 2.38882e-13 0)
(1.00012 1.5406e-13 0)
(1.00012 1.3788e-13 0)
(1.00012 1.62409e-13 0)
(1.00012 2.27224e-13 0)
(1.00012 3.05664e-13 0)
(1.00012 3.75924e-13 0)
(1.00012 4.0723e-13 0)
(1.00012 3.67262e-13 0)
(1.00012 2.93072e-13 0)
(1.00012 1.55912e-13 0)
(1.00012 -1.35458e-14 0)
(1.00012 -2.01322e-13 0)
(1.00012 -3.70257e-13 0)
(1.00012 -4.9051e-13 0)
(1.00012 -5.57961e-13 0)
(1.00012 -5.60118e-13 0)
(1.00012 -5.00853e-13 0)
(1.00012 -3.85571e-13 0)
(1.00012 -2.19981e-13 0)
(1.00012 -1.95009e-14 0)
(1.00012 1.63147e-13 0)
(1.00012 3.00729e-13 0)
(1.00012 3.90506e-13 0)
(1.00012 4.12905e-13 0)
(1.00012 4.0508e-13 0)
(1.00012 3.58931e-13 0)
(1.00012 2.73803e-13 0)
(1.00012 1.59435e-13 0)
(1.00012 2.84858e-14 0)
(1.00012 -9.78404e-14 0)
(1.00012 -1.82401e-13 0)
(1.00012 -2.08985e-13 0)
(1.00012 -2.34399e-13 0)
(1.00012 -2.37783e-13 0)
(1.00012 -1.973e-13 0)
(1.00012 -1.32803e-13 0)
(1.00012 -2.95473e-14 0)
(1.00012 7.16872e-14 0)
(1.00012 1.49496e-13 0)
(1.00012 2.25182e-13 0)
(1.00012 2.87949e-13 0)
(1.00012 3.25769e-13 0)
(1.00012 3.41518e-13 0)
(1.00012 3.49999e-13 0)
(1.00012 3.18146e-13 0)
(1.00012 2.71064e-13 0)
(1.00012 2.207e-13 0)
(1.00012 1.98005e-13 0)
(1.00012 1.75933e-13 0)
(1.00012 1.37001e-13 0)
(1.00012 6.00969e-14 0)
(1.00012 8.77952e-15 0)
(1.00012 8.81953e-15 0)
(1.00012 -1.39005e-14 0)
(1.00012 -4.46741e-14 0)
(1.00012 -1.01408e-14 0)
(0.999993 6.3997e-05 0)
(1.00006 0.000211282 0)
(1.00018 0.000287523 0)
(1.00026 0.000278967 0)
(1.00029 0.000235229 0)
(1.00028 0.000185862 0)
(1.00026 0.000140734 0)
(1.00024 0.00010445 0)
(1.00022 7.77161e-05 0)
(1.00021 5.85956e-05 0)
(1.00019 4.48651e-05 0)
(1.00018 3.48785e-05 0)
(1.00017 2.75032e-05 0)
(1.00016 2.19631e-05 0)
(1.00015 1.773e-05 0)
(1.00015 1.44444e-05 0)
(1.00014 1.18584e-05 0)
(1.00014 9.79801e-06 0)
(1.00014 8.13913e-06 0)
(1.00013 6.79147e-06 0)
(1.00013 5.68825e-06 0)
(1.00013 4.77926e-06 0)
(1.00013 4.02618e-06 0)
(1.00013 3.39937e-06 0)
(1.00012 2.87556e-06 0)
(1.00012 2.43637e-06 0)
(1.00012 2.06707e-06 0)
(1.00012 1.75577e-06 0)
(1.00012 1.49283e-06 0)
(1.00012 1.27033e-06 0)
(1.00012 1.08176e-06 0)
(1.00012 9.21754e-07 0)
(1.00012 7.85822e-07 0)
(1.00012 6.70235e-07 0)
(1.00012 5.71871e-07 0)
(1.00012 4.88103e-07 0)
(1.00012 4.16723e-07 0)
(1.00012 3.55866e-07 0)
(1.00012 3.03959e-07 0)
(1.00012 2.5967e-07 0)
(1.00012 2.21868e-07 0)
(1.00012 1.89594e-07 0)
(1.00012 1.62033e-07 0)
(1.00012 1.38492e-07 0)
(1.00012 1.18381e-07 0)
(1.00012 1.01197e-07 0)
(1.00012 8.65132e-08 0)
(1.00012 7.39634e-08 0)
(1.00012 6.32373e-08 0)
(1.00012 5.40692e-08 0)
(1.00012 4.6232e-08 0)
(1.00012 3.95313e-08 0)
(1.00012 3.3802e-08 0)
(1.00012 2.89036e-08 0)
(1.00012 2.47162e-08 0)
(1.00012 2.11366e-08 0)
(1.00012 1.80758e-08 0)
(1.00012 1.5458e-08 0)
(1.00012 1.32189e-08 0)
(1.00012 1.13041e-08 0)
(1.00012 9.66686e-09 0)
(1.00012 8.26699e-09 0)
(1.00012 7.06981e-09 0)
(1.00012 6.04582e-09 0)
(1.00012 5.1701e-09 0)
(1.00012 4.42141e-09 0)
(1.00012 3.78136e-09 0)
(1.00012 3.23403e-09 0)
(1.00012 2.76579e-09 0)
(1.00012 2.3652e-09 0)
(1.00012 2.02267e-09 0)
(1.00012 1.72995e-09 0)
(1.00012 1.47978e-09 0)
(1.00012 1.26574e-09 0)
(1.00012 1.08242e-09 0)
(1.00012 9.25386e-10 0)
(1.00012 7.91131e-10 0)
(1.00012 6.76635e-10 0)
(1.00012 5.79135e-10 0)
(1.00012 4.95962e-10 0)
(1.00012 4.24697e-10 0)
(1.00012 3.63372e-10 0)
(1.00012 3.10504e-10 0)
(1.00012 2.65095e-10 0)
(1.00012 2.26354e-10 0)
(1.00012 1.93514e-10 0)
(1.00012 1.65713e-10 0)
(1.00012 1.42031e-10 0)
(1.00012 1.21677e-10 0)
(1.00012 1.04079e-10 0)
(1.00012 8.89181e-11 0)
(1.00012 7.5995e-11 0)
(1.00012 6.5139e-11 0)
(1.00012 5.60628e-11 0)
(1.00012 4.83952e-11 0)
(1.00012 4.1766e-11 0)
(1.00012 3.58623e-11 0)
(1.00012 3.05559e-11 0)
(1.00012 2.58286e-11 0)
(1.00012 2.1758e-11 0)
(1.00012 1.84034e-11 0)
(1.00012 1.57394e-11 0)
(1.00012 1.36327e-11 0)
(1.00012 1.18852e-11 0)
(1.00012 1.03197e-11 0)
(1.00012 8.82891e-12 0)
(1.00012 7.38188e-12 0)
(1.00012 6.03282e-12 0)
(1.00012 4.85088e-12 0)
(1.00012 3.89571e-12 0)
(1.00012 3.20077e-12 0)
(1.00012 2.76024e-12 0)
(1.00012 2.51673e-12 0)
(1.00012 2.41592e-12 0)
(1.00012 2.38982e-12 0)
(1.00012 2.38509e-12 0)
(1.00012 2.35181e-12 0)
(1.00012 2.26167e-12 0)
(1.00012 2.1114e-12 0)
(1.00012 1.8741e-12 0)
(1.00012 1.60849e-12 0)
(1.00012 1.31157e-12 0)
(1.00012 1.02748e-12 0)
(1.00012 8.07774e-13 0)
(1.00012 6.41054e-13 0)
(1.00012 5.7405e-13 0)
(1.00012 5.62568e-13 0)
(1.00012 6.04432e-13 0)
(1.00012 6.81375e-13 0)
(1.00012 7.61727e-13 0)
(1.00012 8.45972e-13 0)
(1.00012 9.2908e-13 0)
(1.00012 9.91491e-13 0)
(1.00012 1.03818e-12 0)
(1.00012 1.06535e-12 0)
(1.00012 1.06692e-12 0)
(1.00012 1.05787e-12 0)
(1.00012 1.01506e-12 0)
(1.00012 9.5566e-13 0)
(1.00012 8.66317e-13 0)
(1.00012 7.56421e-13 0)
(1.00012 6.3818e-13 0)
(1.00012 5.37685e-13 0)
(1.00012 4.74725e-13 0)
(1.00012 4.35971e-13 0)
(1.00012 4.29691e-13 0)
(1.00012 4.08519e-13 0)
(1.00012 3.76259e-13 0)
(1.00012 3.26721e-13 0)
(1.00012 2.40942e-13 0)
(1.00012 1.23925e-13 0)
(1.00012 -3.53352e-14 0)
(1.00012 -2.34537e-13 0)
(1.00012 -4.58158e-13 0)
(1.00012 -6.52334e-13 0)
(1.00012 -7.79606e-13 0)
(1.00012 -8.27876e-13 0)
(1.00012 -7.85956e-13 0)
(1.00012 -6.7404e-13 0)
(1.00012 -5.05373e-13 0)
(1.00012 -2.80884e-13 0)
(1.00012 -2.75909e-14 0)
(1.00012 2.49611e-13 0)
(1.00012 4.94211e-13 0)
(1.00012 6.82216e-13 0)
(1.00012 7.95995e-13 0)
(1.00012 8.3167e-13 0)
(1.00012 8.26551e-13 0)
(1.00012 7.58669e-13 0)
(1.00012 6.46203e-13 0)
(1.00012 4.82043e-13 0)
(1.00012 2.93812e-13 0)
(1.00012 1.38941e-13 0)
(1.00012 8.40438e-15 0)
(1.00012 -8.57023e-14 0)
(1.00012 -1.32492e-13 0)
(1.00012 -1.6785e-13 0)
(1.00012 -1.7947e-13 0)
(1.00012 -1.37421e-13 0)
(1.00012 -6.27447e-14 0)
(1.00012 1.56178e-14 0)
(1.00012 6.83863e-14 0)
(1.00012 1.05057e-13 0)
(1.00012 1.45655e-13 0)
(1.00012 2.11442e-13 0)
(1.00012 2.59127e-13 0)
(1.00012 2.29102e-13 0)
(1.00012 1.7695e-13 0)
(1.00012 1.60096e-13 0)
(1.00012 1.85751e-13 0)
(1.00012 1.70395e-13 0)
(1.00012 9.86385e-14 0)
(1.00012 3.26202e-14 0)
(1.00012 2.37518e-14 0)
(1.00012 4.47095e-14 0)
(1.00012 3.16103e-14 0)
(1.00012 3.46539e-14 0)
(1.00012 -5.8425e-15 0)
(1.00012 7.0232e-15 0)
(1.00012 6.40055e-14 0)
(0.999997 5.73856e-05 0)
(1.00003 0.000197268 0)
(1.0001 0.000284467 0)
(1.00016 0.000289595 0)
(1.00019 0.000250833 0)
(1.00021 0.000202332 0)
(1.00021 0.000157469 0)
(1.0002 0.000120642 0)
(1.0002 9.24985e-05 0)
(1.00019 7.15925e-05 0)
(1.00018 5.60511e-05 0)
(1.00017 4.43789e-05 0)
(1.00016 3.55086e-05 0)
(1.00015 2.86819e-05 0)
(1.00015 2.33613e-05 0)
(1.00014 1.9165e-05 0)
(1.00014 1.58196e-05 0)
(1.00014 1.31271e-05 0)
(1.00013 1.09417e-05 0)
(1.00013 9.1548e-06 0)
(1.00013 7.6845e-06 0)
(1.00013 6.46803e-06 0)
(1.00013 5.45682e-06 0)
(1.00013 4.61283e-06 0)
(1.00012 3.90595e-06 0)
(1.00012 3.31215e-06 0)
(1.00012 2.81206e-06 0)
(1.00012 2.38997e-06 0)
(1.00012 2.03305e-06 0)
(1.00012 1.73075e-06 0)
(1.00012 1.47437e-06 0)
(1.00012 1.25666e-06 0)
(1.00012 1.07161e-06 0)
(1.00012 9.14192e-07 0)
(1.00012 7.80169e-07 0)
(1.00012 6.65995e-07 0)
(1.00012 5.68675e-07 0)
(1.00012 4.85684e-07 0)
(1.00012 4.14883e-07 0)
(1.00012 3.54462e-07 0)
(1.00012 3.02883e-07 0)
(1.00012 2.5884e-07 0)
(1.00012 2.21225e-07 0)
(1.00012 1.89092e-07 0)
(1.00012 1.6164e-07 0)
(1.00012 1.38182e-07 0)
(1.00012 1.18134e-07 0)
(1.00012 1.01e-07 0)
(1.00012 8.63553e-08 0)
(1.00012 7.38369e-08 0)
(1.00012 6.31349e-08 0)
(1.00012 5.39848e-08 0)
(1.00012 4.61615e-08 0)
(1.00012 3.94732e-08 0)
(1.00012 3.37553e-08 0)
(1.00012 2.88666e-08 0)
(1.00012 2.46859e-08 0)
(1.00012 2.11104e-08 0)
(1.00012 1.80525e-08 0)
(1.00012 1.54377e-08 0)
(1.00012 1.32021e-08 0)
(1.00012 1.12905e-08 0)
(1.00012 9.65555e-09 0)
(1.00012 8.25715e-09 0)
(1.00012 7.06126e-09 0)
(1.00012 6.03875e-09 0)
(1.00012 5.16451e-09 0)
(1.00012 4.41687e-09 0)
(1.00012 3.77736e-09 0)
(1.00012 3.23038e-09 0)
(1.00012 2.76272e-09 0)
(1.00012 2.36292e-09 0)
(1.00012 2.02103e-09 0)
(1.00012 1.72848e-09 0)
(1.00012 1.47802e-09 0)
(1.00012 1.26374e-09 0)
(1.00012 1.08069e-09 0)
(1.00012 9.24544e-10 0)
(1.00012 7.91336e-10 0)
(1.00012 6.77456e-10 0)
(1.00012 5.79775e-10 0)
(1.00012 4.95784e-10 0)
(1.00012 4.23628e-10 0)
(1.00012 3.61854e-10 0)
(1.00012 3.09252e-10 0)
(1.00012 2.64582e-10 0)
(1.00012 2.26581e-10 0)
(1.00012 1.94088e-10 0)
(1.00012 1.66112e-10 0)
(1.00012 1.42012e-10 0)
(1.00012 1.21366e-10 0)
(1.00012 1.03857e-10 0)
(1.00012 8.91456e-11 0)
(1.00012 7.6758e-11 0)
(1.00012 6.61834e-11 0)
(1.00012 5.69537e-11 0)
(1.00012 4.8739e-11 0)
(1.00012 4.1421e-11 0)
(1.00012 3.50215e-11 0)
(1.00012 2.96207e-11 0)
(1.00012 2.52245e-11 0)
(1.00012 2.1708e-11 0)
(1.00012 1.88594e-11 0)
(1.00012 1.64045e-11 0)
(1.00012 1.41507e-11 0)
(1.00012 1.19922e-11 0)
(1.00012 9.93441e-12 0)
(1.00012 8.07682e-12 0)
(1.00012 6.49491e-12 0)
(1.00012 5.27806e-12 0)
(1.00012 4.43979e-12 0)
(1.00012 3.90159e-12 0)
(1.00012 3.62662e-12 0)
(1.00012 3.49293e-12 0)
(1.00012 3.43007e-12 0)
(1.00012 3.36355e-12 0)
(1.00012 3.25062e-12 0)
(1.00012 3.07336e-12 0)
(1.00012 2.80523e-12 0)
(1.00012 2.48158e-12 0)
(1.00012 2.11278e-12 0)
(1.00012 1.73299e-12 0)
(1.00012 1.39506e-12 0)
(1.00012 1.11772e-12 0)
(1.00012 9.25832e-13 0)
(1.00012 8.16044e-13 0)
(1.00012 7.84722e-13 0)
(1.00012 8.33693e-13 0)
(1.00012 9.21424e-13 0)
(1.00012 1.05046e-12 0)
(1.00012 1.20006e-12 0)
(1.00012 1.34053e-12 0)
(1.00012 1.44662e-12 0)
(1.00012 1.51722e-12 0)
(1.00012 1.52957e-12 0)
(1.00012 1.49885e-12 0)
(1.00012 1.41968e-12 0)
(1.00012 1.30358e-12 0)
(1.00012 1.17236e-12 0)
(1.00012 1.02384e-12 0)
(1.00012 8.89808e-13 0)
(1.00012 7.94607e-13 0)
(1.00012 7.4598e-13 0)
(1.00012 7.41184e-13 0)
(1.00012 7.55705e-13 0)
(1.00012 7.62168e-13 0)
(1.00012 7.29084e-13 0)
(1.00012 6.48199e-13 0)
(1.00012 5.06626e-13 0)
(1.00012 2.93246e-13 0)
(1.00012 1.60086e-14 0)
(1.00012 -2.95861e-13 0)
(1.00012 -6.22219e-13 0)
(1.00012 -9.03565e-13 0)
(1.00012 -1.10646e-12 0)
(1.00012 -1.20197e-12 0)
(1.00012 -1.18393e-12 0)
(1.00012 -1.05265e-12 0)
(1.00012 -8.26344e-13 0)
(1.00012 -5.24154e-13 0)
(1.00012 -1.58685e-13 0)
(1.00012 2.10075e-13 0)
(1.00012 5.56461e-13 0)
(1.00012 8.28703e-13 0)
(1.00012 9.96848e-13 0)
(1.00012 1.10705e-12 0)
(1.00012 1.12173e-12 0)
(1.00012 1.07622e-12 0)
(1.00012 9.57203e-13 0)
(1.00012 7.68532e-13 0)
(1.00012 5.57388e-13 0)
(1.00012 3.6239e-13 0)
(1.00012 1.97042e-13 0)
(1.00012 5.13829e-14 0)
(1.00012 -5.29245e-14 0)
(1.00012 -1.36872e-13 0)
(1.00012 -1.63899e-13 0)
(1.00012 -1.18764e-13 0)
(1.00012 -6.67695e-14 0)
(1.00012 -9.70711e-15 0)
(1.00012 5.51605e-14 0)
(1.00012 9.83664e-14 0)
(1.00012 1.53984e-13 0)
(1.00012 2.09056e-13 0)
(1.00012 2.22218e-13 0)
(1.00012 2.14722e-13 0)
(1.00012 2.08665e-13 0)
(1.00012 1.72439e-13 0)
(1.00012 1.50365e-13 0)
(1.00012 1.3427e-13 0)
(1.00012 8.34792e-14 0)
(1.00012 2.84594e-14 0)
(1.00012 4.05462e-15 0)
(1.00012 -5.36459e-15 0)
(1.00012 1.53234e-14 0)
(1.00012 -2.26429e-14 0)
(1.00012 -8.83534e-14 0)
(1.00012 -2.86456e-16 0)
(1.00012 5.06071e-14 0)
(1.00012 6.13394e-14 0)
(0.999998 3.77866e-05 0)
(1.00002 0.000132629 0)
(1.00006 0.000204468 0)
(1.00011 0.000226065 0)
(1.00015 0.000211302 0)
(1.00017 0.000181941 0)
(1.00017 0.000150239 0)
(1.00018 0.00012142 0)
(1.00017 9.73455e-05 0)
(1.00017 7.80483e-05 0)
(1.00016 6.28077e-05 0)
(1.00016 5.08036e-05 0)
(1.00015 4.13292e-05 0)
(1.00015 3.38164e-05 0)
(1.00014 2.78217e-05 0)
(1.00014 2.30054e-05 0)
(1.00014 1.91091e-05 0)
(1.00013 1.59363e-05 0)
(1.00013 1.33369e-05 0)
(1.00013 1.11954e-05 0)
(1.00013 9.42256e-06 0)
(1.00013 7.9484e-06 0)
(1.00013 6.71795e-06 0)
(1.00012 5.68748e-06 0)
(1.00012 4.82199e-06 0)
(1.00012 4.09324e-06 0)
(1.00012 3.4783e-06 0)
(1.00012 2.95842e-06 0)
(1.00012 2.5182e-06 0)
(1.00012 2.14491e-06 0)
(1.00012 1.828e-06 0)
(1.00012 1.55868e-06 0)
(1.00012 1.3296e-06 0)
(1.00012 1.1346e-06 0)
(1.00012 9.68494e-07 0)
(1.00012 8.26927e-07 0)
(1.00012 7.06214e-07 0)
(1.00012 6.03242e-07 0)
(1.00012 5.15371e-07 0)
(1.00012 4.40365e-07 0)
(1.00012 3.76321e-07 0)
(1.00012 3.21625e-07 0)
(1.00012 2.74904e-07 0)
(1.00012 2.34989e-07 0)
(1.00012 2.00883e-07 0)
(1.00012 1.71737e-07 0)
(1.00012 1.46827e-07 0)
(1.00012 1.25536e-07 0)
(1.00012 1.07336e-07 0)
(1.00012 9.17784e-08 0)
(1.00012 7.84771e-08 0)
(1.00012 6.71047e-08 0)
(1.00012 5.73816e-08 0)
(1.00012 4.90688e-08 0)
(1.00012 4.19615e-08 0)
(1.00012 3.5884e-08 0)
(1.00012 3.06866e-08 0)
(1.00012 2.62416e-08 0)
(1.00012 2.24407e-08 0)
(1.00012 1.91909e-08 0)
(1.00012 1.64122e-08 0)
(1.00012 1.40359e-08 0)
(1.00012 1.20034e-08 0)
(1.00012 1.0265e-08 0)
(1.00012 8.77842e-09 0)
(1.00012 7.50735e-09 0)
(1.00012 6.42051e-09 0)
(1.00012 5.49102e-09 0)
(1.00012 4.69599e-09 0)
(1.00012 4.01604e-09 0)
(1.00012 3.43466e-09 0)
(1.00012 2.93757e-09 0)
(1.00012 2.51241e-09 0)
(1.00012 2.14862e-09 0)
(1.00012 1.83732e-09 0)
(1.00012 1.57115e-09 0)
(1.00012 1.34379e-09 0)
(1.00012 1.14973e-09 0)
(1.00012 9.83956e-10 0)
(1.00012 8.42045e-10 0)
(1.00012 7.20309e-10 0)
(1.00012 6.15783e-10 0)
(1.00012 5.26222e-10 0)
(1.00012 4.49743e-10 0)
(1.00012 3.84648e-10 0)
(1.00012 3.29275e-10 0)
(1.00012 2.81993e-10 0)
(1.00012 2.41421e-10 0)
(1.00012 2.0648e-10 0)
(1.00012 1.76454e-10 0)
(1.00012 1.50841e-10 0)
(1.00012 1.29189e-10 0)
(1.00012 1.10965e-10 0)
(1.00012 9.55318e-11 0)
(1.00012 8.22509e-11 0)
(1.00012 7.05908e-11 0)
(1.00012 6.02555e-11 0)
(1.00012 5.11558e-11 0)
(1.00012 4.33262e-11 0)
(1.00012 3.67995e-11 0)
(1.00012 3.1513e-11 0)
(1.00012 2.72362e-11 0)
(1.00012 2.3666e-11 0)
(1.00012 2.04995e-11 0)
(1.00012 1.75505e-11 0)
(1.00012 1.47584e-11 0)
(1.00012 1.21712e-11 0)
(1.00012 9.91147e-12 0)
(1.00012 8.06837e-12 0)
(1.00012 6.6745e-12 0)
(1.00012 5.73489e-12 0)
(1.00012 5.13157e-12 0)
(1.00012 4.76979e-12 0)
(1.00012 4.54263e-12 0)
(1.00012 4.36762e-12 0)
(1.00012 4.18884e-12 0)
(1.00012 3.95862e-12 0)
(1.00012 3.68853e-12 0)
(1.00012 3.33956e-12 0)
(1.00012 2.95626e-12 0)
(1.00012 2.54567e-12 0)
(1.00012 2.12643e-12 0)
(1.00012 1.76178e-12 0)
(1.00012 1.43716e-12 0)
(1.00012 1.21056e-12 0)
(1.00012 1.07537e-12 0)
(1.00012 1.02991e-12 0)
(1.00012 1.08848e-12 0)
(1.00012 1.21457e-12 0)
(1.00012 1.38888e-12 0)
(1.00012 1.58195e-12 0)
(1.00012 1.75509e-12 0)
(1.00012 1.87336e-12 0)
(1.00012 1.92918e-12 0)
(1.00012 1.90441e-12 0)
(1.00012 1.82546e-12 0)
(1.00012 1.69301e-12 0)
(1.00012 1.52717e-12 0)
(1.00012 1.34461e-12 0)
(1.00012 1.18111e-12 0)
(1.00012 1.0544e-12 0)
(1.00012 9.89513e-13 0)
(1.00012 9.86384e-13 0)
(1.00012 1.00311e-12 0)
(1.00012 1.025e-12 0)
(1.00012 1.0106e-12 0)
(1.00012 9.40289e-13 0)
(1.00012 7.93632e-13 0)
(1.00012 5.5747e-13 0)
(1.00012 2.39556e-13 0)
(1.00012 -1.51503e-13 0)
(1.00012 -5.56391e-13 0)
(1.00012 -9.45461e-13 0)
(1.00012 -1.26159e-12 0)
(1.00012 -1.45586e-12 0)
(1.00012 -1.51722e-12 0)
(1.00012 -1.44081e-12 0)
(1.00012 -1.23142e-12 0)
(1.00012 -9.08169e-13 0)
(1.00012 -5.02041e-13 0)
(1.00012 -4.80695e-14 0)
(1.00012 4.0019e-13 0)
(1.00012 7.89969e-13 0)
(1.00012 1.10026e-12 0)
(1.00012 1.29475e-12 0)
(1.00012 1.40583e-12 0)
(1.00012 1.42774e-12 0)
(1.00012 1.32959e-12 0)
(1.00012 1.15913e-12 0)
(1.00012 9.40469e-13 0)
(1.00012 6.98104e-13 0)
(1.00012 4.81691e-13 0)
(1.00012 2.83978e-13 0)
(1.00012 1.04663e-13 0)
(1.00012 -2.87774e-14 0)
(1.00012 -9.6461e-14 0)
(1.00012 -1.1308e-13 0)
(1.00012 -7.53108e-14 0)
(1.00012 -3.50254e-14 0)
(1.00012 -1.70018e-14 0)
(1.00012 5.33531e-14 0)
(1.00012 1.40378e-13 0)
(1.00012 1.83262e-13 0)
(1.00012 2.06833e-13 0)
(1.00012 1.94602e-13 0)
(1.00012 1.53602e-13 0)
(1.00012 1.71651e-13 0)
(1.00012 1.72651e-13 0)
(1.00012 1.31542e-13 0)
(1.00012 6.00712e-14 0)
(1.00012 1.71837e-14 0)
(1.00012 3.11154e-14 0)
(1.00012 1.91807e-14 0)
(1.00012 -4.51371e-14 0)
(1.00012 -1.0129e-13 0)
(1.00012 -2.82713e-14 0)
(1.00012 4.57563e-14 0)
(1.00012 -2.7438e-14 0)
(1.00012 -3.36483e-14 0)
(1.00012 6.47872e-14 0)
(0.999999 3.06953e-05 0)
(1.00001 0.000109014 0)
(1.00004 0.000172905 0)
(1.00008 0.000197951 0)
(1.00011 0.000191192 0)
(1.00013 0.000169507 0)
(1.00014 0.000144059 0)
(1.00015 0.000119844 0)
(1.00015 9.8712e-05 0)
(1.00015 8.1043e-05 0)
(1.00015 6.65552e-05 0)
(1.00015 5.47662e-05 0)
(1.00014 4.51948e-05 0)
(1.00014 3.74186e-05 0)
(1.00014 3.10854e-05 0)
(1.00014 2.59092e-05 0)
(1.00013 2.16618e-05 0)
(1.00013 1.8162e-05 0)
(1.00013 1.52665e-05 0)
(1.00013 1.28618e-05 0)
(1.00013 1.08577e-05 0)
(1.00013 9.18192e-06 0)
(1.00012 7.77672e-06 0)
(1.00012 6.59535e-06 0)
(1.00012 5.59991e-06 0)
(1.00012 4.75947e-06 0)
(1.00012 4.04865e-06 0)
(1.00012 3.44656e-06 0)
(1.00012 2.9359e-06 0)
(1.00012 2.50228e-06 0)
(1.00012 2.13373e-06 0)
(1.00012 1.8202e-06 0)
(1.00012 1.55329e-06 0)
(1.00012 1.32593e-06 0)
(1.00012 1.13213e-06 0)
(1.00012 9.66884e-07 0)
(1.00012 8.25914e-07 0)
(1.00012 7.05616e-07 0)
(1.00012 6.02927e-07 0)
(1.00012 5.15245e-07 0)
(1.00012 4.40359e-07 0)
(1.00012 3.76392e-07 0)
(1.00012 3.21742e-07 0)
(1.00012 2.75046e-07 0)
(1.00012 2.35141e-07 0)
(1.00012 2.01035e-07 0)
(1.00012 1.71883e-07 0)
(1.00012 1.46964e-07 0)
(1.00012 1.25663e-07 0)
(1.00012 1.07451e-07 0)
(1.00012 9.18806e-08 0)
(1.00012 7.85678e-08 0)
(1.00012 6.71855e-08 0)
(1.00012 5.74535e-08 0)
(1.00012 4.9132e-08 0)
(1.00012 4.20158e-08 0)
(1.00012 3.593e-08 0)
(1.00012 3.07258e-08 0)
(1.00012 2.6276e-08 0)
(1.00012 2.24714e-08 0)
(1.00012 1.92179e-08 0)
(1.00012 1.64354e-08 0)
(1.00012 1.40554e-08 0)
(1.00012 1.20199e-08 0)
(1.00012 1.02793e-08 0)
(1.00012 8.79111e-09 0)
(1.00012 7.51847e-09 0)
(1.00012 6.42998e-09 0)
(1.00012 5.49895e-09 0)
(1.00012 4.70274e-09 0)
(1.00012 4.02195e-09 0)
(1.00012 3.43982e-09 0)
(1.00012 2.94192e-09 0)
(1.00012 2.51594e-09 0)
(1.00012 2.15154e-09 0)
(1.00012 1.84001e-09 0)
(1.00012 1.57388e-09 0)
(1.00012 1.34653e-09 0)
(1.00012 1.15213e-09 0)
(1.00012 9.85641e-10 0)
(1.00012 8.4288e-10 0)
(1.00012 7.20533e-10 0)
(1.00012 6.15913e-10 0)
(1.00012 5.26709e-10 0)
(1.00012 4.50751e-10 0)
(1.00012 3.8596e-10 0)
(1.00012 3.3049e-10 0)
(1.00012 2.82789e-10 0)
(1.00012 2.41736e-10 0)
(1.00012 2.0656e-10 0)
(1.00012 1.76639e-10 0)
(1.00012 1.51377e-10 0)
(1.00012 1.30044e-10 0)
(1.00012 1.11862e-10 0)
(1.00012 9.61359e-11 0)
(1.00012 8.23182e-11 0)
(1.00012 7.01562e-11 0)
(1.00012 5.95766e-11 0)
(1.00012 5.05948e-11 0)
(1.00012 4.31769e-11 0)
(1.00012 3.71219e-11 0)
(1.00012 3.21382e-11 0)
(1.00012 2.78689e-11 0)
(1.00012 2.40239e-11 0)
(1.00012 2.04418e-11 0)
(1.00012 1.71061e-11 0)
(1.00012 1.41289e-11 0)
(1.00012 1.15906e-11 0)
(1.00012 9.5749e-12 0)
(1.00012 8.08731e-12 0)
(1.00012 7.03228e-12 0)
(1.00012 6.32791e-12 0)
(1.00012 5.83628e-12 0)
(1.00012 5.46144e-12 0)
(1.00012 5.12292e-12 0)
(1.00012 4.79628e-12 0)
(1.00012 4.46516e-12 0)
(1.00012 4.10481e-12 0)
(1.00012 3.71246e-12 0)
(1.00012 3.30364e-12 0)
(1.00012 2.8753e-12 0)
(1.00012 2.45064e-12 0)
(1.00012 2.06756e-12 0)
(1.00012 1.732e-12 0)
(1.00012 1.4858e-12 0)
(1.00012 1.32794e-12 0)
(1.00012 1.28717e-12 0)
(1.00012 1.34526e-12 0)
(1.00012 1.49596e-12 0)
(1.00012 1.70555e-12 0)
(1.00012 1.92547e-12 0)
(1.00012 2.10162e-12 0)
(1.00012 2.22504e-12 0)
(1.00012 2.26108e-12 0)
(1.00012 2.21077e-12 0)
(1.00012 2.09269e-12 0)
(1.00012 1.89981e-12 0)
(1.00012 1.69993e-12 0)
(1.00012 1.4913e-12 0)
(1.00012 1.31599e-12 0)
(1.00012 1.20839e-12 0)
(1.00012 1.17448e-12 0)
(1.00012 1.20118e-12 0)
(1.00012 1.2416e-12 0)
(1.00012 1.27098e-12 0)
(1.00012 1.24079e-12 0)
(1.00012 1.13295e-12 0)
(1.00012 9.28178e-13 0)
(1.00012 6.05231e-13 0)
(1.00012 1.7986e-13 0)
(1.00012 -3.09911e-13 0)
(1.00012 -8.03377e-13 0)
(1.00012 -1.24134e-12 0)
(1.00012 -1.57665e-12 0)
(1.00012 -1.76823e-12 0)
(1.00012 -1.79887e-12 0)
(1.00012 -1.65969e-12 0)
(1.00012 -1.36704e-12 0)
(1.00012 -9.53169e-13 0)
(1.00012 -4.39768e-13 0)
(1.00012 8.30119e-14 0)
(1.00012 5.8571e-13 0)
(1.00012 1.02476e-12 0)
(1.00012 1.34041e-12 0)
(1.00012 1.57807e-12 0)
(1.00012 1.67389e-12 0)
(1.00012 1.65182e-12 0)
(1.00012 1.51834e-12 0)
(1.00012 1.30603e-12 0)
(1.00012 1.06481e-12 0)
(1.00012 8.08748e-13 0)
(1.00012 5.58183e-13 0)
(1.00012 3.11184e-13 0)
(1.00012 1.3169e-13 0)
(1.00012 1.72868e-14 0)
(1.00012 -5.38154e-14 0)
(1.00012 -7.36061e-14 0)
(1.00012 -5.80847e-14 0)
(1.00012 -3.07498e-14 0)
(1.00012 5.71493e-15 0)
(1.00012 6.86792e-14 0)
(1.00012 1.49764e-13 0)
(1.00012 1.65118e-13 0)
(1.00012 1.54626e-13 0)
(1.00012 1.83601e-13 0)
(1.00012 2.04513e-13 0)
(1.00012 1.74283e-13 0)
(1.00012 9.97748e-14 0)
(1.00012 6.07628e-14 0)
(1.00012 5.04334e-14 0)
(1.00012 3.44108e-14 0)
(1.00012 7.4731e-15 0)
(1.00012 -6.22416e-14 0)
(1.00012 -5.84866e-14 0)
(1.00012 -4.00697e-14 0)
(1.00012 -4.84485e-14 0)
(1.00012 -2.04083e-14 0)
(1.00012 -8.7975e-15 0)
(1.00012 4.3129e-14 0)
(1.00012 1.01029e-13 0)
(0.999999 2.49379e-05 0)
(1.00001 8.85852e-05 0)
(1.00003 0.000142778 0)
(1.00006 0.00016786 0)
(1.00009 0.000167076 0)
(1.00011 0.000152545 0)
(1.00012 0.00013334 0)
(1.00013 0.000113943 0)
(1.00013 9.62e-05 0)
(1.00014 8.07223e-05 0)
(1.00014 6.75487e-05 0)
(1.00014 5.64796e-05 0)
(1.00014 4.72424e-05 0)
(1.00013 3.95596e-05 0)
(1.00013 3.31768e-05 0)
(1.00013 2.78717e-05 0)
(1.00013 2.34566e-05 0)
(1.00013 1.97752e-05 0)
(1.00013 1.6699e-05 0)
(1.00013 1.41228e-05 0)
(1.00012 1.19606e-05 0)
(1.00012 1.0142e-05 0)
(1.00012 8.60938e-06 0)
(1.00012 7.31552e-06 0)
(1.00012 6.22145e-06 0)
(1.00012 5.29498e-06 0)
(1.00012 4.50942e-06 0)
(1.00012 3.8426e-06 0)
(1.00012 3.276e-06 0)
(1.00012 2.79415e-06 0)
(1.00012 2.38406e-06 0)
(1.00012 2.03481e-06 0)
(1.00012 1.7372e-06 0)
(1.00012 1.48348e-06 0)
(1.00012 1.26707e-06 0)
(1.00012 1.08243e-06 0)
(1.00012 9.24831e-07 0)
(1.00012 7.90287e-07 0)
(1.00012 6.75393e-07 0)
(1.00012 5.77258e-07 0)
(1.00012 4.93423e-07 0)
(1.00012 4.21794e-07 0)
(1.00012 3.60587e-07 0)
(1.00012 3.08279e-07 0)
(1.00012 2.6357e-07 0)
(1.00012 2.25354e-07 0)
(1.00012 1.92686e-07 0)
(1.00012 1.64759e-07 0)
(1.00012 1.40883e-07 0)
(1.00012 1.20469e-07 0)
(1.00012 1.03015e-07 0)
(1.00012 8.80918e-08 0)
(1.00012 7.53315e-08 0)
(1.00012 6.44206e-08 0)
(1.00012 5.50902e-08 0)
(1.00012 4.7111e-08 0)
(1.00012 4.02875e-08 0)
(1.00012 3.44529e-08 0)
(1.00012 2.94641e-08 0)
(1.00012 2.51983e-08 0)
(1.00012 2.15501e-08 0)
(1.00012 1.84297e-08 0)
(1.00012 1.57608e-08 0)
(1.00012 1.34786e-08 0)
(1.00012 1.15271e-08 0)
(1.00012 9.85838e-09 0)
(1.00012 8.43124e-09 0)
(1.00012 7.21053e-09 0)
(1.00012 6.16643e-09 0)
(1.00012 5.27355e-09 0)
(1.00012 4.51015e-09 0)
(1.00012 3.85738e-09 0)
(1.00012 3.29906e-09 0)
(1.00012 2.82143e-09 0)
(1.00012 2.41291e-09 0)
(1.00012 2.06364e-09 0)
(1.00012 1.76516e-09 0)
(1.00012 1.51003e-09 0)
(1.00012 1.29173e-09 0)
(1.00012 1.10478e-09 0)
(1.00012 9.4462e-10 0)
(1.00012 8.07596e-10 0)
(1.00012 6.90596e-10 0)
(1.00012 5.90861e-10 0)
(1.00012 5.05852e-10 0)
(1.00012 4.33169e-10 0)
(1.00012 3.70802e-10 0)
(1.00012 3.17143e-10 0)
(1.00012 2.71021e-10 0)
(1.00012 2.31599e-10 0)
(1.00012 1.98125e-10 0)
(1.00012 1.69833e-10 0)
(1.00012 1.45862e-10 0)
(1.00012 1.25325e-10 0)
(1.00012 1.07501e-10 0)
(1.00012 9.18876e-11 0)
(1.00012 7.82619e-11 0)
(1.00012 6.65545e-11 0)
(1.00012 5.66965e-11 0)
(1.00012 4.85684e-11 0)
(1.00012 4.18701e-11 0)
(1.00012 3.62504e-11 0)
(1.00012 3.13306e-11 0)
(1.00012 2.68575e-11 0)
(1.00012 2.27529e-11 0)
(1.00012 1.90156e-11 0)
(1.00012 1.57726e-11 0)
(1.00012 1.31022e-11 0)
(1.00012 1.0989e-11 0)
(1.00012 9.43598e-12 0)
(1.00012 8.291e-12 0)
(1.00012 7.44076e-12 0)
(1.00012 6.76329e-12 0)
(1.00012 6.1834e-12 0)
(1.00012 5.67914e-12 0)
(1.00012 5.19059e-12 0)
(1.00012 4.7528e-12 0)
(1.00012 4.34168e-12 0)
(1.00012 3.92912e-12 0)
(1.00012 3.53118e-12 0)
(1.00012 3.11698e-12 0)
(1.00012 2.71853e-12 0)
(1.00012 2.33347e-12 0)
(1.00012 1.99793e-12 0)
(1.00012 1.74911e-12 0)
(1.00012 1.57921e-12 0)
(1.00012 1.53913e-12 0)
(1.00012 1.61631e-12 0)
(1.00012 1.78334e-12 0)
(1.00012 1.99841e-12 0)
(1.00012 2.22642e-12 0)
(1.00012 2.40196e-12 0)
(1.00012 2.50874e-12 0)
(1.00012 2.5161e-12 0)
(1.00012 2.42738e-12 0)
(1.00012 2.27636e-12 0)
(1.00012 2.04965e-12 0)
(1.00012 1.80754e-12 0)
(1.00012 1.5932e-12 0)
(1.00012 1.43843e-12 0)
(1.00012 1.35924e-12 0)
(1.00012 1.35661e-12 0)
(1.00012 1.41649e-12 0)
(1.00012 1.46826e-12 0)
(1.00012 1.49153e-12 0)
(1.00012 1.44753e-12 0)
(1.00012 1.29045e-12 0)
(1.00012 1.01422e-12 0)
(1.00012 6.0392e-13 0)
(1.00012 7.96776e-14 0)
(1.00012 -4.84524e-13 0)
(1.00012 -1.03129e-12 0)
(1.00012 -1.49921e-12 0)
(1.00012 -1.84152e-12 0)
(1.00012 -2.01429e-12 0)
(1.00012 -2.01205e-12 0)
(1.00012 -1.81943e-12 0)
(1.00012 -1.43875e-12 0)
(1.00012 -9.53658e-13 0)
(1.00012 -3.75858e-13 0)
(1.00012 2.0758e-13 0)
(1.00012 7.34259e-13 0)
(1.00012 1.20918e-12 0)
(1.00012 1.55233e-12 0)
(1.00012 1.78336e-12 0)
(1.00012 1.86355e-12 0)
(1.00012 1.80259e-12 0)
(1.00012 1.64604e-12 0)
(1.00012 1.42599e-12 0)
(1.00012 1.16591e-12 0)
(1.00012 8.78494e-13 0)
(1.00012 6.08783e-13 0)
(1.00012 3.62201e-13 0)
(1.00012 1.70544e-13 0)
(1.00012 7.1673e-14 0)
(1.00012 4.98749e-15 0)
(1.00012 -4.54231e-14 0)
(1.00012 -4.71086e-14 0)
(1.00012 7.2252e-16 0)
(1.00012 6.90209e-14 0)
(1.00012 9.07259e-14 0)
(1.00012 1.18905e-13 0)
(1.00012 1.56669e-13 0)
(1.00012 1.61815e-13 0)
(1.00012 1.42747e-13 0)
(1.00012 1.5234e-13 0)
(1.00012 1.49068e-13 0)
(1.00012 8.17545e-14 0)
(1.00012 3.44068e-14 0)
(1.00012 8.10807e-15 0)
(1.00012 -5.3265e-14 0)
(1.00012 -4.83513e-14 0)
(1.00012 -3.63667e-14 0)
(1.00012 -6.16079e-14 0)
(1.00012 -8.0442e-14 0)
(1.00012 -7.50759e-14 0)
(1.00012 -4.33679e-14 0)
(1.00012 -7.47624e-15 0)
(1.00012 2.88845e-14 0)
(1.00012 8.09561e-14 0)
(1 2.0685e-05 0)
(1.00001 7.37064e-05 0)
(1.00002 0.000120095 0)
(1.00005 0.000143755 0)
(1.00007 0.000146183 0)
(1.00009 0.000136429 0)
(1.0001 0.000121848 0)
(1.00011 0.000106322 0)
(1.00012 9.15554e-05 0)
(1.00012 7.82193e-05 0)
(1.00013 6.65089e-05 0)
(1.00013 5.63944e-05 0)
(1.00013 4.77471e-05 0)
(1.00013 4.04017e-05 0)
(1.00013 3.41865e-05 0)
(1.00013 2.89387e-05 0)
(1.00013 2.45119e-05 0)
(1.00012 2.0778e-05 0)
(1.00012 1.76271e-05 0)
(1.00012 1.49661e-05 0)
(1.00012 1.27168e-05 0)
(1.00012 1.08135e-05 0)
(1.00012 9.2013e-06 0)
(1.00012 7.8343e-06 0)
(1.00012 6.6741e-06 0)
(1.00012 5.68852e-06 0)
(1.00012 4.85061e-06 0)
(1.00012 4.13773e-06 0)
(1.00012 3.53081e-06 0)
(1.00012 3.01381e-06 0)
(1.00012 2.57317e-06 0)
(1.00012 2.19746e-06 0)
(1.00012 1.87697e-06 0)
(1.00012 1.6035e-06 0)
(1.00012 1.37007e-06 0)
(1.00012 1.17077e-06 0)
(1.00012 1.00057e-06 0)
(1.00012 8.55202e-07 0)
(1.00012 7.31009e-07 0)
(1.00012 6.24895e-07 0)
(1.00012 5.34218e-07 0)
(1.00012 4.56724e-07 0)
(1.00012 3.90489e-07 0)
(1.00012 3.33873e-07 0)
(1.00012 2.85474e-07 0)
(1.00012 2.44098e-07 0)
(1.00012 2.08724e-07 0)
(1.00012 1.78481e-07 0)
(1.00012 1.52623e-07 0)
(1.00012 1.30513e-07 0)
(1.00012 1.11608e-07 0)
(1.00012 9.54421e-08 0)
(1.00012 8.1619e-08 0)
(1.00012 6.97984e-08 0)
(1.00012 5.96897e-08 0)
(1.00012 5.10449e-08 0)
(1.00012 4.36525e-08 0)
(1.00012 3.73314e-08 0)
(1.00012 3.19264e-08 0)
(1.00012 2.73042e-08 0)
(1.00012 2.33509e-08 0)
(1.00012 1.99696e-08 0)
(1.00012 1.70779e-08 0)
(1.00012 1.46052e-08 0)
(1.00012 1.24909e-08 0)
(1.00012 1.06828e-08 0)
(1.00012 9.1363e-09 0)
(1.00012 7.81337e-09 0)
(1.00012 6.68192e-09 0)
(1.00012 5.71446e-09 0)
(1.00012 4.8873e-09 0)
(1.00012 4.18001e-09 0)
(1.00012 3.57506e-09 0)
(1.00012 3.05754e-09 0)
(1.00012 2.6149e-09 0)
(1.00012 2.23642e-09 0)
(1.00012 1.91286e-09 0)
(1.00012 1.63616e-09 0)
(1.00012 1.39938e-09 0)
(1.00012 1.19667e-09 0)
(1.00012 1.02319e-09 0)
(1.00012 8.74927e-10 0)
(1.00012 7.48431e-10 0)
(1.00012 6.40584e-10 0)
(1.00012 5.48508e-10 0)
(1.00012 4.69653e-10 0)
(1.00012 4.01893e-10 0)
(1.00012 3.43608e-10 0)
(1.00012 2.93611e-10 0)
(1.00012 2.50949e-10 0)
(1.00012 2.14758e-10 0)
(1.00012 1.84101e-10 0)
(1.00012 1.58011e-10 0)
(1.00012 1.35584e-10 0)
(1.00012 1.161e-10 0)
(1.00012 9.91256e-11 0)
(1.00012 8.44325e-11 0)
(1.00012 7.19324e-11 0)
(1.00012 6.14878e-11 0)
(1.00012 5.28284e-11 0)
(1.00012 4.55998e-11 0)
(1.00012 3.94102e-11 0)
(1.00012 3.39277e-11 0)
(1.00012 2.89589e-11 0)
(1.00012 2.44556e-11 0)
(1.00012 2.04851e-11 0)
(1.00012 1.71167e-11 0)
(1.00012 1.44069e-11 0)
(1.00012 1.22995e-11 0)
(1.00012 1.06848e-11 0)
(1.00012 9.42848e-12 0)
(1.00012 8.39557e-12 0)
(1.00012 7.50928e-12 0)
(1.00012 6.70164e-12 0)
(1.00012 5.98667e-12 0)
(1.00012 5.36787e-12 0)
(1.00012 4.84133e-12 0)
(1.00012 4.39299e-12 0)
(1.00012 4.00618e-12 0)
(1.00012 3.64705e-12 0)
(1.00012 3.27763e-12 0)
(1.00012 2.91571e-12 0)
(1.00012 2.56226e-12 0)
(1.00012 2.2446e-12 0)
(1.00012 1.98867e-12 0)
(1.00012 1.83737e-12 0)
(1.00012 1.7995e-12 0)
(1.00012 1.87563e-12 0)
(1.00012 2.04166e-12 0)
(1.00012 2.25567e-12 0)
(1.00012 2.45893e-12 0)
(1.00012 2.61803e-12 0)
(1.00012 2.69889e-12 0)
(1.00012 2.68394e-12 0)
(1.00012 2.57579e-12 0)
(1.00012 2.37229e-12 0)
(1.00012 2.13143e-12 0)
(1.00012 1.8798e-12 0)
(1.00012 1.67053e-12 0)
(1.00012 1.53341e-12 0)
(1.00012 1.48514e-12 0)
(1.00012 1.51746e-12 0)
(1.00012 1.58419e-12 0)
(1.00012 1.64773e-12 0)
(1.00012 1.66692e-12 0)
(1.00012 1.59504e-12 0)
(1.00012 1.39289e-12 0)
(1.00012 1.04493e-12 0)
(1.00012 5.65164e-13 0)
(1.00012 -1.84726e-14 0)
(1.00012 -6.37512e-13 0)
(1.00012 -1.21654e-12 0)
(1.00012 -1.69954e-12 0)
(1.00012 -2.04678e-12 0)
(1.00012 -2.20825e-12 0)
(1.00012 -2.15969e-12 0)
(1.00012 -1.90909e-12 0)
(1.00012 -1.47513e-12 0)
(1.00012 -9.14025e-13 0)
(1.00012 -3.0755e-13 0)
(1.00012 3.11475e-13 0)
(1.00012 8.86439e-13 0)
(1.00012 1.36258e-12 0)
(1.00012 1.73277e-12 0)
(1.00012 1.93469e-12 0)
(1.00012 1.9894e-12 0)
(1.00012 1.91267e-12 0)
(1.00012 1.74296e-12 0)
(1.00012 1.51642e-12 0)
(1.00012 1.22822e-12 0)
(1.00012 9.26029e-13 0)
(1.00012 6.39611e-13 0)
(1.00012 4.12997e-13 0)
(1.00012 2.34347e-13 0)
(1.00012 1.04667e-13 0)
(1.00012 3.15497e-14 0)
(1.00012 -6.98134e-15 0)
(1.00012 -1.44327e-14 0)
(1.00012 2.77227e-14 0)
(1.00012 8.61452e-14 0)
(1.00012 9.58031e-14 0)
(1.00012 1.04652e-13 0)
(1.00012 1.64261e-13 0)
(1.00012 1.98918e-13 0)
(1.00012 1.38545e-13 0)
(1.00012 8.39808e-14 0)
(1.00012 9.6467e-14 0)
(1.00012 1.00747e-13 0)
(1.00012 3.51459e-14 0)
(1.00012 -1.77176e-14 0)
(1.00012 -3.90791e-14 0)
(1.00012 -7.40401e-14 0)
(1.00012 -1.05693e-13 0)
(1.00012 -8.67892e-14 0)
(1.00012 -8.48835e-14 0)
(1.00012 -8.55248e-14 0)
(1.00012 -4.47134e-15 0)
(1.00012 -3.15965e-14 0)
(1.00012 -4.66175e-15 0)
(1.00012 1.20031e-13 0)
(1 1.74067e-05 0)
(1.00001 6.21586e-05 0)
(1.00002 0.000101954 0)
(1.00004 0.000123464 0)
(1.00006 0.000127481 0)
(1.00007 0.000121007 0)
(1.00009 0.000109965 0)
(1.0001 9.76142e-05 0)
(1.00011 8.54518e-05 0)
(1.00011 7.41301e-05 0)
(1.00012 6.39119e-05 0)
(1.00012 5.48666e-05 0)
(1.00012 4.69631e-05 0)
(1.00012 4.01191e-05 0)
(1.00012 3.42297e-05 0)
(1.00012 2.91834e-05 0)
(1.00012 2.48718e-05 0)
(1.00012 2.11948e-05 0)
(1.00012 1.80622e-05 0)
(1.00012 1.53951e-05 0)
(1.00012 1.31247e-05 0)
(1.00012 1.11919e-05 0)
(1.00012 9.54638e-06 0)
(1.00012 8.14491e-06 0)
(1.00012 6.95097e-06 0)
(1.00012 5.93345e-06 0)
(1.00012 5.066e-06 0)
(1.00012 4.32624e-06 0)
(1.00012 3.69516e-06 0)
(1.00012 3.15665e-06 0)
(1.00012 2.697e-06 0)
(1.00012 2.30458e-06 0)
(1.00012 1.96947e-06 0)
(1.00012 1.68325e-06 0)
(1.00012 1.43875e-06 0)
(1.00012 1.22986e-06 0)
(1.00012 1.05136e-06 0)
(1.00012 8.98825e-07 0)
(1.00012 7.68453e-07 0)
(1.00012 6.57019e-07 0)
(1.00012 5.61766e-07 0)
(1.00012 4.80338e-07 0)
(1.00012 4.10724e-07 0)
(1.00012 3.51207e-07 0)
(1.00012 3.00319e-07 0)
(1.00012 2.5681e-07 0)
(1.00012 2.19608e-07 0)
(1.00012 1.87798e-07 0)
(1.00012 1.60597e-07 0)
(1.00012 1.37337e-07 0)
(1.00012 1.17447e-07 0)
(1.00012 1.00438e-07 0)
(1.00012 8.58936e-08 0)
(1.00012 7.34552e-08 0)
(1.00012 6.28179e-08 0)
(1.00012 5.37211e-08 0)
(1.00012 4.59422e-08 0)
(1.00012 3.92904e-08 0)
(1.00012 3.36021e-08 0)
(1.00012 2.87372e-08 0)
(1.00012 2.45762e-08 0)
(1.00012 2.10175e-08 0)
(1.00012 1.79743e-08 0)
(1.00012 1.53722e-08 0)
(1.00012 1.31471e-08 0)
(1.00012 1.1244e-08 0)
(1.00012 9.61613e-09 0)
(1.00012 8.22365e-09 0)
(1.00012 7.03279e-09 0)
(1.00012 6.01465e-09 0)
(1.00012 5.14417e-09 0)
(1.00012 4.3998e-09 0)
(1.00012 3.76307e-09 0)
(1.00012 3.21836e-09 0)
(1.00012 2.75244e-09 0)
(1.00012 2.35401e-09 0)
(1.00012 2.01332e-09 0)
(1.00012 1.72192e-09 0)
(1.00012 1.47257e-09 0)
(1.00012 1.25919e-09 0)
(1.00012 1.07673e-09 0)
(1.00012 9.20918e-10 0)
(1.00012 7.87979e-10 0)
(1.00012 6.74567e-10 0)
(1.00012 5.77592e-10 0)
(1.00012 4.9443e-10 0)
(1.00012 4.22961e-10 0)
(1.00012 3.61539e-10 0)
(1.00012 3.08958e-10 0)
(1.00012 2.64146e-10 0)
(1.00012 2.26102e-10 0)
(1.00012 1.93804e-10 0)
(1.00012 1.66191e-10 0)
(1.00012 1.42403e-10 0)
(1.00012 1.21764e-10 0)
(1.00012 1.03896e-10 0)
(1.00012 8.85846e-11 0)
(1.00012 7.56278e-11 0)
(1.00012 6.48288e-11 0)
(1.00012 5.58081e-11 0)
(1.00012 4.81764e-11 0)
(1.00012 4.15344e-11 0)
(1.00012 3.55921e-11 0)
(1.00012 3.02753e-11 0)
(1.00012 2.55455e-11 0)
(1.00012 2.14918e-11 0)
(1.00012 1.81656e-11 0)
(1.00012 1.54921e-11 0)
(1.00012 1.34213e-11 0)
(1.00012 1.17632e-11 0)
(1.00012 1.03805e-11 0)
(1.00012 9.14099e-12 0)
(1.00012 7.99622e-12 0)
(1.00012 6.98165e-12 0)
(1.00012 6.07615e-12 0)
(1.00012 5.32898e-12 0)
(1.00012 4.76004e-12 0)
(1.00012 4.30979e-12 0)
(1.00012 3.96803e-12 0)
(1.00012 3.66477e-12 0)
(1.00012 3.36856e-12 0)
(1.00012 3.06951e-12 0)
(1.00012 2.74761e-12 0)
(1.00012 2.4663e-12 0)
(1.00012 2.22223e-12 0)
(1.00012 2.07107e-12 0)
(1.00012 2.03508e-12 0)
(1.00012 2.1083e-12 0)
(1.00012 2.24811e-12 0)
(1.00012 2.43974e-12 0)
(1.00012 2.61991e-12 0)
(1.00012 2.75686e-12 0)
(1.00012 2.81247e-12 0)
(1.00012 2.75436e-12 0)
(1.00012 2.63149e-12 0)
(1.00012 2.41035e-12 0)
(1.00012 2.15101e-12 0)
(1.00012 1.8971e-12 0)
(1.00012 1.71176e-12 0)
(1.00012 1.60141e-12 0)
(1.00012 1.56936e-12 0)
(1.00012 1.62624e-12 0)
(1.00012 1.70246e-12 0)
(1.00012 1.7744e-12 0)
(1.00012 1.79008e-12 0)
(1.00012 1.68369e-12 0)
(1.00012 1.44319e-12 0)
(1.00012 1.04203e-12 0)
(1.00012 4.98748e-13 0)
(1.00012 -1.19872e-13 0)
(1.00012 -7.58706e-13 0)
(1.00012 -1.35902e-12 0)
(1.00012 -1.86238e-12 0)
(1.00012 -2.19201e-12 0)
(1.00012 -2.3233e-12 0)
(1.00012 -2.24e-12 0)
(1.00012 -1.92042e-12 0)
(1.00012 -1.46454e-12 0)
(1.00012 -8.67748e-13 0)
(1.00012 -2.10094e-13 0)
(1.00012 4.09738e-13 0)
(1.00012 1.02082e-12 0)
(1.00012 1.49645e-12 0)
(1.00012 1.83671e-12 0)
(1.00012 2.02108e-12 0)
(1.00012 2.06219e-12 0)
(1.00012 1.97781e-12 0)
(1.00012 1.79694e-12 0)
(1.00012 1.5549e-12 0)
(1.00012 1.23904e-12 0)
(1.00012 9.40507e-13 0)
(1.00012 6.83695e-13 0)
(1.00012 4.51563e-13 0)
(1.00012 2.67338e-13 0)
(1.00012 1.28753e-13 0)
(1.00012 5.48987e-14 0)
(1.00012 5.32944e-14 0)
(1.00012 3.77021e-14 0)
(1.00012 3.45047e-14 0)
(1.00012 8.00173e-14 0)
(1.00012 1.25009e-13 0)
(1.00012 1.2046e-13 0)
(1.00012 1.20603e-13 0)
(1.00012 1.52962e-13 0)
(1.00012 1.47977e-13 0)
(1.00012 1.07437e-13 0)
(1.00012 4.36914e-14 0)
(1.00012 1.34185e-14 0)
(1.00012 4.24846e-15 0)
(1.00012 -6.0614e-14 0)
(1.00012 -1.07373e-13 0)
(1.00012 -1.20099e-13 0)
(1.00012 -1.04729e-13 0)
(1.00012 -1.09982e-13 0)
(1.00012 -1.11951e-13 0)
(1.00012 -8.10953e-14 0)
(1.00012 -8.36781e-14 0)
(1.00012 -1.10776e-14 0)
(1.00012 3.19505e-14 0)
(1.00012 7.71985e-14 0)
(1 1.47649e-05 0)
(1 5.28228e-05 0)
(1.00002 8.7024e-05 0)
(1.00003 0.000106206 0)
(1.00005 0.000110877 0)
(1.00006 0.000106628 0)
(1.00008 9.82529e-05 0)
(1.00009 8.84475e-05 0)
(1.00009 7.84909e-05 0)
(1.0001 6.89755e-05 0)
(1.00011 6.01802e-05 0)
(1.00011 5.22243e-05 0)
(1.00011 4.51363e-05 0)
(1.00011 3.88914e-05 0)
(1.00012 3.34344e-05 0)
(1.00012 2.86949e-05 0)
(1.00012 2.45971e-05 0)
(1.00012 2.1066e-05 0)
(1.00012 1.80305e-05 0)
(1.00012 1.54257e-05 0)
(1.00012 1.31933e-05 0)
(1.00012 1.12818e-05 0)
(1.00012 9.64607e-06 0)
(1.00012 8.2469e-06 0)
(1.00012 7.05044e-06 0)
(1.00012 6.0275e-06 0)
(1.00012 5.15301e-06 0)
(1.00012 4.40546e-06 0)
(1.00012 3.76645e-06 0)
(1.00012 3.2202e-06 0)
(1.00012 2.75325e-06 0)
(1.00012 2.35407e-06 0)
(1.00012 2.01282e-06 0)
(1.00012 1.72108e-06 0)
(1.00012 1.47165e-06 0)
(1.00012 1.2584e-06 0)
(1.00012 1.07607e-06 0)
(1.00012 9.20167e-07 0)
(1.00012 7.86866e-07 0)
(1.00012 6.72884e-07 0)
(1.00012 5.75421e-07 0)
(1.00012 4.92079e-07 0)
(1.00012 4.20811e-07 0)
(1.00012 3.59867e-07 0)
(1.00012 3.07751e-07 0)
(1.00012 2.63185e-07 0)
(1.00012 2.25074e-07 0)
(1.00012 1.92482e-07 0)
(1.00012 1.6461e-07 0)
(1.00012 1.40774e-07 0)
(1.00012 1.2039e-07 0)
(1.00012 1.02959e-07 0)
(1.00012 8.80512e-08 0)
(1.00012 7.53019e-08 0)
(1.00012 6.43985e-08 0)
(1.00012 5.50741e-08 0)
(1.00012 4.71004e-08 0)
(1.00012 4.02815e-08 0)
(1.00012 3.44498e-08 0)
(1.00012 2.94619e-08 0)
(1.00012 2.51958e-08 0)
(1.00012 2.15476e-08 0)
(1.00012 1.84281e-08 0)
(1.00012 1.57606e-08 0)
(1.00012 1.34794e-08 0)
(1.00012 1.15281e-08 0)
(1.00012 9.85893e-09 0)
(1.00012 8.43126e-09 0)
(1.00012 7.21048e-09 0)
(1.00012 6.16679e-09 0)
(1.00012 5.27444e-09 0)
(1.00012 4.51126e-09 0)
(1.00012 3.85837e-09 0)
(1.00012 3.29982e-09 0)
(1.00012 2.82207e-09 0)
(1.00012 2.41351e-09 0)
(1.00012 2.06414e-09 0)
(1.00012 1.7653e-09 0)
(1.00012 1.50963e-09 0)
(1.00012 1.29092e-09 0)
(1.00012 1.10399e-09 0)
(1.00012 9.4439e-10 0)
(1.00012 8.08192e-10 0)
(1.00012 6.91873e-10 0)
(1.00012 5.9231e-10 0)
(1.00012 5.06879e-10 0)
(1.00012 4.3349e-10 0)
(1.00012 3.70525e-10 0)
(1.00012 3.1669e-10 0)
(1.00012 2.70851e-10 0)
(1.00012 2.31877e-10 0)
(1.00012 1.98674e-10 0)
(1.00012 1.70211e-10 0)
(1.00012 1.45656e-10 0)
(1.00012 1.24428e-10 0)
(1.00012 1.06153e-10 0)
(1.00012 9.06135e-11 0)
(1.00012 7.75483e-11 0)
(1.00012 6.66263e-11 0)
(1.00012 5.74093e-11 0)
(1.00012 4.94822e-11 0)
(1.00012 4.25197e-11 0)
(1.00012 3.63036e-11 0)
(1.00012 3.07981e-11 0)
(1.00012 2.60404e-11 0)
(1.00012 2.20504e-11 0)
(1.00012 1.88558e-11 0)
(1.00012 1.6325e-11 0)
(1.00012 1.43054e-11 0)
(1.00012 1.25994e-11 0)
(1.00012 1.10514e-11 0)
(1.00012 9.61252e-12 0)
(1.00012 8.23671e-12 0)
(1.00012 6.99785e-12 0)
(1.00012 5.95509e-12 0)
(1.00012 5.12802e-12 0)
(1.00012 4.53309e-12 0)
(1.00012 4.1182e-12 0)
(1.00012 3.83647e-12 0)
(1.00012 3.6108e-12 0)
(1.00012 3.38743e-12 0)
(1.00012 3.14568e-12 0)
(1.00012 2.8743e-12 0)
(1.00012 2.61849e-12 0)
(1.00012 2.40721e-12 0)
(1.00012 2.27426e-12 0)
(1.00012 2.23264e-12 0)
(1.00012 2.28678e-12 0)
(1.00012 2.41243e-12 0)
(1.00012 2.56901e-12 0)
(1.00012 2.7102e-12 0)
(1.00012 2.802e-12 0)
(1.00012 2.82909e-12 0)
(1.00012 2.75218e-12 0)
(1.00012 2.58838e-12 0)
(1.00012 2.36386e-12 0)
(1.00012 2.11698e-12 0)
(1.00012 1.88884e-12 0)
(1.00012 1.71362e-12 0)
(1.00012 1.63661e-12 0)
(1.00012 1.63502e-12 0)
(1.00012 1.69617e-12 0)
(1.00012 1.78519e-12 0)
(1.00012 1.84633e-12 0)
(1.00012 1.84368e-12 0)
(1.00012 1.71207e-12 0)
(1.00012 1.42255e-12 0)
(1.00012 9.89864e-13 0)
(1.00012 4.25498e-13 0)
(1.00012 -2.17461e-13 0)
(1.00012 -8.69271e-13 0)
(1.00012 -1.46681e-12 0)
(1.00012 -1.95842e-12 0)
(1.00012 -2.27105e-12 0)
(1.00012 -2.35476e-12 0)
(1.00012 -2.23315e-12 0)
(1.00012 -1.89176e-12 0)
(1.00012 -1.39683e-12 0)
(1.00012 -8.01512e-13 0)
(1.00012 -1.25969e-13 0)
(1.00012 5.19767e-13 0)
(1.00012 1.09995e-12 0)
(1.00012 1.56017e-12 0)
(1.00012 1.87557e-12 0)
(1.00012 2.05617e-12 0)
(1.00012 2.09153e-12 0)
(1.00012 1.99513e-12 0)
(1.00012 1.79637e-12 0)
(1.00012 1.53224e-12 0)
(1.00012 1.24573e-12 0)
(1.00012 9.54276e-13 0)
(1.00012 6.92175e-13 0)
(1.00012 4.64789e-13 0)
(1.00012 2.91142e-13 0)
(1.00012 1.67817e-13 0)
(1.00012 9.67922e-14 0)
(1.00012 9.27251e-14 0)
(1.00012 8.67711e-14 0)
(1.00012 7.06749e-14 0)
(1.00012 1.04249e-13 0)
(1.00012 1.59546e-13 0)
(1.00012 1.50308e-13 0)
(1.00012 1.17095e-13 0)
(1.00012 1.14331e-13 0)
(1.00012 1.01877e-13 0)
(1.00012 7.58388e-14 0)
(1.00012 4.29125e-14 0)
(1.00012 -1.33073e-14 0)
(1.00012 -4.55157e-14 0)
(1.00012 -7.20818e-14 0)
(1.00012 -8.93067e-14 0)
(1.00012 -1.34283e-13 0)
(1.00012 -1.55957e-13 0)
(1.00012 -1.48089e-13 0)
(1.00012 -1.30483e-13 0)
(1.00012 -8.30947e-14 0)
(1.00012 -3.51542e-14 0)
(1.00012 -5.52411e-14 0)
(1.00012 -1.18008e-14 0)
(1.00012 1.01254e-13 0)
(1 1.25652e-05 0)
(1 4.50201e-05 0)
(1.00001 7.43986e-05 0)
(1.00003 9.12934e-05 0)
(1.00004 9.60743e-05 0)
(1.00006 9.33212e-05 0)
(1.00007 8.69474e-05 0)
(1.00008 7.91685e-05 0)
(1.00009 7.1055e-05 0)
(1.00009 6.31226e-05 0)
(1.0001 5.56371e-05 0)
(1.0001 4.87365e-05 0)
(1.00011 4.24823e-05 0)
(1.00011 3.6886e-05 0)
(1.00011 3.19277e-05 0)
(1.00011 2.7568e-05 0)
(1.00011 2.37573e-05 0)
(1.00011 2.04419e-05 0)
(1.00012 1.75678e-05 0)
(1.00012 1.50833e-05 0)
(1.00012 1.29402e-05 0)
(1.00012 1.1095e-05 0)
(1.00012 9.50827e-06 0)
(1.00012 8.14535e-06 0)
(1.00012 6.97564e-06 0)
(1.00012 5.97243e-06 0)
(1.00012 5.11248e-06 0)
(1.00012 4.37564e-06 0)
(1.00012 3.74451e-06 0)
(1.00012 3.20408e-06 0)
(1.00012 2.7414e-06 0)
(1.00012 2.34536e-06 0)
(1.00012 2.00642e-06 0)
(1.00012 1.71637e-06 0)
(1.00012 1.4682e-06 0)
(1.00012 1.25586e-06 0)
(1.00012 1.07421e-06 0)
(1.00012 9.18803e-07 0)
(1.00012 7.85866e-07 0)
(1.00012 6.72152e-07 0)
(1.00012 5.74885e-07 0)
(1.00012 4.91686e-07 0)
(1.00012 4.20523e-07 0)
(1.00012 3.59657e-07 0)
(1.00012 3.07598e-07 0)
(1.00012 2.63074e-07 0)
(1.00012 2.24993e-07 0)
(1.00012 1.92423e-07 0)
(1.00012 1.64567e-07 0)
(1.00012 1.40743e-07 0)
(1.00012 1.20368e-07 0)
(1.00012 1.02943e-07 0)
(1.00012 8.80397e-08 0)
(1.00012 7.52939e-08 0)
(1.00012 6.43931e-08 0)
(1.00012 5.50708e-08 0)
(1.00012 4.70984e-08 0)
(1.00012 4.02801e-08 0)
(1.00012 3.44485e-08 0)
(1.00012 2.94606e-08 0)
(1.00012 2.51949e-08 0)
(1.00012 2.15472e-08 0)
(1.00012 1.84281e-08 0)
(1.00012 1.57609e-08 0)
(1.00012 1.34796e-08 0)
(1.00012 1.15281e-08 0)
(1.00012 9.85879e-09 0)
(1.00012 8.43121e-09 0)
(1.00012 7.21066e-09 0)
(1.00012 6.16715e-09 0)
(1.00012 5.27483e-09 0)
(1.00012 4.51156e-09 0)
(1.00012 3.85853e-09 0)
(1.00012 3.29988e-09 0)
(1.00012 2.82207e-09 0)
(1.00012 2.41352e-09 0)
(1.00012 2.06416e-09 0)
(1.00012 1.76534e-09 0)
(1.00012 1.50971e-09 0)
(1.00012 1.29108e-09 0)
(1.00012 1.10425e-09 0)
(1.00012 9.4469e-10 0)
(1.00012 8.08463e-10 0)
(1.00012 6.92013e-10 0)
(1.00012 5.92269e-10 0)
(1.00012 5.06703e-10 0)
(1.00012 4.33257e-10 0)
(1.00012 3.70355e-10 0)
(1.00012 3.16639e-10 0)
(1.00012 2.70889e-10 0)
(1.00012 2.31928e-10 0)
(1.00012 1.98616e-10 0)
(1.00012 1.69996e-10 0)
(1.00012 1.45305e-10 0)
(1.00012 1.24045e-10 0)
(1.00012 1.05883e-10 0)
(1.00012 9.05157e-11 0)
(1.00012 7.76258e-11 0)
(1.00012 6.67764e-11 0)
(1.00012 5.75323e-11 0)
(1.00012 4.94919e-11 0)
(1.00012 4.23638e-11 0)
(1.00012 3.60672e-11 0)
(1.00012 3.05675e-11 0)
(1.00012 2.5933e-11 0)
(1.00012 2.2179e-11 0)
(1.00012 1.91915e-11 0)
(1.00012 1.68291e-11 0)
(1.00012 1.48541e-11 0)
(1.00012 1.30982e-11 0)
(1.00012 1.14088e-11 0)
(1.00012 9.74693e-12 0)
(1.00012 8.1932e-12 0)
(1.00012 6.79949e-12 0)
(1.00012 5.64907e-12 0)
(1.00012 4.80233e-12 0)
(1.00012 4.21494e-12 0)
(1.00012 3.8604e-12 0)
(1.00012 3.64319e-12 0)
(1.00012 3.48503e-12 0)
(1.00012 3.33524e-12 0)
(1.00012 3.13576e-12 0)
(1.00012 2.92883e-12 0)
(1.00012 2.71614e-12 0)
(1.00012 2.53972e-12 0)
(1.00012 2.42227e-12 0)
(1.00012 2.3876e-12 0)
(1.00012 2.4151e-12 0)
(1.00012 2.5064e-12 0)
(1.00012 2.61233e-12 0)
(1.00012 2.7161e-12 0)
(1.00012 2.774e-12 0)
(1.00012 2.74349e-12 0)
(1.00012 2.65468e-12 0)
(1.00012 2.48661e-12 0)
(1.00012 2.2712e-12 0)
(1.00012 2.03706e-12 0)
(1.00012 1.84461e-12 0)
(1.00012 1.71286e-12 0)
(1.00012 1.65141e-12 0)
(1.00012 1.66845e-12 0)
(1.00012 1.72831e-12 0)
(1.00012 1.80642e-12 0)
(1.00012 1.86311e-12 0)
(1.00012 1.82619e-12 0)
(1.00012 1.66473e-12 0)
(1.00012 1.35231e-12 0)
(1.00012 8.99485e-13 0)
(1.00012 3.34649e-13 0)
(1.00012 -2.97857e-13 0)
(1.00012 -9.38883e-13 0)
(1.00012 -1.52906e-12 0)
(1.00012 -1.99073e-12 0)
(1.00012 -2.26168e-12 0)
(1.00012 -2.32123e-12 0)
(1.00012 -2.15611e-12 0)
(1.00012 -1.81881e-12 0)
(1.00012 -1.31457e-12 0)
(1.00012 -6.91239e-13 0)
(1.00012 -5.42883e-14 0)
(1.00012 5.89011e-13 0)
(1.00012 1.13358e-12 0)
(1.00012 1.56873e-12 0)
(1.00012 1.87019e-12 0)
(1.00012 2.03765e-12 0)
(1.00012 2.05433e-12 0)
(1.00012 1.93635e-12 0)
(1.00012 1.75239e-12 0)
(1.00012 1.49118e-12 0)
(1.00012 1.21691e-12 0)
(1.00012 9.53628e-13 0)
(1.00012 6.83261e-13 0)
(1.00012 4.61342e-13 0)
(1.00012 3.31474e-13 0)
(1.00012 2.27041e-13 0)
(1.00012 1.33334e-13 0)
(1.00012 1.07239e-13 0)
(1.00012 1.30011e-13 0)
(1.00012 1.18453e-13 0)
(1.00012 1.13264e-13 0)
(1.00012 1.41521e-13 0)
(1.00012 1.67503e-13 0)
(1.00012 1.6645e-13 0)
(1.00012 1.16641e-13 0)
(1.00012 9.49764e-14 0)
(1.00012 5.3108e-14 0)
(1.00012 -1.40847e-14 0)
(1.00012 -3.57854e-14 0)
(1.00012 -7.64697e-14 0)
(1.00012 -1.23472e-13 0)
(1.00012 -1.43265e-13 0)
(1.00012 -1.61066e-13 0)
(1.00012 -1.9055e-13 0)
(1.00012 -1.7557e-13 0)
(1.00012 -1.36097e-13 0)
(1.00012 -1.54274e-13 0)
(1.00012 -9.21928e-14 0)
(1.00012 -1.87458e-14 0)
(1.00012 1.44197e-14 0)
(1.00012 8.54365e-14 0)
(1 1.06824e-05 0)
(1 3.83193e-05 0)
(1.00001 6.34681e-05 0)
(1.00002 7.81878e-05 0)
(1.00004 8.27699e-05 0)
(1.00005 8.10159e-05 0)
(1.00006 7.61472e-05 0)
(1.00007 6.99801e-05 0)
(1.00008 6.3397e-05 0)
(1.00009 5.68338e-05 0)
(1.00009 5.0529e-05 0)
(1.0001 4.46204e-05 0)
(1.0001 3.91839e-05 0)
(1.0001 3.42524e-05 0)
(1.00011 2.98289e-05 0)
(1.00011 2.58961e-05 0)
(1.00011 2.24246e-05 0)
(1.00011 1.93777e-05 0)
(1.00011 1.67159e-05 0)
(1.00011 1.43993e-05 0)
(1.00011 1.2389e-05 0)
(1.00012 1.06491e-05 0)
(1.00012 9.14611e-06 0)
(1.00012 7.84999e-06 0)
(1.00012 6.73377e-06 0)
(1.00012 5.77357e-06 0)
(1.00012 4.94835e-06 0)
(1.00012 4.23969e-06 0)
(1.00012 3.63151e-06 0)
(1.00012 3.10985e-06 0)
(1.00012 2.6626e-06 0)
(1.00012 2.2793e-06 0)
(1.00012 1.9509e-06 0)
(1.00012 1.66961e-06 0)
(1.00012 1.42874e-06 0)
(1.00012 1.22251e-06 0)
(1.00012 1.04597e-06 0)
(1.00012 8.94867e-07 0)
(1.00012 7.65553e-07 0)
(1.00012 6.54896e-07 0)
(1.00012 5.60211e-07 0)
(1.00012 4.79199e-07 0)
(1.00012 4.0989e-07 0)
(1.00012 3.50597e-07 0)
(1.00012 2.99876e-07 0)
(1.00012 2.56488e-07 0)
(1.00012 2.19374e-07 0)
(1.00012 1.87627e-07 0)
(1.00012 1.60473e-07 0)
(1.00012 1.37247e-07 0)
(1.00012 1.17382e-07 0)
(1.00012 1.00392e-07 0)
(1.00012 8.58606e-08 0)
(1.00012 7.34319e-08 0)
(1.00012 6.28022e-08 0)
(1.00012 5.37113e-08 0)
(1.00012 4.59363e-08 0)
(1.00012 3.92864e-08 0)
(1.00012 3.35986e-08 0)
(1.00012 2.87339e-08 0)
(1.00012 2.45738e-08 0)
(1.00012 2.10164e-08 0)
(1.00012 1.79745e-08 0)
(1.00012 1.53729e-08 0)
(1.00012 1.31475e-08 0)
(1.00012 1.12439e-08 0)
(1.00012 9.61578e-09 0)
(1.00012 8.2236e-09 0)
(1.00012 7.03336e-09 0)
(1.00012 6.01567e-09 0)
(1.00012 5.14525e-09 0)
(1.00012 4.40059e-09 0)
(1.00012 3.76348e-09 0)
(1.00012 3.21851e-09 0)
(1.00012 2.75252e-09 0)
(1.00012 2.35413e-09 0)
(1.00012 2.01348e-09 0)
(1.00012 1.7221e-09 0)
(1.00012 1.47282e-09 0)
(1.00012 1.25961e-09 0)
(1.00012 1.0774e-09 0)
(1.00012 9.21725e-10 0)
(1.00012 7.88721e-10 0)
(1.00012 6.74961e-10 0)
(1.00012 5.77501e-10 0)
(1.00012 4.93944e-10 0)
(1.00012 4.22325e-10 0)
(1.00012 3.61067e-10 0)
(1.00012 3.08815e-10 0)
(1.00012 2.64265e-10 0)
(1.00012 2.26237e-10 0)
(1.00012 1.93626e-10 0)
(1.00012 1.65563e-10 0)
(1.00012 1.41408e-10 0)
(1.00012 1.20689e-10 0)
(1.00012 1.031e-10 0)
(1.00012 8.82713e-11 0)
(1.00012 7.58276e-11 0)
(1.00012 6.52815e-11 0)
(1.00012 5.61748e-11 0)
(1.00012 4.81954e-11 0)
(1.00012 4.11077e-11 0)
(1.00012 3.49053e-11 0)
(1.00012 2.96295e-11 0)
(1.00012 2.52691e-11 0)
(1.00012 2.18298e-11 0)
(1.00012 1.91208e-11 0)
(1.00012 1.69385e-11 0)
(1.00012 1.50248e-11 0)
(1.00012 1.31846e-11 0)
(1.00012 1.13785e-11 0)
(1.00012 9.56678e-12 0)
(1.00012 7.86354e-12 0)
(1.00012 6.39875e-12 0)
(1.00012 5.22006e-12 0)
(1.00012 4.3902e-12 0)
(1.00012 3.85855e-12 0)
(1.00012 3.56549e-12 0)
(1.00012 3.41899e-12 0)
(1.00012 3.31313e-12 0)
(1.00012 3.22204e-12 0)
(1.00012 3.07778e-12 0)
(1.00012 2.9095e-12 0)
(1.00012 2.73629e-12 0)
(1.00012 2.59585e-12 0)
(1.00012 2.49734e-12 0)
(1.00012 2.45841e-12 0)
(1.00012 2.46858e-12 0)
(1.00012 2.5244e-12 0)
(1.00012 2.5902e-12 0)
(1.00012 2.62981e-12 0)
(1.00012 2.65582e-12 0)
(1.00012 2.60214e-12 0)
(1.00012 2.4826e-12 0)
(1.00012 2.30786e-12 0)
(1.00012 2.11718e-12 0)
(1.00012 1.92619e-12 0)
(1.00012 1.75625e-12 0)
(1.00012 1.66299e-12 0)
(1.00012 1.62034e-12 0)
(1.00012 1.64829e-12 0)
(1.00012 1.71518e-12 0)
(1.00012 1.77152e-12 0)
(1.00012 1.80517e-12 0)
(1.00012 1.74338e-12 0)
(1.00012 1.55639e-12 0)
(1.00012 1.23935e-12 0)
(1.00012 7.92918e-13 0)
(1.00012 2.41401e-13 0)
(1.00012 -3.78625e-13 0)
(1.00012 -9.83846e-13 0)
(1.00012 -1.53278e-12 0)
(1.00012 -1.95428e-12 0)
(1.00012 -2.16888e-12 0)
(1.00012 -2.2134e-12 0)
(1.00012 -2.03106e-12 0)
(1.00012 -1.67333e-12 0)
(1.00012 -1.19345e-12 0)
(1.00012 -5.76161e-13 0)
(1.00012 3.59068e-14 0)
(1.00012 6.26248e-13 0)
(1.00012 1.13815e-12 0)
(1.00012 1.54819e-12 0)
(1.00012 1.82621e-12 0)
(1.00012 1.95733e-12 0)
(1.00012 1.95616e-12 0)
(1.00012 1.83607e-12 0)
(1.00012 1.65621e-12 0)
(1.00012 1.41744e-12 0)
(1.00012 1.14666e-12 0)
(1.00012 8.98303e-13 0)
(1.00012 6.69703e-13 0)
(1.00012 4.6901e-13 0)
(1.00012 3.33115e-13 0)
(1.00012 2.43607e-13 0)
(1.00012 1.75292e-13 0)
(1.00012 1.46367e-13 0)
(1.00012 1.72273e-13 0)
(1.00012 1.66563e-13 0)
(1.00012 1.52229e-13 0)
(1.00012 1.62564e-13 0)
(1.00012 1.51546e-13 0)
(1.00012 1.45295e-13 0)
(1.00012 8.70426e-14 0)
(1.00012 5.42022e-14 0)
(1.00012 4.29628e-14 0)
(1.00012 -5.36622e-14 0)
(1.00012 -1.10448e-13 0)
(1.00012 -1.5323e-13 0)
(1.00012 -1.63866e-13 0)
(1.00012 -1.92925e-13 0)
(1.00012 -2.02059e-13 0)
(1.00012 -1.8307e-13 0)
(1.00012 -2.02228e-13 0)
(1.00012 -1.92258e-13 0)
(1.00012 -1.35771e-13 0)
(1.00012 -6.69983e-14 0)
(1.00012 -7.52115e-14 0)
(1.00012 -3.78495e-14 0)
(1.00012 7.30096e-14 0)
(1 9.03241e-06 0)
(1 3.24306e-05 0)
(1.00001 5.38054e-05 0)
(1.00002 6.6477e-05 0)
(1.00003 7.06854e-05 0)
(1.00004 6.95947e-05 0)
(1.00005 6.58671e-05 0)
(1.00006 6.09874e-05 0)
(1.00007 5.56749e-05 0)
(1.00008 5.02901e-05 0)
(1.00009 4.50377e-05 0)
(1.00009 4.00454e-05 0)
(1.0001 3.53917e-05 0)
(1.0001 3.11194e-05 0)
(1.0001 2.72454e-05 0)
(1.00011 2.37673e-05 0)
(1.00011 2.067e-05 0)
(1.00011 1.79302e-05 0)
(1.00011 1.55199e-05 0)
(1.00011 1.34092e-05 0)
(1.00011 1.15676e-05 0)
(1.00011 9.96607e-06 0)
(1.00011 8.5768e-06 0)
(1.00011 7.37435e-06 0)
(1.00012 6.33548e-06 0)
(1.00012 5.43932e-06 0)
(1.00012 4.66728e-06 0)
(1.00012 4.00289e-06 0)
(1.00012 3.43166e-06 0)
(1.00012 2.94092e-06 0)
(1.00012 2.5196e-06 0)
(1.00012 2.1581e-06 0)
(1.00012 1.84805e-06 0)
(1.00012 1.58226e-06 0)
(1.00012 1.35448e-06 0)
(1.00012 1.15933e-06 0)
(1.00012 9.92179e-07 0)
(1.00012 8.49044e-07 0)
(1.00012 7.26496e-07 0)
(1.00012 6.21591e-07 0)
(1.00012 5.31799e-07 0)
(1.00012 4.54953e-07 0)
(1.00012 3.89194e-07 0)
(1.00012 3.32927e-07 0)
(1.00012 2.84785e-07 0)
(1.00012 2.43598e-07 0)
(1.00012 2.08361e-07 0)
(1.00012 1.78217e-07 0)
(1.00012 1.52431e-07 0)
(1.00012 1.30375e-07 0)
(1.00012 1.11509e-07 0)
(1.00012 9.53714e-08 0)
(1.00012 8.15684e-08 0)
(1.00012 6.97625e-08 0)
(1.00012 5.96652e-08 0)
(1.00012 5.10292e-08 0)
(1.00012 4.36429e-08 0)
(1.00012 3.73251e-08 0)
(1.00012 3.19214e-08 0)
(1.00012 2.72999e-08 0)
(1.00012 2.33478e-08 0)
(1.00012 1.99683e-08 0)
(1.00012 1.70781e-08 0)
(1.00012 1.46061e-08 0)
(1.00012 1.24915e-08 0)
(1.00012 1.06828e-08 0)
(1.00012 9.13606e-09 0)
(1.00012 7.8136e-09 0)
(1.00012 6.68292e-09 0)
(1.00012 5.71598e-09 0)
(1.00012 4.88879e-09 0)
(1.00012 4.18105e-09 0)
(1.00012 3.57559e-09 0)
(1.00012 3.05782e-09 0)
(1.00012 2.61522e-09 0)
(1.00012 2.23689e-09 0)
(1.00012 1.91337e-09 0)
(1.00012 1.63661e-09 0)
(1.00012 1.39978e-09 0)
(1.00012 1.19719e-09 0)
(1.00012 1.02399e-09 0)
(1.00012 8.75964e-10 0)
(1.00012 7.49431e-10 0)
(1.00012 6.41162e-10 0)
(1.00012 5.48433e-10 0)
(1.00012 4.68987e-10 0)
(1.00012 4.01011e-10 0)
(1.00012 3.42928e-10 0)
(1.00012 2.93393e-10 0)
(1.00012 2.51121e-10 0)
(1.00012 2.14938e-10 0)
(1.00012 1.83851e-10 0)
(1.00012 1.57073e-10 0)
(1.00012 1.34072e-10 0)
(1.00012 1.14451e-10 0)
(1.00012 9.78665e-11 0)
(1.00012 8.39229e-11 0)
(1.00012 7.21631e-11 0)
(1.00012 6.21214e-11 0)
(1.00012 5.33699e-11 0)
(1.00012 4.56305e-11 0)
(1.00012 3.88108e-11 0)
(1.00012 3.29103e-11 0)
(1.00012 2.80032e-11 0)
(1.00012 2.40755e-11 0)
(1.00012 2.10117e-11 0)
(1.00012 1.86057e-11 0)
(1.00012 1.65794e-11 0)
(1.00012 1.47255e-11 0)
(1.00012 1.28553e-11 0)
(1.00012 1.09348e-11 0)
(1.00012 9.05985e-12 0)
(1.00012 7.31719e-12 0)
(1.00012 5.84217e-12 0)
(1.00012 4.72033e-12 0)
(1.00012 3.94848e-12 0)
(1.00012 3.50284e-12 0)
(1.00012 3.27049e-12 0)
(1.00012 3.17056e-12 0)
(1.00012 3.11269e-12 0)
(1.00012 3.03316e-12 0)
(1.00012 2.92865e-12 0)
(1.00012 2.80119e-12 0)
(1.00012 2.67244e-12 0)
(1.00012 2.5608e-12 0)
(1.00012 2.49316e-12 0)
(1.00012 2.45655e-12 0)
(1.00012 2.44914e-12 0)
(1.00012 2.46173e-12 0)
(1.00012 2.48708e-12 0)
(1.00012 2.48513e-12 0)
(1.00012 2.44445e-12 0)
(1.00012 2.36385e-12 0)
(1.00012 2.24015e-12 0)
(1.00012 2.08395e-12 0)
(1.00012 1.90437e-12 0)
(1.00012 1.75492e-12 0)
(1.00012 1.63425e-12 0)
(1.00012 1.56384e-12 0)
(1.00012 1.55097e-12 0)
(1.00012 1.5829e-12 0)
(1.00012 1.6415e-12 0)
(1.00012 1.68202e-12 0)
(1.00012 1.67664e-12 0)
(1.00012 1.59339e-12 0)
(1.00012 1.39999e-12 0)
(1.00012 1.08644e-12 0)
(1.00012 6.51738e-13 0)
(1.00012 1.33326e-13 0)
(1.00012 -4.36301e-13 0)
(1.00012 -9.97207e-13 0)
(1.00012 -1.48152e-12 0)
(1.00012 -1.83863e-12 0)
(1.00012 -2.01993e-12 0)
(1.00012 -2.02463e-12 0)
(1.00012 -1.84316e-12 0)
(1.00012 -1.49383e-12 0)
(1.00012 -1.00991e-12 0)
(1.00012 -4.62861e-13 0)
(1.00012 1.02498e-13 0)
(1.00012 6.46018e-13 0)
(1.00012 1.12141e-12 0)
(1.00012 1.47901e-12 0)
(1.00012 1.71543e-12 0)
(1.00012 1.81658e-12 0)
(1.00012 1.80032e-12 0)
(1.00012 1.70844e-12 0)
(1.00012 1.51929e-12 0)
(1.00012 1.28613e-12 0)
(1.00012 1.05519e-12 0)
(1.00012 8.4047e-13 0)
(1.00012 6.40113e-13 0)
(1.00012 4.66209e-13 0)
(1.00012 3.30139e-13 0)
(1.00012 2.64757e-13 0)
(1.00012 2.35469e-13 0)
(1.00012 1.89543e-13 0)
(1.00012 1.90013e-13 0)
(1.00012 2.20032e-13 0)
(1.00012 2.11988e-13 0)
(1.00012 2.04227e-13 0)
(1.00012 1.86774e-13 0)
(1.00012 1.545e-13 0)
(1.00012 1.15989e-13 0)
(1.00012 3.54266e-14 0)
(1.00012 -1.11008e-14 0)
(1.00012 -4.63662e-14 0)
(1.00012 -1.0344e-13 0)
(1.00012 -1.85457e-13 0)
(1.00012 -2.2339e-13 0)
(1.00012 -2.42622e-13 0)
(1.00012 -2.42158e-13 0)
(1.00012 -2.5489e-13 0)
(1.00012 -2.22089e-13 0)
(1.00012 -1.61023e-13 0)
(1.00012 -1.76983e-13 0)
(1.00012 -1.20221e-13 0)
(1.00012 -5.20454e-14 0)
(1.00012 -2.94709e-14 0)
(1.00012 4.72677e-14 0)
(1 7.5563e-06 0)
(1 2.71504e-05 0)
(1.00001 4.51027e-05 0)
(1.00002 5.58465e-05 0)
(1.00003 5.95813e-05 0)
(1.00004 5.89277e-05 0)
(1.00005 5.60758e-05 0)
(1.00006 5.22339e-05 0)
(1.00007 4.7982e-05 0)
(1.00008 4.3612e-05 0)
(1.00008 3.92946e-05 0)
(1.00009 3.51414e-05 0)
(1.00009 3.12264e-05 0)
(1.0001 2.75952e-05 0)
(1.0001 2.42713e-05 0)
(1.0001 2.12616e-05 0)
(1.0001 1.85608e-05 0)
(1.00011 1.6155e-05 0)
(1.00011 1.40256e-05 0)
(1.00011 1.21505e-05 0)
(1.00011 1.05066e-05 0)
(1.00011 9.07079e-06 0)
(1.00011 7.8206e-06 0)
(1.00011 6.73492e-06 0)
(1.00011 5.79422e-06 0)
(1.00012 4.98069e-06 0)
(1.00012 4.27828e-06 0)
(1.00012 3.67264e-06 0)
(1.00012 3.15106e-06 0)
(1.00012 2.70232e-06 0)
(1.00012 2.31658e-06 0)
(1.00012 1.98523e-06 0)
(1.00012 1.70079e-06 0)
(1.00012 1.45674e-06 0)
(1.00012 1.24744e-06 0)
(1.00012 1.06803e-06 0)
(1.00012 9.14269e-07 0)
(1.00012 7.82542e-07 0)
(1.00012 6.69717e-07 0)
(1.00012 5.73102e-07 0)
(1.00012 4.90382e-07 0)
(1.00012 4.19571e-07 0)
(1.00012 3.58963e-07 0)
(1.00012 3.07094e-07 0)
(1.00012 2.62708e-07 0)
(1.00012 2.24727e-07 0)
(1.00012 1.9223e-07 0)
(1.00012 1.64428e-07 0)
(1.00012 1.40644e-07 0)
(1.00012 1.20298e-07 0)
(1.00012 1.02893e-07 0)
(1.00012 8.80046e-08 0)
(1.00012 7.52693e-08 0)
(1.00012 6.43764e-08 0)
(1.00012 5.50596e-08 0)
(1.00012 4.70909e-08 0)
(1.00012 4.0275e-08 0)
(1.00012 3.4445e-08 0)
(1.00012 2.94586e-08 0)
(1.00012 2.51941e-08 0)
(1.00012 2.15473e-08 0)
(1.00012 1.84286e-08 0)
(1.00012 1.57611e-08 0)
(1.00012 1.34795e-08 0)
(1.00012 1.15278e-08 0)
(1.00012 9.85869e-09 0)
(1.00012 8.4315e-09 0)
(1.00012 7.21129e-09 0)
(1.00012 6.16789e-09 0)
(1.00012 5.27538e-09 0)
(1.00012 4.51175e-09 0)
(1.00012 3.85838e-09 0)
(1.00012 3.29958e-09 0)
(1.00012 2.82188e-09 0)
(1.00012 2.41364e-09 0)
(1.00012 2.06469e-09 0)
(1.00012 1.76625e-09 0)
(1.00012 1.51086e-09 0)
(1.00012 1.29225e-09 0)
(1.00012 1.10521e-09 0)
(1.00012 9.45255e-10 0)
(1.00012 8.08509e-10 0)
(1.00012 6.91579e-10 0)
(1.00012 5.91511e-10 0)
(1.00012 5.05848e-10 0)
(1.00012 4.32529e-10 0)
(1.00012 3.69864e-10 0)
(1.00012 3.16393e-10 0)
(1.00012 2.70767e-10 0)
(1.00012 2.31776e-10 0)
(1.00012 1.9832e-10 0)
(1.00012 1.69528e-10 0)
(1.00012 1.44749e-10 0)
(1.00012 1.23518e-10 0)
(1.00012 1.05495e-10 0)
(1.00012 9.02973e-11 0)
(1.00012 7.75336e-11 0)
(1.00012 6.67174e-11 0)
(1.00012 5.73661e-11 0)
(1.00012 4.9175e-11 0)
(1.00012 4.19115e-11 0)
(1.00012 3.55536e-11 0)
(1.00012 3.0179e-11 0)
(1.00012 2.57856e-11 0)
(1.00012 2.23522e-11 0)
(1.00012 1.96972e-11 0)
(1.00012 1.75927e-11 0)
(1.00012 1.57414e-11 0)
(1.00012 1.39136e-11 0)
(1.00012 1.20511e-11 0)
(1.00012 1.01216e-11 0)
(1.00012 8.24643e-12 0)
(1.00012 6.5716e-12 0)
(1.00012 5.18104e-12 0)
(1.00012 4.17366e-12 0)
(1.00012 3.51356e-12 0)
(1.00012 3.14292e-12 0)
(1.00012 2.97525e-12 0)
(1.00012 2.88443e-12 0)
(1.00012 2.84006e-12 0)
(1.00012 2.7789e-12 0)
(1.00012 2.70207e-12 0)
(1.00012 2.60711e-12 0)
(1.00012 2.52407e-12 0)
(1.00012 2.45113e-12 0)
(1.00012 2.40449e-12 0)
(1.00012 2.36819e-12 0)
(1.00012 2.34936e-12 0)
(1.00012 2.33351e-12 0)
(1.00012 2.28716e-12 0)
(1.00012 2.24781e-12 0)
(1.00012 2.1768e-12 0)
(1.00012 2.07294e-12 0)
(1.00012 1.94011e-12 0)
(1.00012 1.81195e-12 0)
(1.00012 1.69034e-12 0)
(1.00012 1.57072e-12 0)
(1.00012 1.49269e-12 0)
(1.00012 1.44648e-12 0)
(1.00012 1.44209e-12 0)
(1.00012 1.47297e-12 0)
(1.00012 1.50043e-12 0)
(1.00012 1.51273e-12 0)
(1.00012 1.48259e-12 0)
(1.00012 1.38246e-12 0)
(1.00012 1.18827e-12 0)
(1.00012 8.97048e-13 0)
(1.00012 5.03665e-13 0)
(1.00012 2.3909e-14 0)
(1.00012 -4.78219e-13 0)
(1.00012 -9.57148e-13 0)
(1.00012 -1.3749e-12 0)
(1.00012 -1.65874e-12 0)
(1.00012 -1.81812e-12 0)
(1.00012 -1.79838e-12 0)
(1.00012 -1.59598e-12 0)
(1.00012 -1.28524e-12 0)
(1.00012 -8.38579e-13 0)
(1.00012 -3.45491e-13 0)
(1.00012 1.64014e-13 0)
(1.00012 6.47372e-13 0)
(1.00012 1.06345e-12 0)
(1.00012 1.36287e-12 0)
(1.00012 1.54786e-12 0)
(1.00012 1.64613e-12 0)
(1.00012 1.62414e-12 0)
(1.00012 1.523e-12 0)
(1.00012 1.35996e-12 0)
(1.00012 1.15531e-12 0)
(1.00012 9.45248e-13 0)
(1.00012 7.55323e-13 0)
(1.00012 5.81834e-13 0)
(1.00012 4.46933e-13 0)
(1.00012 3.44078e-13 0)
(1.00012 2.92124e-13 0)
(1.00012 2.79464e-13 0)
(1.00012 2.53796e-13 0)
(1.00012 2.41443e-13 0)
(1.00012 2.65831e-13 0)
(1.00012 2.61063e-13 0)
(1.00012 2.13033e-13 0)
(1.00012 1.95303e-13 0)
(1.00012 1.48736e-13 0)
(1.00012 8.46985e-14 0)
(1.00012 9.3655e-15 0)
(1.00012 -9.09346e-14 0)
(1.00012 -1.31844e-13 0)
(1.00012 -1.72577e-13 0)
(1.00012 -2.13748e-13 0)
(1.00012 -2.5938e-13 0)
(1.00012 -2.90929e-13 0)
(1.00012 -2.64721e-13 0)
(1.00012 -2.52135e-13 0)
(1.00012 -2.54932e-13 0)
(1.00012 -2.53371e-13 0)
(1.00012 -2.05708e-13 0)
(1.00012 -1.29067e-13 0)
(1.00012 -5.82523e-14 0)
(1.00012 -4.35053e-15 0)
(1.00012 4.38291e-14 0)
(1 6.21128e-06 0)
(1 2.23303e-05 0)
(1.00001 3.71315e-05 0)
(1.00002 4.60524e-05 0)
(1.00003 4.92574e-05 0)
(1.00004 4.88865e-05 0)
(1.00005 4.67182e-05 0)
(1.00006 4.37249e-05 0)
(1.00006 4.03673e-05 0)
(1.00007 3.68769e-05 0)
(1.00008 3.33918e-05 0)
(1.00008 3.00056e-05 0)
(1.00009 2.67835e-05 0)
(1.00009 2.3769e-05 0)
(1.0001 2.09876e-05 0)
(1.0001 1.84506e-05 0)
(1.0001 1.61589e-05 0)
(1.0001 1.41055e-05 0)
(1.00011 1.22781e-05 0)
(1.00011 1.06614e-05 0)
(1.00011 9.23801e-06 0)
(1.00011 7.9901e-06 0)
(1.00011 6.89993e-06 0)
(1.00011 5.95045e-06 0)
(1.00011 5.12565e-06 0)
(1.00011 4.41076e-06 0)
(1.00011 3.7923e-06 0)
(1.00012 3.25813e-06 0)
(1.00012 2.79742e-06 0)
(1.00012 2.40053e-06 0)
(1.00012 2.05897e-06 0)
(1.00012 1.76529e-06 0)
(1.00012 1.51298e-06 0)
(1.00012 1.29633e-06 0)
(1.00012 1.11042e-06 0)
(1.00012 9.50954e-07 0)
(1.00012 8.14235e-07 0)
(1.00012 6.97056e-07 0)
(1.00012 5.96656e-07 0)
(1.00012 5.10654e-07 0)
(1.00012 4.37003e-07 0)
(1.00012 3.7394e-07 0)
(1.00012 3.19954e-07 0)
(1.00012 2.73743e-07 0)
(1.00012 2.34193e-07 0)
(1.00012 2.00346e-07 0)
(1.00012 1.71384e-07 0)
(1.00012 1.46604e-07 0)
(1.00012 1.25403e-07 0)
(1.00012 1.07265e-07 0)
(1.00012 9.17482e-08 0)
(1.00012 7.8474e-08 0)
(1.00012 6.71191e-08 0)
(1.00012 5.74067e-08 0)
(1.00012 4.90994e-08 0)
(1.00012 4.19938e-08 0)
(1.00012 3.5916e-08 0)
(1.00012 3.07173e-08 0)
(1.00012 2.62709e-08 0)
(1.00012 2.24683e-08 0)
(1.00012 1.92163e-08 0)
(1.00012 1.6435e-08 0)
(1.00012 1.40559e-08 0)
(1.00012 1.20209e-08 0)
(1.00012 1.02803e-08 0)
(1.00012 8.79199e-09 0)
(1.00012 7.51949e-09 0)
(1.00012 6.43146e-09 0)
(1.00012 5.50088e-09 0)
(1.00012 4.7047e-09 0)
(1.00012 4.02343e-09 0)
(1.00012 3.44064e-09 0)
(1.00012 2.94238e-09 0)
(1.00012 2.51659e-09 0)
(1.00012 2.15277e-09 0)
(1.00012 1.84174e-09 0)
(1.00012 1.57564e-09 0)
(1.00012 1.34782e-09 0)
(1.00012 1.15277e-09 0)
(1.00012 9.85857e-10 0)
(1.00012 8.43103e-10 0)
(1.00012 7.21041e-10 0)
(1.00012 6.16648e-10 0)
(1.00012 5.2731e-10 0)
(1.00012 4.50863e-10 0)
(1.00012 3.85507e-10 0)
(1.00012 3.29692e-10 0)
(1.00012 2.82105e-10 0)
(1.00012 2.41475e-10 0)
(1.00012 2.06692e-10 0)
(1.00012 1.76806e-10 0)
(1.00012 1.51049e-10 0)
(1.00012 1.28913e-10 0)
(1.00012 1.09997e-10 0)
(1.00012 9.40104e-11 0)
(1.00012 8.05662e-11 0)
(1.00012 6.92332e-11 0)
(1.00012 5.9575e-11 0)
(1.00012 5.11571e-11 0)
(1.00012 4.37209e-11 0)
(1.00012 3.7162e-11 0)
(1.00012 3.14779e-11 0)
(1.00012 2.67652e-11 0)
(1.00012 2.30065e-11 0)
(1.00012 2.01183e-11 0)
(1.00012 1.7894e-11 0)
(1.00012 1.60456e-11 0)
(1.00012 1.4357e-11 0)
(1.00012 1.26227e-11 0)
(1.00012 1.07927e-11 0)
(1.00012 8.94852e-12 0)
(1.00012 7.19214e-12 0)
(1.00012 5.67337e-12 0)
(1.00012 4.47044e-12 0)
(1.00012 3.61518e-12 0)
(1.00012 3.09763e-12 0)
(1.00012 2.80222e-12 0)
(1.00012 2.66223e-12 0)
(1.00012 2.58491e-12 0)
(1.00012 2.52341e-12 0)
(1.00012 2.45941e-12 0)
(1.00012 2.39324e-12 0)
(1.00012 2.33313e-12 0)
(1.00012 2.28477e-12 0)
(1.00012 2.25394e-12 0)
(1.00012 2.23312e-12 0)
(1.00012 2.20333e-12 0)
(1.00012 2.15783e-12 0)
(1.00012 2.11185e-12 0)
(1.00012 2.03674e-12 0)
(1.00012 1.94413e-12 0)
(1.00012 1.83802e-12 0)
(1.00012 1.73214e-12 0)
(1.00012 1.62922e-12 0)
(1.00012 1.52098e-12 0)
(1.00012 1.44454e-12 0)
(1.00012 1.37177e-12 0)
(1.00012 1.32477e-12 0)
(1.00012 1.29933e-12 0)
(1.00012 1.28771e-12 0)
(1.00012 1.29868e-12 0)
(1.00012 1.29556e-12 0)
(1.00012 1.27591e-12 0)
(1.00012 1.22372e-12 0)
(1.00012 1.12337e-12 0)
(1.00012 9.48997e-13 0)
(1.00012 6.75225e-13 0)
(1.00012 3.32529e-13 0)
(1.00012 -6.61477e-14 0)
(1.00012 -4.86914e-13 0)
(1.00012 -8.77141e-13 0)
(1.00012 -1.21737e-12 0)
(1.00012 -1.43735e-12 0)
(1.00012 -1.54739e-12 0)
(1.00012 -1.51833e-12 0)
(1.00012 -1.33225e-12 0)
(1.00012 -1.04049e-12 0)
(1.00012 -6.57157e-13 0)
(1.00012 -2.29524e-13 0)
(1.00012 2.177e-13 0)
(1.00012 6.31598e-13 0)
(1.00012 9.67785e-13 0)
(1.00012 1.21063e-12 0)
(1.00012 1.35681e-12 0)
(1.00012 1.42256e-12 0)
(1.00012 1.40262e-12 0)
(1.00012 1.28982e-12 0)
(1.00012 1.1438e-12 0)
(1.00012 9.86073e-13 0)
(1.00012 8.14753e-13 0)
(1.00012 6.38964e-13 0)
(1.00012 5.07965e-13 0)
(1.00012 4.22554e-13 0)
(1.00012 3.33971e-13 0)
(1.00012 2.93424e-13 0)
(1.00012 3.03905e-13 0)
(1.00012 3.04351e-13 0)
(1.00012 2.94303e-13 0)
(1.00012 2.95748e-13 0)
(1.00012 2.98941e-13 0)
(1.00012 2.51896e-13 0)
(1.00012 1.92938e-13 0)
(1.00012 1.46455e-13 0)
(1.00012 7.40814e-14 0)
(1.00012 8.24668e-15 0)
(1.00012 -9.50225e-14 0)
(1.00012 -1.50554e-13 0)
(1.00012 -2.20271e-13 0)
(1.00012 -2.97427e-13 0)
(1.00012 -3.23948e-13 0)
(1.00012 -3.31562e-13 0)
(1.00012 -3.56114e-13 0)
(1.00012 -3.37401e-13 0)
(1.00012 -2.56897e-13 0)
(1.00012 -2.06537e-13 0)
(1.00012 -1.66468e-13 0)
(1.00012 -1.59717e-13 0)
(1.00012 -1.6445e-13 0)
(1.00012 -5.12069e-14 0)
(1.00012 5.74015e-14 0)
(1 4.9651e-06 0)
(1 1.78578e-05 0)
(1.00001 2.97165e-05 0)
(1.00002 3.69016e-05 0)
(1.00003 3.95455e-05 0)
(1.00004 3.93516e-05 0)
(1.00004 3.7729e-05 0)
(1.00005 3.54427e-05 0)
(1.00006 3.28504e-05 0)
(1.00007 3.0131e-05 0)
(1.00007 2.73924e-05 0)
(1.00008 2.47098e-05 0)
(1.00009 2.21376e-05 0)
(1.00009 1.9714e-05 0)
(1.00009 1.74629e-05 0)
(1.0001 1.53973e-05 0)
(1.0001 1.3521e-05 0)
(1.0001 1.18315e-05 0)
(1.0001 1.03213e-05 0)
(1.00011 8.97977e-06 0)
(1.00011 7.79446e-06 0)
(1.00011 6.75197e-06 0)
(1.00011 5.83869e-06 0)
(1.00011 5.04131e-06 0)
(1.00011 4.34712e-06 0)
(1.00011 3.74428e-06 0)
(1.00011 3.22188e-06 0)
(1.00011 2.77001e-06 0)
(1.00012 2.37979e-06 0)
(1.00012 2.04324e-06 0)
(1.00012 1.75334e-06 0)
(1.00012 1.50386e-06 0)
(1.00012 1.28936e-06 0)
(1.00012 1.10507e-06 0)
(1.00012 9.46834e-07 0)
(1.00012 8.11047e-07 0)
(1.00012 6.94578e-07 0)
(1.00012 5.94721e-07 0)
(1.00012 5.09135e-07 0)
(1.00012 4.35803e-07 0)
(1.00012 3.72988e-07 0)
(1.00012 3.19194e-07 0)
(1.00012 2.73133e-07 0)
(1.00012 2.33701e-07 0)
(1.00012 1.99947e-07 0)
(1.00012 1.71059e-07 0)
(1.00012 1.46337e-07 0)
(1.00012 1.25184e-07 0)
(1.00012 1.07084e-07 0)
(1.00012 9.15984e-08 0)
(1.00012 7.83494e-08 0)
(1.00012 6.70148e-08 0)
(1.00012 5.7319e-08 0)
(1.00012 4.90255e-08 0)
(1.00012 4.19317e-08 0)
(1.00012 3.58638e-08 0)
(1.00012 3.06734e-08 0)
(1.00012 2.62338e-08 0)
(1.00012 2.24368e-08 0)
(1.00012 1.91895e-08 0)
(1.00012 1.64122e-08 0)
(1.00012 1.40366e-08 0)
(1.00012 1.20046e-08 0)
(1.00012 1.02664e-08 0)
(1.00012 8.77993e-09 0)
(1.00012 7.50901e-09 0)
(1.00012 6.42242e-09 0)
(1.00012 5.49321e-09 0)
(1.00012 4.69826e-09 0)
(1.00012 4.01802e-09 0)
(1.00012 3.43598e-09 0)
(1.00012 2.93825e-09 0)
(1.00012 2.51289e-09 0)
(1.00012 2.14949e-09 0)
(1.00012 1.83898e-09 0)
(1.00012 1.57341e-09 0)
(1.00012 1.34609e-09 0)
(1.00012 1.1514e-09 0)
(1.00012 9.84689e-10 0)
(1.00012 8.42048e-10 0)
(1.00012 7.20069e-10 0)
(1.00012 6.15774e-10 0)
(1.00012 5.26549e-10 0)
(1.00012 4.50201e-10 0)
(1.00012 3.84879e-10 0)
(1.00012 3.29077e-10 0)
(1.00012 2.81473e-10 0)
(1.00012 2.40888e-10 0)
(1.00012 2.06231e-10 0)
(1.00012 1.76511e-10 0)
(1.00012 1.50929e-10 0)
(1.00012 1.28881e-10 0)
(1.00012 1.09957e-10 0)
(1.00012 9.38498e-11 0)
(1.00012 8.02586e-11 0)
(1.00012 6.8853e-11 0)
(1.00012 5.92163e-11 0)
(1.00012 5.09107e-11 0)
(1.00012 4.36368e-11 0)
(1.00012 3.71844e-11 0)
(1.00012 3.15172e-11 0)
(1.00012 2.67092e-11 0)
(1.00012 2.27844e-11 0)
(1.00012 1.9723e-11 0)
(1.00012 1.73882e-11 0)
(1.00012 1.5574e-11 0)
(1.00012 1.40026e-11 0)
(1.00012 1.24548e-11 0)
(1.00012 1.08495e-11 0)
(1.00012 9.15985e-12 0)
(1.00012 7.48972e-12 0)
(1.00012 5.97076e-12 0)
(1.00012 4.69192e-12 0)
(1.00012 3.75263e-12 0)
(1.00012 3.10345e-12 0)
(1.00012 2.71412e-12 0)
(1.00012 2.50071e-12 0)
(1.00012 2.35648e-12 0)
(1.00012 2.25355e-12 0)
(1.00012 2.15334e-12 0)
(1.00012 2.06607e-12 0)
(1.00012 2.00071e-12 0)
(1.00012 1.97333e-12 0)
(1.00012 1.96988e-12 0)
(1.00012 1.98319e-12 0)
(1.00012 1.98121e-12 0)
(1.00012 1.96629e-12 0)
(1.00012 1.91958e-12 0)
(1.00012 1.81822e-12 0)
(1.00012 1.69877e-12 0)
(1.00012 1.57724e-12 0)
(1.00012 1.45514e-12 0)
(1.00012 1.33697e-12 0)
(1.00012 1.26137e-12 0)
(1.00012 1.20587e-12 0)
(1.00012 1.16405e-12 0)
(1.00012 1.14036e-12 0)
(1.00012 1.12536e-12 0)
(1.00012 1.11433e-12 0)
(1.00012 1.1032e-12 0)
(1.00012 1.08136e-12 0)
(1.00012 1.04589e-12 0)
(1.00012 9.94983e-13 0)
(1.00012 9.27195e-13 0)
(1.00012 8.17919e-13 0)
(1.00012 6.5538e-13 0)
(1.00012 4.36152e-13 0)
(1.00012 1.62101e-13 0)
(1.00012 -1.54255e-13 0)
(1.00012 -4.64545e-13 0)
(1.00012 -7.5953e-13 0)
(1.00012 -1.00562e-12 0)
(1.00012 -1.17055e-12 0)
(1.00012 -1.2382e-12 0)
(1.00012 -1.17141e-12 0)
(1.00012 -1.02974e-12 0)
(1.00012 -7.86676e-13 0)
(1.00012 -4.60426e-13 0)
(1.00012 -1.01692e-13 0)
(1.00012 2.49075e-13 0)
(1.00012 5.76713e-13 0)
(1.00012 8.39476e-13 0)
(1.00012 1.02469e-12 0)
(1.00012 1.1555e-12 0)
(1.00012 1.17692e-12 0)
(1.00012 1.13442e-12 0)
(1.00012 1.04942e-12 0)
(1.00012 9.19286e-13 0)
(1.00012 7.73271e-13 0)
(1.00012 6.46625e-13 0)
(1.00012 5.23638e-13 0)
(1.00012 4.3377e-13 0)
(1.00012 3.96942e-13 0)
(1.00012 3.57663e-13 0)
(1.00012 3.27122e-13 0)
(1.00012 3.45662e-13 0)
(1.00012 3.59341e-13 0)
(1.00012 3.50965e-13 0)
(1.00012 3.58952e-13 0)
(1.00012 3.46598e-13 0)
(1.00012 3.07781e-13 0)
(1.00012 2.28903e-13 0)
(1.00012 1.36903e-13 0)
(1.00012 6.6e-14 0)
(1.00012 -2.40498e-14 0)
(1.00012 -1.418e-13 0)
(1.00012 -2.3604e-13 0)
(1.00012 -2.83147e-13 0)
(1.00012 -3.02274e-13 0)
(1.00012 -3.4568e-13 0)
(1.00012 -3.71966e-13 0)
(1.00012 -3.77443e-13 0)
(1.00012 -3.53879e-13 0)
(1.00012 -3.38328e-13 0)
(1.00012 -3.29268e-13 0)
(1.00012 -2.36245e-13 0)
(1.00012 -1.4386e-13 0)
(1.00012 -7.82737e-14 0)
(1.00012 -6.7872e-14 0)
(1.00012 -7.59236e-15 0)
(1 3.79257e-06 0)
(1 1.36451e-05 0)
(1.00001 2.27185e-05 0)
(1.00002 2.82374e-05 0)
(1.00002 3.03035e-05 0)
(1.00003 3.02142e-05 0)
(1.00004 2.90393e-05 0)
(1.00005 2.7356e-05 0)
(1.00006 2.54316e-05 0)
(1.00007 2.33987e-05 0)
(1.00007 2.13378e-05 0)
(1.00008 1.93061e-05 0)
(1.00008 1.73464e-05 0)
(1.00009 1.54893e-05 0)
(1.00009 1.37554e-05 0)
(1.0001 1.21568e-05 0)
(1.0001 1.06983e-05 0)
(1.0001 9.37972e-06 0)
(1.0001 8.19683e-06 0)
(1.00011 7.14268e-06 0)
(1.00011 6.2086e-06 0)
(1.00011 5.38495e-06 0)
(1.00011 4.66175e-06 0)
(1.00011 4.02904e-06 0)
(1.00011 3.47724e-06 0)
(1.00011 2.99729e-06 0)
(1.00011 2.58082e-06 0)
(1.00011 2.22015e-06 0)
(1.00012 1.90835e-06 0)
(1.00012 1.6392e-06 0)
(1.00012 1.40717e-06 0)
(1.00012 1.20735e-06 0)
(1.00012 1.03544e-06 0)
(1.00012 8.8766e-07 0)
(1.00012 7.60721e-07 0)
(1.00012 6.51746e-07 0)
(1.00012 5.58245e-07 0)
(1.00012 4.78054e-07 0)
(1.00012 4.09307e-07 0)
(1.00012 3.50391e-07 0)
(1.00012 2.99914e-07 0)
(1.00012 2.56679e-07 0)
(1.00012 2.19654e-07 0)
(1.00012 1.87953e-07 0)
(1.00012 1.60814e-07 0)
(1.00012 1.37586e-07 0)
(1.00012 1.17707e-07 0)
(1.00012 1.00696e-07 0)
(1.00012 8.61389e-08 0)
(1.00012 7.36833e-08 0)
(1.00012 6.30264e-08 0)
(1.00012 5.39094e-08 0)
(1.00012 4.61105e-08 0)
(1.00012 3.94395e-08 0)
(1.00012 3.37331e-08 0)
(1.00012 2.88518e-08 0)
(1.00012 2.46764e-08 0)
(1.00012 2.1105e-08 0)
(1.00012 1.80506e-08 0)
(1.00012 1.54383e-08 0)
(1.00012 1.3204e-08 0)
(1.00012 1.12927e-08 0)
(1.00012 9.65765e-09 0)
(1.00012 8.25925e-09 0)
(1.00012 7.06354e-09 0)
(1.00012 6.04129e-09 0)
(1.00012 5.16723e-09 0)
(1.00012 4.41959e-09 0)
(1.00012 3.77983e-09 0)
(1.00012 3.23234e-09 0)
(1.00012 2.76401e-09 0)
(1.00012 2.36369e-09 0)
(1.00012 2.02171e-09 0)
(1.00012 1.72959e-09 0)
(1.00012 1.47988e-09 0)
(1.00012 1.26618e-09 0)
(1.00012 1.08315e-09 0)
(1.00012 9.26364e-10 0)
(1.00012 7.9215e-10 0)
(1.00012 6.77364e-10 0)
(1.00012 5.7925e-10 0)
(1.00012 4.95361e-10 0)
(1.00012 4.23561e-10 0)
(1.00012 3.62098e-10 0)
(1.00012 3.09521e-10 0)
(1.00012 2.64623e-10 0)
(1.00012 2.26361e-10 0)
(1.00012 1.93756e-10 0)
(1.00012 1.65894e-10 0)
(1.00012 1.41977e-10 0)
(1.00012 1.21357e-10 0)
(1.00012 1.03582e-10 0)
(1.00012 8.83398e-11 0)
(1.00012 7.54249e-11 0)
(1.00012 6.45673e-11 0)
(1.00012 5.54405e-11 0)
(1.00012 4.76973e-11 0)
(1.00012 4.09717e-11 0)
(1.00012 3.50275e-11 0)
(1.00012 2.97782e-11 0)
(1.00012 2.51981e-11 0)
(1.00012 2.13667e-11 0)
(1.00012 1.831e-11 0)
(1.00012 1.59866e-11 0)
(1.00012 1.42187e-11 0)
(1.00012 1.27698e-11 0)
(1.00012 1.14614e-11 0)
(1.00012 1.01103e-11 0)
(1.00012 8.66931e-12 0)
(1.00012 7.20309e-12 0)
(1.00012 5.80641e-12 0)
(1.00012 4.61566e-12 0)
(1.00012 3.68142e-12 0)
(1.00012 3.02567e-12 0)
(1.00012 2.6143e-12 0)
(1.00012 2.34746e-12 0)
(1.00012 2.17367e-12 0)
(1.00012 2.01249e-12 0)
(1.00012 1.8526e-12 0)
(1.00012 1.70831e-12 0)
(1.00012 1.60395e-12 0)
(1.00012 1.55209e-12 0)
(1.00012 1.55433e-12 0)
(1.00012 1.59239e-12 0)
(1.00012 1.64496e-12 0)
(1.00012 1.67287e-12 0)
(1.00012 1.64873e-12 0)
(1.00012 1.58516e-12 0)
(1.00012 1.4616e-12 0)
(1.00012 1.30255e-12 0)
(1.00012 1.13442e-12 0)
(1.00012 1.00884e-12 0)
(1.00012 9.25995e-13 0)
(1.00012 8.71332e-13 0)
(1.00012 8.65141e-13 0)
(1.00012 8.76702e-13 0)
(1.00012 8.99786e-13 0)
(1.00012 9.17764e-13 0)
(1.00012 9.06514e-13 0)
(1.00012 8.71379e-13 0)
(1.00012 8.10227e-13 0)
(1.00012 7.3662e-13 0)
(1.00012 6.5722e-13 0)
(1.00012 5.74689e-13 0)
(1.00012 4.75749e-13 0)
(1.00012 3.34801e-13 0)
(1.00012 1.74978e-13 0)
(1.00012 -6.57655e-16 0)
(1.00012 -2.07236e-13 0)
(1.00012 -4.11131e-13 0)
(1.00012 -6.13514e-13 0)
(1.00012 -7.61437e-13 0)
(1.00012 -8.45253e-13 0)
(1.00012 -8.85811e-13 0)
(1.00012 -8.33208e-13 0)
(1.00012 -7.02398e-13 0)
(1.00012 -5.03117e-13 0)
(1.00012 -2.57054e-13 0)
(1.00012 1.60307e-14 0)
(1.00012 2.7193e-13 0)
(1.00012 5.02718e-13 0)
(1.00012 6.94995e-13 0)
(1.00012 8.19676e-13 0)
(1.00012 8.9054e-13 0)
(1.00012 9.01627e-13 0)
(1.00012 8.56144e-13 0)
(1.00012 7.82009e-13 0)
(1.00012 6.82129e-13 0)
(1.00012 5.70155e-13 0)
(1.00012 4.81922e-13 0)
(1.00012 4.09557e-13 0)
(1.00012 3.45693e-13 0)
(1.00012 3.34067e-13 0)
(1.00012 3.60561e-13 0)
(1.00012 3.51843e-13 0)
(1.00012 3.73862e-13 0)
(1.00012 4.25853e-13 0)
(1.00012 4.12418e-13 0)
(1.00012 3.95212e-13 0)
(1.00012 3.66722e-13 0)
(1.00012 3.23418e-13 0)
(1.00012 2.50162e-13 0)
(1.00012 1.14302e-13 0)
(1.00012 2.91525e-14 0)
(1.00012 -5.68461e-14 0)
(1.00012 -1.53142e-13 0)
(1.00012 -2.64598e-13 0)
(1.00012 -3.59558e-13 0)
(1.00012 -3.85836e-13 0)
(1.00012 -4.23725e-13 0)
(1.00012 -4.08177e-13 0)
(1.00012 -4.0374e-13 0)
(1.00012 -4.13073e-13 0)
(1.00012 -3.32283e-13 0)
(1.00012 -2.86805e-13 0)
(1.00012 -2.61537e-13 0)
(1.00012 -2.0265e-13 0)
(1.00012 -1.56828e-13 0)
(1.00012 -7.69061e-14 0)
(1.00012 1.04335e-14 0)
(1 2.6733e-06 0)
(1 9.62034e-06 0)
(1.00001 1.60237e-05 0)
(1.00002 1.9929e-05 0)
(1.00002 2.14086e-05 0)
(1.00003 2.13752e-05 0)
(1.00004 2.05799e-05 0)
(1.00005 1.94259e-05 0)
(1.00006 1.80987e-05 0)
(1.00006 1.66895e-05 0)
(1.00007 1.52539e-05 0)
(1.00008 1.38321e-05 0)
(1.00008 1.24544e-05 0)
(1.00009 1.11435e-05 0)
(1.00009 9.91478e-06 0)
(1.00009 8.77777e-06 0)
(1.0001 7.73706e-06 0)
(1.0001 6.79337e-06 0)
(1.0001 5.9445e-06 0)
(1.0001 5.18616e-06 0)
(1.00011 4.51274e-06 0)
(1.00011 3.91778e-06 0)
(1.00011 3.39447e-06 0)
(1.00011 2.93595e-06 0)
(1.00011 2.53552e-06 0)
(1.00011 2.18682e-06 0)
(1.00011 1.88391e-06 0)
(1.00011 1.62136e-06 0)
(1.00011 1.39419e-06 0)
(1.00012 1.19796e-06 0)
(1.00012 1.02869e-06 0)
(1.00012 8.82836e-07 0)
(1.00012 7.57299e-07 0)
(1.00012 6.49343e-07 0)
(1.00012 5.56577e-07 0)
(1.00012 4.76916e-07 0)
(1.00012 4.08547e-07 0)
(1.00012 3.49898e-07 0)
(1.00012 2.99608e-07 0)
(1.00012 2.56503e-07 0)
(1.00012 2.19567e-07 0)
(1.00012 1.87926e-07 0)
(1.00012 1.60826e-07 0)
(1.00012 1.37621e-07 0)
(1.00012 1.17755e-07 0)
(1.00012 1.0075e-07 0)
(1.00012 8.61956e-08 0)
(1.00012 7.37401e-08 0)
(1.00012 6.30812e-08 0)
(1.00012 5.39603e-08 0)
(1.00012 4.61565e-08 0)
(1.00012 3.94804e-08 0)
(1.00012 3.37695e-08 0)
(1.00012 2.88844e-08 0)
(1.00012 2.47054e-08 0)
(1.00012 2.11305e-08 0)
(1.00012 1.80725e-08 0)
(1.00012 1.54571e-08 0)
(1.00012 1.32203e-08 0)
(1.00012 1.13072e-08 0)
(1.00012 9.67065e-09 0)
(1.00012 8.27065e-09 0)
(1.00012 7.07309e-09 0)
(1.00012 6.04897e-09 0)
(1.00012 5.17341e-09 0)
(1.00012 4.42488e-09 0)
(1.00012 3.78475e-09 0)
(1.00012 3.23704e-09 0)
(1.00012 2.76827e-09 0)
(1.00012 2.36714e-09 0)
(1.00012 2.02415e-09 0)
(1.00012 1.73113e-09 0)
(1.00012 1.48089e-09 0)
(1.00012 1.2671e-09 0)
(1.00012 1.0842e-09 0)
(1.00012 9.27541e-10 0)
(1.00012 7.93285e-10 0)
(1.00012 6.78302e-10 0)
(1.00012 5.79965e-10 0)
(1.00012 4.95955e-10 0)
(1.00012 4.24186e-10 0)
(1.00012 3.628e-10 0)
(1.00012 3.10228e-10 0)
(1.00012 2.65163e-10 0)
(1.00012 2.26606e-10 0)
(1.00012 1.93701e-10 0)
(1.00012 1.657e-10 0)
(1.00012 1.41858e-10 0)
(1.00012 1.2147e-10 0)
(1.00012 1.03945e-10 0)
(1.00012 8.88058e-11 0)
(1.00012 7.57571e-11 0)
(1.00012 6.45956e-11 0)
(1.00012 5.51588e-11 0)
(1.00012 4.72535e-11 0)
(1.00012 4.06096e-11 0)
(1.00012 3.49298e-11 0)
(1.00012 2.99641e-11 0)
(1.00012 2.55552e-11 0)
(1.00012 2.16587e-11 0)
(1.00012 1.83116e-11 0)
(1.00012 1.55662e-11 0)
(1.00012 1.3431e-11 0)
(1.00012 1.18286e-11 0)
(1.00012 1.06041e-11 0)
(1.00012 9.55244e-12 0)
(1.00012 8.50596e-12 0)
(1.00012 7.39618e-12 0)
(1.00012 6.21525e-12 0)
(1.00012 5.04977e-12 0)
(1.00012 4.01964e-12 0)
(1.00012 3.20317e-12 0)
(1.00012 2.65919e-12 0)
(1.00012 2.32213e-12 0)
(1.00012 2.14403e-12 0)
(1.00012 2.03208e-12 0)
(1.00012 1.89006e-12 0)
(1.00012 1.7024e-12 0)
(1.00012 1.47834e-12 0)
(1.00012 1.26703e-12 0)
(1.00012 1.11286e-12 0)
(1.00012 1.05611e-12 0)
(1.00012 1.0855e-12 0)
(1.00012 1.16827e-12 0)
(1.00012 1.25807e-12 0)
(1.00012 1.32888e-12 0)
(1.00012 1.3237e-12 0)
(1.00012 1.23278e-12 0)
(1.00012 1.08051e-12 0)
(1.00012 8.95157e-13 0)
(1.00012 7.11256e-13 0)
(1.00012 5.63817e-13 0)
(1.00012 4.96506e-13 0)
(1.00012 4.90233e-13 0)
(1.00012 5.34576e-13 0)
(1.00012 5.91366e-13 0)
(1.00012 6.53377e-13 0)
(1.00012 6.94131e-13 0)
(1.00012 6.72086e-13 0)
(1.00012 6.0216e-13 0)
(1.00012 4.99776e-13 0)
(1.00012 3.92114e-13 0)
(1.00012 2.8991e-13 0)
(1.00012 1.85992e-13 0)
(1.00012 9.24223e-14 0)
(1.00012 -4.82376e-16 0)
(1.00012 -8.64174e-14 0)
(1.00012 -1.79102e-13 0)
(1.00012 -2.62639e-13 0)
(1.00012 -3.46451e-13 0)
(1.00012 -4.41384e-13 0)
(1.00012 -4.88597e-13 0)
(1.00012 -5.14472e-13 0)
(1.00012 -5.08532e-13 0)
(1.00012 -4.70215e-13 0)
(1.00012 -3.77392e-13 0)
(1.00012 -2.22471e-13 0)
(1.00012 -5.28368e-14 0)
(1.00012 1.07574e-13 0)
(1.00012 2.83093e-13 0)
(1.00012 4.39606e-13 0)
(1.00012 5.48148e-13 0)
(1.00012 6.20549e-13 0)
(1.00012 6.3016e-13 0)
(1.00012 6.07497e-13 0)
(1.00012 5.50941e-13 0)
(1.00012 4.81806e-13 0)
(1.00012 4.11099e-13 0)
(1.00012 3.49302e-13 0)
(1.00012 3.04573e-13 0)
(1.00012 2.78431e-13 0)
(1.00012 2.74824e-13 0)
(1.00012 2.85143e-13 0)
(1.00012 3.35501e-13 0)
(1.00012 3.79414e-13 0)
(1.00012 4.08926e-13 0)
(1.00012 4.57023e-13 0)
(1.00012 4.70719e-13 0)
(1.00012 4.43247e-13 0)
(1.00012 3.92451e-13 0)
(1.00012 3.32323e-13 0)
(1.00012 2.73016e-13 0)
(1.00012 1.54153e-13 0)
(1.00012 1.70854e-14 0)
(1.00012 -1.01451e-13 0)
(1.00012 -1.80796e-13 0)
(1.00012 -2.68587e-13 0)
(1.00012 -3.74222e-13 0)
(1.00012 -4.45074e-13 0)
(1.00012 -4.63118e-13 0)
(1.00012 -4.81654e-13 0)
(1.00012 -4.60359e-13 0)
(1.00012 -4.20738e-13 0)
(1.00012 -4.01971e-13 0)
(1.00012 -3.43325e-13 0)
(1.00012 -2.7375e-13 0)
(1.00012 -1.87293e-13 0)
(1.00012 -1.59344e-13 0)
(1.00012 -1.16747e-13 0)
(1.00012 -2.57888e-14 0)
(1 1.59009e-06 0)
(1 5.72305e-06 0)
(1.00001 9.53467e-06 0)
(1.00001 1.18634e-05 0)
(1.00002 1.27523e-05 0)
(1.00003 1.27438e-05 0)
(1.00004 1.22834e-05 0)
(1.00005 1.16096e-05 0)
(1.00006 1.08317e-05 0)
(1.00006 1.0003e-05 0)
(1.00007 9.15612e-06 0)
(1.00008 8.31471e-06 0)
(1.00008 7.49708e-06 0)
(1.00009 6.71688e-06 0)
(1.00009 5.98371e-06 0)
(1.00009 5.30364e-06 0)
(1.0001 4.67982e-06 0)
(1.0001 4.11302e-06 0)
(1.0001 3.60224e-06 0)
(1.0001 3.14521e-06 0)
(1.00011 2.73875e-06 0)
(1.00011 2.37919e-06 0)
(1.00011 2.06256e-06 0)
(1.00011 1.78485e-06 0)
(1.00011 1.54209e-06 0)
(1.00011 1.33053e-06 0)
(1.00011 1.14663e-06 0)
(1.00011 9.87121e-07 0)
(1.00011 8.49039e-07 0)
(1.00012 7.29705e-07 0)
(1.00012 6.26719e-07 0)
(1.00012 5.37954e-07 0)
(1.00012 4.61528e-07 0)
(1.00012 3.95788e-07 0)
(1.00012 3.39283e-07 0)
(1.00012 2.90751e-07 0)
(1.00012 2.49091e-07 0)
(1.00012 2.13348e-07 0)
(1.00012 1.82696e-07 0)
(1.00012 1.5642e-07 0)
(1.00012 1.33902e-07 0)
(1.00012 1.1461e-07 0)
(1.00012 9.80861e-08 0)
(1.00012 8.3936e-08 0)
(1.00012 7.18216e-08 0)
(1.00012 6.14515e-08 0)
(1.00012 5.25754e-08 0)
(1.00012 4.49786e-08 0)
(1.00012 3.84772e-08 0)
(1.00012 3.29139e-08 0)
(1.00012 2.81543e-08 0)
(1.00012 2.40826e-08 0)
(1.00012 2.05995e-08 0)
(1.00012 1.76197e-08 0)
(1.00012 1.50704e-08 0)
(1.00012 1.28895e-08 0)
(1.00012 1.10241e-08 0)
(1.00012 9.42887e-09 0)
(1.00012 8.06458e-09 0)
(1.00012 6.89764e-09 0)
(1.00012 5.89928e-09 0)
(1.00012 5.04513e-09 0)
(1.00012 4.31455e-09 0)
(1.00012 3.68993e-09 0)
(1.00012 3.15601e-09 0)
(1.00012 2.69951e-09 0)
(1.00012 2.30898e-09 0)
(1.00012 1.97468e-09 0)
(1.00012 1.68854e-09 0)
(1.00012 1.44378e-09 0)
(1.00012 1.23467e-09 0)
(1.00012 1.05616e-09 0)
(1.00012 9.03702e-10 0)
(1.00012 7.7333e-10 0)
(1.00012 6.61604e-10 0)
(1.00012 5.65782e-10 0)
(1.00012 4.83653e-10 0)
(1.00012 4.13407e-10 0)
(1.00012 3.5348e-10 0)
(1.00012 3.02399e-10 0)
(1.00012 2.58793e-10 0)
(1.00012 2.21426e-10 0)
(1.00012 1.89329e-10 0)
(1.00012 1.61744e-10 0)
(1.00012 1.38132e-10 0)
(1.00012 1.18024e-10 0)
(1.00012 1.00974e-10 0)
(1.00012 8.64896e-11 0)
(1.00012 7.40971e-11 0)
(1.00012 6.34076e-11 0)
(1.00012 5.41319e-11 0)
(1.00012 4.61206e-11 0)
(1.00012 3.92978e-11 0)
(1.00012 3.35792e-11 0)
(1.00012 2.88045e-11 0)
(1.00012 2.47941e-11 0)
(1.00012 2.13276e-11 0)
(1.00012 1.82465e-11 0)
(1.00012 1.55042e-11 0)
(1.00012 1.30861e-11 0)
(1.00012 1.10496e-11 0)
(1.00012 9.44398e-12 0)
(1.00012 8.26217e-12 0)
(1.00012 7.3794e-12 0)
(1.00012 6.64569e-12 0)
(1.00012 5.95512e-12 0)
(1.00012 5.19651e-12 0)
(1.00012 4.37149e-12 0)
(1.00012 3.54068e-12 0)
(1.00012 2.78512e-12 0)
(1.00012 2.21512e-12 0)
(1.00012 1.83376e-12 0)
(1.00012 1.6569e-12 0)
(1.00012 1.60343e-12 0)
(1.00012 1.573e-12 0)
(1.00012 1.5138e-12 0)
(1.00012 1.38207e-12 0)
(1.00012 1.16548e-12 0)
(1.00012 9.1295e-13 0)
(1.00012 6.97971e-13 0)
(1.00012 5.53398e-13 0)
(1.00012 5.14825e-13 0)
(1.00012 5.69289e-13 0)
(1.00012 6.87406e-13 0)
(1.00012 8.02562e-13 0)
(1.00012 8.52816e-13 0)
(1.00012 8.39778e-13 0)
(1.00012 7.4995e-13 0)
(1.00012 5.84507e-13 0)
(1.00012 3.81447e-13 0)
(1.00012 2.14319e-13 0)
(1.00012 1.09143e-13 0)
(1.00012 6.99019e-14 0)
(1.00012 9.91751e-14 0)
(1.00012 1.87417e-13 0)
(1.00012 2.89354e-13 0)
(1.00012 3.78784e-13 0)
(1.00012 4.21943e-13 0)
(1.00012 3.95398e-13 0)
(1.00012 3.14517e-13 0)
(1.00012 1.99791e-13 0)
(1.00012 7.6727e-14 0)
(1.00012 -4.00557e-14 0)
(1.00012 -1.30807e-13 0)
(1.00012 -2.00088e-13 0)
(1.00012 -2.36636e-13 0)
(1.00012 -2.24471e-13 0)
(1.00012 -2.08343e-13 0)
(1.00012 -1.90974e-13 0)
(1.00012 -1.7146e-13 0)
(1.00012 -1.6835e-13 0)
(1.00012 -1.39379e-13 0)
(1.00012 -1.42556e-13 0)
(1.00012 -1.39546e-13 0)
(1.00012 -1.00042e-13 0)
(1.00012 -4.97823e-14 0)
(1.00012 1.34133e-14 0)
(1.00012 9.54251e-14 0)
(1.00012 1.6739e-13 0)
(1.00012 2.39525e-13 0)
(1.00012 3.0697e-13 0)
(1.00012 3.23238e-13 0)
(1.00012 3.3395e-13 0)
(1.00012 3.31096e-13 0)
(1.00012 2.88053e-13 0)
(1.00012 2.30295e-13 0)
(1.00012 1.92876e-13 0)
(1.00012 1.55111e-13 0)
(1.00012 1.27013e-13 0)
(1.00012 1.3541e-13 0)
(1.00012 1.67437e-13 0)
(1.00012 2.1616e-13 0)
(1.00012 2.79087e-13 0)
(1.00012 3.58495e-13 0)
(1.00012 4.37751e-13 0)
(1.00012 4.82701e-13 0)
(1.00012 5.05922e-13 0)
(1.00012 5.29153e-13 0)
(1.00012 5.11333e-13 0)
(1.00012 4.46786e-13 0)
(1.00012 3.59685e-13 0)
(1.00012 2.63062e-13 0)
(1.00012 1.55829e-13 0)
(1.00012 1.25626e-14 0)
(1.00012 -1.4441e-13 0)
(1.00012 -2.67226e-13 0)
(1.00012 -3.49085e-13 0)
(1.00012 -4.04776e-13 0)
(1.00012 -4.78549e-13 0)
(1.00012 -4.87743e-13 0)
(1.00012 -4.7946e-13 0)
(1.00012 -4.98421e-13 0)
(1.00012 -4.41285e-13 0)
(1.00012 -3.81519e-13 0)
(1.00012 -3.92023e-13 0)
(1.00012 -3.38048e-13 0)
(1.00012 -1.73741e-13 0)
(1.00012 -9.3473e-14 0)
(1.00012 -1.11054e-13 0)
(1.00012 -4.57654e-14 0)
(1 5.27749e-07 0)
(1 1.89962e-06 0)
(1.00001 3.16516e-06 0)
(1.00001 3.939e-06 0)
(1.00002 4.23547e-06 0)
(1.00003 4.23448e-06 0)
(1.00004 4.08373e-06 0)
(1.00005 3.8622e-06 0)
(1.00006 3.60592e-06 0)
(1.00006 3.33246e-06 0)
(1.00007 3.05254e-06 0)
(1.00007 2.77402e-06 0)
(1.00008 2.50297e-06 0)
(1.00008 2.24398e-06 0)
(1.00009 2.00028e-06 0)
(1.00009 1.77397e-06 0)
(1.0001 1.56614e-06 0)
(1.0001 1.37713e-06 0)
(1.0001 1.20664e-06 0)
(1.0001 1.05397e-06 0)
(1.00011 9.18092e-07 0)
(1.00011 7.97813e-07 0)
(1.00011 6.91835e-07 0)
(1.00011 5.98833e-07 0)
(1.00011 5.17502e-07 0)
(1.00011 4.46593e-07 0)
(1.00011 3.84932e-07 0)
(1.00011 3.31434e-07 0)
(1.00011 2.8511e-07 0)
(1.00012 2.45065e-07 0)
(1.00012 2.10499e-07 0)
(1.00012 1.80701e-07 0)
(1.00012 1.55041e-07 0)
(1.00012 1.32966e-07 0)
(1.00012 1.1399e-07 0)
(1.00012 9.76889e-08 0)
(1.00012 8.3695e-08 0)
(1.00012 7.16878e-08 0)
(1.00012 6.13903e-08 0)
(1.00012 5.25624e-08 0)
(1.00012 4.49967e-08 0)
(1.00012 3.85146e-08 0)
(1.00012 3.29622e-08 0)
(1.00012 2.82075e-08 0)
(1.00012 2.41367e-08 0)
(1.00012 2.0652e-08 0)
(1.00012 1.76692e-08 0)
(1.00012 1.51161e-08 0)
(1.00012 1.29311e-08 0)
(1.00012 1.10614e-08 0)
(1.00012 9.46198e-09 0)
(1.00012 8.09378e-09 0)
(1.00012 6.92331e-09 0)
(1.00012 5.92185e-09 0)
(1.00012 5.06496e-09 0)
(1.00012 4.33189e-09 0)
(1.00012 3.70494e-09 0)
(1.00012 3.16887e-09 0)
(1.00012 2.71043e-09 0)
(1.00012 2.31827e-09 0)
(1.00012 1.9827e-09 0)
(1.00012 1.69558e-09 0)
(1.00012 1.45004e-09 0)
(1.00012 1.24015e-09 0)
(1.00012 1.06077e-09 0)
(1.00012 9.07367e-10 0)
(1.00012 7.76092e-10 0)
(1.00012 6.63672e-10 0)
(1.00012 5.67435e-10 0)
(1.00012 4.85167e-10 0)
(1.00012 4.14942e-10 0)
(1.00012 3.55042e-10 0)
(1.00012 3.03875e-10 0)
(1.00012 2.60055e-10 0)
(1.00012 2.22426e-10 0)
(1.00012 1.90102e-10 0)
(1.00012 1.62409e-10 0)
(1.00012 1.38777e-10 0)
(1.00012 1.18683e-10 0)
(1.00012 1.01593e-10 0)
(1.00012 8.70116e-11 0)
(1.00012 7.44842e-11 0)
(1.00012 6.36757e-11 0)
(1.00012 5.43603e-11 0)
(1.00012 4.63837e-11 0)
(1.00012 3.96103e-11 0)
(1.00012 3.38952e-11 0)
(1.00012 2.90574e-11 0)
(1.00012 2.49107e-11 0)
(1.00012 2.13184e-11 0)
(1.00012 1.81919e-11 0)
(1.00012 1.54807e-11 0)
(1.00012 1.31737e-11 0)
(1.00012 1.12603e-11 0)
(1.00012 9.6805e-12 0)
(1.00012 8.35707e-12 0)
(1.00012 7.19796e-12 0)
(1.00012 6.14296e-12 0)
(1.00012 5.1907e-12 0)
(1.00012 4.36429e-12 0)
(1.00012 3.68552e-12 0)
(1.00012 3.16851e-12 0)
(1.00012 2.80961e-12 0)
(1.00012 2.54802e-12 0)
(1.00012 2.30525e-12 0)
(1.00012 2.0377e-12 0)
(1.00012 1.72514e-12 0)
(1.00012 1.38673e-12 0)
(1.00012 1.0701e-12 0)
(1.00012 8.10978e-13 0)
(1.00012 6.51579e-13 0)
(1.00012 5.81699e-13 0)
(1.00012 5.84151e-13 0)
(1.00012 6.11784e-13 0)
(1.00012 6.12126e-13 0)
(1.00012 5.62679e-13 0)
(1.00012 4.8854e-13 0)
(1.00012 3.73336e-13 0)
(1.00012 2.54348e-13 0)
(1.00012 1.67426e-13 0)
(1.00012 1.15248e-13 0)
(1.00012 1.13514e-13 0)
(1.00012 1.52538e-13 0)
(1.00012 2.15743e-13 0)
(1.00012 2.71983e-13 0)
(1.00012 2.75516e-13 0)
(1.00012 2.53501e-13 0)
(1.00012 2.09489e-13 0)
(1.00012 1.32253e-13 0)
(1.00012 3.60003e-14 0)
(1.00012 -4.53239e-14 0)
(1.00012 -7.48587e-14 0)
(1.00012 -7.18593e-14 0)
(1.00012 -4.80394e-14 0)
(1.00012 4.07024e-15 0)
(1.00012 6.49312e-14 0)
(1.00012 1.14233e-13 0)
(1.00012 1.33481e-13 0)
(1.00012 1.22522e-13 0)
(1.00012 8.2676e-14 0)
(1.00012 2.73658e-14 0)
(1.00012 -3.44315e-14 0)
(1.00012 -9.48164e-14 0)
(1.00012 -1.28796e-13 0)
(1.00012 -1.43897e-13 0)
(1.00012 -1.42336e-13 0)
(1.00012 -1.15114e-13 0)
(1.00012 -7.54344e-14 0)
(1.00012 -4.11731e-14 0)
(1.00012 -9.98836e-15 0)
(1.00012 8.98817e-15 0)
(1.00012 3.18599e-14 0)
(1.00012 3.4708e-14 0)
(1.00012 2.23928e-14 0)
(1.00012 3.29602e-14 0)
(1.00012 5.42678e-14 0)
(1.00012 6.28172e-14 0)
(1.00012 7.84954e-14 0)
(1.00012 9.31581e-14 0)
(1.00012 9.47154e-14 0)
(1.00012 9.97996e-14 0)
(1.00012 8.8564e-14 0)
(1.00012 7.25344e-14 0)
(1.00012 6.41376e-14 0)
(1.00012 4.56657e-14 0)
(1.00012 2.98419e-14 0)
(1.00012 2.539e-14 0)
(1.00012 1.6192e-14 0)
(1.00012 1.32517e-14 0)
(1.00012 3.4731e-14 0)
(1.00012 6.5032e-14 0)
(1.00012 9.35852e-14 0)
(1.00012 1.39634e-13 0)
(1.00012 1.87545e-13 0)
(1.00012 2.29355e-13 0)
(1.00012 2.61458e-13 0)
(1.00012 2.72446e-13 0)
(1.00012 2.68814e-13 0)
(1.00012 2.53901e-13 0)
(1.00012 2.24978e-13 0)
(1.00012 1.86557e-13 0)
(1.00012 1.30576e-13 0)
(1.00012 7.505e-14 0)
(1.00012 2.50321e-14 0)
(1.00012 -4.65376e-14 0)
(1.00012 -1.35435e-13 0)
(1.00012 -1.86504e-13 0)
(1.00012 -1.99091e-13 0)
(1.00012 -2.51442e-13 0)
(1.00012 -3.07882e-13 0)
(1.00012 -2.71076e-13 0)
(1.00012 -2.697e-13 0)
(1.00012 -2.54626e-13 0)
(1.00012 -1.15309e-13 0)
(1.00012 -8.16335e-14 0)
(1.00012 -1.52131e-13 0)
(1.00012 -1.4224e-13 0)
(1.00012 -4.46171e-14 0)
(1.00012 -2.92761e-14 0)
(1.00012 -2.99657e-14 0)
)
;

boundaryField
{
    inlet
    {
        type            fixedValue;
        value           uniform (1 0 0);
    }
    outlet
    {
        type            zeroGradient;
    }
    top
    {
        type            slip;
    }
    bottom
    {
        type            noSlip;
    }
    frontAndBack
    {
        type            empty;
    }
}


// ************************************************************************* //
