/*--------------------------------*- C++ -*----------------------------------*\
  =========                 |
  \\      /  F ield         | OpenFOAM: The Open Source CFD Toolbox
   \\    /   O peration     | Website:  https://openfoam.org
    \\  /    A nd           | Version:  dev
     \\/     M anipulation  |
\*---------------------------------------------------------------------------*/
FoamFile
{
    format      ascii;
    class       volScalarField;
    location    "0.3";
    object      p;
}
// * * * * * * * * * * * * * * * * * * * * * * * * * * * * * * * * * * * * * //

dimensions      [0 2 -2 0 0 0 0];

internalField   nonuniform List<scalar> 
4000
(
0.00688806
0.00658605
0.00627242
0.00606405
0.00598729
0.00594551
0.00588397
0.00581737
0.00576132
0.00571345
0.00566903
0.00562685
0.00558682
0.00554863
0.00551187
0.00547628
0.00544165
0.00540782
0.00537466
0.00534206
0.00530993
0.00527819
0.00524679
0.00521567
0.00518479
0.00515412
0.00512362
0.00509326
0.00506303
0.00503291
0.00500288
0.00497293
0.00494304
0.00491321
0.00488342
0.00485368
0.00482398
0.0047943
0.00476465
0.00473502
0.00470541
0.00467582
0.00464624
0.00461667
0.00458711
0.00455757
0.00452802
0.00449849
0.00446896
0.00443943
0.00440991
0.00438039
0.00435088
0.00432137
0.00429185
0.00426235
0.00423284
0.00420333
0.00417383
0.00414432
0.00411482
0.00408532
0.00405582
0.00402631
0.00399681
0.00396731
0.00393781
0.00390831
0.00387881
0.00384932
0.00381982
0.00379032
0.00376082
0.00373132
0.00370182
0.00367232
0.00364283
0.00361333
0.00358383
0.00355433
0.00352483
0.00349534
0.00346584
0.00343634
0.00340685
0.00337735
0.00334785
0.00331836
0.00328886
0.00325936
0.00322987
0.00320037
0.00317087
0.00314138
0.00311188
0.00308239
0.00305289
0.00302339
0.0029939
0.0029644
0.00293491
0.00290541
0.00287592
0.00284642
0.00281692
0.00278743
0.00275793
0.00272844
0.00269894
0.00266945
0.00263995
0.00261046
0.00258096
0.00255146
0.00252197
0.00249247
0.00246298
0.00243348
0.00240398
0.00237449
0.00234499
0.0023155
0.002286
0.0022565
0.00222701
0.00219751
0.00216801
0.00213852
0.00210902
0.00207952
0.00205003
0.00202053
0.00199103
0.00196154
0.00193204
0.00190255
0.00187305
0.00184355
0.00181406
0.00178456
0.00175506
0.00172557
0.00169607
0.00166657
0.00163708
0.00160758
0.00157808
0.00154859
0.00151909
0.00148959
0.00146009
0.0014306
0.0014011
0.0013716
0.00134211
0.00131261
0.00128311
0.00125362
0.00122412
0.00119462
0.00116512
0.00113563
0.00110613
0.00107663
0.00104713
0.00101764
0.00098814
0.000958643
0.000929146
0.000899649
0.000870152
0.000840655
0.000811159
0.000781662
0.000752165
0.000722668
0.000693171
0.000663674
0.000634178
0.000604681
0.000575184
0.000545688
0.000516191
0.000486694
0.000457198
0.000427701
0.000398204
0.000368708
0.000339211
0.000309714
0.000280217
0.000250721
0.000221224
0.000191727
0.000162231
0.000132734
0.000103237
7.3741e-05
4.42445e-05
1.47482e-05
0.00639736
0.00631532
0.0061893
0.00605445
0.00596532
0.00591288
0.00586213
0.00580656
0.00575461
0.00570831
0.00566527
0.00562418
0.00558484
0.00554708
0.00551064
0.00547529
0.00544084
0.00540715
0.0053741
0.00534159
0.00530953
0.00527786
0.00524651
0.00521543
0.00518459
0.00515395
0.00512347
0.00509314
0.00506293
0.00503282
0.0050028
0.00497286
0.00494298
0.00491316
0.00488338
0.00485365
0.00482395
0.00479427
0.00476463
0.004735
0.0047054
0.00467581
0.00464623
0.00461666
0.00458711
0.00455756
0.00452802
0.00449848
0.00446895
0.00443943
0.00440991
0.00438039
0.00435088
0.00432136
0.00429185
0.00426234
0.00423284
0.00420333
0.00417383
0.00414432
0.00411482
0.00408532
0.00405582
0.00402631
0.00399681
0.00396731
0.00393781
0.00390831
0.00387881
0.00384931
0.00381982
0.00379032
0.00376082
0.00373132
0.00370182
0.00367232
0.00364283
0.00361333
0.00358383
0.00355433
0.00352483
0.00349534
0.00346584
0.00343634
0.00340685
0.00337735
0.00334785
0.00331836
0.00328886
0.00325936
0.00322987
0.00320037
0.00317087
0.00314138
0.00311188
0.00308239
0.00305289
0.00302339
0.0029939
0.0029644
0.00293491
0.00290541
0.00287592
0.00284642
0.00281692
0.00278743
0.00275793
0.00272844
0.00269894
0.00266945
0.00263995
0.00261046
0.00258096
0.00255146
0.00252197
0.00249247
0.00246298
0.00243348
0.00240398
0.00237449
0.00234499
0.0023155
0.002286
0.0022565
0.00222701
0.00219751
0.00216801
0.00213852
0.00210902
0.00207952
0.00205003
0.00202053
0.00199103
0.00196154
0.00193204
0.00190255
0.00187305
0.00184355
0.00181406
0.00178456
0.00175506
0.00172557
0.00169607
0.00166657
0.00163708
0.00160758
0.00157808
0.00154859
0.00151909
0.00148959
0.00146009
0.0014306
0.0014011
0.0013716
0.00134211
0.00131261
0.00128311
0.00125362
0.00122412
0.00119462
0.00116512
0.00113563
0.00110613
0.00107663
0.00104713
0.00101764
0.00098814
0.000958643
0.000929146
0.000899649
0.000870152
0.000840655
0.000811159
0.000781662
0.000752165
0.000722668
0.000693171
0.000663674
0.000634178
0.000604681
0.000575184
0.000545688
0.000516191
0.000486694
0.000457198
0.000427701
0.000398204
0.000368708
0.000339211
0.000309714
0.000280217
0.000250721
0.000221224
0.000191727
0.000162231
0.000132734
0.000103237
7.3741e-05
4.42445e-05
1.47482e-05
0.00629033
0.00624396
0.00615927
0.00605119
0.00596236
0.00590348
0.0058532
0.00580074
0.00574999
0.00570377
0.00566103
0.00562048
0.00558169
0.00554442
0.0055084
0.00547341
0.00543926
0.00540583
0.00537299
0.00534066
0.00530875
0.00527719
0.00524595
0.00521496
0.00518419
0.0051536
0.00512318
0.00509289
0.00506271
0.00503264
0.00500265
0.00497273
0.00494287
0.00491306
0.0048833
0.00485358
0.00482389
0.00479422
0.00476458
0.00473497
0.00470536
0.00467578
0.0046462
0.00461664
0.00458709
0.00455754
0.00452801
0.00449847
0.00446894
0.00443942
0.0044099
0.00438038
0.00435087
0.00432136
0.00429185
0.00426234
0.00423283
0.00420333
0.00417382
0.00414432
0.00411482
0.00408532
0.00405581
0.00402631
0.00399681
0.00396731
0.00393781
0.00390831
0.00387881
0.00384931
0.00381982
0.00379032
0.00376082
0.00373132
0.00370182
0.00367232
0.00364283
0.00361333
0.00358383
0.00355433
0.00352483
0.00349534
0.00346584
0.00343634
0.00340685
0.00337735
0.00334785
0.00331836
0.00328886
0.00325936
0.00322987
0.00320037
0.00317087
0.00314138
0.00311188
0.00308239
0.00305289
0.00302339
0.0029939
0.0029644
0.00293491
0.00290541
0.00287592
0.00284642
0.00281692
0.00278743
0.00275793
0.00272844
0.00269894
0.00266945
0.00263995
0.00261046
0.00258096
0.00255146
0.00252197
0.00249247
0.00246298
0.00243348
0.00240398
0.00237449
0.00234499
0.0023155
0.002286
0.0022565
0.00222701
0.00219751
0.00216801
0.00213852
0.00210902
0.00207952
0.00205003
0.00202053
0.00199103
0.00196154
0.00193204
0.00190255
0.00187305
0.00184355
0.00181406
0.00178456
0.00175506
0.00172557
0.00169607
0.00166657
0.00163708
0.00160758
0.00157808
0.00154859
0.00151909
0.00148959
0.00146009
0.0014306
0.0014011
0.0013716
0.00134211
0.00131261
0.00128311
0.00125362
0.00122412
0.00119462
0.00116512
0.00113563
0.00110613
0.00107663
0.00104713
0.00101764
0.00098814
0.000958643
0.000929146
0.000899649
0.000870152
0.000840655
0.000811159
0.000781662
0.000752165
0.000722668
0.000693171
0.000663674
0.000634178
0.000604681
0.000575184
0.000545688
0.000516191
0.000486695
0.000457198
0.000427701
0.000398204
0.000368708
0.000339211
0.000309714
0.000280217
0.000250721
0.000221224
0.000191727
0.000162231
0.000132734
0.000103237
7.3741e-05
4.42445e-05
1.47482e-05
0.00613929
0.00610974
0.00605793
0.00598935
0.00592305
0.00587036
0.00582505
0.00577999
0.00573535
0.0056929
0.00565263
0.00561393
0.00557652
0.00554026
0.00550501
0.00547061
0.00543694
0.00540389
0.00537137
0.00533929
0.00530759
0.00527622
0.00524512
0.00521426
0.00518359
0.0051531
0.00512275
0.00509252
0.0050624
0.00503237
0.00500242
0.00497253
0.0049427
0.00491292
0.00488318
0.00485347
0.0048238
0.00479415
0.00476452
0.00473491
0.00470532
0.00467574
0.00464617
0.00461661
0.00458706
0.00455752
0.00452799
0.00449846
0.00446893
0.00443941
0.00440989
0.00438038
0.00435086
0.00432135
0.00429184
0.00426234
0.00423283
0.00420333
0.00417382
0.00414432
0.00411482
0.00408531
0.00405581
0.00402631
0.00399681
0.00396731
0.00393781
0.00390831
0.00387881
0.00384931
0.00381982
0.00379032
0.00376082
0.00373132
0.00370182
0.00367232
0.00364283
0.00361333
0.00358383
0.00355433
0.00352483
0.00349534
0.00346584
0.00343634
0.00340685
0.00337735
0.00334785
0.00331836
0.00328886
0.00325936
0.00322987
0.00320037
0.00317087
0.00314138
0.00311188
0.00308239
0.00305289
0.00302339
0.0029939
0.0029644
0.00293491
0.00290541
0.00287592
0.00284642
0.00281692
0.00278743
0.00275793
0.00272844
0.00269894
0.00266945
0.00263995
0.00261046
0.00258096
0.00255146
0.00252197
0.00249247
0.00246298
0.00243348
0.00240398
0.00237449
0.00234499
0.0023155
0.002286
0.0022565
0.00222701
0.00219751
0.00216801
0.00213852
0.00210902
0.00207952
0.00205003
0.00202053
0.00199103
0.00196154
0.00193204
0.00190255
0.00187305
0.00184355
0.00181406
0.00178456
0.00175506
0.00172557
0.00169607
0.00166657
0.00163708
0.00160758
0.00157808
0.00154859
0.00151909
0.00148959
0.00146009
0.0014306
0.0014011
0.0013716
0.00134211
0.00131261
0.00128311
0.00125362
0.00122412
0.00119462
0.00116512
0.00113563
0.00110613
0.00107663
0.00104713
0.00101764
0.00098814
0.000958643
0.000929146
0.000899649
0.000870152
0.000840655
0.000811159
0.000781662
0.000752165
0.000722668
0.000693171
0.000663674
0.000634178
0.000604681
0.000575184
0.000545688
0.000516191
0.000486695
0.000457198
0.000427701
0.000398204
0.000368708
0.000339211
0.000309714
0.000280217
0.000250721
0.000221224
0.000191727
0.000162231
0.000132734
0.000103237
7.3741e-05
4.42445e-05
1.47482e-05
0.00605064
0.00603341
0.00600065
0.00595292
0.00589965
0.00585092
0.00580721
0.00576488
0.00572308
0.00568271
0.00564404
0.00560673
0.00557052
0.00553526
0.00550083
0.00546712
0.00543401
0.00540143
0.00536929
0.00533754
0.00530612
0.00527497
0.00524406
0.00521336
0.00518283
0.00515245
0.00512219
0.00509205
0.005062
0.00503203
0.00500213
0.00497228
0.00494249
0.00491274
0.00488302
0.00485334
0.00482369
0.00479405
0.00476444
0.00473484
0.00470526
0.00467569
0.00464613
0.00461657
0.00458703
0.00455749
0.00452796
0.00449844
0.00446891
0.00443939
0.00440988
0.00438037
0.00435085
0.00432134
0.00429184
0.00426233
0.00423283
0.00420332
0.00417382
0.00414432
0.00411481
0.00408531
0.00405581
0.00402631
0.00399681
0.00396731
0.00393781
0.00390831
0.00387881
0.00384931
0.00381981
0.00379032
0.00376082
0.00373132
0.00370182
0.00367232
0.00364283
0.00361333
0.00358383
0.00355433
0.00352483
0.00349534
0.00346584
0.00343634
0.00340685
0.00337735
0.00334785
0.00331836
0.00328886
0.00325936
0.00322987
0.00320037
0.00317087
0.00314138
0.00311188
0.00308239
0.00305289
0.00302339
0.0029939
0.0029644
0.00293491
0.00290541
0.00287592
0.00284642
0.00281692
0.00278743
0.00275793
0.00272844
0.00269894
0.00266945
0.00263995
0.00261046
0.00258096
0.00255146
0.00252197
0.00249247
0.00246298
0.00243348
0.00240398
0.00237449
0.00234499
0.0023155
0.002286
0.0022565
0.00222701
0.00219751
0.00216801
0.00213852
0.00210902
0.00207952
0.00205003
0.00202053
0.00199103
0.00196154
0.00193204
0.00190255
0.00187305
0.00184355
0.00181406
0.00178456
0.00175506
0.00172557
0.00169607
0.00166657
0.00163708
0.00160758
0.00157808
0.00154859
0.00151909
0.00148959
0.00146009
0.0014306
0.0014011
0.0013716
0.00134211
0.00131261
0.00128311
0.00125362
0.00122412
0.00119462
0.00116512
0.00113563
0.00110613
0.00107663
0.00104713
0.00101764
0.00098814
0.000958643
0.000929146
0.000899649
0.000870152
0.000840655
0.000811158
0.000781662
0.000752165
0.000722668
0.000693171
0.000663674
0.000634178
0.000604681
0.000575184
0.000545688
0.000516191
0.000486695
0.000457198
0.000427701
0.000398204
0.000368708
0.000339211
0.000309714
0.000280217
0.000250721
0.000221224
0.000191727
0.000162231
0.000132734
0.000103237
7.3741e-05
4.42445e-05
1.47482e-05
0.00597642
0.00596349
0.00593875
0.00590324
0.0058619
0.00582099
0.00578233
0.00574453
0.00570687
0.00566975
0.00563349
0.00559807
0.00556337
0.00552933
0.00549589
0.00546299
0.00543054
0.00539851
0.00536683
0.00533546
0.00530435
0.00527347
0.00524279
0.00521228
0.00518191
0.00515167
0.00512153
0.00509148
0.00506152
0.00503162
0.00500178
0.00497198
0.00494223
0.00491252
0.00488284
0.00485318
0.00482355
0.00479393
0.00476434
0.00473475
0.00470518
0.00467562
0.00464607
0.00461653
0.00458699
0.00455746
0.00452793
0.00449841
0.00446889
0.00443938
0.00440986
0.00438035
0.00435084
0.00432134
0.00429183
0.00426232
0.00423282
0.00420332
0.00417381
0.00414431
0.00411481
0.00408531
0.00405581
0.00402631
0.00399681
0.00396731
0.00393781
0.00390831
0.00387881
0.00384931
0.00381981
0.00379032
0.00376082
0.00373132
0.00370182
0.00367232
0.00364282
0.00361333
0.00358383
0.00355433
0.00352483
0.00349534
0.00346584
0.00343634
0.00340685
0.00337735
0.00334785
0.00331836
0.00328886
0.00325936
0.00322987
0.00320037
0.00317087
0.00314138
0.00311188
0.00308239
0.00305289
0.00302339
0.0029939
0.0029644
0.00293491
0.00290541
0.00287592
0.00284642
0.00281692
0.00278743
0.00275793
0.00272844
0.00269894
0.00266945
0.00263995
0.00261045
0.00258096
0.00255146
0.00252197
0.00249247
0.00246298
0.00243348
0.00240398
0.00237449
0.00234499
0.0023155
0.002286
0.0022565
0.00222701
0.00219751
0.00216801
0.00213852
0.00210902
0.00207952
0.00205003
0.00202053
0.00199103
0.00196154
0.00193204
0.00190255
0.00187305
0.00184355
0.00181406
0.00178456
0.00175506
0.00172557
0.00169607
0.00166657
0.00163708
0.00160758
0.00157808
0.00154859
0.00151909
0.00148959
0.00146009
0.0014306
0.0014011
0.0013716
0.00134211
0.00131261
0.00128311
0.00125361
0.00122412
0.00119462
0.00116512
0.00113563
0.00110613
0.00107663
0.00104713
0.00101764
0.00098814
0.000958643
0.000929146
0.000899649
0.000870152
0.000840655
0.000811158
0.000781662
0.000752165
0.000722668
0.000693171
0.000663674
0.000634178
0.000604681
0.000575184
0.000545688
0.000516191
0.000486695
0.000457198
0.000427701
0.000398204
0.000368708
0.000339211
0.000309714
0.000280217
0.000250721
0.000221224
0.000191727
0.000162231
0.000132734
0.000103237
7.3741e-05
4.42445e-05
1.47482e-05
0.00591607
0.00590643
0.00588803
0.00586136
0.00582888
0.00579434
0.00575987
0.00572554
0.00569105
0.00565661
0.00562252
0.00558888
0.00555566
0.00552286
0.00549045
0.0054584
0.00542667
0.00539524
0.00536406
0.00533311
0.00530236
0.00527178
0.00524135
0.00521105
0.00518087
0.00515078
0.00512077
0.00509084
0.00506097
0.00503115
0.00500137
0.00497164
0.00494194
0.00491227
0.00488262
0.004853
0.00482339
0.0047938
0.00476422
0.00473466
0.0047051
0.00467555
0.00464601
0.00461648
0.00458695
0.00455742
0.0045279
0.00449838
0.00446887
0.00443936
0.00440985
0.00438034
0.00435083
0.00432132
0.00429182
0.00426232
0.00423281
0.00420331
0.00417381
0.00414431
0.00411481
0.00408531
0.00405581
0.00402631
0.00399681
0.00396731
0.00393781
0.00390831
0.00387881
0.00384931
0.00381981
0.00379031
0.00376082
0.00373132
0.00370182
0.00367232
0.00364282
0.00361333
0.00358383
0.00355433
0.00352483
0.00349534
0.00346584
0.00343634
0.00340685
0.00337735
0.00334785
0.00331836
0.00328886
0.00325936
0.00322987
0.00320037
0.00317087
0.00314138
0.00311188
0.00308239
0.00305289
0.00302339
0.0029939
0.0029644
0.00293491
0.00290541
0.00287592
0.00284642
0.00281692
0.00278743
0.00275793
0.00272844
0.00269894
0.00266945
0.00263995
0.00261045
0.00258096
0.00255146
0.00252197
0.00249247
0.00246298
0.00243348
0.00240398
0.00237449
0.00234499
0.0023155
0.002286
0.0022565
0.00222701
0.00219751
0.00216801
0.00213852
0.00210902
0.00207952
0.00205003
0.00202053
0.00199104
0.00196154
0.00193204
0.00190255
0.00187305
0.00184355
0.00181406
0.00178456
0.00175506
0.00172557
0.00169607
0.00166657
0.00163708
0.00160758
0.00157808
0.00154858
0.00151909
0.00148959
0.00146009
0.0014306
0.0014011
0.0013716
0.00134211
0.00131261
0.00128311
0.00125361
0.00122412
0.00119462
0.00116512
0.00113563
0.00110613
0.00107663
0.00104713
0.00101764
0.00098814
0.000958643
0.000929146
0.000899649
0.000870152
0.000840655
0.000811158
0.000781662
0.000752165
0.000722668
0.000693171
0.000663674
0.000634178
0.000604681
0.000575184
0.000545688
0.000516191
0.000486695
0.000457198
0.000427701
0.000398205
0.000368708
0.000339211
0.000309714
0.000280217
0.000250721
0.000221224
0.000191727
0.000162231
0.000132734
0.000103237
7.3741e-05
4.42446e-05
1.47482e-05
0.00586641
0.00585895
0.00584455
0.00582352
0.00579717
0.00576784
0.00573738
0.00570637
0.00567486
0.00564301
0.00561109
0.00557924
0.00554754
0.005516
0.00548465
0.00545349
0.00542252
0.00539171
0.00536107
0.00533057
0.0053002
0.00526994
0.00523978
0.00520972
0.00517973
0.0051498
0.00511994
0.00509013
0.00506036
0.00503063
0.00500093
0.00497126
0.00494162
0.00491199
0.00488239
0.0048528
0.00482322
0.00479365
0.0047641
0.00473455
0.00470501
0.00467547
0.00464594
0.00461642
0.0045869
0.00455738
0.00452787
0.00449835
0.00446884
0.00443933
0.00440983
0.00438032
0.00435082
0.00432131
0.00429181
0.00426231
0.00423281
0.0042033
0.0041738
0.0041443
0.0041148
0.0040853
0.0040558
0.0040263
0.0039968
0.00396731
0.00393781
0.00390831
0.00387881
0.00384931
0.00381981
0.00379031
0.00376082
0.00373132
0.00370182
0.00367232
0.00364282
0.00361333
0.00358383
0.00355433
0.00352483
0.00349534
0.00346584
0.00343634
0.00340685
0.00337735
0.00334785
0.00331836
0.00328886
0.00325936
0.00322987
0.00320037
0.00317087
0.00314138
0.00311188
0.00308239
0.00305289
0.00302339
0.0029939
0.0029644
0.00293491
0.00290541
0.00287592
0.00284642
0.00281692
0.00278743
0.00275793
0.00272844
0.00269894
0.00266945
0.00263995
0.00261045
0.00258096
0.00255146
0.00252197
0.00249247
0.00246298
0.00243348
0.00240398
0.00237449
0.00234499
0.0023155
0.002286
0.0022565
0.00222701
0.00219751
0.00216801
0.00213852
0.00210902
0.00207952
0.00205003
0.00202053
0.00199104
0.00196154
0.00193204
0.00190255
0.00187305
0.00184355
0.00181406
0.00178456
0.00175506
0.00172557
0.00169607
0.00166657
0.00163708
0.00160758
0.00157808
0.00154858
0.00151909
0.00148959
0.00146009
0.0014306
0.0014011
0.0013716
0.00134211
0.00131261
0.00128311
0.00125361
0.00122412
0.00119462
0.00116512
0.00113563
0.00110613
0.00107663
0.00104713
0.00101764
0.00098814
0.000958643
0.000929146
0.000899649
0.000870152
0.000840655
0.000811158
0.000781661
0.000752165
0.000722668
0.000693171
0.000663674
0.000634178
0.000604681
0.000575184
0.000545688
0.000516191
0.000486695
0.000457198
0.000427701
0.000398205
0.000368708
0.000339211
0.000309714
0.000280217
0.000250721
0.000221224
0.000191727
0.000162231
0.000132734
0.000103237
7.3741e-05
4.42446e-05
1.47482e-05
0.00582469
0.00581867
0.00580694
0.00578977
0.00576793
0.00574287
0.00571598
0.00568796
0.00565909
0.00562959
0.00559967
0.00556953
0.00553928
0.00550898
0.00547868
0.00544841
0.00541819
0.00538803
0.00535793
0.00532789
0.00529792
0.00526799
0.00523812
0.0052083
0.00517852
0.00514877
0.00511906
0.00508938
0.00505972
0.00503008
0.00500046
0.00497086
0.00494127
0.0049117
0.00488214
0.00485258
0.00482304
0.0047935
0.00476396
0.00473443
0.00470491
0.00467539
0.00464587
0.00461636
0.00458685
0.00455734
0.00452783
0.00449832
0.00446881
0.00443931
0.00440981
0.0043803
0.0043508
0.0043213
0.0042918
0.0042623
0.0042328
0.0042033
0.0041738
0.0041443
0.0041148
0.0040853
0.0040558
0.0040263
0.0039968
0.0039673
0.0039378
0.00390831
0.00387881
0.00384931
0.00381981
0.00379031
0.00376082
0.00373132
0.00370182
0.00367232
0.00364282
0.00361333
0.00358383
0.00355433
0.00352483
0.00349534
0.00346584
0.00343634
0.00340685
0.00337735
0.00334785
0.00331836
0.00328886
0.00325936
0.00322987
0.00320037
0.00317087
0.00314138
0.00311188
0.00308239
0.00305289
0.00302339
0.0029939
0.0029644
0.00293491
0.00290541
0.00287592
0.00284642
0.00281692
0.00278743
0.00275793
0.00272844
0.00269894
0.00266945
0.00263995
0.00261045
0.00258096
0.00255146
0.00252197
0.00249247
0.00246298
0.00243348
0.00240398
0.00237449
0.00234499
0.0023155
0.002286
0.0022565
0.00222701
0.00219751
0.00216801
0.00213852
0.00210902
0.00207952
0.00205003
0.00202053
0.00199104
0.00196154
0.00193204
0.00190255
0.00187305
0.00184355
0.00181406
0.00178456
0.00175506
0.00172557
0.00169607
0.00166657
0.00163708
0.00160758
0.00157808
0.00154858
0.00151909
0.00148959
0.00146009
0.0014306
0.0014011
0.0013716
0.00134211
0.00131261
0.00128311
0.00125361
0.00122412
0.00119462
0.00116512
0.00113563
0.00110613
0.00107663
0.00104713
0.00101764
0.000988141
0.000958643
0.000929146
0.000899649
0.000870152
0.000840655
0.000811158
0.000781661
0.000752165
0.000722668
0.000693171
0.000663674
0.000634178
0.000604681
0.000575184
0.000545688
0.000516191
0.000486695
0.000457198
0.000427701
0.000398205
0.000368708
0.000339211
0.000309714
0.000280217
0.000250721
0.000221224
0.000191727
0.000162231
0.000132734
0.000103237
7.3741e-05
4.42446e-05
1.47482e-05
0.00578932
0.0057843
0.00577448
0.00576004
0.00574151
0.00571981
0.00569593
0.00567054
0.00564401
0.00561659
0.00558852
0.00555997
0.00553109
0.00550197
0.00547269
0.00544329
0.00541381
0.00538429
0.00535473
0.00532516
0.00529558
0.005266
0.00523642
0.00520684
0.00517727
0.00514771
0.00511815
0.0050886
0.00505905
0.00502951
0.00499998
0.00497044
0.00494092
0.0049114
0.00488188
0.00485236
0.00482284
0.00479333
0.00476382
0.00473431
0.00470481
0.0046753
0.0046458
0.00461629
0.00458679
0.00455729
0.00452779
0.00449829
0.00446878
0.00443928
0.00440978
0.00438028
0.00435079
0.00432129
0.00429179
0.00426229
0.00423279
0.00420329
0.00417379
0.00414429
0.00411479
0.0040853
0.0040558
0.0040263
0.0039968
0.0039673
0.0039378
0.0039083
0.00387881
0.00384931
0.00381981
0.00379031
0.00376081
0.00373132
0.00370182
0.00367232
0.00364282
0.00361333
0.00358383
0.00355433
0.00352483
0.00349534
0.00346584
0.00343634
0.00340685
0.00337735
0.00334785
0.00331836
0.00328886
0.00325936
0.00322987
0.00320037
0.00317087
0.00314138
0.00311188
0.00308239
0.00305289
0.00302339
0.0029939
0.0029644
0.00293491
0.00290541
0.00287592
0.00284642
0.00281692
0.00278743
0.00275793
0.00272844
0.00269894
0.00266945
0.00263995
0.00261045
0.00258096
0.00255146
0.00252197
0.00249247
0.00246298
0.00243348
0.00240398
0.00237449
0.00234499
0.0023155
0.002286
0.0022565
0.00222701
0.00219751
0.00216801
0.00213852
0.00210902
0.00207952
0.00205003
0.00202053
0.00199104
0.00196154
0.00193204
0.00190255
0.00187305
0.00184355
0.00181406
0.00178456
0.00175506
0.00172557
0.00169607
0.00166657
0.00163708
0.00160758
0.00157808
0.00154858
0.00151909
0.00148959
0.00146009
0.0014306
0.0014011
0.0013716
0.00134211
0.00131261
0.00128311
0.00125361
0.00122412
0.00119462
0.00116512
0.00113563
0.00110613
0.00107663
0.00104713
0.00101764
0.000988141
0.000958644
0.000929146
0.000899649
0.000870152
0.000840655
0.000811158
0.000781661
0.000752165
0.000722668
0.000693171
0.000663674
0.000634178
0.000604681
0.000575184
0.000545688
0.000516191
0.000486695
0.000457198
0.000427701
0.000398205
0.000368708
0.000339211
0.000309714
0.000280217
0.000250721
0.000221224
0.000191727
0.000162231
0.000132734
0.000103238
7.3741e-05
4.42446e-05
1.47482e-05
0.0057592
0.0057549
0.00574647
0.00573404
0.00571796
0.00569888
0.00567748
0.00565436
0.00562987
0.00560429
0.00557787
0.00555077
0.00552316
0.00549515
0.00546682
0.00543825
0.00540949
0.00538058
0.00535156
0.00532244
0.00529325
0.00526401
0.00523471
0.00520538
0.00517602
0.00514664
0.00511723
0.00508781
0.00505838
0.00502894
0.00499948
0.00497002
0.00494056
0.00491109
0.00488161
0.00485213
0.00482265
0.00479317
0.00476368
0.00473419
0.0047047
0.00467521
0.00464572
0.00461623
0.00458674
0.00455724
0.00452775
0.00449825
0.00446876
0.00443926
0.00440976
0.00438027
0.00435077
0.00432127
0.00429177
0.00426228
0.00423278
0.00420328
0.00417378
0.00414429
0.00411479
0.00408529
0.00405579
0.0040263
0.0039968
0.0039673
0.0039378
0.0039083
0.00387881
0.00384931
0.00381981
0.00379031
0.00376081
0.00373132
0.00370182
0.00367232
0.00364282
0.00361333
0.00358383
0.00355433
0.00352483
0.00349534
0.00346584
0.00343634
0.00340685
0.00337735
0.00334785
0.00331836
0.00328886
0.00325936
0.00322987
0.00320037
0.00317087
0.00314138
0.00311188
0.00308239
0.00305289
0.00302339
0.0029939
0.0029644
0.00293491
0.00290541
0.00287592
0.00284642
0.00281692
0.00278743
0.00275793
0.00272844
0.00269894
0.00266945
0.00263995
0.00261045
0.00258096
0.00255146
0.00252197
0.00249247
0.00246298
0.00243348
0.00240398
0.00237449
0.00234499
0.0023155
0.002286
0.0022565
0.00222701
0.00219751
0.00216801
0.00213852
0.00210902
0.00207952
0.00205003
0.00202053
0.00199104
0.00196154
0.00193204
0.00190255
0.00187305
0.00184355
0.00181406
0.00178456
0.00175506
0.00172557
0.00169607
0.00166657
0.00163708
0.00160758
0.00157808
0.00154858
0.00151909
0.00148959
0.00146009
0.0014306
0.0014011
0.0013716
0.00134211
0.00131261
0.00128311
0.00125361
0.00122412
0.00119462
0.00116512
0.00113563
0.00110613
0.00107663
0.00104713
0.00101764
0.000988141
0.000958644
0.000929147
0.000899649
0.000870152
0.000840655
0.000811158
0.000781661
0.000752165
0.000722668
0.000693171
0.000663674
0.000634178
0.000604681
0.000575185
0.000545688
0.000516191
0.000486695
0.000457198
0.000427701
0.000398205
0.000368708
0.000339211
0.000309714
0.000280217
0.000250721
0.000221224
0.000191727
0.000162231
0.000132734
0.000103238
7.3741e-05
4.42446e-05
1.47482e-05
0.00573353
0.00572977
0.00572237
0.00571143
0.00569721
0.00568016
0.0056608
0.00563957
0.00561684
0.00559288
0.0055679
0.00554211
0.00551565
0.00548865
0.00546121
0.00543342
0.00540533
0.005377
0.00534848
0.0053198
0.00529099
0.00526206
0.00523304
0.00520395
0.0051748
0.00514559
0.00511633
0.00508704
0.00505772
0.00502837
0.004999
0.00496961
0.0049402
0.00491078
0.00488135
0.00485191
0.00482246
0.00479301
0.00476354
0.00473407
0.0047046
0.00467513
0.00464565
0.00461616
0.00458668
0.00455719
0.00452771
0.00449822
0.00446873
0.00443923
0.00440974
0.00438025
0.00435075
0.00432126
0.00429176
0.00426227
0.00423277
0.00420328
0.00417378
0.00414428
0.00411478
0.00408529
0.00405579
0.00402629
0.00399679
0.0039673
0.0039378
0.0039083
0.0038788
0.00384931
0.00381981
0.00379031
0.00376081
0.00373132
0.00370182
0.00367232
0.00364282
0.00361333
0.00358383
0.00355433
0.00352483
0.00349534
0.00346584
0.00343634
0.00340685
0.00337735
0.00334785
0.00331836
0.00328886
0.00325936
0.00322987
0.00320037
0.00317087
0.00314138
0.00311188
0.00308239
0.00305289
0.00302339
0.0029939
0.0029644
0.00293491
0.00290541
0.00287592
0.00284642
0.00281692
0.00278743
0.00275793
0.00272844
0.00269894
0.00266945
0.00263995
0.00261045
0.00258096
0.00255146
0.00252197
0.00249247
0.00246298
0.00243348
0.00240398
0.00237449
0.00234499
0.0023155
0.002286
0.0022565
0.00222701
0.00219751
0.00216801
0.00213852
0.00210902
0.00207952
0.00205003
0.00202053
0.00199104
0.00196154
0.00193204
0.00190255
0.00187305
0.00184355
0.00181406
0.00178456
0.00175506
0.00172557
0.00169607
0.00166657
0.00163708
0.00160758
0.00157808
0.00154858
0.00151909
0.00148959
0.00146009
0.0014306
0.0014011
0.0013716
0.00134211
0.00131261
0.00128311
0.00125361
0.00122412
0.00119462
0.00116512
0.00113563
0.00110613
0.00107663
0.00104713
0.00101764
0.000988141
0.000958644
0.000929147
0.000899649
0.000870152
0.000840655
0.000811158
0.000781661
0.000752165
0.000722668
0.000693171
0.000663674
0.000634178
0.000604681
0.000575185
0.000545688
0.000516191
0.000486695
0.000457198
0.000427701
0.000398205
0.000368708
0.000339211
0.000309714
0.000280217
0.000250721
0.000221224
0.000191727
0.000162231
0.000132734
0.000103238
7.3741e-05
4.42446e-05
1.47482e-05
0.00571173
0.00570837
0.00570176
0.00569195
0.00567915
0.00566369
0.00564596
0.00562632
0.00560508
0.00558249
0.00555878
0.00553413
0.00550869
0.0054826
0.00545597
0.00542888
0.00540141
0.00537362
0.00534557
0.00531729
0.00528883
0.00526021
0.00523145
0.00520259
0.00517362
0.00514458
0.00511547
0.0050863
0.00505709
0.00502783
0.00499854
0.00496921
0.00493986
0.00491049
0.0048811
0.0048517
0.00482228
0.00479285
0.00476341
0.00473396
0.0047045
0.00467504
0.00464558
0.0046161
0.00458663
0.00455715
0.00452767
0.00449818
0.0044687
0.00443921
0.00440972
0.00438023
0.00435074
0.00432125
0.00429175
0.00426226
0.00423276
0.00420327
0.00417377
0.00414428
0.00411478
0.00408528
0.00405579
0.00402629
0.00399679
0.0039673
0.0039378
0.0039083
0.0038788
0.00384931
0.00381981
0.00379031
0.00376081
0.00373132
0.00370182
0.00367232
0.00364282
0.00361333
0.00358383
0.00355433
0.00352483
0.00349534
0.00346584
0.00343634
0.00340685
0.00337735
0.00334785
0.00331836
0.00328886
0.00325936
0.00322987
0.00320037
0.00317087
0.00314138
0.00311188
0.00308239
0.00305289
0.00302339
0.0029939
0.0029644
0.00293491
0.00290541
0.00287592
0.00284642
0.00281692
0.00278743
0.00275793
0.00272844
0.00269894
0.00266945
0.00263995
0.00261045
0.00258096
0.00255146
0.00252197
0.00249247
0.00246298
0.00243348
0.00240398
0.00237449
0.00234499
0.0023155
0.002286
0.0022565
0.00222701
0.00219751
0.00216801
0.00213852
0.00210902
0.00207953
0.00205003
0.00202053
0.00199104
0.00196154
0.00193204
0.00190255
0.00187305
0.00184355
0.00181406
0.00178456
0.00175506
0.00172557
0.00169607
0.00166657
0.00163708
0.00160758
0.00157808
0.00154858
0.00151909
0.00148959
0.00146009
0.0014306
0.0014011
0.0013716
0.00134211
0.00131261
0.00128311
0.00125361
0.00122412
0.00119462
0.00116512
0.00113563
0.00110613
0.00107663
0.00104714
0.00101764
0.000988141
0.000958644
0.000929147
0.000899649
0.000870152
0.000840655
0.000811158
0.000781661
0.000752165
0.000722668
0.000693171
0.000663674
0.000634178
0.000604681
0.000575185
0.000545688
0.000516191
0.000486695
0.000457198
0.000427701
0.000398205
0.000368708
0.000339211
0.000309714
0.000280218
0.000250721
0.000221224
0.000191727
0.000162231
0.000132734
0.000103238
7.3741e-05
4.42446e-05
1.47482e-05
0.00569337
0.00569032
0.0056843
0.00567536
0.00566365
0.00564944
0.00563301
0.00561466
0.00559466
0.00557324
0.00555061
0.00552695
0.0055024
0.00547711
0.00545119
0.00542473
0.00539782
0.00537052
0.00534289
0.00531498
0.00528684
0.00525849
0.00522998
0.00520132
0.00517253
0.00514365
0.00511467
0.00508562
0.0050565
0.00502732
0.0049981
0.00496884
0.00493955
0.00491022
0.00488087
0.0048515
0.00482211
0.0047927
0.00476328
0.00473385
0.00470441
0.00467496
0.00464551
0.00461605
0.00458658
0.00455711
0.00452763
0.00449815
0.00446867
0.00443919
0.0044097
0.00438021
0.00435072
0.00432123
0.00429174
0.00426225
0.00423276
0.00420326
0.00417377
0.00414427
0.00411478
0.00408528
0.00405578
0.00402629
0.00399679
0.00396729
0.0039378
0.0039083
0.0038788
0.0038493
0.00381981
0.00379031
0.00376081
0.00373131
0.00370182
0.00367232
0.00364282
0.00361332
0.00358383
0.00355433
0.00352483
0.00349534
0.00346584
0.00343634
0.00340685
0.00337735
0.00334785
0.00331836
0.00328886
0.00325936
0.00322987
0.00320037
0.00317087
0.00314138
0.00311188
0.00308239
0.00305289
0.00302339
0.0029939
0.0029644
0.00293491
0.00290541
0.00287592
0.00284642
0.00281692
0.00278743
0.00275793
0.00272844
0.00269894
0.00266945
0.00263995
0.00261045
0.00258096
0.00255146
0.00252197
0.00249247
0.00246298
0.00243348
0.00240398
0.00237449
0.00234499
0.0023155
0.002286
0.0022565
0.00222701
0.00219751
0.00216801
0.00213852
0.00210902
0.00207953
0.00205003
0.00202053
0.00199104
0.00196154
0.00193204
0.00190255
0.00187305
0.00184355
0.00181406
0.00178456
0.00175506
0.00172557
0.00169607
0.00166657
0.00163707
0.00160758
0.00157808
0.00154858
0.00151909
0.00148959
0.00146009
0.0014306
0.0014011
0.0013716
0.00134211
0.00131261
0.00128311
0.00125361
0.00122412
0.00119462
0.00116512
0.00113563
0.00110613
0.00107663
0.00104714
0.00101764
0.000988141
0.000958644
0.000929147
0.000899649
0.000870152
0.000840655
0.000811158
0.000781661
0.000752165
0.000722668
0.000693171
0.000663674
0.000634178
0.000604681
0.000575185
0.000545688
0.000516191
0.000486695
0.000457198
0.000427701
0.000398205
0.000368708
0.000339211
0.000309714
0.000280218
0.000250721
0.000221224
0.000191727
0.000162231
0.000132734
0.000103238
7.37411e-05
4.42446e-05
1.47482e-05
0.00567811
0.0056753
0.00566973
0.00566146
0.0056506
0.00563735
0.00562195
0.00560464
0.00558565
0.0055652
0.00554348
0.00552065
0.00549687
0.00547227
0.00544696
0.00542105
0.00539462
0.00536774
0.00534048
0.0053129
0.00528504
0.00525695
0.00522865
0.00520017
0.00517155
0.0051428
0.00511394
0.00508499
0.00505596
0.00502687
0.00499771
0.0049685
0.00493926
0.00490997
0.00488066
0.00485132
0.00482195
0.00479257
0.00476317
0.00473376
0.00470433
0.00467489
0.00464545
0.00461599
0.00458653
0.00455707
0.0045276
0.00449812
0.00446865
0.00443917
0.00440968
0.0043802
0.00435071
0.00432122
0.00429173
0.00426224
0.00423275
0.00420326
0.00417376
0.00414427
0.00411477
0.00408528
0.00405578
0.00402628
0.00399679
0.00396729
0.0039378
0.0039083
0.0038788
0.0038493
0.00381981
0.00379031
0.00376081
0.00373131
0.00370182
0.00367232
0.00364282
0.00361332
0.00358383
0.00355433
0.00352483
0.00349534
0.00346584
0.00343634
0.00340685
0.00337735
0.00334785
0.00331836
0.00328886
0.00325936
0.00322987
0.00320037
0.00317087
0.00314138
0.00311188
0.00308239
0.00305289
0.00302339
0.0029939
0.0029644
0.00293491
0.00290541
0.00287592
0.00284642
0.00281692
0.00278743
0.00275793
0.00272844
0.00269894
0.00266945
0.00263995
0.00261045
0.00258096
0.00255146
0.00252197
0.00249247
0.00246298
0.00243348
0.00240398
0.00237449
0.00234499
0.0023155
0.002286
0.0022565
0.00222701
0.00219751
0.00216801
0.00213852
0.00210902
0.00207953
0.00205003
0.00202053
0.00199104
0.00196154
0.00193204
0.00190255
0.00187305
0.00184355
0.00181406
0.00178456
0.00175506
0.00172557
0.00169607
0.00166657
0.00163707
0.00160758
0.00157808
0.00154858
0.00151909
0.00148959
0.00146009
0.0014306
0.0014011
0.0013716
0.00134211
0.00131261
0.00128311
0.00125361
0.00122412
0.00119462
0.00116512
0.00113563
0.00110613
0.00107663
0.00104714
0.00101764
0.000988141
0.000958644
0.000929147
0.000899649
0.000870152
0.000840655
0.000811158
0.000781661
0.000752165
0.000722668
0.000693171
0.000663674
0.000634178
0.000604681
0.000575185
0.000545688
0.000516191
0.000486695
0.000457198
0.000427701
0.000398205
0.000368708
0.000339211
0.000309714
0.000280218
0.000250721
0.000221224
0.000191727
0.000162231
0.000132734
0.000103238
7.37411e-05
4.42446e-05
1.47482e-05
0.00566573
0.00566309
0.00565787
0.0056501
0.00563988
0.00562737
0.00561277
0.00559628
0.00557811
0.00555844
0.00553745
0.00551531
0.00549216
0.00546813
0.00544334
0.00541788
0.00539186
0.00536535
0.00533841
0.00531111
0.00528349
0.00525561
0.00522749
0.00519918
0.0051707
0.00514207
0.00511331
0.00508445
0.0050555
0.00502647
0.00499737
0.00496821
0.00493901
0.00490976
0.00488047
0.00485116
0.00482182
0.00479245
0.00476307
0.00473367
0.00470426
0.00467483
0.00464539
0.00461595
0.00458649
0.00455704
0.00452757
0.0044981
0.00446863
0.00443915
0.00440967
0.00438019
0.0043507
0.00432121
0.00429172
0.00426223
0.00423274
0.00420325
0.00417376
0.00414426
0.00411477
0.00408527
0.00405578
0.00402628
0.00399679
0.00396729
0.00393779
0.0039083
0.0038788
0.0038493
0.00381981
0.00379031
0.00376081
0.00373131
0.00370182
0.00367232
0.00364282
0.00361332
0.00358383
0.00355433
0.00352483
0.00349534
0.00346584
0.00343634
0.00340685
0.00337735
0.00334785
0.00331836
0.00328886
0.00325936
0.00322987
0.00320037
0.00317087
0.00314138
0.00311188
0.00308239
0.00305289
0.00302339
0.0029939
0.0029644
0.00293491
0.00290541
0.00287592
0.00284642
0.00281692
0.00278743
0.00275793
0.00272844
0.00269894
0.00266945
0.00263995
0.00261045
0.00258096
0.00255146
0.00252197
0.00249247
0.00246298
0.00243348
0.00240398
0.00237449
0.00234499
0.0023155
0.002286
0.0022565
0.00222701
0.00219751
0.00216801
0.00213852
0.00210902
0.00207953
0.00205003
0.00202053
0.00199104
0.00196154
0.00193204
0.00190255
0.00187305
0.00184355
0.00181406
0.00178456
0.00175506
0.00172557
0.00169607
0.00166657
0.00163707
0.00160758
0.00157808
0.00154858
0.00151909
0.00148959
0.00146009
0.0014306
0.0014011
0.0013716
0.00134211
0.00131261
0.00128311
0.00125361
0.00122412
0.00119462
0.00116512
0.00113563
0.00110613
0.00107663
0.00104714
0.00101764
0.000988141
0.000958644
0.000929147
0.00089965
0.000870152
0.000840655
0.000811158
0.000781661
0.000752165
0.000722668
0.000693171
0.000663674
0.000634178
0.000604681
0.000575185
0.000545688
0.000516191
0.000486695
0.000457198
0.000427701
0.000398205
0.000368708
0.000339211
0.000309714
0.000280218
0.000250721
0.000221224
0.000191727
0.000162231
0.000132734
0.000103238
7.37411e-05
4.42446e-05
1.47482e-05
0.00565602
0.00565351
0.00564854
0.00564115
0.00563141
0.00561945
0.00560546
0.0055896
0.00557205
0.00555299
0.00553258
0.00551098
0.00548833
0.00546476
0.00544038
0.0054153
0.00538961
0.00536339
0.00533671
0.00530963
0.00528222
0.00525451
0.00522654
0.00519836
0.00516999
0.00514146
0.00511279
0.005084
0.00505511
0.00502614
0.00499708
0.00496797
0.0049388
0.00490958
0.00488032
0.00485103
0.0048217
0.00479236
0.00476299
0.0047336
0.0047042
0.00467478
0.00464535
0.00461591
0.00458646
0.00455701
0.00452755
0.00449808
0.00446861
0.00443913
0.00440966
0.00438017
0.00435069
0.0043212
0.00429172
0.00426223
0.00423274
0.00420325
0.00417375
0.00414426
0.00411477
0.00408527
0.00405578
0.00402628
0.00399679
0.00396729
0.00393779
0.0039083
0.0038788
0.0038493
0.00381981
0.00379031
0.00376081
0.00373131
0.00370182
0.00367232
0.00364282
0.00361332
0.00358383
0.00355433
0.00352483
0.00349534
0.00346584
0.00343634
0.00340685
0.00337735
0.00334785
0.00331836
0.00328886
0.00325936
0.00322987
0.00320037
0.00317087
0.00314138
0.00311188
0.00308239
0.00305289
0.00302339
0.0029939
0.0029644
0.00293491
0.00290541
0.00287592
0.00284642
0.00281692
0.00278743
0.00275793
0.00272844
0.00269894
0.00266945
0.00263995
0.00261045
0.00258096
0.00255146
0.00252197
0.00249247
0.00246298
0.00243348
0.00240398
0.00237449
0.00234499
0.0023155
0.002286
0.0022565
0.00222701
0.00219751
0.00216801
0.00213852
0.00210902
0.00207953
0.00205003
0.00202053
0.00199104
0.00196154
0.00193204
0.00190255
0.00187305
0.00184355
0.00181406
0.00178456
0.00175506
0.00172557
0.00169607
0.00166657
0.00163707
0.00160758
0.00157808
0.00154858
0.00151909
0.00148959
0.00146009
0.0014306
0.0014011
0.0013716
0.00134211
0.00131261
0.00128311
0.00125361
0.00122412
0.00119462
0.00116512
0.00113563
0.00110613
0.00107663
0.00104714
0.00101764
0.000988141
0.000958644
0.000929147
0.00089965
0.000870152
0.000840655
0.000811158
0.000781661
0.000752165
0.000722668
0.000693171
0.000663674
0.000634178
0.000604681
0.000575185
0.000545688
0.000516191
0.000486695
0.000457198
0.000427701
0.000398205
0.000368708
0.000339211
0.000309714
0.000280218
0.000250721
0.000221224
0.000191727
0.000162231
0.000132734
0.000103238
7.37411e-05
4.42446e-05
1.47482e-05
0.00564884
0.00564643
0.00564165
0.00563452
0.00562511
0.00561356
0.0056
0.00558459
0.0055675
0.00554888
0.0055289
0.0055077
0.00548542
0.00546219
0.00543812
0.00541332
0.00538788
0.00536188
0.0053354
0.0053085
0.00528124
0.00525366
0.00522581
0.00519773
0.00516945
0.00514099
0.00511239
0.00508366
0.00505482
0.00502588
0.00499686
0.00496778
0.00493864
0.00490944
0.0048802
0.00485093
0.00482162
0.00479228
0.00476292
0.00473354
0.00470415
0.00467474
0.00464531
0.00461588
0.00458644
0.00455699
0.00452753
0.00449806
0.0044686
0.00443912
0.00440965
0.00438017
0.00435068
0.0043212
0.00429171
0.00426222
0.00423273
0.00420324
0.00417375
0.00414426
0.00411476
0.00408527
0.00405578
0.00402628
0.00399678
0.00396729
0.00393779
0.0039083
0.0038788
0.0038493
0.0038198
0.00379031
0.00376081
0.00373131
0.00370182
0.00367232
0.00364282
0.00361332
0.00358383
0.00355433
0.00352483
0.00349534
0.00346584
0.00343634
0.00340685
0.00337735
0.00334785
0.00331836
0.00328886
0.00325936
0.00322987
0.00320037
0.00317087
0.00314138
0.00311188
0.00308239
0.00305289
0.00302339
0.0029939
0.0029644
0.00293491
0.00290541
0.00287592
0.00284642
0.00281692
0.00278743
0.00275793
0.00272844
0.00269894
0.00266945
0.00263995
0.00261045
0.00258096
0.00255146
0.00252197
0.00249247
0.00246298
0.00243348
0.00240398
0.00237449
0.00234499
0.0023155
0.002286
0.0022565
0.00222701
0.00219751
0.00216801
0.00213852
0.00210902
0.00207953
0.00205003
0.00202053
0.00199104
0.00196154
0.00193204
0.00190255
0.00187305
0.00184355
0.00181406
0.00178456
0.00175506
0.00172557
0.00169607
0.00166657
0.00163707
0.00160758
0.00157808
0.00154858
0.00151909
0.00148959
0.00146009
0.0014306
0.0014011
0.0013716
0.00134211
0.00131261
0.00128311
0.00125361
0.00122412
0.00119462
0.00116512
0.00113563
0.00110613
0.00107663
0.00104714
0.00101764
0.000988141
0.000958644
0.000929147
0.00089965
0.000870152
0.000840655
0.000811158
0.000781661
0.000752165
0.000722668
0.000693171
0.000663674
0.000634178
0.000604681
0.000575185
0.000545688
0.000516191
0.000486695
0.000457198
0.000427701
0.000398205
0.000368708
0.000339211
0.000309714
0.000280218
0.000250721
0.000221224
0.000191727
0.000162231
0.000132734
0.000103238
7.37411e-05
4.42446e-05
1.47482e-05
0.00564411
0.00564176
0.00563709
0.00563013
0.00562095
0.00560965
0.00559636
0.00558125
0.00556446
0.00554614
0.00552644
0.0055055
0.00548347
0.00546047
0.0054366
0.00541199
0.00538672
0.00536087
0.00533452
0.00530773
0.00528057
0.00525308
0.00522531
0.0051973
0.00516908
0.00514067
0.00511211
0.00508342
0.00505461
0.00502571
0.00499672
0.00496765
0.00493853
0.00490935
0.00488012
0.00485086
0.00482156
0.00479223
0.00476288
0.00473351
0.00470412
0.00467471
0.00464529
0.00461586
0.00458642
0.00455697
0.00452752
0.00449805
0.00446859
0.00443911
0.00440964
0.00438016
0.00435068
0.00432119
0.00429171
0.00426222
0.00423273
0.00420324
0.00417375
0.00414426
0.00411476
0.00408527
0.00405577
0.00402628
0.00399678
0.00396729
0.00393779
0.00390829
0.0038788
0.0038493
0.0038198
0.00379031
0.00376081
0.00373131
0.00370182
0.00367232
0.00364282
0.00361332
0.00358383
0.00355433
0.00352483
0.00349534
0.00346584
0.00343634
0.00340685
0.00337735
0.00334785
0.00331836
0.00328886
0.00325936
0.00322987
0.00320037
0.00317087
0.00314138
0.00311188
0.00308239
0.00305289
0.00302339
0.0029939
0.0029644
0.00293491
0.00290541
0.00287592
0.00284642
0.00281692
0.00278743
0.00275793
0.00272844
0.00269894
0.00266945
0.00263995
0.00261045
0.00258096
0.00255146
0.00252197
0.00249247
0.00246298
0.00243348
0.00240398
0.00237449
0.00234499
0.0023155
0.002286
0.0022565
0.00222701
0.00219751
0.00216801
0.00213852
0.00210902
0.00207953
0.00205003
0.00202053
0.00199104
0.00196154
0.00193204
0.00190255
0.00187305
0.00184355
0.00181406
0.00178456
0.00175506
0.00172557
0.00169607
0.00166657
0.00163707
0.00160758
0.00157808
0.00154858
0.00151909
0.00148959
0.00146009
0.0014306
0.0014011
0.0013716
0.00134211
0.00131261
0.00128311
0.00125361
0.00122412
0.00119462
0.00116512
0.00113563
0.00110613
0.00107663
0.00104714
0.00101764
0.000988141
0.000958644
0.000929147
0.00089965
0.000870152
0.000840655
0.000811158
0.000781661
0.000752165
0.000722668
0.000693171
0.000663674
0.000634178
0.000604681
0.000575185
0.000545688
0.000516191
0.000486695
0.000457198
0.000427701
0.000398205
0.000368708
0.000339211
0.000309714
0.000280218
0.000250721
0.000221224
0.000191727
0.000162231
0.000132734
0.000103238
7.37411e-05
4.42446e-05
1.47482e-05
0.00564176
0.00563944
0.00563483
0.00562795
0.00561887
0.0056077
0.00559455
0.00557959
0.00556294
0.00554476
0.0055252
0.0055044
0.00548249
0.0054596
0.00543584
0.00541132
0.00538613
0.00536036
0.00533407
0.00530735
0.00528024
0.00525279
0.00522506
0.00519708
0.00516889
0.00514051
0.00511198
0.0050833
0.00505451
0.00502562
0.00499664
0.00496759
0.00493847
0.0049093
0.00488008
0.00485082
0.00482153
0.00479221
0.00476286
0.00473349
0.0047041
0.0046747
0.00464528
0.00461585
0.00458641
0.00455696
0.00452751
0.00449805
0.00446858
0.00443911
0.00440964
0.00438016
0.00435068
0.00432119
0.00429171
0.00426222
0.00423273
0.00420324
0.00417375
0.00414426
0.00411476
0.00408527
0.00405577
0.00402628
0.00399678
0.00396729
0.00393779
0.00390829
0.0038788
0.0038493
0.0038198
0.00379031
0.00376081
0.00373131
0.00370182
0.00367232
0.00364282
0.00361332
0.00358383
0.00355433
0.00352483
0.00349534
0.00346584
0.00343634
0.00340685
0.00337735
0.00334785
0.00331836
0.00328886
0.00325936
0.00322987
0.00320037
0.00317087
0.00314138
0.00311188
0.00308239
0.00305289
0.00302339
0.0029939
0.0029644
0.00293491
0.00290541
0.00287591
0.00284642
0.00281692
0.00278743
0.00275793
0.00272844
0.00269894
0.00266945
0.00263995
0.00261045
0.00258096
0.00255146
0.00252197
0.00249247
0.00246298
0.00243348
0.00240398
0.00237449
0.00234499
0.0023155
0.002286
0.0022565
0.00222701
0.00219751
0.00216801
0.00213852
0.00210902
0.00207953
0.00205003
0.00202053
0.00199104
0.00196154
0.00193204
0.00190255
0.00187305
0.00184355
0.00181406
0.00178456
0.00175506
0.00172557
0.00169607
0.00166657
0.00163707
0.00160758
0.00157808
0.00154858
0.00151909
0.00148959
0.00146009
0.0014306
0.0014011
0.0013716
0.00134211
0.00131261
0.00128311
0.00125361
0.00122412
0.00119462
0.00116512
0.00113563
0.00110613
0.00107663
0.00104714
0.00101764
0.000988141
0.000958644
0.000929147
0.00089965
0.000870152
0.000840655
0.000811158
0.000781661
0.000752165
0.000722668
0.000693171
0.000663674
0.000634178
0.000604681
0.000575185
0.000545688
0.000516191
0.000486695
0.000457198
0.000427701
0.000398205
0.000368708
0.000339211
0.000309714
0.000280218
0.000250721
0.000221224
0.000191727
0.000162231
0.000132734
0.000103238
7.37411e-05
4.42446e-05
1.47482e-05
)
;

boundaryField
{
    inlet
    {
        type            zeroGradient;
    }
    outlet
    {
        type            fixedValue;
        value           uniform 0;
    }
    top
    {
        type            zeroGradient;
    }
    bottom
    {
        type            zeroGradient;
    }
    frontAndBack
    {
        type            empty;
    }
}


// ************************************************************************* //
