/*--------------------------------*- C++ -*----------------------------------*\
  =========                 |
  \\      /  F ield         | OpenFOAM: The Open Source CFD Toolbox
   \\    /   O peration     | Website:  https://openfoam.org
    \\  /    A nd           | Version:  dev
     \\/     M anipulation  |
\*---------------------------------------------------------------------------*/
FoamFile
{
    format      ascii;
    class       surfaceScalarField;
    location    "0.3";
    object      phi;
}
// * * * * * * * * * * * * * * * * * * * * * * * * * * * * * * * * * * * * * //

dimensions      [0 3 -1 0 0 0 0];

internalField   nonuniform List<scalar> 
7780
(
0.00499912
8.82543e-07
0.00499705
2.06508e-06
0.00499442
2.6333e-06
0.00499183
2.58927e-06
0.0049895
2.32985e-06
0.00498759
1.91438e-06
0.00498619
1.39851e-06
0.00498525
9.32158e-07
0.00498465
6.00916e-07
0.00498426
3.91166e-07
0.004984
2.61804e-07
0.00498382
1.81678e-07
0.00498369
1.31151e-07
0.00498359
9.81363e-08
0.00498351
7.55757e-08
0.00498345
5.94989e-08
0.00498341
4.76333e-08
0.00498337
3.86232e-08
0.00498334
3.16254e-08
0.00498331
2.60942e-08
0.00498329
2.16612e-08
0.00498327
1.80693e-08
0.00498326
1.51331e-08
0.00498324
1.27156e-08
0.00498323
1.07134e-08
0.00498322
9.04691e-09
0.00498322
7.65425e-09
0.00498321
6.48638e-09
0.0049832
5.50416e-09
0.0049832
4.67604e-09
0.0049832
3.9764e-09
0.00498319
3.38426e-09
0.00498319
2.88234e-09
0.00498319
2.45633e-09
0.00498318
2.09437e-09
0.00498318
1.78654e-09
0.00498318
1.52454e-09
0.00498318
1.30137e-09
0.00498318
1.11118e-09
0.00498318
9.49012e-10
0.00498318
8.10679e-10
0.00498318
6.9263e-10
0.00498318
5.91857e-10
0.00498318
5.05812e-10
0.00498317
4.32328e-10
0.00498317
3.69557e-10
0.00498317
3.15923e-10
0.00498317
2.70088e-10
0.00498317
2.30916e-10
0.00498317
1.9744e-10
0.00498317
1.68826e-10
0.00498317
1.44364e-10
0.00498317
1.23447e-10
0.00498317
1.05562e-10
0.00498317
9.02729e-11
0.00498317
7.72024e-11
0.00498317
6.60261e-11
0.00498317
5.64669e-11
0.00498317
4.82907e-11
0.00498317
4.12989e-11
0.00498317
3.53207e-11
0.00498317
3.02085e-11
0.00498317
2.58353e-11
0.00498317
2.20941e-11
0.00498317
1.88953e-11
0.00498317
1.61618e-11
0.00498317
1.38256e-11
0.00498317
1.18269e-11
0.00498317
1.01152e-11
0.00498317
8.64919e-12
0.00498317
7.3957e-12
0.00498317
6.32586e-12
0.00498317
5.41286e-12
0.00498317
4.63179e-12
0.00498317
3.96145e-12
0.00498317
3.38561e-12
0.00498317
2.89259e-12
0.00498317
2.4728e-12
0.00498317
2.11656e-12
0.00498317
1.81356e-12
0.00498317
1.5537e-12
0.00498317
1.32896e-12
0.00498317
1.1342e-12
0.00498317
9.66807e-13
0.00498317
8.24852e-13
0.00498317
7.05692e-13
0.00498317
6.05648e-13
0.00498317
5.20475e-13
0.00498317
4.4654e-13
0.00498317
3.8157e-13
0.00498317
3.24939e-13
0.00498317
2.76582e-13
0.00498317
2.36232e-13
0.00498317
2.02858e-13
0.00498317
1.74889e-13
0.00498317
1.50614e-13
0.00498317
1.28788e-13
0.00498317
1.09104e-13
0.00498317
9.18084e-14
0.00498317
7.72866e-14
0.00498317
6.58312e-14
0.00498317
5.71496e-14
0.00498317
5.04092e-14
0.00498317
4.47499e-14
0.00498317
3.93737e-14
0.00498317
3.3945e-14
0.00498317
2.85595e-14
0.00498317
2.34548e-14
0.00498317
1.90584e-14
0.00498317
1.56656e-14
0.00498317
1.33639e-14
0.00498317
1.20212e-14
0.00498317
1.11897e-14
0.00498317
1.05684e-14
0.00498317
9.76386e-15
0.00498317
8.56079e-15
0.00498317
6.91685e-15
0.00498317
4.94122e-15
0.00498317
2.96484e-15
0.00498317
1.30465e-15
0.00498317
2.88928e-16
0.00498317
-4.43691e-17
0.00498317
2.72562e-16
0.00498317
9.72695e-16
0.00498317
1.58306e-15
0.00498317
1.99825e-15
0.00498317
2.06869e-15
0.00498317
1.6086e-15
0.00498317
9.23047e-16
0.00498317
1.78888e-16
0.00498317
-2.45358e-16
0.00498317
-3.57465e-16
0.00498317
-6.14043e-17
0.00498317
4.14221e-16
0.00498317
7.81005e-16
0.00498317
7.78715e-16
0.00498317
4.36025e-16
0.00498317
-2.29514e-16
0.00498317
-1.03497e-15
0.00498317
-1.75687e-15
0.00498317
-1.81288e-15
0.00498317
-1.54003e-15
0.00498317
-8.3335e-16
0.00498317
2.14327e-16
0.00498317
1.26741e-15
0.00498317
2.14341e-15
0.00498317
2.49957e-15
0.00498317
2.31248e-15
0.00498317
1.59791e-15
0.00498317
5.27242e-16
0.00498317
-5.65609e-16
0.00498317
-1.46463e-15
0.00498317
-1.8536e-15
0.00498317
-1.70037e-15
0.00498317
-9.8704e-16
0.00498317
5.7681e-17
0.00498317
1.23097e-15
0.00498317
2.29625e-15
0.00498317
3.02925e-15
0.00498317
3.29441e-15
0.00498317
3.09109e-15
0.00498317
2.34767e-15
0.00498317
1.10851e-15
0.00498317
-1.99108e-16
0.00498317
-1.39853e-15
0.00498317
-2.36365e-15
0.00498317
-2.91221e-15
0.00498317
-3.12057e-15
0.00498317
-2.88996e-15
0.00498317
-2.342e-15
0.00498317
-1.54679e-15
0.00498317
-6.24328e-16
0.00498317
2.07762e-16
0.00498317
8.31054e-16
0.00498317
1.15029e-15
0.00498317
1.27485e-15
0.00498317
1.17443e-15
0.00498317
8.76555e-16
0.00498317
4.26504e-16
0.00498317
-1.81819e-16
0.00498317
-6.31491e-16
0.00498317
-9.05752e-16
0.00498317
-1.14631e-15
0.00498317
-1.11698e-15
0.00498317
-9.08465e-16
0.00498317
-5.6957e-16
0.00498317
-1.85228e-16
0.00498317
3.56134e-16
0.00498317
9.79546e-16
0.00498317
1.52499e-15
0.00498317
1.8104e-15
0.00498317
2.04261e-15
0.00498317
2.14115e-15
0.00498317
2.08663e-15
0.00498317
1.89931e-15
0.00498317
1.45469e-15
0.00498317
7.82584e-16
0.00498317
4.16708e-16
0.00498317
-1.00672e-16
-2.30171e-16
0.00500038
5.0236e-07
0.00500104
1.40237e-06
0.00500163
2.0414e-06
0.00500201
2.21588e-06
0.00500223
2.10426e-06
0.00500231
1.84129e-06
0.00500223
1.47189e-06
0.00500207
1.091e-06
0.00500189
7.82472e-07
0.00500172
5.62561e-07
0.00500157
4.11162e-07
0.00500145
3.06476e-07
0.00500135
2.33154e-07
0.00500126
1.80802e-07
0.0050012
1.4253e-07
0.00500114
1.13911e-07
0.0050011
9.20793e-08
0.00500106
7.51316e-08
0.00500103
6.17769e-08
0.00500101
5.11191e-08
0.00500098
4.25221e-08
0.00500097
3.5525e-08
0.00500095
2.97868e-08
0.00500094
2.5051e-08
0.00500093
2.11217e-08
0.00500092
1.78467e-08
0.00500091
1.51066e-08
0.00500091
1.28068e-08
0.0050009
1.0871e-08
0.0050009
9.23803e-09
0.00500089
7.85764e-09
0.00500089
6.68883e-09
0.00500089
5.69774e-09
0.00500088
4.85631e-09
0.00500088
4.1412e-09
0.00500088
3.53288e-09
0.00500088
3.01502e-09
0.00500088
2.57386e-09
0.00500088
2.19784e-09
0.00500088
1.87719e-09
0.00500088
1.60363e-09
0.00500087
1.37017e-09
0.00500087
1.17086e-09
0.00500087
1.00067e-09
0.00500087
8.55317e-10
0.00500087
7.31139e-10
0.00500087
6.25035e-10
0.00500087
5.34364e-10
0.00500087
4.56876e-10
0.00500087
3.90647e-10
0.00500087
3.34032e-10
0.00500087
2.8563e-10
0.00500087
2.44247e-10
0.00500087
2.08868e-10
0.00500087
1.7862e-10
0.00500087
1.52759e-10
0.00500087
1.30642e-10
0.00500087
1.11726e-10
0.00500087
9.55482e-11
0.00500087
8.17139e-11
0.00500087
6.98844e-11
0.00500087
5.97685e-11
0.00500087
5.11171e-11
0.00500087
4.37186e-11
0.00500087
3.73923e-11
0.00500087
3.19833e-11
0.00500087
2.73573e-11
0.00500087
2.33993e-11
0.00500087
2.00124e-11
0.00500087
1.71149e-11
0.00500087
1.46379e-11
0.00500087
1.25208e-11
0.00500087
1.07102e-11
0.00500087
9.16016e-12
0.00500087
7.8327e-12
0.00500087
6.69687e-12
0.00500087
5.727e-12
0.00500087
4.89987e-12
0.00500087
4.19381e-12
0.00500087
3.58912e-12
0.00500087
3.06927e-12
0.00500087
2.62203e-12
0.00500087
2.23853e-12
0.00500087
1.91194e-12
0.00500087
1.63534e-12
0.00500087
1.40117e-12
0.00500087
1.20174e-12
0.00500087
1.03021e-12
0.00500087
8.81749e-13
0.00500087
7.53226e-13
0.00500087
6.4294e-13
0.00500087
5.49252e-13
0.00500087
4.70081e-13
0.00500087
4.02879e-13
0.00500087
3.4502e-13
0.00500087
2.94614e-13
0.00500087
2.5064e-13
0.00500087
2.12935e-13
0.00500087
1.81459e-13
0.00500087
1.55849e-13
0.00500087
1.3525e-13
0.00500087
1.18286e-13
0.00500087
1.03532e-13
0.00500087
8.99537e-14
0.00500087
7.70636e-14
0.00500087
6.50643e-14
0.00500087
5.45249e-14
0.00500087
4.59171e-14
0.00500087
3.93726e-14
0.00500087
3.46173e-14
0.00500087
3.10855e-14
0.00500087
2.80634e-14
0.00500087
2.48425e-14
0.00500087
2.12414e-14
0.00500087
1.71905e-14
0.00500087
1.29308e-14
0.00500087
8.90454e-15
0.00500087
5.45265e-15
0.00500087
2.99768e-15
0.00500087
1.50679e-15
0.00500087
1.06658e-15
0.00500087
1.38239e-15
0.00500087
2.04333e-15
0.00500087
2.84713e-15
0.00500087
3.27728e-15
0.00500087
3.32784e-15
0.00500087
2.91374e-15
0.00500087
2.06159e-15
0.00500087
1.05946e-15
0.00500087
-3.77332e-17
0.00500087
-9.3457e-16
0.00500087
-1.51977e-15
0.00500087
-1.78438e-15
0.00500087
-1.91546e-15
0.00500087
-1.91466e-15
0.00500087
-1.9665e-15
0.00500087
-1.89774e-15
0.00500087
-1.71719e-15
0.00500087
-1.47226e-15
0.00500087
-9.23178e-16
0.00500087
-1.95697e-16
0.00500087
5.92397e-16
0.00500087
1.40529e-15
0.00500087
2.15269e-15
0.00500087
2.63242e-15
0.00500087
2.94471e-15
0.00500087
2.92613e-15
0.00500087
2.66495e-15
0.00500087
2.30423e-15
0.00500087
1.9838e-15
0.00500087
1.80705e-15
0.00500087
1.88759e-15
0.00500087
2.21074e-15
0.00500087
2.62787e-15
0.00500087
2.9697e-15
0.00500087
3.18582e-15
0.00500087
3.07243e-15
0.00500087
2.64652e-15
0.00500087
1.87258e-15
0.00500087
7.53551e-16
0.00500087
-5.46037e-16
0.00500087
-1.94438e-15
0.00500087
-3.21979e-15
0.00500087
-4.10056e-15
0.00500087
-4.52194e-15
0.00500087
-4.5005e-15
0.00500087
-4.10298e-15
0.00500087
-3.38056e-15
0.00500087
-2.40207e-15
0.00500087
-1.25944e-15
0.00500087
-1.42649e-16
0.00500087
7.62488e-16
0.00500087
1.41013e-15
0.00500087
1.77851e-15
0.00500087
1.79197e-15
0.00500087
1.70314e-15
0.00500087
1.43189e-15
0.00500087
8.99151e-16
0.00500087
3.49733e-16
0.00500087
-1.87355e-16
0.00500087
-5.41912e-16
0.00500087
-7.34096e-16
0.00500087
-8.54055e-16
0.00500087
-8.87689e-16
0.00500087
-7.9712e-16
0.00500087
-4.46564e-16
0.00500087
-4.64378e-17
0.00500087
3.02773e-16
0.00500087
4.63257e-16
0.00500087
7.57432e-16
0.00500087
9.876e-16
0.00500087
1.11488e-15
0.00500087
1.08056e-15
0.00500087
9.31218e-16
0.00500087
8.6602e-16
0.00500087
5.78793e-16
0.00500087
4.03601e-16
0.00500087
3.33398e-16
0.00500087
-4.813e-17
-1.72816e-17
0.00500016
3.39348e-07
0.00500063
9.30625e-07
0.00500117
1.50134e-06
0.00500158
1.81364e-06
0.00500183
1.84902e-06
0.00500196
1.71519e-06
0.00500196
1.47164e-06
0.00500187
1.17998e-06
0.00500174
9.09042e-07
0.00500161
6.92126e-07
0.0050015
5.28699e-07
0.0050014
4.07457e-07
0.00500131
3.17644e-07
0.00500124
2.50724e-07
0.00500118
2.0025e-07
0.00500114
1.61612e-07
0.0050011
1.31603e-07
0.00500106
1.07985e-07
0.00500104
8.91768e-08
0.00500101
7.40423e-08
0.00500099
6.17551e-08
0.00500098
5.17031e-08
0.00500096
4.34261e-08
0.00500095
3.65728e-08
0.00500094
3.08713e-08
0.00500093
2.6109e-08
0.00500093
2.21176e-08
0.00500092
1.87625e-08
0.00500092
1.59352e-08
0.00500091
1.35476e-08
0.00500091
1.15277e-08
0.0050009
9.81611e-09
0.0050009
8.36394e-09
0.0050009
7.13044e-09
0.0050009
6.08165e-09
0.0050009
5.18917e-09
0.00500089
4.42915e-09
0.00500089
3.78154e-09
0.00500089
3.22943e-09
0.00500089
2.75853e-09
0.00500089
2.35671e-09
0.00500089
2.01374e-09
0.00500089
1.72092e-09
0.00500089
1.47085e-09
0.00500089
1.25725e-09
0.00500089
1.07475e-09
0.00500089
9.1881e-10
0.00500089
7.85547e-10
0.00500089
6.71653e-10
0.00500089
5.74299e-10
0.00500089
4.91074e-10
0.00500089
4.19921e-10
0.00500089
3.59088e-10
0.00500089
3.0708e-10
0.00500089
2.62613e-10
0.00500089
2.2459e-10
0.00500089
1.92072e-10
0.00500089
1.6426e-10
0.00500089
1.40477e-10
0.00500089
1.2014e-10
0.00500089
1.02749e-10
0.00500089
8.78773e-11
0.00500089
7.51584e-11
0.00500089
6.42809e-11
0.00500089
5.49791e-11
0.00500089
4.70247e-11
0.00500089
4.02213e-11
0.00500089
3.44012e-11
0.00500089
2.94224e-11
0.00500089
2.51641e-11
0.00500089
2.15229e-11
0.00500089
1.84092e-11
0.00500089
1.57454e-11
0.00500089
1.34657e-11
0.00500089
1.15149e-11
0.00500089
9.84733e-12
0.00500089
8.42327e-12
0.00500089
7.20718e-12
0.00500089
6.16701e-12
0.00500089
5.27509e-12
0.00500089
4.50913e-12
0.00500089
3.85213e-12
0.00500089
3.29075e-12
0.00500089
2.81319e-12
0.00500089
2.40781e-12
0.00500089
2.06302e-12
0.00500089
1.76796e-12
0.00500089
1.51391e-12
0.00500089
1.29461e-12
0.00500089
1.10596e-12
0.00500089
9.44869e-13
0.00500089
8.08083e-13
0.00500089
6.91936e-13
0.00500089
5.92551e-13
0.00500089
5.06561e-13
0.00500089
4.3189e-13
0.00500089
3.67481e-13
0.00500089
3.13013e-13
0.00500089
2.67959e-13
0.00500089
2.31212e-13
0.00500089
2.011e-13
0.00500089
1.75517e-13
0.00500089
1.52652e-13
0.00500089
1.31401e-13
0.00500089
1.11683e-13
0.00500089
9.41497e-14
0.00500089
7.93444e-14
0.00500089
6.77353e-14
0.00500089
5.90891e-14
0.00500089
5.25937e-14
0.00500089
4.7325e-14
0.00500089
4.21948e-14
0.00500089
3.65232e-14
0.00500089
3.0204e-14
0.00500089
2.36029e-14
0.00500089
1.72386e-14
0.00500089
1.16469e-14
0.00500089
7.30004e-15
0.00500089
4.47971e-15
0.00500089
3.01522e-15
0.00500089
2.70386e-15
0.00500089
3.08716e-15
0.00500089
3.74822e-15
0.00500089
4.37205e-15
0.00500089
4.57153e-15
0.00500089
4.35212e-15
0.00500089
3.62558e-15
0.00500089
2.4675e-15
0.00500089
1.11507e-15
0.00500089
-2.8432e-16
0.00500089
-1.57161e-15
0.00500089
-2.53858e-15
0.00500089
-3.19721e-15
0.00500089
-3.56545e-15
0.00500089
-3.67005e-15
0.00500089
-3.54272e-15
0.00500089
-3.0883e-15
0.00500089
-2.41158e-15
0.00500089
-1.48579e-15
0.00500089
-3.84094e-16
0.00500089
7.46834e-16
0.00500089
1.77322e-15
0.00500089
2.59083e-15
0.00500089
3.2076e-15
0.00500089
3.52997e-15
0.00500089
3.65785e-15
0.00500089
3.60259e-15
0.00500089
3.43068e-15
0.00500089
3.38099e-15
0.00500089
3.48986e-15
0.00500089
3.83886e-15
0.00500089
4.34767e-15
0.00500089
4.91655e-15
0.00500089
5.29514e-15
0.00500089
5.33423e-15
0.00500089
4.98391e-15
0.00500089
4.14217e-15
0.00500089
2.83989e-15
0.00500089
1.19585e-15
0.00500089
-7.47602e-16
0.00500089
-2.67176e-15
0.00500089
-4.42448e-15
0.00500089
-5.73856e-15
0.00500089
-6.43788e-15
0.00500089
-6.59198e-15
0.00500089
-6.12842e-15
0.00500089
-5.25006e-15
0.00500089
-3.98446e-15
0.00500089
-2.4745e-15
0.00500089
-9.50942e-16
0.00500089
4.14789e-16
0.00500089
1.3979e-15
0.00500089
2.09339e-15
0.00500089
2.43116e-15
0.00500089
2.42898e-15
0.00500089
2.19933e-15
0.00500089
1.70592e-15
0.00500089
1.06996e-15
0.00500089
4.47892e-16
0.00500089
-1.32216e-16
0.00500089
-5.07395e-16
0.00500089
-7.72908e-16
0.00500089
-9.69683e-16
0.00500089
-9.96776e-16
0.00500089
-8.50116e-16
0.00500089
-5.58847e-16
0.00500089
-1.67225e-16
0.00500089
1.49724e-16
0.00500089
2.85755e-16
0.00500089
5.41889e-16
0.00500089
8.49226e-16
0.00500089
9.29762e-16
0.00500089
8.34513e-16
0.00500089
6.08037e-16
0.00500089
5.96672e-16
0.00500089
6.19083e-16
0.00500089
3.8953e-16
0.00500089
2.1891e-16
0.00500089
1.14788e-16
2.12936e-16
0.0050001
2.35314e-07
0.00500036
6.7822e-07
0.0050007
1.16013e-06
0.005001
1.50672e-06
0.00500123
1.6216e-06
0.00500139
1.55755e-06
0.00500148
1.38449e-06
0.0050015
1.16006e-06
0.00500147
9.3627e-07
0.00500142
7.43898e-07
0.00500136
5.89644e-07
0.0050013
4.68842e-07
0.00500124
3.74897e-07
0.00500119
3.01875e-07
0.00500114
2.44844e-07
0.0050011
1.99955e-07
0.00500107
1.64317e-07
0.00500104
1.35782e-07
0.00500102
1.1275e-07
0.005001
9.40206e-08
0.00500098
7.86884e-08
0.00500097
6.60626e-08
0.00500096
5.56114e-08
0.00500095
4.69208e-08
0.00500094
3.96659e-08
0.00500093
3.35889e-08
0.00500092
2.84835e-08
0.00500092
2.41837e-08
0.00500091
2.05545e-08
0.00500091
1.74855e-08
0.00500091
1.48862e-08
0.0050009
1.26815e-08
0.0050009
1.08095e-08
0.0050009
9.21825e-09
0.0050009
7.86449e-09
0.0050009
6.71192e-09
0.00500089
5.73001e-09
0.00500089
4.89302e-09
0.00500089
4.17924e-09
0.00500089
3.57027e-09
0.00500089
3.05053e-09
0.00500089
2.60683e-09
0.00500089
2.22794e-09
0.00500089
1.90432e-09
0.00500089
1.62785e-09
0.00500089
1.39163e-09
0.00500089
1.18976e-09
0.00500089
1.01724e-09
0.00500089
8.69781e-10
0.00500089
7.43727e-10
0.00500089
6.35962e-10
0.00500089
5.43827e-10
0.00500089
4.65055e-10
0.00500089
3.97707e-10
0.00500089
3.40119e-10
0.00500089
2.90873e-10
0.00500089
2.48758e-10
0.00500089
2.12741e-10
0.00500089
1.81941e-10
0.00500089
1.55605e-10
0.00500089
1.33083e-10
0.00500089
1.13822e-10
0.00500089
9.73478e-11
0.00500089
8.32585e-11
0.00500089
7.12097e-11
0.00500089
6.09057e-11
0.00500089
5.20929e-11
0.00500089
4.45547e-11
0.00500089
3.81068e-11
0.00500089
3.25923e-11
0.00500089
2.78764e-11
0.00500089
2.3843e-11
0.00500089
2.03922e-11
0.00500089
1.74397e-11
0.00500089
1.49145e-11
0.00500089
1.27563e-11
0.00500089
1.09124e-11
0.00500089
9.33615e-12
0.00500089
7.98669e-12
0.00500089
6.82967e-12
0.00500089
5.83756e-12
0.00500089
4.98832e-12
0.00500089
4.26379e-12
0.00500089
3.64722e-12
0.00500089
3.12246e-12
0.00500089
2.67442e-12
0.00500089
2.28994e-12
0.00500089
1.95904e-12
0.00500089
1.67442e-12
0.00500089
1.43075e-12
0.00500089
1.2233e-12
0.00500089
1.04707e-12
0.00500089
8.96792e-13
0.00500089
7.67568e-13
0.00500089
6.5566e-13
0.00500089
5.58811e-13
0.00500089
4.75905e-13
0.00500089
4.06256e-13
0.00500089
3.48834e-13
0.00500089
3.01657e-13
0.00500089
2.62197e-13
0.00500089
2.2789e-13
0.00500089
1.96953e-13
0.00500089
1.68555e-13
0.00500089
1.42852e-13
0.00500089
1.20607e-13
0.00500089
1.02402e-13
0.00500089
8.83736e-14
0.00500089
7.78547e-14
0.00500089
6.95248e-14
0.00500089
6.21389e-14
0.00500089
5.45336e-14
0.00500089
4.63572e-14
0.00500089
3.7664e-14
0.00500089
2.89836e-14
0.00500089
2.11118e-14
0.00500089
1.45852e-14
0.00500089
9.84439e-15
0.00500089
6.8077e-15
0.00500089
5.23357e-15
0.00500089
4.80136e-15
0.00500089
4.91501e-15
0.00500089
5.28686e-15
0.00500089
5.53984e-15
0.00500089
5.45184e-15
0.00500089
4.94915e-15
0.00500089
3.95729e-15
0.00500089
2.61907e-15
0.00500089
1.00893e-15
0.00500089
-6.72068e-16
0.00500089
-2.23523e-15
0.00500089
-3.54016e-15
0.00500089
-4.5169e-15
0.00500089
-5.0083e-15
0.00500089
-5.1084e-15
0.00500089
-4.73849e-15
0.00500089
-3.9259e-15
0.00500089
-2.73982e-15
0.00500089
-1.28604e-15
0.00500089
2.0711e-16
0.00500089
1.54173e-15
0.00500089
2.65029e-15
0.00500089
3.49455e-15
0.00500089
3.98118e-15
0.00500089
4.19243e-15
0.00500089
4.2485e-15
0.00500089
4.21497e-15
0.00500089
4.26094e-15
0.00500089
4.51809e-15
0.00500089
5.08751e-15
0.00500089
5.82448e-15
0.00500089
6.62965e-15
0.00500089
7.30754e-15
0.00500089
7.58571e-15
0.00500089
7.30327e-15
0.00500089
6.41216e-15
0.00500089
4.92013e-15
0.00500089
2.88162e-15
0.00500089
4.61436e-16
0.00500089
-2.13867e-15
0.00500089
-4.55436e-15
0.00500089
-6.5237e-15
0.00500089
-7.87677e-15
0.00500089
-8.42535e-15
0.00500089
-8.34342e-15
0.00500089
-7.56168e-15
0.00500089
-6.18267e-15
0.00500089
-4.44623e-15
0.00500089
-2.55317e-15
0.00500089
-7.35467e-16
0.00500089
7.58944e-16
0.00500089
1.90739e-15
0.00500089
2.68457e-15
0.00500089
3.01776e-15
0.00500089
2.99342e-15
0.00500089
2.60327e-15
0.00500089
1.90416e-15
0.00500089
1.21279e-15
0.00500089
6.21201e-16
0.00500089
-4.71894e-17
0.00500089
-6.10083e-16
0.00500089
-9.05641e-16
0.00500089
-1.05171e-15
0.00500089
-1.03081e-15
0.00500089
-8.15424e-16
0.00500089
-6.79616e-16
0.00500089
-3.82454e-16
0.00500089
-5.14989e-17
0.00500089
2.45246e-16
0.00500089
4.96427e-16
0.00500089
5.70818e-16
0.00500089
6.38024e-16
0.00500089
7.58566e-16
0.00500089
7.23187e-16
0.00500089
5.2704e-16
0.00500089
3.98837e-16
0.00500089
3.38571e-16
0.00500089
3.26154e-16
0.00500089
1.47354e-16
2.15884e-16
0.00500005
1.86179e-07
0.0050002
5.28901e-07
0.00500044
9.13594e-07
0.00500071
1.23909e-06
0.00500094
1.39561e-06
0.00500111
1.3886e-06
0.00500122
1.2743e-06
0.00500127
1.10577e-06
0.00500128
9.2526e-07
0.00500127
7.59781e-07
0.00500124
6.19571e-07
0.0050012
5.04706e-07
0.00500116
4.11866e-07
0.00500113
3.37227e-07
0.0050011
2.77246e-07
0.00500107
2.28908e-07
0.00500104
1.89781e-07
0.00500102
1.57949e-07
0.005001
1.31919e-07
0.00500098
1.10525e-07
0.00500097
9.28579e-08
0.00500096
7.82051e-08
0.00500095
6.60043e-08
0.00500094
5.58097e-08
0.00500093
4.7265e-08
0.00500092
4.00836e-08
0.00500092
3.40338e-08
0.00500091
2.89266e-08
0.00500091
2.46074e-08
0.00500091
2.0949e-08
0.0050009
1.78461e-08
0.0050009
1.52113e-08
0.0050009
1.29718e-08
0.0050009
1.10666e-08
0.0050009
9.44452e-09
0.00500089
8.06268e-09
0.00500089
6.88484e-09
0.00500089
5.88039e-09
0.00500089
5.02347e-09
0.00500089
4.29213e-09
0.00500089
3.66779e-09
0.00500089
3.13466e-09
0.00500089
2.67931e-09
0.00500089
2.29031e-09
0.00500089
1.95794e-09
0.00500089
1.67392e-09
0.00500089
1.43119e-09
0.00500089
1.22371e-09
0.00500089
1.04636e-09
0.00500089
8.94745e-10
0.00500089
7.65118e-10
0.00500089
6.5429e-10
0.00500089
5.59532e-10
0.00500089
4.7851e-10
0.00500089
4.09225e-10
0.00500089
3.49975e-10
0.00500089
2.99305e-10
0.00500089
2.55974e-10
0.00500089
2.18921e-10
0.00500089
1.87236e-10
0.00500089
1.60138e-10
0.00500089
1.3696e-10
0.00500089
1.17137e-10
0.00500089
1.00183e-10
0.00500089
8.56841e-11
0.00500089
7.3285e-11
0.00500089
6.26804e-11
0.00500089
5.36098e-11
0.00500089
4.58517e-11
0.00500089
3.92167e-11
0.00500089
3.35422e-11
0.00500089
2.86887e-11
0.00500089
2.45366e-11
0.00500089
2.09848e-11
0.00500089
1.79475e-11
0.00500089
1.53512e-11
0.00500089
1.3132e-11
0.00500089
1.12337e-11
0.00500089
9.60824e-12
0.00500089
8.21548e-12
0.00500089
7.02284e-12
0.00500089
6.00343e-12
0.00500089
5.13398e-12
0.00500089
4.39302e-12
0.00500089
3.76067e-12
0.00500089
3.21928e-12
0.00500089
2.75429e-12
0.00500089
2.35472e-12
0.00500089
2.01223e-12
0.00500089
1.72006e-12
0.00500089
1.47171e-12
0.00500089
1.26043e-12
0.00500089
1.07968e-12
0.00500089
9.23749e-13
0.00500089
7.88756e-13
0.00500089
6.72391e-13
0.00500089
5.73396e-13
0.00500089
4.90574e-13
0.00500089
4.21953e-13
0.00500089
3.64909e-13
0.00500089
3.16481e-13
0.00500089
2.73923e-13
0.00500089
2.35511e-13
0.00500089
2.00717e-13
0.00500089
1.70032e-13
0.00500089
1.44145e-13
0.00500089
1.23397e-13
0.00500089
1.07391e-13
0.00500089
9.4946e-14
0.00500089
8.45338e-14
0.00500089
7.47999e-14
0.00500089
6.47714e-14
0.00500089
5.41696e-14
0.00500089
4.35148e-14
0.00500089
3.35032e-14
0.00500089
2.48353e-14
0.00500089
1.79358e-14
0.00500089
1.30405e-14
0.00500089
9.84933e-15
0.00500089
8.01551e-15
0.00500089
7.16119e-15
0.00500089
6.73409e-15
0.00500089
6.57509e-15
0.00500089
6.3028e-15
0.00500089
5.84032e-15
0.00500089
5.06851e-15
0.00500089
3.89069e-15
0.00500089
2.4003e-15
0.00500089
6.7789e-16
0.00500089
-1.1807e-15
0.00500089
-2.92923e-15
0.00500089
-4.43865e-15
0.00500089
-5.58275e-15
0.00500089
-6.1785e-15
0.00500089
-6.22697e-15
0.00500089
-5.58674e-15
0.00500089
-4.43376e-15
0.00500089
-2.84491e-15
0.00500089
-1.0469e-15
0.00500089
7.27642e-16
0.00500089
2.2463e-15
0.00500089
3.36309e-15
0.00500089
4.15537e-15
0.00500089
4.55768e-15
0.00500089
4.69815e-15
0.00500089
4.69786e-15
0.00500089
4.74992e-15
0.00500089
5.06656e-15
0.00500089
5.69468e-15
0.00500089
6.64883e-15
0.00500089
7.74922e-15
0.00500089
8.77192e-15
0.00500089
9.45555e-15
0.00500089
9.54806e-15
0.00500089
8.96368e-15
0.00500089
7.59816e-15
0.00500089
5.45066e-15
0.00500089
2.73193e-15
0.00500089
-3.70972e-16
0.00500089
-3.47495e-15
0.00500089
-6.2307e-15
0.00500089
-8.39334e-15
0.00500089
-9.72041e-15
0.00500089
-1.01927e-14
0.00500089
-9.82109e-15
0.00500089
-8.682e-15
0.00500089
-6.86252e-15
0.00500089
-4.72786e-15
0.00500089
-2.58374e-15
0.00500089
-5.6632e-16
0.00500089
1.07767e-15
0.00500089
2.39056e-15
0.00500089
3.22649e-15
0.00500089
3.49206e-15
0.00500089
3.32512e-15
0.00500089
2.86687e-15
0.00500089
2.16885e-15
0.00500089
1.38329e-15
0.00500089
6.97591e-16
0.00500089
-3.04166e-17
0.00500089
-7.04094e-16
0.00500089
-9.87317e-16
0.00500089
-1.03248e-15
0.00500089
-1.05868e-15
0.00500089
-9.17795e-16
0.00500089
-7.6469e-16
0.00500089
-4.31596e-16
0.00500089
-9.97408e-17
0.00500089
1.42755e-16
0.00500089
3.68079e-16
0.00500089
3.95925e-16
0.00500089
5.29106e-16
0.00500089
5.62805e-16
0.00500089
5.44578e-16
0.00500089
4.24399e-16
0.00500089
1.75768e-16
0.00500089
4.0487e-16
0.00500089
4.30577e-16
0.00500089
6.48549e-17
2.46318e-16
0.00500004
1.50263e-07
0.00500014
4.23032e-07
0.00500032
7.39915e-07
0.00500052
1.0344e-06
0.00500071
1.20353e-06
0.00500087
1.22979e-06
0.00500099
1.15569e-06
0.00500107
1.02861e-06
0.00500111
8.84298e-07
0.00500112
7.45407e-07
0.00500112
6.22382e-07
0.00500111
5.17636e-07
0.00500109
4.30074e-07
0.00500107
3.57545e-07
0.00500105
2.97724e-07
0.00500103
2.48433e-07
0.00500101
2.07783e-07
0.00500099
1.7419e-07
0.00500098
1.46357e-07
0.00500097
1.23231e-07
0.00500096
1.0396e-07
0.00500095
8.7855e-08
0.00500094
7.43606e-08
0.00500093
6.30255e-08
0.00500092
5.34828e-08
0.00500092
4.54331e-08
0.00500091
3.86305e-08
0.00500091
3.28729e-08
0.00500091
2.79928e-08
0.0050009
2.38516e-08
0.0050009
2.03337e-08
0.0050009
1.73424e-08
0.0050009
1.4797e-08
0.0050009
1.26294e-08
0.00500089
1.07824e-08
0.00500089
9.2079e-09
0.00500089
7.86498e-09
0.00500089
6.71917e-09
0.00500089
5.7412e-09
0.00500089
4.90624e-09
0.00500089
4.19321e-09
0.00500089
3.58418e-09
0.00500089
3.06387e-09
0.00500089
2.6193e-09
0.00500089
2.23937e-09
0.00500089
1.91466e-09
0.00500089
1.63712e-09
0.00500089
1.39987e-09
0.00500089
1.19704e-09
0.00500089
1.02363e-09
0.00500089
8.7536e-10
0.00500089
7.48587e-10
0.00500089
6.40188e-10
0.00500089
5.47496e-10
0.00500089
4.68228e-10
0.00500089
4.00439e-10
0.00500089
3.42469e-10
0.00500089
2.92897e-10
0.00500089
2.50505e-10
0.00500089
2.14251e-10
0.00500089
1.83243e-10
0.00500089
1.56721e-10
0.00500089
1.34037e-10
0.00500089
1.14637e-10
0.00500089
9.80466e-11
0.00500089
8.38585e-11
0.00500089
7.17233e-11
0.00500089
6.13437e-11
0.00500089
5.24661e-11
0.00500089
4.48741e-11
0.00500089
3.83812e-11
0.00500089
3.28277e-11
0.00500089
2.8077e-11
0.00500089
2.40134e-11
0.00500089
2.05383e-11
0.00500089
1.75673e-11
0.00500089
1.50267e-11
0.00500089
1.28532e-11
0.00500089
1.09924e-11
0.00500089
9.3994e-12
0.00500089
8.03668e-12
0.00500089
6.87258e-12
0.00500089
5.87918e-12
0.00500089
5.03111e-12
0.00500089
4.30576e-12
0.00500089
3.68371e-12
0.00500089
3.14961e-12
0.00500089
2.69163e-12
0.00500089
2.3003e-12
0.00500089
1.96728e-12
0.00500089
1.68426e-12
0.00500089
1.44299e-12
0.00500089
1.23598e-12
0.00500089
1.05721e-12
0.00500089
9.02736e-13
0.00500089
7.701e-13
0.00500089
6.57598e-13
0.00500089
5.63489e-13
0.00500089
4.85095e-13
0.00500089
4.19231e-13
0.00500089
3.62462e-13
0.00500089
3.12283e-13
0.00500089
2.67369e-13
0.00500089
2.27443e-13
0.00500089
1.93033e-13
0.00500089
1.64501e-13
0.00500089
1.41791e-13
0.00500089
1.24063e-13
0.00500089
1.09674e-13
0.00500089
9.70221e-14
0.00500089
8.47484e-14
0.00500089
7.23486e-14
0.00500089
5.99425e-14
0.00500089
4.80219e-14
0.00500089
3.7377e-14
0.00500089
2.85342e-14
0.00500089
2.17174e-14
0.00500089
1.68411e-14
0.00500089
1.34367e-14
0.00500089
1.1156e-14
0.00500089
9.57058e-15
0.00500089
8.37576e-15
0.00500089
7.45359e-15
0.00500089
6.55568e-15
0.00500089
5.69447e-15
0.00500089
4.66314e-15
0.00500089
3.4175e-15
0.00500089
1.89833e-15
0.00500089
1.57121e-16
0.00500089
-1.7378e-15
0.00500089
-3.56364e-15
0.00500089
-5.21794e-15
0.00500089
-6.43971e-15
0.00500089
-7.00477e-15
0.00500089
-6.95164e-15
0.00500089
-6.08421e-15
0.00500089
-4.6517e-15
0.00500089
-2.76432e-15
0.00500089
-7.07395e-16
0.00500089
1.1757e-15
0.00500089
2.75056e-15
0.00500089
3.87603e-15
0.00500089
4.60871e-15
0.00500089
4.92586e-15
0.00500089
4.97899e-15
0.00500089
5.02772e-15
0.00500089
5.25653e-15
0.00500089
5.85623e-15
0.00500089
6.87989e-15
0.00500089
8.15887e-15
0.00500089
9.48458e-15
0.00500089
1.06254e-14
0.00500089
1.13079e-14
0.00500089
1.12462e-14
0.00500089
1.02934e-14
0.00500089
8.43463e-15
0.00500089
5.69304e-15
0.00500089
2.40679e-15
0.00500089
-1.20725e-15
0.00500089
-4.69024e-15
0.00500089
-7.68323e-15
0.00500089
-9.99559e-15
0.00500089
-1.12682e-14
0.00500089
-1.16431e-14
0.00500089
-1.09533e-14
0.00500089
-9.43078e-15
0.00500089
-7.35365e-15
0.00500089
-4.95793e-15
0.00500089
-2.58205e-15
0.00500089
-3.71158e-16
0.00500089
1.45036e-15
0.00500089
2.81315e-15
0.00500089
3.59486e-15
0.00500089
3.78757e-15
0.00500089
3.58344e-15
0.00500089
3.08176e-15
0.00500089
2.35471e-15
0.00500089
1.50789e-15
0.00500089
6.45169e-16
0.00500089
-1.07208e-17
0.00500089
-6.074e-16
0.00500089
-9.8668e-16
0.00500089
-1.08736e-15
0.00500089
-1.08533e-15
0.00500089
-1.00861e-15
0.00500089
-8.10533e-16
0.00500089
-4.02555e-16
0.00500089
-1.05639e-16
0.00500089
-2.89266e-17
0.00500089
1.81153e-16
0.00500089
2.33241e-16
0.00500089
3.42409e-16
0.00500089
3.86719e-16
0.00500089
3.77912e-16
0.00500089
3.97279e-16
0.00500089
1.86822e-16
0.00500089
1.21889e-16
0.00500089
2.06079e-16
0.00500089
1.63883e-16
3.34057e-16
0.00500003
1.2381e-07
0.0050001
3.49127e-07
0.00500023
6.13176e-07
0.00500039
8.71749e-07
0.00500056
1.03675e-06
0.0050007
1.08199e-06
0.00500082
1.03709e-06
0.00500091
9.4208e-07
0.00500097
8.27572e-07
0.005001
7.12594e-07
0.00500101
6.06799e-07
0.00500102
5.13639e-07
0.00500102
4.33429e-07
0.00500101
3.65227e-07
0.005001
3.07659e-07
0.00500099
2.59265e-07
0.00500098
2.18658e-07
0.00500097
1.84601e-07
0.00500096
1.56028e-07
0.00500095
1.32032e-07
0.00500094
1.11853e-07
0.00500093
9.48611e-08
0.00500093
8.05308e-08
0.00500092
6.84275e-08
0.00500092
5.81909e-08
0.00500091
4.95219e-08
0.00500091
4.21718e-08
0.00500091
3.5933e-08
0.0050009
3.06326e-08
0.0050009
2.61255e-08
0.0050009
2.22901e-08
0.0050009
1.90241e-08
0.0050009
1.62413e-08
0.00500089
1.38691e-08
0.00500089
1.18459e-08
0.00500089
1.01198e-08
0.00500089
8.64661e-09
0.00500089
7.38891e-09
0.00500089
6.31492e-09
0.00500089
5.39759e-09
0.00500089
4.61394e-09
0.00500089
3.94438e-09
0.00500089
3.37221e-09
0.00500089
2.8832e-09
0.00500089
2.46523e-09
0.00500089
2.10794e-09
0.00500089
1.8025e-09
0.00500089
1.54137e-09
0.00500089
1.31811e-09
0.00500089
1.1272e-09
0.00500089
9.63973e-10
0.00500089
8.24394e-10
0.00500089
7.05037e-10
0.00500089
6.02967e-10
0.00500089
5.15677e-10
0.00500089
4.41027e-10
0.00500089
3.7719e-10
0.00500089
3.22599e-10
0.00500089
2.75913e-10
0.00500089
2.35983e-10
0.00500089
2.01829e-10
0.00500089
1.72616e-10
0.00500089
1.47632e-10
0.00500089
1.26266e-10
0.00500089
1.07994e-10
0.00500089
9.23661e-11
0.00500089
7.8999e-11
0.00500089
6.75657e-11
0.00500089
5.77876e-11
0.00500089
4.94257e-11
0.00500089
4.22747e-11
0.00500089
3.61582e-11
0.00500089
3.09259e-11
0.00500089
2.64503e-11
0.00500089
2.26225e-11
0.00500089
1.93494e-11
0.00500089
1.65501e-11
0.00500089
1.41554e-11
0.00500089
1.21062e-11
0.00500089
1.0353e-11
0.00500089
8.85407e-12
0.00500089
7.57364e-12
0.00500089
6.47993e-12
0.00500089
5.54471e-12
0.00500089
4.74359e-12
0.00500089
4.05623e-12
0.00500089
3.46664e-12
0.00500089
2.96222e-12
0.00500089
2.53223e-12
0.00500089
2.1667e-12
0.00500089
1.85581e-12
0.00500089
1.59022e-12
0.00500089
1.36192e-12
0.00500089
1.16476e-12
0.00500089
9.94732e-13
0.00500089
8.49303e-13
0.00500089
7.26283e-13
0.00500089
6.23095e-13
0.00500089
5.36417e-13
0.00500089
4.6273e-13
0.00500089
3.98745e-13
0.00500089
3.42234e-13
0.00500089
2.92162e-13
0.00500089
2.48442e-13
0.00500089
2.11484e-13
0.00500089
1.81286e-13
0.00500089
1.57158e-13
0.00500089
1.37791e-13
0.00500089
1.21298e-13
0.00500089
1.06274e-13
0.00500089
9.17231e-14
0.00500089
7.73685e-14
0.00500089
6.36694e-14
0.00500089
5.1264e-14
0.00500089
4.07687e-14
0.00500089
3.2324e-14
0.00500089
2.58685e-14
0.00500089
2.10676e-14
0.00500089
1.73103e-14
0.00500089
1.43432e-14
0.00500089
1.18017e-14
0.00500089
9.62317e-15
0.00500089
7.79383e-15
0.00500089
6.29343e-15
0.00500089
5.05791e-15
0.00500089
3.87733e-15
0.00500089
2.62467e-15
0.00500089
1.207e-15
0.00500089
-4.56298e-16
0.00500089
-2.31428e-15
0.00500089
-4.14447e-15
0.00500089
-5.76909e-15
0.00500089
-6.94912e-15
0.00500089
-7.50515e-15
0.00500089
-7.28335e-15
0.00500089
-6.22899e-15
0.00500089
-4.56704e-15
0.00500089
-2.56142e-15
0.00500089
-4.12849e-16
0.00500089
1.56776e-15
0.00500089
3.12939e-15
0.00500089
4.18775e-15
0.00500089
4.82667e-15
0.00500089
5.07118e-15
0.00500089
5.12885e-15
0.00500089
5.29111e-15
0.00500089
5.73096e-15
0.00500089
6.61105e-15
0.00500089
7.93796e-15
0.00500089
9.4767e-15
0.00500089
1.09968e-14
0.00500089
1.21766e-14
0.00500089
1.27824e-14
0.00500089
1.25284e-14
0.00500089
1.12524e-14
0.00500089
8.94431e-15
0.00500089
5.69707e-15
0.00500089
1.9521e-15
0.00500089
-1.99821e-15
0.00500089
-5.75266e-15
0.00500089
-8.91369e-15
0.00500089
-1.12518e-14
0.00500089
-1.24898e-14
0.00500089
-1.26266e-14
0.00500089
-1.17218e-14
0.00500089
-9.92536e-15
0.00500089
-7.60666e-15
0.00500089
-5.06737e-15
0.00500089
-2.48774e-15
0.00500089
-1.37786e-16
0.00500089
1.74555e-15
0.00500089
3.08587e-15
0.00500089
3.83545e-15
0.00500089
3.9962e-15
0.00500089
3.74823e-15
0.00500089
3.21983e-15
0.00500089
2.44923e-15
0.00500089
1.52256e-15
0.00500089
5.71994e-16
0.00500089
-3.05688e-17
0.00500089
-4.80862e-16
0.00500089
-9.68612e-16
0.00500089
-1.18616e-15
0.00500089
-1.02281e-15
0.00500089
-8.57327e-16
0.00500089
-8.04823e-16
0.00500089
-5.64063e-16
0.00500089
-1.90575e-16
0.00500089
9.41818e-19
0.00500089
1.37664e-16
0.00500089
1.3089e-16
0.00500089
1.60046e-16
0.00500089
1.56891e-16
0.00500089
1.16103e-16
0.00500089
1.90465e-16
0.00500089
4.39127e-17
0.00500089
1.00901e-16
0.00500089
2.01891e-16
0.00500089
-5.86686e-17
2.3858e-16
0.00500002
1.03791e-07
0.00500008
2.93084e-07
0.00500017
5.16127e-07
0.0050003
7.40214e-07
0.00500045
8.93895e-07
0.00500058
9.48448e-07
0.00500069
9.23853e-07
0.00500078
8.53157e-07
0.00500085
7.62487e-07
0.00500089
6.67992e-07
0.00500092
5.78206e-07
0.00500094
4.96824e-07
0.00500095
4.24924e-07
0.00500095
3.6236e-07
0.00500095
3.0845e-07
0.00500095
2.62298e-07
0.00500094
2.22951e-07
0.00500094
1.89493e-07
0.00500093
1.61084e-07
0.00500093
1.36979e-07
0.00500092
1.1653e-07
0.00500092
9.91794e-08
0.00500091
8.4452e-08
0.00500091
7.19448e-08
0.00500091
6.13167e-08
0.0050009
5.22799e-08
0.0050009
4.45916e-08
0.0050009
3.80468e-08
0.0050009
3.24724e-08
0.0050009
2.77222e-08
0.00500089
2.36726e-08
0.00500089
2.02188e-08
0.00500089
1.7272e-08
0.00500089
1.47571e-08
0.00500089
1.26102e-08
0.00500089
1.0777e-08
0.00500089
9.21122e-09
0.00500089
7.87367e-09
0.00500089
6.73089e-09
0.00500089
5.75438e-09
0.00500089
4.91984e-09
0.00500089
4.20655e-09
0.00500089
3.59684e-09
0.00500089
3.07561e-09
0.00500089
2.63001e-09
0.00500089
2.24903e-09
0.00500089
1.92329e-09
0.00500089
1.64477e-09
0.00500089
1.4066e-09
0.00500089
1.20294e-09
0.00500089
1.02878e-09
0.00500089
8.79852e-10
0.00500089
7.52487e-10
0.00500089
6.43562e-10
0.00500089
5.50408e-10
0.00500089
4.70742e-10
0.00500089
4.02613e-10
0.00500089
3.44348e-10
0.00500089
2.94516e-10
0.00500089
2.51894e-10
0.00500089
2.15437e-10
0.00500089
1.84256e-10
0.00500089
1.5759e-10
0.00500089
1.34785e-10
0.00500089
1.15281e-10
0.00500089
9.85982e-11
0.00500089
8.43281e-11
0.00500089
7.2123e-11
0.00500089
6.16854e-11
0.00500089
5.27601e-11
0.00500089
4.51272e-11
0.00500089
3.85982e-11
0.00500089
3.30127e-11
0.00500089
2.82348e-11
0.00500089
2.41484e-11
0.00500089
2.06539e-11
0.00500089
1.76654e-11
0.00500089
1.51092e-11
0.00500089
1.29226e-11
0.00500089
1.10527e-11
0.00500089
9.45426e-12
0.00500089
8.08826e-12
0.00500089
6.92028e-12
0.00500089
5.9204e-12
0.00500089
5.06322e-12
0.00500089
4.32802e-12
0.00500089
3.69831e-12
0.00500089
3.16054e-12
0.00500089
2.70281e-12
0.00500089
2.31368e-12
0.00500089
1.98217e-12
0.00500089
1.6984e-12
0.00500089
1.45415e-12
0.00500089
1.24358e-12
0.00500089
1.06256e-12
0.00500089
9.08075e-13
0.00500089
7.77458e-13
0.00500089
6.67381e-13
0.00500089
5.74269e-13
0.00500089
4.94323e-13
0.00500089
4.24528e-13
0.00500089
3.63191e-13
0.00500089
3.09523e-13
0.00500089
2.63589e-13
0.00500089
2.25307e-13
0.00500089
1.94122e-13
0.00500089
1.6889e-13
0.00500089
1.4787e-13
0.00500089
1.29354e-13
0.00500089
1.12023e-13
0.00500089
9.54613e-14
0.00500089
7.98481e-14
0.00500089
6.56972e-14
0.00500089
5.35669e-14
0.00500089
4.37808e-14
0.00500089
3.61391e-14
0.00500089
3.02138e-14
0.00500089
2.53679e-14
0.00500089
2.11316e-14
0.00500089
1.72553e-14
0.00500089
1.35875e-14
0.00500089
1.03859e-14
0.00500089
7.70261e-15
0.00500089
5.63865e-15
0.00500089
4.07657e-15
0.00500089
2.83215e-15
0.00500089
1.65415e-15
0.00500089
3.84574e-16
0.00500089
-1.12799e-15
0.00500089
-2.80863e-15
0.00500089
-4.57513e-15
0.00500089
-6.15643e-15
0.00500089
-7.19654e-15
0.00500089
-7.63197e-15
0.00500089
-7.2128e-15
0.00500089
-6.07952e-15
0.00500089
-4.30575e-15
0.00500089
-2.2073e-15
0.00500089
-1.02077e-16
0.00500089
1.81002e-15
0.00500089
3.27833e-15
0.00500089
4.2866e-15
0.00500089
4.82589e-15
0.00500089
5.02716e-15
0.00500089
5.15372e-15
0.00500089
5.45043e-15
0.00500089
6.14821e-15
0.00500089
7.31448e-15
0.00500089
8.8639e-15
0.00500089
1.05667e-14
0.00500089
1.21518e-14
0.00500089
1.33914e-14
0.00500089
1.39046e-14
0.00500089
1.33934e-14
0.00500089
1.17988e-14
0.00500089
9.06306e-15
0.00500089
5.52491e-15
0.00500089
1.43975e-15
0.00500089
-2.75839e-15
0.00500089
-6.60648e-15
0.00500089
-9.90705e-15
0.00500089
-1.21573e-14
0.00500089
-1.32933e-14
0.00500089
-1.32078e-14
0.00500089
-1.20984e-14
0.00500089
-1.01771e-14
0.00500089
-7.70067e-15
0.00500089
-5.05144e-15
0.00500089
-2.3211e-15
0.00500089
8.62422e-17
0.00500089
1.94179e-15
0.00500089
3.21031e-15
0.00500089
3.9347e-15
0.00500089
4.15447e-15
0.00500089
3.84521e-15
0.00500089
3.12497e-15
0.00500089
2.36075e-15
0.00500089
1.55515e-15
0.00500089
6.18738e-16
0.00500089
-1.10739e-16
0.00500089
-4.80548e-16
0.00500089
-8.30016e-16
0.00500089
-1.12857e-15
0.00500089
-1.00642e-15
0.00500089
-7.56466e-16
0.00500089
-6.35699e-16
0.00500089
-5.30435e-16
0.00500089
-3.34393e-16
0.00500089
-1.02924e-16
0.00500089
-1.44459e-17
0.00500089
4.67855e-17
0.00500089
-3.63068e-17
0.00500089
-1.06115e-16
0.00500089
-5.48822e-17
0.00500089
-2.35243e-19
0.00500089
-1.56835e-16
0.00500089
-1.50274e-16
0.00500089
8.90838e-17
0.00500089
-1.65565e-17
2.63097e-16
0.00500002
8.78734e-08
0.00500006
2.48478e-07
0.00500014
4.38484e-07
0.00500025
6.32362e-07
0.00500037
7.71274e-07
0.00500049
8.28635e-07
0.00500059
8.17655e-07
0.00500068
7.65278e-07
0.00500075
6.93594e-07
0.0050008
6.1631e-07
0.00500084
5.40822e-07
0.00500087
4.7067e-07
0.00500088
4.07275e-07
0.0050009
3.50973e-07
0.0050009
3.01561e-07
0.00500091
2.58559e-07
0.00500091
2.21361e-07
0.00500091
1.89325e-07
0.00500091
1.61818e-07
0.00500091
1.3825e-07
0.0050009
1.18088e-07
0.0050009
1.00856e-07
0.0050009
8.61369e-08
0.0050009
7.35687e-08
0.0050009
6.28389e-08
0.0050009
5.36791e-08
0.0050009
4.58593e-08
0.00500089
3.91829e-08
0.00500089
3.34819e-08
0.00500089
2.86133e-08
0.00500089
2.44549e-08
0.00500089
2.09027e-08
0.00500089
1.78679e-08
0.00500089
1.52747e-08
0.00500089
1.30587e-08
0.00500089
1.11648e-08
0.00500089
9.54608e-09
0.00500089
8.16238e-09
0.00500089
6.97952e-09
0.00500089
5.96827e-09
0.00500089
5.10369e-09
0.00500089
4.36447e-09
0.00500089
3.73239e-09
0.00500089
3.19191e-09
0.00500089
2.72975e-09
0.00500089
2.33453e-09
0.00500089
1.99657e-09
0.00500089
1.70754e-09
0.00500089
1.46037e-09
0.00500089
1.24899e-09
0.00500089
1.06821e-09
0.00500089
9.13605e-10
0.00500089
7.81378e-10
0.00500089
6.6829e-10
0.00500089
5.71571e-10
0.00500089
4.88854e-10
0.00500089
4.18111e-10
0.00500089
3.57607e-10
0.00500089
3.05857e-10
0.00500089
2.61593e-10
0.00500089
2.23734e-10
0.00500089
1.91356e-10
0.00500089
1.63666e-10
0.00500089
1.39984e-10
0.00500089
1.19728e-10
0.00500089
1.02401e-10
0.00500089
8.75793e-11
0.00500089
7.49036e-11
0.00500089
6.40643e-11
0.00500089
5.47955e-11
0.00500089
4.68683e-11
0.00500089
4.0087e-11
0.00500089
3.42855e-11
0.00500089
2.93229e-11
0.00500089
2.50786e-11
0.00500089
2.14493e-11
0.00500089
1.83459e-11
0.00500089
1.56917e-11
0.00500089
1.34218e-11
0.00500089
1.14808e-11
0.00500089
9.8214e-12
0.00500089
8.40264e-12
0.00500089
7.18862e-12
0.00500089
6.1487e-12
0.00500089
5.25717e-12
0.00500089
4.49313e-12
0.00500089
3.83968e-12
0.00500089
3.28234e-12
0.00500089
2.80806e-12
0.00500089
2.40445e-12
0.00500089
2.05994e-12
0.00500089
1.76462e-12
0.00500089
1.51047e-12
0.00500089
1.29173e-12
0.00500089
1.10428e-12
0.00500089
9.44704e-13
0.00500089
8.09645e-13
0.00500089
6.9515e-13
0.00500089
5.97452e-13
0.00500089
5.13035e-13
0.00500089
4.39328e-13
0.00500089
3.75018e-13
0.00500089
3.19519e-13
0.00500089
2.72714e-13
0.00500089
2.34134e-13
0.00500089
2.02572e-13
0.00500089
1.76477e-13
0.00500089
1.53836e-13
0.00500089
1.33336e-13
0.00500089
1.14172e-13
0.00500089
9.62379e-14
0.00500089
8.00557e-14
0.00500089
6.61978e-14
0.00500089
5.50655e-14
0.00500089
4.64838e-14
0.00500089
3.97936e-14
0.00500089
3.43698e-14
0.00500089
2.93804e-14
0.00500089
2.44619e-14
0.00500089
1.95622e-14
0.00500089
1.48025e-14
0.00500089
1.06245e-14
0.00500089
7.16457e-15
0.00500089
4.64815e-15
0.00500089
2.90479e-15
0.00500089
1.67434e-15
0.00500089
6.41436e-16
0.00500089
-4.36301e-16
0.00500089
-1.77972e-15
0.00500089
-3.30227e-15
0.00500089
-4.85213e-15
0.00500089
-6.24636e-15
0.00500089
-7.13805e-15
0.00500089
-7.42749e-15
0.00500089
-6.87125e-15
0.00500089
-5.61565e-15
0.00500089
-3.8779e-15
0.00500089
-1.87808e-15
0.00500089
1.39585e-16
0.00500089
1.94806e-15
0.00500089
3.28792e-15
0.00500089
4.15607e-15
0.00500089
4.62152e-15
0.00500089
4.83913e-15
0.00500089
5.11297e-15
0.00500089
5.62227e-15
0.00500089
6.51692e-15
0.00500089
7.86203e-15
0.00500089
9.54336e-15
0.00500089
1.13593e-14
0.00500089
1.30039e-14
0.00500089
1.41686e-14
0.00500089
1.4504e-14
0.00500089
1.37671e-14
0.00500089
1.1925e-14
0.00500089
8.91106e-15
0.00500089
5.16386e-15
0.00500089
9.38785e-16
0.00500089
-3.41037e-15
0.00500089
-7.26106e-15
0.00500089
-1.05166e-14
0.00500089
-1.26489e-14
0.00500089
-1.36165e-14
0.00500089
-1.34222e-14
0.00500089
-1.21773e-14
0.00500089
-1.01326e-14
0.00500089
-7.55054e-15
0.00500089
-4.80875e-15
0.00500089
-2.10082e-15
0.00500089
2.41769e-16
0.00500089
2.03845e-15
0.00500089
3.3185e-15
0.00500089
3.95234e-15
0.00500089
4.04441e-15
0.00500089
3.74373e-15
0.00500089
3.00516e-15
0.00500089
2.21627e-15
0.00500089
1.49622e-15
0.00500089
6.60224e-16
0.00500089
-1.09908e-16
0.00500089
-4.81499e-16
0.00500089
-6.7037e-16
0.00500089
-9.33209e-16
0.00500089
-9.60515e-16
0.00500089
-7.64301e-16
0.00500089
-5.42435e-16
0.00500089
-4.10322e-16
0.00500089
-3.54985e-16
0.00500089
-1.66987e-16
0.00500089
-1.3436e-16
0.00500089
-1.30746e-16
0.00500089
-1.77828e-16
0.00500089
-2.42691e-16
0.00500089
-2.84016e-16
0.00500089
-3.91075e-16
0.00500089
-2.74755e-16
0.00500089
-1.60472e-16
0.00500089
-7.76758e-17
0.00500089
-1.50412e-16
2.02381e-16
0.00500001
7.47795e-08
0.00500005
2.11664e-07
0.00500011
3.742e-07
0.0050002
5.4172e-07
0.00500031
6.65127e-07
0.00500042
7.21149e-07
0.00500052
7.1897e-07
0.0050006
6.80306e-07
0.00500067
6.23684e-07
0.00500073
5.60699e-07
0.00500077
4.97683e-07
0.0050008
4.37847e-07
0.00500083
3.82699e-07
0.00500085
3.32834e-07
0.00500086
2.88352e-07
0.00500087
2.49067e-07
0.00500088
2.14637e-07
0.00500088
1.84636e-07
0.00500088
1.5861e-07
0.00500089
1.36109e-07
0.00500089
1.16706e-07
0.00500089
1.00008e-07
0.00500089
8.56595e-08
0.00500089
7.33436e-08
0.00500089
6.27817e-08
0.00500089
5.373e-08
0.00500089
4.59763e-08
0.00500089
3.9337e-08
0.00500089
3.36536e-08
0.00500089
2.87895e-08
0.00500089
2.46272e-08
0.00500089
2.10659e-08
0.00500089
1.80191e-08
0.00500089
1.54126e-08
0.00500089
1.3183e-08
0.00500089
1.12758e-08
0.00500089
9.64437e-09
0.00500089
8.24897e-09
0.00500089
7.05543e-09
0.00500089
6.03456e-09
0.00500089
5.16139e-09
0.00500089
4.41454e-09
0.00500089
3.77576e-09
0.00500089
3.22941e-09
0.00500089
2.76211e-09
0.00500089
2.36243e-09
0.00500089
2.02059e-09
0.00500089
1.7282e-09
0.00500089
1.47813e-09
0.00500089
1.26424e-09
0.00500089
1.0813e-09
0.00500089
9.24836e-10
0.00500089
7.9101e-10
0.00500089
6.76547e-10
0.00500089
5.78649e-10
0.00500089
4.94918e-10
0.00500089
4.23304e-10
0.00500089
3.62052e-10
0.00500089
3.09659e-10
0.00500089
2.64847e-10
0.00500089
2.26521e-10
0.00500089
1.93743e-10
0.00500089
1.65711e-10
0.00500089
1.41734e-10
0.00500089
1.21224e-10
0.00500089
1.0368e-10
0.00500089
8.8673e-11
0.00500089
7.58398e-11
0.00500089
6.48661e-11
0.00500089
5.54817e-11
0.00500089
4.74548e-11
0.00500089
4.05878e-11
0.00500089
3.4713e-11
0.00500089
2.9688e-11
0.00500089
2.53911e-11
0.00500089
2.1717e-11
0.00500089
1.85753e-11
0.00500089
1.58885e-11
0.00500089
1.35907e-11
0.00500089
1.16257e-11
0.00500089
9.94552e-12
0.00500089
8.50832e-12
0.00500089
7.27814e-12
0.00500089
6.22433e-12
0.00500089
5.32135e-12
0.00500089
4.54832e-12
0.00500089
3.88778e-12
0.00500089
3.3247e-12
0.00500089
2.8452e-12
0.00500089
2.4365e-12
0.00500089
2.08702e-12
0.00500089
1.78709e-12
0.00500089
1.5293e-12
0.00500089
1.30804e-12
0.00500089
1.11897e-12
0.00500089
9.58138e-13
0.00500089
8.21607e-13
0.00500089
7.05324e-13
0.00500089
6.05371e-13
0.00500089
5.18579e-13
0.00500089
4.43011e-13
0.00500089
3.77674e-13
0.00500089
3.22137e-13
0.00500089
2.75845e-13
0.00500089
2.37742e-13
0.00500089
2.06184e-13
0.00500089
1.79334e-13
0.00500089
1.55444e-13
0.00500089
1.3332e-13
0.00500089
1.12793e-13
0.00500089
9.42678e-14
0.00500089
7.84194e-14
0.00500089
6.56183e-14
0.00500089
5.58883e-14
0.00500089
4.86846e-14
0.00500089
4.3012e-14
0.00500089
3.78844e-14
0.00500089
3.26061e-14
0.00500089
2.69383e-14
0.00500089
2.10085e-14
0.00500089
1.52987e-14
0.00500089
1.02856e-14
0.00500089
6.31221e-15
0.00500089
3.50266e-15
0.00500089
1.71763e-15
0.00500089
5.7063e-16
0.00500089
-3.02789e-16
0.00500089
-1.23665e-15
0.00500089
-2.31464e-15
0.00500089
-3.61963e-15
0.00500089
-4.99547e-15
0.00500089
-6.12986e-15
0.00500089
-6.80326e-15
0.00500089
-6.85443e-15
0.00500089
-6.26797e-15
0.00500089
-5.02914e-15
0.00500089
-3.36082e-15
0.00500089
-1.47991e-15
0.00500089
3.18227e-16
0.00500089
1.89197e-15
0.00500089
3.09492e-15
0.00500089
3.86982e-15
0.00500089
4.31077e-15
0.00500089
4.5974e-15
0.00500089
5.00331e-15
0.00500089
5.70893e-15
0.00500089
6.76606e-15
0.00500089
8.26043e-15
0.00500089
1.00354e-14
0.00500089
1.18242e-14
0.00500089
1.34122e-14
0.00500089
1.44897e-14
0.00500089
1.46372e-14
0.00500089
1.36559e-14
0.00500089
1.15869e-14
0.00500089
8.51508e-15
0.00500089
4.68234e-15
0.00500089
4.08328e-16
0.00500089
-3.87974e-15
0.00500089
-7.71784e-15
0.00500089
-1.07334e-14
0.00500089
-1.27405e-14
0.00500089
-1.35469e-14
0.00500089
-1.3257e-14
0.00500089
-1.19143e-14
0.00500089
-9.74466e-15
0.00500089
-7.20203e-15
0.00500089
-4.45102e-15
0.00500089
-1.83058e-15
0.00500089
3.87788e-16
0.00500089
2.11731e-15
0.00500089
3.28443e-15
0.00500089
3.79927e-15
0.00500089
3.82473e-15
0.00500089
3.54498e-15
0.00500089
2.87399e-15
0.00500089
1.99819e-15
0.00500089
1.3138e-15
0.00500089
6.62967e-16
0.00500089
-5.59132e-17
0.00500089
-4.68615e-16
0.00500089
-6.21254e-16
0.00500089
-6.74656e-16
0.00500089
-7.20755e-16
0.00500089
-6.7225e-16
0.00500089
-4.77026e-16
0.00500089
-3.39586e-16
0.00500089
-3.26616e-16
0.00500089
-2.76179e-16
0.00500089
-2.49032e-16
0.00500089
-2.59166e-16
0.00500089
-2.91526e-16
0.00500089
-4.45419e-16
0.00500089
-5.61476e-16
0.00500089
-4.2945e-16
0.00500089
-5.72652e-16
0.00500089
-5.1676e-16
0.00500089
-1.74677e-16
0.00500089
-2.36829e-16
1.71021e-16
0.00500001
6.36904e-08
0.00500004
1.80411e-07
0.0050001
3.19423e-07
0.00500018
4.63712e-07
0.00500027
5.72027e-07
0.00500037
6.24325e-07
0.00500046
6.275e-07
0.00500054
5.99039e-07
0.00500061
5.54355e-07
0.00500066
5.03197e-07
0.00500071
4.50931e-07
0.00500075
4.00373e-07
0.00500078
3.52972e-07
0.0050008
3.09434e-07
0.00500082
2.70035e-07
0.00500083
2.34782e-07
0.00500085
2.0352e-07
0.00500085
1.75991e-07
0.00500086
1.51885e-07
0.00500087
1.3087e-07
0.00500087
1.12616e-07
0.00500087
9.68055e-08
0.00500088
8.31425e-08
0.00500088
7.13574e-08
0.00500088
6.12074e-08
0.00500088
5.24762e-08
0.00500088
4.4973e-08
0.00500088
3.85301e-08
0.00500088
3.30014e-08
0.00500088
2.82597e-08
0.00500088
2.41948e-08
0.00500088
2.07114e-08
0.00500088
1.77273e-08
0.00500089
1.51714e-08
0.00500089
1.29829e-08
0.00500089
1.11091e-08
0.00500089
9.50524e-09
0.00500089
8.13244e-09
0.00500089
6.95759e-09
0.00500089
5.95222e-09
0.00500089
5.09195e-09
0.00500089
4.35589e-09
0.00500089
3.72613e-09
0.00500089
3.18736e-09
0.00500089
2.72644e-09
0.00500089
2.33214e-09
0.00500089
1.99483e-09
0.00500089
1.70629e-09
0.00500089
1.45947e-09
0.00500089
1.24835e-09
0.00500089
1.06776e-09
0.00500089
9.13286e-10
0.00500089
7.81157e-10
0.00500089
6.68139e-10
0.00500089
5.71472e-10
0.00500089
4.88789e-10
0.00500089
4.18067e-10
0.00500089
3.57575e-10
0.00500089
3.05833e-10
0.00500089
2.61578e-10
0.00500089
2.23729e-10
0.00500089
1.91359e-10
0.00500089
1.63674e-10
0.00500089
1.39992e-10
0.00500089
1.19733e-10
0.00500089
1.02404e-10
0.00500089
8.75829e-11
0.00500089
7.49088e-11
0.00500089
6.40709e-11
0.00500089
5.48015e-11
0.00500089
4.6872e-11
0.00500089
4.0088e-11
0.00500089
3.42849e-11
0.00500089
2.93221e-11
0.00500089
2.50788e-11
0.00500089
2.14507e-11
0.00500089
1.83481e-11
0.00500089
1.56944e-11
0.00500089
1.34245e-11
0.00500089
1.14832e-11
0.00500089
9.82297e-12
0.00500089
8.40274e-12
0.00500089
7.18714e-12
0.00500089
6.14626e-12
0.00500089
5.25494e-12
0.00500089
4.49256e-12
0.00500089
3.84152e-12
0.00500089
3.28629e-12
0.00500089
2.81289e-12
0.00500089
2.40856e-12
0.00500089
2.06238e-12
0.00500089
1.76528e-12
0.00500089
1.51028e-12
0.00500089
1.29205e-12
0.00500089
1.10599e-12
0.00500089
9.47843e-13
0.00500089
8.13085e-13
0.00500089
6.97555e-13
0.00500089
5.97749e-13
0.00500089
5.10983e-13
0.00500089
4.35865e-13
0.00500089
3.71534e-13
0.00500089
3.17445e-13
0.00500089
2.72738e-13
0.00500089
2.35788e-13
0.00500089
2.0471e-13
0.00500089
1.7738e-13
0.00500089
1.52452e-13
0.00500089
1.29376e-13
0.00500089
1.08332e-13
0.00500089
9.00624e-14
0.00500089
7.52158e-14
0.00500089
6.40106e-14
0.00500089
5.60521e-14
0.00500089
5.01826e-14
0.00500089
4.53313e-14
0.00500089
4.03639e-14
0.00500089
3.46609e-14
0.00500089
2.8284e-14
0.00500089
2.14987e-14
0.00500089
1.51037e-14
0.00500089
9.5608e-15
0.00500089
5.32768e-15
0.00500089
2.41632e-15
0.00500089
6.65278e-16
0.00500089
-3.80087e-16
0.00500089
-1.07236e-15
0.00500089
-1.84992e-15
0.00500089
-2.79956e-15
0.00500089
-3.87111e-15
0.00500089
-4.9536e-15
0.00500089
-5.76829e-15
0.00500089
-6.2351e-15
0.00500089
-6.11066e-15
0.00500089
-5.41858e-15
0.00500089
-4.26077e-15
0.00500089
-2.76527e-15
0.00500089
-1.16132e-15
0.00500089
4.40286e-16
0.00500089
1.76846e-15
0.00500089
2.75635e-15
0.00500089
3.45948e-15
0.00500089
3.86305e-15
0.00500089
4.28968e-15
0.00500089
4.86789e-15
0.00500089
5.71061e-15
0.00500089
6.89678e-15
0.00500089
8.41021e-15
0.00500089
1.01944e-14
0.00500089
1.19679e-14
0.00500089
1.34339e-14
0.00500089
1.43049e-14
0.00500089
1.41994e-14
0.00500089
1.31303e-14
0.00500089
1.0967e-14
0.00500089
7.86233e-15
0.00500089
4.08316e-15
0.00500089
-1.55163e-16
0.00500089
-4.18126e-15
0.00500089
-7.83804e-15
0.00500089
-1.06302e-14
0.00500089
-1.244e-14
0.00500089
-1.31266e-14
0.00500089
-1.26992e-14
0.00500089
-1.1289e-14
0.00500089
-9.12602e-15
0.00500089
-6.6729e-15
0.00500089
-4.04589e-15
0.00500089
-1.57789e-15
0.00500089
4.63473e-16
0.00500089
2.09418e-15
0.00500089
3.17236e-15
0.00500089
3.5498e-15
0.00500089
3.48937e-15
0.00500089
3.19688e-15
0.00500089
2.63811e-15
0.00500089
1.76855e-15
0.00500089
1.10881e-15
0.00500089
6.03195e-16
0.00500089
-4.5124e-18
0.00500089
-3.80901e-16
0.00500089
-5.71914e-16
0.00500089
-4.98008e-16
0.00500089
-4.80261e-16
0.00500089
-5.29141e-16
0.00500089
-2.87127e-16
0.00500089
-2.79605e-16
0.00500089
-2.55024e-16
0.00500089
-2.95792e-16
0.00500089
-3.72698e-16
0.00500089
-4.69263e-16
0.00500089
-5.24633e-16
0.00500089
-5.42045e-16
0.00500089
-7.75181e-16
0.00500089
-7.43528e-16
0.00500089
-7.62721e-16
0.00500089
-6.3902e-16
0.00500089
-3.09164e-16
0.00500089
-3.42214e-16
5.58085e-17
0.00500001
5.40645e-08
0.00500004
1.53226e-07
0.00500008
2.71619e-07
0.00500015
3.95141e-07
0.00500024
4.89113e-07
0.00500032
5.36454e-07
0.00500041
5.42558e-07
0.00500049
5.21662e-07
0.00500055
4.86464e-07
0.00500061
4.4509e-07
0.00500066
4.02043e-07
0.0050007
3.59734e-07
0.00500074
3.1948e-07
0.00500076
2.81999e-07
0.00500079
2.47651e-07
0.0050008
2.16565e-07
0.00500082
1.88709e-07
0.00500083
1.63948e-07
0.00500084
1.42083e-07
0.00500085
1.22878e-07
0.00500085
1.06085e-07
0.00500086
9.14537e-08
0.00500086
7.87444e-08
0.00500087
6.7732e-08
0.00500087
5.82097e-08
0.00500087
4.99899e-08
0.00500088
4.29047e-08
0.00500088
3.68047e-08
0.00500088
3.15582e-08
0.00500088
2.70496e-08
0.00500088
2.31779e-08
0.00500088
1.98551e-08
0.00500088
1.70047e-08
0.00500088
1.45608e-08
0.00500088
1.2466e-08
0.00500088
1.06712e-08
0.00500088
9.13361e-09
0.00500088
7.81679e-09
0.00500088
6.68923e-09
0.00500089
5.72389e-09
0.00500089
4.89755e-09
0.00500089
4.19027e-09
0.00500089
3.58496e-09
0.00500089
3.06698e-09
0.00500089
2.62374e-09
0.00500089
2.24449e-09
0.00500089
1.92001e-09
0.00500089
1.6424e-09
0.00500089
1.4049e-09
0.00500089
1.20173e-09
0.00500089
1.02793e-09
0.00500089
8.79253e-10
0.00500089
7.5207e-10
0.00500089
6.43279e-10
0.00500089
5.50221e-10
0.00500089
4.70621e-10
0.00500089
4.02533e-10
0.00500089
3.44292e-10
0.00500089
2.94476e-10
0.00500089
2.51869e-10
0.00500089
2.15429e-10
0.00500089
1.84263e-10
0.00500089
1.57604e-10
0.00500089
1.348e-10
0.00500089
1.15292e-10
0.00500089
9.86059e-11
0.00500089
8.43363e-11
0.00500089
7.21338e-11
0.00500089
6.16979e-11
0.00500089
5.2771e-11
0.00500089
4.51339e-11
0.00500089
3.86004e-11
0.00500089
3.30126e-11
0.00500089
2.82348e-11
0.00500089
2.41499e-11
0.00500089
2.06571e-11
0.00500089
1.76694e-11
0.00500089
1.51133e-11
0.00500089
1.29266e-11
0.00500089
1.10563e-11
0.00500089
9.45693e-12
0.00500089
8.08905e-12
0.00500089
6.91871e-12
0.00500089
5.91712e-12
0.00500089
5.06009e-12
0.00500089
4.32734e-12
0.00500089
3.70159e-12
0.00500089
3.16744e-12
0.00500089
2.71129e-12
0.00500089
2.32103e-12
0.00500089
1.98652e-12
0.00500089
1.69964e-12
0.00500089
1.45395e-12
0.00500089
1.24428e-12
0.00500089
1.06577e-12
0.00500089
9.13846e-13
0.00500089
7.83961e-13
0.00500089
6.72083e-13
0.00500089
5.75044e-13
0.00500089
4.90747e-13
0.00500089
4.18212e-13
0.00500089
3.56751e-13
0.00500089
3.05584e-13
0.00500089
2.63415e-13
0.00500089
2.28145e-13
0.00500089
1.97766e-13
0.00500089
1.7047e-13
0.00500089
1.45192e-13
0.00500089
1.21906e-13
0.00500089
1.01222e-13
0.00500089
8.40863e-14
0.00500089
7.09399e-14
0.00500089
6.16061e-14
0.00500089
5.53078e-14
0.00500089
5.06892e-14
0.00500089
4.63735e-14
0.00500089
4.13709e-14
0.00500089
3.52696e-14
0.00500089
2.82833e-14
0.00500089
2.10014e-14
0.00500089
1.42322e-14
0.00500089
8.54895e-15
0.00500089
4.33369e-15
0.00500089
1.55046e-15
0.00500089
-9.5507e-17
0.00500089
-1.03875e-15
0.00500089
-1.68533e-15
0.00500089
-2.33673e-15
0.00500089
-3.12041e-15
0.00500089
-3.9368e-15
0.00500089
-4.76115e-15
0.00500089
-5.26583e-15
0.00500089
-5.4047e-15
0.00500089
-5.17231e-15
0.00500089
-4.48401e-15
0.00500089
-3.447e-15
0.00500089
-2.15242e-15
0.00500089
-8.59481e-16
0.00500089
4.11805e-16
0.00500089
1.47397e-15
0.00500089
2.29633e-15
0.00500089
2.95905e-15
0.00500089
3.45439e-15
0.00500089
3.972e-15
0.00500089
4.66984e-15
0.00500089
5.59969e-15
0.00500089
6.87555e-15
0.00500089
8.40507e-15
0.00500089
1.0079e-14
0.00500089
1.16639e-14
0.00500089
1.29484e-14
0.00500089
1.36162e-14
0.00500089
1.33348e-14
0.00500089
1.21915e-14
0.00500089
1.00107e-14
0.00500089
6.99871e-15
0.00500089
3.39689e-15
0.00500089
-5.94039e-16
0.00500089
-4.32878e-15
0.00500089
-7.62356e-15
0.00500089
-1.02044e-14
0.00500089
-1.17674e-14
0.00500089
-1.22737e-14
0.00500089
-1.1722e-14
0.00500089
-1.03169e-14
0.00500089
-8.32243e-15
0.00500089
-5.98648e-15
0.00500089
-3.53341e-15
0.00500089
-1.26491e-15
0.00500089
5.63683e-16
0.00500089
1.96487e-15
0.00500089
2.87937e-15
0.00500089
3.25857e-15
0.00500089
3.12893e-15
0.00500089
2.71457e-15
0.00500089
2.26519e-15
0.00500089
1.57425e-15
0.00500089
8.80058e-16
0.00500089
4.71546e-16
0.00500089
7.0961e-17
0.00500089
-2.05326e-16
0.00500089
-3.83732e-16
0.00500089
-3.92185e-16
0.00500089
-2.67204e-16
0.00500089
-3.34093e-16
0.00500089
-2.05039e-16
0.00500089
-1.53248e-16
0.00500089
-1.66865e-16
0.00500089
-3.44084e-16
0.00500089
-4.35154e-16
0.00500089
-5.57466e-16
0.00500089
-7.82527e-16
0.00500089
-8.52636e-16
0.00500089
-9.44644e-16
0.00500089
-8.3947e-16
0.00500089
-9.31096e-16
0.00500089
-8.17207e-16
0.00500089
-4.75644e-16
0.00500089
-4.68111e-16
-2.21738e-18
0.00500001
4.5526e-08
0.00500003
1.29078e-07
0.00500008
2.29031e-07
0.00500014
3.33719e-07
0.00500021
4.14143e-07
0.00500029
4.55909e-07
0.00500037
4.63309e-07
0.00500045
4.48012e-07
0.00500051
4.20391e-07
0.00500057
3.87149e-07
0.00500062
3.52012e-07
0.00500066
3.17007e-07
0.0050007
2.83281e-07
0.00500073
2.51509e-07
0.00500075
2.22076e-07
0.00500078
1.95171e-07
0.00500079
1.70841e-07
0.00500081
1.49036e-07
0.00500082
1.29637e-07
0.00500083
1.12485e-07
0.00500084
9.73968e-08
0.00500085
8.41818e-08
0.00500085
7.2649e-08
0.00500086
6.26147e-08
0.00500086
5.39067e-08
0.00500087
4.63659e-08
0.00500087
3.98479e-08
0.00500087
3.42225e-08
0.00500087
2.9374e-08
0.00500088
2.51998e-08
0.00500088
2.16094e-08
0.00500088
1.85238e-08
0.00500088
1.58737e-08
0.00500088
1.35991e-08
0.00500088
1.16477e-08
0.00500088
9.97438e-09
0.00500088
8.53997e-09
0.00500088
7.31077e-09
0.00500088
6.25771e-09
0.00500088
5.35575e-09
0.00500088
4.58337e-09
0.00500088
3.92207e-09
0.00500089
3.35596e-09
0.00500089
2.87139e-09
0.00500089
2.45666e-09
0.00500089
2.10174e-09
0.00500089
1.79802e-09
0.00500089
1.53815e-09
0.00500089
1.3158e-09
0.00500089
1.12557e-09
0.00500089
9.6282e-10
0.00500089
8.23587e-10
0.00500089
7.04477e-10
0.00500089
6.02585e-10
0.00500089
5.15425e-10
0.00500089
4.40868e-10
0.00500089
3.7709e-10
0.00500089
3.22535e-10
0.00500089
2.75872e-10
0.00500089
2.35961e-10
0.00500089
2.01825e-10
0.00500089
1.72627e-10
0.00500089
1.47651e-10
0.00500089
1.26286e-10
0.00500089
1.0801e-10
0.00500089
9.23801e-11
0.00500089
7.90137e-11
0.00500089
6.75826e-11
0.00500089
5.78049e-11
0.00500089
4.94399e-11
0.00500089
4.22835e-11
0.00500089
3.61622e-11
0.00500089
3.0928e-11
0.00500089
2.64532e-11
0.00500089
2.26273e-11
0.00500089
1.9355e-11
0.00500089
1.65551e-11
0.00500089
1.4159e-11
0.00500089
1.2109e-11
0.00500089
1.03559e-11
0.00500089
8.85719e-12
0.00500089
7.57596e-12
0.00500089
6.48033e-12
0.00500089
5.54312e-12
0.00500089
4.74154e-12
0.00500089
4.05629e-12
0.00500089
3.47082e-12
0.00500089
2.97045e-12
0.00500089
2.5424e-12
0.00500089
2.17571e-12
0.00500089
1.86131e-12
0.00500089
1.59198e-12
0.00500089
1.36181e-12
0.00500089
1.16578e-12
0.00500089
9.99152e-13
0.00500089
8.57049e-13
0.00500089
7.35064e-13
0.00500089
6.29545e-13
0.00500089
5.37866e-13
0.00500089
4.58531e-13
0.00500089
3.90758e-13
0.00500089
3.33844e-13
0.00500089
2.867e-13
0.00500089
2.47724e-13
0.00500089
2.14767e-13
0.00500089
1.85594e-13
0.00500089
1.58831e-13
0.00500089
1.33982e-13
0.00500089
1.11449e-13
0.00500089
9.21027e-14
0.00500089
7.67362e-14
0.00500089
6.56692e-14
0.00500089
5.83792e-14
0.00500089
5.3575e-14
0.00500089
4.98309e-14
0.00500089
4.57868e-14
0.00500089
4.06263e-14
0.00500089
3.41927e-14
0.00500089
2.68768e-14
0.00500089
1.95129e-14
0.00500089
1.28269e-14
0.00500089
7.45484e-15
0.00500089
3.55166e-15
0.00500089
1.0206e-15
0.00500089
-5.05661e-16
0.00500089
-1.36153e-15
0.00500089
-1.9792e-15
0.00500089
-2.63882e-15
0.00500089
-3.29626e-15
0.00500089
-3.91023e-15
0.00500089
-4.36398e-15
0.00500089
-4.61375e-15
0.00500089
-4.52136e-15
0.00500089
-4.11474e-15
0.00500089
-3.4524e-15
0.00500089
-2.5993e-15
0.00500089
-1.61595e-15
0.00500089
-6.15275e-16
0.00500089
3.04843e-16
0.00500089
1.11818e-15
0.00500089
1.80571e-15
0.00500089
2.43747e-15
0.00500089
2.99931e-15
0.00500089
3.62748e-15
0.00500089
4.44115e-15
0.00500089
5.44603e-15
0.00500089
6.67952e-15
0.00500089
8.12072e-15
0.00500089
9.6279e-15
0.00500089
1.09901e-14
0.00500089
1.20034e-14
0.00500089
1.23942e-14
0.00500089
1.20491e-14
0.00500089
1.08759e-14
0.00500089
8.77057e-15
0.00500089
5.97521e-15
0.00500089
2.6328e-15
0.00500089
-8.76824e-16
0.00500089
-4.27719e-15
0.00500089
-7.20672e-15
0.00500089
-9.42379e-15
0.00500089
-1.07039e-14
0.00500089
-1.10485e-14
0.00500089
-1.05038e-14
0.00500089
-9.1529e-15
0.00500089
-7.29944e-15
0.00500089
-5.12016e-15
0.00500089
-2.94046e-15
0.00500089
-9.80366e-16
0.00500089
6.35246e-16
0.00500089
1.83294e-15
0.00500089
2.52984e-15
0.00500089
2.8131e-15
0.00500089
2.67701e-15
0.00500089
2.21129e-15
0.00500089
1.80245e-15
0.00500089
1.31207e-15
0.00500089
6.5637e-16
0.00500089
2.80934e-16
0.00500089
9.00249e-17
0.00500089
-1.13435e-16
0.00500089
-1.42604e-16
0.00500089
-1.6679e-16
0.00500089
-7.84377e-17
0.00500089
-1.85094e-17
0.00500089
-1.38781e-16
0.00500089
-1.5285e-16
0.00500089
-1.25551e-16
0.00500089
-2.51337e-16
0.00500089
-4.55908e-16
0.00500089
-7.60906e-16
0.00500089
-8.61227e-16
0.00500089
-9.37441e-16
0.00500089
-1.17681e-15
0.00500089
-1.12698e-15
0.00500089
-1.12295e-15
0.00500089
-1.09726e-15
0.00500089
-6.85252e-16
0.00500089
-4.66325e-16
-3.00351e-17
0.00500001
3.78059e-08
0.00500003
1.07221e-07
0.00500007
1.90391e-07
0.00500012
2.77758e-07
0.00500019
3.45364e-07
0.00500027
3.81263e-07
0.00500034
3.88882e-07
0.00500041
3.7773e-07
0.00500048
3.56222e-07
0.00500053
3.29792e-07
0.00500058
3.01479e-07
0.00500063
2.72948e-07
0.00500067
2.45169e-07
0.0050007
2.18739e-07
0.00500073
1.94028e-07
0.00500075
1.71246e-07
0.00500077
1.50484e-07
0.00500079
1.31743e-07
0.0050008
1.14962e-07
0.00500082
1.00039e-07
0.00500083
8.68429e-08
0.00500084
7.52315e-08
0.00500084
6.50564e-08
0.00500085
5.6171e-08
0.00500086
4.84352e-08
0.00500086
4.17173e-08
0.00500086
3.5896e-08
0.00500087
3.08611e-08
0.00500087
2.65132e-08
0.00500087
2.27637e-08
0.00500087
1.95341e-08
0.00500088
1.67549e-08
0.00500088
1.43654e-08
0.00500088
1.23125e-08
0.00500088
1.05499e-08
0.00500088
9.03738e-09
0.00500088
7.74e-09
0.00500088
6.62763e-09
0.00500088
5.67422e-09
0.00500088
4.85728e-09
0.00500088
4.15748e-09
0.00500088
3.55813e-09
0.00500088
3.04492e-09
0.00500088
2.60553e-09
0.00500089
2.2294e-09
0.00500089
1.90746e-09
0.00500089
1.63193e-09
0.00500089
1.39615e-09
0.00500089
1.19439e-09
0.00500089
1.02175e-09
0.00500089
8.74045e-10
0.00500089
7.47672e-10
0.00500089
6.39558e-10
0.00500089
5.47069e-10
0.00500089
4.6795e-10
0.00500089
4.00267e-10
0.00500089
3.42368e-10
0.00500089
2.92841e-10
0.00500089
2.50478e-10
0.00500089
2.14244e-10
0.00500089
1.83251e-10
0.00500089
1.5674e-10
0.00500089
1.34061e-10
0.00500089
1.14662e-10
0.00500089
9.80698e-11
0.00500089
8.38803e-11
0.00500089
7.17456e-11
0.00500089
6.13665e-11
0.00500089
5.24872e-11
0.00500089
4.48903e-11
0.00500089
3.83915e-11
0.00500089
3.2834e-11
0.00500089
2.80829e-11
0.00500089
2.40212e-11
0.00500089
2.05478e-11
0.00500089
1.75759e-11
0.00500089
1.5032e-11
0.00500089
1.28548e-11
0.00500089
1.09923e-11
0.00500089
9.40007e-12
0.00500089
8.03959e-12
0.00500089
6.87703e-12
0.00500089
5.88328e-12
0.00500089
5.03348e-12
0.00500089
4.30679e-12
0.00500089
3.68546e-12
0.00500089
3.1541e-12
0.00500089
2.69953e-12
0.00500089
2.31013e-12
0.00500089
1.9762e-12
0.00500089
1.68995e-12
0.00500089
1.44499e-12
0.00500089
1.23624e-12
0.00500089
1.0587e-12
0.00500089
9.07715e-13
0.00500089
7.78719e-13
0.00500089
6.67582e-13
0.00500089
5.71241e-13
0.00500089
4.87481e-13
0.00500089
4.15317e-13
0.00500089
3.54145e-13
0.00500089
3.0312e-13
0.00500089
2.61096e-13
0.00500089
2.2598e-13
0.00500089
1.9564e-13
0.00500089
1.68337e-13
0.00500089
1.42971e-13
0.00500089
1.19513e-13
0.00500089
9.86337e-14
0.00500089
8.14405e-14
0.00500089
6.84696e-14
0.00500089
5.96108e-14
0.00500089
5.41321e-14
0.00500089
5.05139e-14
0.00500089
4.72817e-14
0.00500089
4.33022e-14
0.00500089
3.79689e-14
0.00500089
3.14155e-14
0.00500089
2.41971e-14
0.00500089
1.72285e-14
0.00500089
1.115e-14
0.00500089
6.3937e-15
0.00500089
3.03094e-15
0.00500089
8.71716e-16
0.00500089
-4.92396e-16
0.00500089
-1.40228e-15
0.00500089
-2.1003e-15
0.00500089
-2.76923e-15
0.00500089
-3.29892e-15
0.00500089
-3.73394e-15
0.00500089
-3.89121e-15
0.00500089
-3.76675e-15
0.00500089
-3.46772e-15
0.00500089
-3.0008e-15
0.00500089
-2.43423e-15
0.00500089
-1.74454e-15
0.00500089
-1.0936e-15
0.00500089
-4.73205e-16
0.00500089
1.18061e-16
0.00500089
6.56887e-16
0.00500089
1.26708e-15
0.00500089
1.8881e-15
0.00500089
2.54825e-15
0.00500089
3.27743e-15
0.00500089
4.12871e-15
0.00500089
5.17301e-15
0.00500089
6.34269e-15
0.00500089
7.59947e-15
0.00500089
8.81735e-15
0.00500089
9.84605e-15
0.00500089
1.06258e-14
0.00500089
1.08009e-14
0.00500089
1.03848e-14
0.00500089
9.22092e-15
0.00500089
7.26424e-15
0.00500089
4.8342e-15
0.00500089
1.88855e-15
0.00500089
-1.13905e-15
0.00500089
-4.01283e-15
0.00500089
-6.50221e-15
0.00500089
-8.31493e-15
0.00500089
-9.30184e-15
0.00500089
-9.46051e-15
0.00500089
-8.94197e-15
0.00500089
-7.73445e-15
0.00500089
-6.05834e-15
0.00500089
-4.17729e-15
0.00500089
-2.30567e-15
0.00500089
-6.59472e-16
0.00500089
6.85493e-16
0.00500089
1.64273e-15
0.00500089
2.0828e-15
0.00500089
2.27553e-15
0.00500089
2.15808e-15
0.00500089
1.66671e-15
0.00500089
1.25828e-15
0.00500089
9.52097e-16
0.00500089
5.13339e-16
0.00500089
1.41874e-16
0.00500089
1.02299e-16
0.00500089
2.43911e-17
0.00500089
-3.00844e-17
0.00500089
6.07583e-17
0.00500089
7.1485e-17
0.00500089
2.56207e-16
0.00500089
1.51254e-16
0.00500089
4.35468e-18
0.00500089
-8.84991e-17
0.00500089
-2.71386e-16
0.00500089
-5.09883e-16
0.00500089
-7.81557e-16
0.00500089
-1.03379e-15
0.00500089
-1.32962e-15
0.00500089
-1.29885e-15
0.00500089
-1.31914e-15
0.00500089
-1.31412e-15
0.00500089
-1.05517e-15
0.00500089
-9.18579e-16
0.00500089
-7.41861e-16
-1.07931e-16
0.00500001
3.07044e-08
0.00500003
8.70994e-08
0.00500006
1.54752e-07
0.00500011
2.25977e-07
0.00500018
2.81391e-07
0.00500025
3.11302e-07
0.00500032
3.18422e-07
0.00500039
3.10366e-07
0.00500045
2.93856e-07
0.00500051
2.73205e-07
0.00500056
2.50835e-07
0.0050006
2.2808e-07
0.00500064
2.0573e-07
0.00500067
1.84292e-07
0.0050007
1.64093e-07
0.00500073
1.45339e-07
0.00500075
1.28134e-07
0.00500077
1.12512e-07
0.00500079
9.84467e-08
0.0050008
8.58766e-08
0.00500081
7.47125e-08
0.00500083
6.48498e-08
0.00500083
5.61764e-08
0.00500084
4.85787e-08
0.00500085
4.19455e-08
0.00500085
3.6171e-08
0.00500086
3.11564e-08
0.00500086
2.68109e-08
0.00500087
2.30522e-08
0.00500087
1.98061e-08
0.00500087
1.70064e-08
0.00500087
1.45946e-08
0.00500088
1.25191e-08
0.00500088
1.07343e-08
0.00500088
9.20086e-09
0.00500088
7.88409e-09
0.00500088
6.75404e-09
0.00500088
5.78467e-09
0.00500088
4.95349e-09
0.00500088
4.24104e-09
0.00500088
3.63054e-09
0.00500088
3.10755e-09
0.00500088
2.65962e-09
0.00500088
2.27604e-09
0.00500088
1.94763e-09
0.00500089
1.6665e-09
0.00500089
1.42586e-09
0.00500089
1.21991e-09
0.00500089
1.04367e-09
0.00500089
8.92851e-10
0.00500089
7.63801e-10
0.00500089
6.53385e-10
0.00500089
5.58919e-10
0.00500089
4.78103e-10
0.00500089
4.08966e-10
0.00500089
3.49821e-10
0.00500089
2.99224e-10
0.00500089
2.55942e-10
0.00500089
2.1892e-10
0.00500089
1.87252e-10
0.00500089
1.60163e-10
0.00500089
1.36991e-10
0.00500089
1.17169e-10
0.00500089
1.00215e-10
0.00500089
8.57155e-11
0.00500089
7.33157e-11
0.00500089
6.27105e-11
0.00500089
5.36382e-11
0.00500089
4.58758e-11
0.00500089
3.92346e-11
0.00500089
3.35545e-11
0.00500089
2.86982e-11
0.00500089
2.45472e-11
0.00500089
2.0998e-11
0.00500089
1.79618e-11
0.00500089
1.53628e-11
0.00500089
1.31377e-11
0.00500089
1.12333e-11
0.00500089
9.60483e-12
0.00500089
8.21343e-12
0.00500089
7.02511e-12
0.00500089
6.01e-12
0.00500089
5.14237e-12
0.00500089
4.40044e-12
0.00500089
3.76585e-12
0.00500089
3.22316e-12
0.00500089
2.75878e-12
0.00500089
2.36108e-12
0.00500089
2.02008e-12
0.00500089
1.7275e-12
0.00500089
1.47681e-12
0.00500089
1.2626e-12
0.00500089
1.08029e-12
0.00500089
9.25455e-13
0.00500089
7.93723e-13
0.00500089
6.80897e-13
0.00500089
5.83387e-13
0.00500089
4.98651e-13
0.00500089
4.25195e-13
0.00500089
3.62245e-13
0.00500089
3.09279e-13
0.00500089
2.65335e-13
0.00500089
2.29008e-13
0.00500089
1.98382e-13
0.00500089
1.71385e-13
0.00500089
1.46577e-13
0.00500089
1.23423e-13
0.00500089
1.02326e-13
0.00500089
8.41556e-14
0.00500089
6.96809e-14
0.00500089
5.93425e-14
0.00500089
5.27806e-14
0.00500089
4.87929e-14
0.00500089
4.59798e-14
0.00500089
4.2923e-14
0.00500089
3.88262e-14
0.00500089
3.34473e-14
0.00500089
2.70807e-14
0.00500089
2.0478e-14
0.00500089
1.43535e-14
0.00500089
9.29037e-15
0.00500089
5.49771e-15
0.00500089
2.87375e-15
0.00500089
1.09214e-15
0.00500089
-1.39155e-16
0.00500089
-1.12614e-15
0.00500089
-2.00869e-15
0.00500089
-2.7336e-15
0.00500089
-3.20538e-15
0.00500089
-3.39562e-15
0.00500089
-3.27589e-15
0.00500089
-2.88493e-15
0.00500089
-2.38769e-15
0.00500089
-1.83271e-15
0.00500089
-1.38315e-15
0.00500089
-9.96205e-16
0.00500089
-7.04762e-16
0.00500089
-4.4708e-16
0.00500089
-1.49126e-16
0.00500089
2.19497e-16
0.00500089
7.55227e-16
0.00500089
1.3963e-15
0.00500089
2.12003e-15
0.00500089
2.93367e-15
0.00500089
3.83897e-15
0.00500089
4.82474e-15
0.00500089
5.78108e-15
0.00500089
6.78282e-15
0.00500089
7.67612e-15
0.00500089
8.35675e-15
0.00500089
8.81589e-15
0.00500089
8.81319e-15
0.00500089
8.36764e-15
0.00500089
7.29292e-15
0.00500089
5.65498e-15
0.00500089
3.61104e-15
0.00500089
1.22012e-15
0.00500089
-1.27891e-15
0.00500089
-3.59937e-15
0.00500089
-5.53366e-15
0.00500089
-6.9035e-15
0.00500089
-7.61732e-15
0.00500089
-7.74425e-15
0.00500089
-7.19729e-15
0.00500089
-6.11081e-15
0.00500089
-4.67314e-15
0.00500089
-3.11949e-15
0.00500089
-1.63513e-15
0.00500089
-3.51849e-16
0.00500089
7.07068e-16
0.00500089
1.38832e-15
0.00500089
1.62733e-15
0.00500089
1.68315e-15
0.00500089
1.56851e-15
0.00500089
1.16805e-15
0.00500089
7.57841e-16
0.00500089
5.20266e-16
0.00500089
2.5072e-16
0.00500089
1.78687e-17
0.00500089
3.87577e-17
0.00500089
1.66038e-16
0.00500089
2.27811e-16
0.00500089
3.22089e-16
0.00500089
3.29235e-16
0.00500089
4.45264e-16
0.00500089
3.95982e-16
0.00500089
2.00824e-16
0.00500089
3.42667e-18
0.00500089
-2.57121e-16
0.00500089
-6.04279e-16
0.00500089
-8.83707e-16
0.00500089
-1.12864e-15
0.00500089
-1.47292e-15
0.00500089
-1.53705e-15
0.00500089
-1.59048e-15
0.00500089
-1.56061e-15
0.00500089
-1.30398e-15
0.00500089
-9.90442e-16
0.00500089
-8.2474e-16
-2.59218e-16
0.00500001
2.40678e-08
0.00500003
6.82847e-08
0.00500006
1.21377e-07
0.00500011
1.77366e-07
0.00500017
2.21102e-07
0.00500023
2.44995e-07
0.0050003
2.51135e-07
0.00500037
2.45428e-07
0.00500043
2.33084e-07
0.00500048
2.17419e-07
0.00500053
2.00297e-07
0.00500058
1.82749e-07
0.00500062
1.65392e-07
0.00500065
1.48634e-07
0.00500069
1.32747e-07
0.00500071
1.1791e-07
0.00500074
1.04228e-07
0.00500076
9.17419e-08
0.00500078
8.04511e-08
0.00500079
7.03195e-08
0.00500081
6.12883e-08
0.00500082
5.32837e-08
0.00500083
4.62238e-08
0.00500084
4.00234e-08
0.00500084
3.45975e-08
0.00500085
2.98644e-08
0.00500085
2.57468e-08
0.00500086
2.21729e-08
0.00500086
1.90773e-08
0.00500087
1.64006e-08
0.00500087
1.40896e-08
0.00500087
1.20969e-08
0.00500087
1.03806e-08
0.00500088
8.90375e-09
0.00500088
7.63403e-09
0.00500088
6.54317e-09
0.00500088
5.60656e-09
0.00500088
4.80281e-09
0.00500088
4.11339e-09
0.00500088
3.52227e-09
0.00500088
3.01562e-09
0.00500088
2.58148e-09
0.00500088
2.20958e-09
0.00500088
1.89106e-09
0.00500088
1.61831e-09
0.00500088
1.38479e-09
0.00500089
1.1849e-09
0.00500089
1.0138e-09
0.00500089
8.67364e-10
0.00500089
7.42045e-10
0.00500089
6.34808e-10
0.00500089
5.43053e-10
0.00500089
4.6455e-10
0.00500089
3.97388e-10
0.00500089
3.3993e-10
0.00500089
2.90773e-10
0.00500089
2.48719e-10
0.00500089
2.12745e-10
0.00500089
1.81973e-10
0.00500089
1.5565e-10
0.00500089
1.33133e-10
0.00500089
1.13871e-10
0.00500089
9.73941e-11
0.00500089
8.33025e-11
0.00500089
7.12518e-11
0.00500089
6.09458e-11
0.00500089
5.21302e-11
0.00500089
4.45876e-11
0.00500089
3.81337e-11
0.00500089
3.26128e-11
0.00500089
2.78919e-11
0.00500089
2.38566e-11
0.00500089
2.04073e-11
0.00500089
1.74572e-11
0.00500089
1.49323e-11
0.00500089
1.27702e-11
0.00500089
1.0919e-11
0.00500089
9.33524e-12
0.00500089
7.9818e-12
0.00500089
6.82606e-12
0.00500089
5.83923e-12
0.00500089
4.9962e-12
0.00500089
4.27541e-12
0.00500089
3.65892e-12
0.00500089
3.13153e-12
0.00500089
2.6804e-12
0.00500089
2.29431e-12
0.00500089
1.96344e-12
0.00500089
1.67959e-12
0.00500089
1.43596e-12
0.00500089
1.22727e-12
0.00500089
1.04923e-12
0.00500089
8.97887e-13
0.00500089
7.69419e-13
0.00500089
6.59959e-13
0.00500089
5.65976e-13
0.00500089
4.84645e-13
0.00500089
4.13896e-13
0.00500089
3.52701e-13
0.00500089
3.00597e-13
0.00500089
2.57013e-13
0.00500089
2.21074e-13
0.00500089
1.91174e-13
0.00500089
1.65482e-13
0.00500089
1.42435e-13
0.00500089
1.21022e-13
0.00500089
1.01093e-13
0.00500089
8.32622e-14
0.00500089
6.84084e-14
0.00500089
5.71993e-14
0.00500089
4.95887e-14
0.00500089
4.50227e-14
0.00500089
4.21701e-14
0.00500089
3.97665e-14
0.00500089
3.67029e-14
0.00500089
3.24611e-14
0.00500089
2.72572e-14
0.00500089
2.1493e-14
0.00500089
1.59369e-14
0.00500089
1.11621e-14
0.00500089
7.47409e-15
0.00500089
4.84314e-15
0.00500089
3.03973e-15
0.00500089
1.67027e-15
0.00500089
4.82136e-16
0.00500089
-6.67012e-16
0.00500089
-1.74146e-15
0.00500089
-2.52785e-15
0.00500089
-2.98097e-15
0.00500089
-2.96574e-15
0.00500089
-2.56251e-15
0.00500089
-1.91462e-15
0.00500089
-1.2638e-15
0.00500089
-7.43163e-16
0.00500089
-4.11337e-16
0.00500089
-3.23531e-16
0.00500089
-4.07328e-16
0.00500089
-4.86549e-16
0.00500089
-4.55771e-16
0.00500089
-1.97777e-16
0.00500089
2.79836e-16
0.00500089
9.56063e-16
0.00500089
1.74972e-15
0.00500089
2.60021e-15
0.00500089
3.49335e-15
0.00500089
4.33144e-15
0.00500089
5.05561e-15
0.00500089
5.70012e-15
0.00500089
6.17265e-15
0.00500089
6.535e-15
0.00500089
6.69856e-15
0.00500089
6.52037e-15
0.00500089
6.06267e-15
0.00500089
5.16074e-15
0.00500089
3.95243e-15
0.00500089
2.36384e-15
0.00500089
5.56591e-16
0.00500089
-1.25687e-15
0.00500089
-2.91201e-15
0.00500089
-4.33877e-15
0.00500089
-5.34633e-15
0.00500089
-5.80112e-15
0.00500089
-5.79152e-15
0.00500089
-5.24855e-15
0.00500089
-4.3506e-15
0.00500089
-3.25964e-15
0.00500089
-2.04726e-15
0.00500089
-8.89888e-16
0.00500089
-5.24547e-18
0.00500089
6.56845e-16
0.00500089
1.09667e-15
0.00500089
1.17638e-15
0.00500089
1.04158e-15
0.00500089
9.29865e-16
0.00500089
6.31474e-16
0.00500089
2.14227e-16
0.00500089
7.01475e-17
0.00500089
8.23568e-18
0.00500089
-5.90938e-17
0.00500089
-2.19045e-20
0.00500089
1.63645e-16
0.00500089
4.51748e-16
0.00500089
5.25409e-16
0.00500089
5.85058e-16
0.00500089
6.53201e-16
0.00500089
6.20588e-16
0.00500089
4.48672e-16
0.00500089
3.70881e-17
0.00500089
-2.08593e-16
0.00500089
-5.62149e-16
0.00500089
-9.37773e-16
0.00500089
-1.20431e-15
0.00500089
-1.61318e-15
0.00500089
-1.75044e-15
0.00500089
-1.82972e-15
0.00500089
-1.80038e-15
0.00500089
-1.5364e-15
0.00500089
-1.13125e-15
0.00500089
-8.99668e-16
-3.17729e-16
0.00500001
1.7774e-08
0.00500002
5.04341e-08
0.00500006
8.96757e-08
0.0050001
1.3111e-07
0.00500016
1.6357e-07
0.00500022
1.81455e-07
0.00500029
1.86293e-07
0.00500035
1.82413e-07
0.00500041
1.73631e-07
0.00500047
1.62361e-07
0.00500052
1.49959e-07
0.00500056
1.37173e-07
0.0050006
1.2446e-07
0.00500064
1.12123e-07
0.00500067
1.00373e-07
0.0050007
8.935e-08
0.00500072
7.91424e-08
0.00500075
6.97926e-08
0.00500077
6.13082e-08
0.00500078
5.36711e-08
0.0050008
4.6844e-08
0.00500081
4.07775e-08
0.00500082
3.54146e-08
0.00500083
3.0695e-08
0.00500084
2.65575e-08
0.00500084
2.29424e-08
0.00500085
1.9793e-08
0.00500086
1.7056e-08
0.00500086
1.46827e-08
0.00500086
1.26285e-08
0.00500087
1.08535e-08
0.00500087
9.32178e-09
0.00500087
8.00169e-09
0.00500087
6.86515e-09
0.00500088
5.88754e-09
0.00500088
5.04728e-09
0.00500088
4.32556e-09
0.00500088
3.70602e-09
0.00500088
3.17446e-09
0.00500088
2.71859e-09
0.00500088
2.32777e-09
0.00500088
1.99283e-09
0.00500088
1.70585e-09
0.00500088
1.46004e-09
0.00500088
1.24953e-09
0.00500088
1.06928e-09
0.00500088
9.14966e-10
0.00500089
7.82872e-10
0.00500089
6.6981e-10
0.00500089
5.73047e-10
0.00500089
4.90244e-10
0.00500089
4.19394e-10
0.00500089
3.58775e-10
0.00500089
3.06911e-10
0.00500089
2.62538e-10
0.00500089
2.24574e-10
0.00500089
1.92097e-10
0.00500089
1.64314e-10
0.00500089
1.40548e-10
0.00500089
1.20217e-10
0.00500089
1.02826e-10
0.00500089
8.7948e-11
0.00500089
7.52229e-11
0.00500089
6.43404e-11
0.00500089
5.50342e-11
0.00500089
4.70746e-11
0.00500089
4.02649e-11
0.00500089
3.44379e-11
0.00500089
2.94523e-11
0.00500089
2.51883e-11
0.00500089
2.15433e-11
0.00500089
1.8428e-11
0.00500089
1.57644e-11
0.00500089
1.34853e-11
0.00500089
1.15337e-11
0.00500089
9.86211e-12
0.00500089
8.43141e-12
0.00500089
7.20833e-12
0.00500089
6.16387e-12
0.00500089
5.27236e-12
0.00500089
4.51101e-12
0.00500089
3.86011e-12
0.00500089
3.3032e-12
0.00500089
2.82663e-12
0.00500089
2.41901e-12
0.00500089
2.07047e-12
0.00500089
1.77226e-12
0.00500089
1.51672e-12
0.00500089
1.2973e-12
0.00500089
1.10897e-12
0.00500089
9.47677e-13
0.00500089
8.10129e-13
0.00500089
6.93345e-13
0.00500089
5.94259e-13
0.00500089
5.09804e-13
0.00500089
4.37078e-13
0.00500089
3.73937e-13
0.00500089
3.19052e-13
0.00500089
2.71773e-13
0.00500089
2.31845e-13
0.00500089
1.98628e-13
0.00500089
1.71193e-13
0.00500089
1.48204e-13
0.00500089
1.28148e-13
0.00500089
1.09772e-13
0.00500089
9.2474e-14
0.00500089
7.66363e-14
0.00500089
6.28909e-14
0.00500089
5.19334e-14
0.00500089
4.41139e-14
0.00500089
3.91834e-14
0.00500089
3.62544e-14
0.00500089
3.41987e-14
0.00500089
3.18711e-14
0.00500089
2.8672e-14
0.00500089
2.44711e-14
0.00500089
1.97456e-14
0.00500089
1.50457e-14
0.00500089
1.0964e-14
0.00500089
7.90382e-15
0.00500089
5.83444e-15
0.00500089
4.4736e-15
0.00500089
3.43886e-15
0.00500089
2.40443e-15
0.00500089
1.16462e-15
0.00500089
-1.58515e-16
0.00500089
-1.42629e-15
0.00500089
-2.2951e-15
0.00500089
-2.60896e-15
0.00500089
-2.3471e-15
0.00500089
-1.72075e-15
0.00500089
-8.98841e-16
0.00500089
-8.96415e-17
0.00500089
3.51836e-16
0.00500089
4.47306e-16
0.00500089
2.122e-16
0.00500089
-2.24305e-16
0.00500089
-5.78239e-16
0.00500089
-7.42496e-16
0.00500089
-6.01128e-16
0.00500089
-1.49508e-16
0.00500089
5.48635e-16
0.00500089
1.41165e-15
0.00500089
2.29504e-15
0.00500089
3.10826e-15
0.00500089
3.69981e-15
0.00500089
4.09407e-15
0.00500089
4.34523e-15
0.00500089
4.42439e-15
0.00500089
4.45373e-15
0.00500089
4.26565e-15
0.00500089
3.95913e-15
0.00500089
3.58331e-15
0.00500089
2.9792e-15
0.00500089
2.1328e-15
0.00500089
1.12106e-15
0.00500089
2.63525e-17
0.00500089
-1.08888e-15
0.00500089
-2.13639e-15
0.00500089
-3.00045e-15
0.00500089
-3.55599e-15
0.00500089
-3.77677e-15
0.00500089
-3.6435e-15
0.00500089
-3.21898e-15
0.00500089
-2.51432e-15
0.00500089
-1.72088e-15
0.00500089
-9.37279e-16
0.00500089
-1.91652e-16
0.00500089
3.46983e-16
0.00500089
6.47808e-16
0.00500089
7.96425e-16
0.00500089
7.47296e-16
0.00500089
4.24702e-16
0.00500089
1.89658e-16
0.00500089
1.35815e-17
0.00500089
-3.14228e-16
0.00500089
-3.69347e-16
0.00500089
-2.79775e-16
0.00500089
-1.53887e-16
0.00500089
4.25477e-17
0.00500089
2.01052e-16
0.00500089
6.0605e-16
0.00500089
8.25838e-16
0.00500089
8.8641e-16
0.00500089
8.69664e-16
0.00500089
7.88327e-16
0.00500089
6.72851e-16
0.00500089
2.81844e-16
0.00500089
-1.77575e-16
0.00500089
-6.55991e-16
0.00500089
-1.1403e-15
0.00500089
-1.40688e-15
0.00500089
-1.75011e-15
0.00500089
-1.96424e-15
0.00500089
-1.87772e-15
0.00500089
-1.96836e-15
0.00500089
-1.75236e-15
0.00500089
-1.30352e-15
0.00500089
-1.0322e-15
-4.2562e-16
0.00500001
1.17216e-08
0.00500002
3.32631e-08
0.00500005
5.91573e-08
0.0050001
8.65209e-08
0.00500015
1.08e-07
0.00500022
1.19904e-07
0.00500028
1.23231e-07
0.00500034
1.20825e-07
0.0050004
1.15187e-07
0.00500045
1.07895e-07
0.0050005
9.98304e-08
0.00500055
9.14836e-08
0.00500059
8.31529e-08
0.00500063
7.50395e-08
0.00500066
6.72857e-08
0.00500069
5.99895e-08
0.00500072
5.3213e-08
0.00500074
4.69891e-08
0.00500076
4.13275e-08
0.00500078
3.62196e-08
0.00500079
3.16443e-08
0.0050008
2.75712e-08
0.00500082
2.39647e-08
0.00500083
2.07861e-08
0.00500083
1.79958e-08
0.00500084
1.55551e-08
0.00500085
1.34265e-08
0.00500085
1.1575e-08
0.00500086
9.96821e-09
0.00500086
8.57654e-09
0.00500087
7.37323e-09
0.00500087
6.33434e-09
0.00500087
5.43855e-09
0.00500087
4.667e-09
0.00500088
4.0031e-09
0.00500088
3.43229e-09
0.00500088
2.94188e-09
0.00500088
2.52081e-09
0.00500088
2.15945e-09
0.00500088
1.8495e-09
0.00500088
1.58373e-09
0.00500088
1.35593e-09
0.00500088
1.16074e-09
0.00500088
9.93521e-10
0.00500088
8.50308e-10
0.00500088
7.27674e-10
0.00500088
6.22678e-10
0.00500089
5.32795e-10
0.00500089
4.55857e-10
0.00500089
3.9001e-10
0.00500089
3.33662e-10
0.00500089
2.85447e-10
0.00500089
2.44193e-10
0.00500089
2.08895e-10
0.00500089
1.78693e-10
0.00500089
1.52854e-10
0.00500089
1.30749e-10
0.00500089
1.1184e-10
0.00500089
9.56645e-11
0.00500089
8.18267e-11
0.00500089
6.99885e-11
0.00500089
5.9862e-11
0.00500089
5.12012e-11
0.00500089
4.3795e-11
0.00500089
3.74613e-11
0.00500089
3.20432e-11
0.00500089
2.74071e-11
0.00500089
2.34398e-11
0.00500089
2.0046e-11
0.00500089
1.71444e-11
0.00500089
1.46646e-11
0.00500089
1.25452e-11
0.00500089
1.07322e-11
0.00500089
9.17985e-12
0.00500089
7.84992e-12
0.00500089
6.71104e-12
0.00500089
5.73711e-12
0.00500089
4.90548e-12
0.00500089
4.19596e-12
0.00500089
3.59026e-12
0.00500089
3.07241e-12
0.00500089
2.62892e-12
0.00500089
2.24903e-12
0.00500089
1.92381e-12
0.00500089
1.64593e-12
0.00500089
1.40871e-12
0.00500089
1.20599e-12
0.00500089
1.03229e-12
0.00500089
8.83007e-13
0.00500089
7.54689e-13
0.00500089
6.44742e-13
0.00500089
5.51126e-13
0.00500089
4.71718e-13
0.00500089
4.04381e-13
0.00500089
3.46878e-13
0.00500089
2.97245e-13
0.00500089
2.54127e-13
0.00500089
2.16616e-13
0.00500089
1.84464e-13
0.00500089
1.57489e-13
0.00500089
1.35283e-13
0.00500089
1.16915e-13
0.00500089
1.01248e-13
0.00500089
8.7262e-14
0.00500089
7.42232e-14
0.00500089
6.19854e-14
0.00500089
5.09151e-14
0.00500089
4.173e-14
0.00500089
3.49488e-14
0.00500089
3.04976e-14
0.00500089
2.79615e-14
0.00500089
2.63411e-14
0.00500089
2.47761e-14
0.00500089
2.25108e-14
0.00500089
1.92359e-14
0.00500089
1.53468e-14
0.00500089
1.14121e-14
0.00500089
8.12661e-15
0.00500089
5.86801e-15
0.00500089
4.75131e-15
0.00500089
4.36467e-15
0.00500089
4.26016e-15
0.00500089
3.95592e-15
0.00500089
3.17853e-15
0.00500089
1.88968e-15
0.00500089
3.36172e-16
0.00500089
-1.04779e-15
0.00500089
-1.93344e-15
0.00500089
-2.18401e-15
0.00500089
-1.65357e-15
0.00500089
-7.60912e-16
0.00500089
2.19111e-16
0.00500089
1.01964e-15
0.00500089
1.35584e-15
0.00500089
1.19762e-15
0.00500089
6.40072e-16
0.00500089
-1.33427e-16
0.00500089
-7.42883e-16
0.00500089
-1.04687e-15
0.00500089
-9.52994e-16
0.00500089
-5.2116e-16
0.00500089
2.43025e-16
0.00500089
1.16529e-15
0.00500089
2.00562e-15
0.00500089
2.64666e-15
0.00500089
2.93589e-15
0.00500089
2.98867e-15
0.00500089
2.7949e-15
0.00500089
2.4192e-15
0.00500089
2.09631e-15
0.00500089
1.62674e-15
0.00500089
1.26701e-15
0.00500089
9.9651e-16
0.00500089
7.23802e-16
0.00500089
3.9238e-16
0.00500089
-2.70328e-17
0.00500089
-4.48541e-16
0.00500089
-7.99246e-16
0.00500089
-1.20017e-15
0.00500089
-1.56508e-15
0.00500089
-1.66967e-15
0.00500089
-1.65765e-15
0.00500089
-1.47038e-15
0.00500089
-1.09976e-15
0.00500089
-6.38259e-16
0.00500089
-2.16596e-16
0.00500089
1.65825e-16
0.00500089
4.79447e-16
0.00500089
6.23299e-16
0.00500089
6.05387e-16
0.00500089
4.46092e-16
0.00500089
2.51508e-16
0.00500089
-9.6844e-17
0.00500089
-4.55826e-16
0.00500089
-6.08532e-16
0.00500089
-7.72326e-16
0.00500089
-8.05253e-16
0.00500089
-6.06651e-16
0.00500089
-3.0643e-16
0.00500089
5.87855e-17
0.00500089
3.44187e-16
0.00500089
7.04199e-16
0.00500089
1.09242e-15
0.00500089
1.28092e-15
0.00500089
1.19882e-15
0.00500089
1.00074e-15
0.00500089
7.13601e-16
0.00500089
4.47195e-16
0.00500089
-1.02842e-16
0.00500089
-6.53431e-16
0.00500089
-1.06238e-15
0.00500089
-1.62229e-15
0.00500089
-1.99265e-15
0.00500089
-2.16888e-15
0.00500089
-2.21268e-15
0.00500089
-2.33546e-15
0.00500089
-2.06158e-15
0.00500089
-1.35794e-15
0.00500089
-1.06722e-15
-5.03582e-16
0.00500001
5.82328e-09
0.00500002
1.65259e-08
0.00500005
2.93945e-08
0.0050001
4.29998e-08
0.00500015
5.36914e-08
0.00500021
5.96364e-08
0.00500027
6.13296e-08
0.00500033
6.01784e-08
0.00500039
5.74225e-08
0.00500044
5.38415e-08
0.00500049
4.98696e-08
0.00500054
4.57487e-08
0.00500058
4.16265e-08
0.00500062
3.76034e-08
0.00500065
3.37508e-08
0.00500068
3.01188e-08
0.00500071
2.67396e-08
0.00500073
2.3631e-08
0.00500075
2.0799e-08
0.00500077
1.82406e-08
0.00500079
1.5946e-08
0.0050008
1.39011e-08
0.00500081
1.20887e-08
0.00500082
1.04899e-08
0.00500083
9.08527e-09
0.00500084
7.85575e-09
0.00500085
6.78281e-09
0.00500085
5.84905e-09
0.00500086
5.0383e-09
0.00500086
4.3358e-09
0.00500086
3.72815e-09
0.00500087
3.20336e-09
0.00500087
2.75072e-09
0.00500087
2.36077e-09
0.00500087
2.02515e-09
0.00500088
1.73654e-09
0.00500088
1.48854e-09
0.00500088
1.27557e-09
0.00500088
1.09278e-09
0.00500088
9.35977e-10
0.00500088
8.01517e-10
0.00500088
6.86256e-10
0.00500088
5.87484e-10
0.00500088
5.02866e-10
0.00500088
4.3039e-10
0.00500088
3.68326e-10
0.00500088
3.15185e-10
0.00500088
2.69691e-10
0.00500089
2.3075e-10
0.00500089
1.97422e-10
0.00500089
1.68902e-10
0.00500089
1.44498e-10
0.00500089
1.23615e-10
0.00500089
1.05746e-10
0.00500089
9.04564e-11
0.00500089
7.73758e-11
0.00500089
6.61866e-11
0.00500089
5.66157e-11
0.00500089
4.8428e-11
0.00500089
4.14231e-11
0.00500089
3.543e-11
0.00500089
3.03037e-11
0.00500089
2.59199e-11
0.00500089
2.21713e-11
0.00500089
1.89652e-11
0.00500089
1.62218e-11
0.00500089
1.38739e-11
0.00500089
1.18648e-11
0.00500089
1.01469e-11
0.00500089
8.67908e-12
0.00500089
7.42499e-12
0.00500089
6.35265e-12
0.00500089
5.43431e-12
0.00500089
4.64708e-12
0.00500089
3.97241e-12
0.00500089
3.39535e-12
0.00500089
2.90305e-12
0.00500089
2.48366e-12
0.00500089
2.12611e-12
0.00500089
1.82033e-12
0.00500089
1.55792e-12
0.00500089
1.33221e-12
0.00500089
1.13844e-12
0.00500089
9.72771e-13
0.00500089
8.31825e-13
0.00500089
7.12065e-13
0.00500089
6.10006e-13
0.00500089
5.22501e-13
0.00500089
4.46976e-13
0.00500089
3.81838e-13
0.00500089
3.25953e-13
0.00500089
2.78445e-13
0.00500089
2.38331e-13
0.00500089
2.04441e-13
0.00500089
1.75428e-13
0.00500089
1.50223e-13
0.00500089
1.28144e-13
0.00500089
1.08949e-13
0.00500089
9.27088e-14
0.00500089
7.93438e-14
0.00500089
6.84636e-14
0.00500089
5.94027e-14
0.00500089
5.14789e-14
0.00500089
4.40915e-14
0.00500089
3.69077e-14
0.00500089
3.0237e-14
0.00500089
2.45544e-14
0.00500089
2.02849e-14
0.00500089
1.77001e-14
0.00500089
1.64399e-14
0.00500089
1.59845e-14
0.00500089
1.5373e-14
0.00500089
1.4038e-14
0.00500089
1.1782e-14
0.00500089
8.71519e-15
0.00500089
5.52779e-15
0.00500089
2.86752e-15
0.00500089
1.34983e-15
0.00500089
1.08251e-15
0.00500089
1.98458e-15
0.00500089
3.13492e-15
0.00500089
4.0793e-15
0.00500089
4.30564e-15
0.00500089
3.66133e-15
0.00500089
2.36418e-15
0.00500089
7.15983e-16
0.00500089
-6.62518e-16
0.00500089
-1.48966e-15
0.00500089
-1.46028e-15
0.00500089
-8.02969e-16
0.00500089
2.62633e-16
0.00500089
1.38769e-15
0.00500089
2.1224e-15
0.00500089
2.23153e-15
0.00500089
1.74268e-15
0.00500089
8.90626e-16
0.00500089
-1.02579e-16
0.00500089
-9.33981e-16
0.00500089
-1.35251e-15
0.00500089
-1.27065e-15
0.00500089
-7.69554e-16
0.00500089
8.00942e-17
0.00500089
9.94216e-16
0.00500089
1.69506e-15
0.00500089
2.09908e-15
0.00500089
2.03066e-15
0.00500089
1.66056e-15
0.00500089
1.06944e-15
0.00500089
2.76234e-16
0.00500089
-4.39083e-16
0.00500089
-1.10006e-15
0.00500089
-1.45438e-15
0.00500089
-1.54214e-15
0.00500089
-1.49201e-15
0.00500089
-1.3182e-15
0.00500089
-1.00112e-15
0.00500089
-7.40977e-16
0.00500089
-4.68429e-16
0.00500089
-2.15567e-16
0.00500089
-4.70219e-17
0.00500089
2.29577e-16
0.00500089
4.68756e-16
0.00500089
6.46914e-16
0.00500089
9.23587e-16
0.00500089
1.178e-15
0.00500089
1.24341e-15
0.00500089
1.27828e-15
0.00500089
1.20101e-15
0.00500089
9.44818e-16
0.00500089
5.81892e-16
0.00500089
1.60405e-16
0.00500089
-2.63842e-16
0.00500089
-6.81024e-16
0.00500089
-1.04883e-15
0.00500089
-1.20777e-15
0.00500089
-1.2192e-15
0.00500089
-1.14805e-15
0.00500089
-8.84107e-16
0.00500089
-4.61276e-16
0.00500089
1.72449e-17
0.00500089
5.01192e-16
0.00500089
8.92123e-16
0.00500089
1.25434e-15
0.00500089
1.49707e-15
0.00500089
1.55567e-15
0.00500089
1.33176e-15
0.00500089
8.42641e-16
0.00500089
5.01395e-16
0.00500089
7.82003e-17
0.00500089
-7.40672e-16
0.00500089
-1.25769e-15
0.00500089
-1.66597e-15
0.00500089
-2.37562e-15
0.00500089
-2.47403e-15
0.00500089
-2.20194e-15
0.00500089
-2.31868e-15
0.00500089
-2.35925e-15
0.00500089
-1.66483e-15
0.00500089
-1.08349e-15
-5.28008e-16
0.00500001
0.00500002
0.00500005
0.00500009
0.00500015
0.00500021
0.00500027
0.00500033
0.00500039
0.00500044
0.00500049
0.00500054
0.00500058
0.00500062
0.00500065
0.00500068
0.00500071
0.00500073
0.00500075
0.00500077
0.00500078
0.0050008
0.00500081
0.00500082
0.00500083
0.00500084
0.00500085
0.00500085
0.00500086
0.00500086
0.00500086
0.00500087
0.00500087
0.00500087
0.00500087
0.00500088
0.00500088
0.00500088
0.00500088
0.00500088
0.00500088
0.00500088
0.00500088
0.00500088
0.00500088
0.00500088
0.00500088
0.00500088
0.00500089
0.00500089
0.00500089
0.00500089
0.00500089
0.00500089
0.00500089
0.00500089
0.00500089
0.00500089
0.00500089
0.00500089
0.00500089
0.00500089
0.00500089
0.00500089
0.00500089
0.00500089
0.00500089
0.00500089
0.00500089
0.00500089
0.00500089
0.00500089
0.00500089
0.00500089
0.00500089
0.00500089
0.00500089
0.00500089
0.00500089
0.00500089
0.00500089
0.00500089
0.00500089
0.00500089
0.00500089
0.00500089
0.00500089
0.00500089
0.00500089
0.00500089
0.00500089
0.00500089
0.00500089
0.00500089
0.00500089
0.00500089
0.00500089
0.00500089
0.00500089
0.00500089
0.00500089
0.00500089
0.00500089
0.00500089
0.00500089
0.00500089
0.00500089
0.00500089
0.00500089
0.00500089
0.00500089
0.00500089
0.00500089
0.00500089
0.00500089
0.00500089
0.00500089
0.00500089
0.00500089
0.00500089
0.00500089
0.00500089
0.00500089
0.00500089
0.00500089
0.00500089
0.00500089
0.00500089
0.00500089
0.00500089
0.00500089
0.00500089
0.00500089
0.00500089
0.00500089
0.00500089
0.00500089
0.00500089
0.00500089
0.00500089
0.00500089
0.00500089
0.00500089
0.00500089
0.00500089
0.00500089
0.00500089
0.00500089
0.00500089
0.00500089
0.00500089
0.00500089
0.00500089
0.00500089
0.00500089
0.00500089
0.00500089
0.00500089
0.00500089
0.00500089
0.00500089
0.00500089
0.00500089
0.00500089
0.00500089
0.00500089
0.00500089
0.00500089
0.00500089
0.00500089
0.00500089
0.00500089
0.00500089
0.00500089
0.00500089
0.00500089
0.00500089
0.00500089
0.00500089
0.00500089
0.00500089
0.00500089
0.00500089
0.00500089
0.00500089
0.00500089
0.00500089
0.00500089
0.00500089
0.00500089
0.00500089
0.00500089
0.00500089
0.00500089
0.00500089
0.00500089
0.00500089
0.00500089
0.00500089
)
;

boundaryField
{
    inlet
    {
        type            calculated;
        value           nonuniform List<scalar> 
20
(
-0.005
-0.005
-0.005
-0.005
-0.005
-0.005
-0.005
-0.005
-0.005
-0.005
-0.005
-0.005
-0.005
-0.005
-0.005
-0.005
-0.005
-0.005
-0.005
-0.005
)
;
    }
    outlet
    {
        type            calculated;
        value           nonuniform List<scalar> 
20
(
0.00498317
0.00500087
0.00500089
0.00500089
0.00500089
0.00500089
0.00500089
0.00500089
0.00500089
0.00500089
0.00500089
0.00500089
0.00500089
0.00500089
0.00500089
0.00500089
0.00500089
0.00500089
0.00500089
0.00500089
)
;
    }
    top
    {
        type            calculated;
        value           uniform 0;
    }
    bottom
    {
        type            calculated;
        value           uniform 0;
    }
    frontAndBack
    {
        type            empty;
    }
}


// ************************************************************************* //
