/*--------------------------------*- C++ -*----------------------------------*\
  =========                 |
  \\      /  F ield         | OpenFOAM: The Open Source CFD Toolbox
   \\    /   O peration     | Website:  https://openfoam.org
    \\  /    A nd           | Version:  dev
     \\/     M anipulation  |
\*---------------------------------------------------------------------------*/
FoamFile
{
    format      ascii;
    class       volVectorField;
    location    "0.3";
    object      U;
}
// * * * * * * * * * * * * * * * * * * * * * * * * * * * * * * * * * * * * * //

dimensions      [0 1 -1 0 0 0 0];

internalField   nonuniform List<vector> 
4000
(
(0.999701 0.000135261 0)
(0.999414 0.000345316 0)
(0.999172 0.000455707 0)
(0.998746 0.000452786 0)
(0.998167 0.000397086 0)
(0.997672 0.000315193 0)
(0.997343 0.000221608 0)
(0.997128 0.000140719 0)
(0.996982 8.5169e-05 0)
(0.996885 5.15858e-05 0)
(0.996822 3.21505e-05 0)
(0.99678 2.09572e-05 0)
(0.996749 1.44073e-05 0)
(0.996727 1.0419e-05 0)
(0.99671 7.84983e-06 0)
(0.996697 6.09782e-06 0)
(0.996686 4.843e-06 0)
(0.996677 3.9084e-06 0)
(0.99667 3.19118e-06 0)
(0.996665 2.62838e-06 0)
(0.99666 2.17934e-06 0)
(0.996656 1.81652e-06 0)
(0.996653 1.52048e-06 0)
(0.99665 1.27704e-06 0)
(0.996648 1.0756e-06 0)
(0.996646 9.08056e-07 0)
(0.996644 7.6811e-07 0)
(0.996643 6.50801e-07 0)
(0.996641 5.52173e-07 0)
(0.99664 4.69042e-07 0)
(0.996639 3.98824e-07 0)
(0.996639 3.39405e-07 0)
(0.996638 2.89048e-07 0)
(0.996638 2.46312e-07 0)
(0.996637 2.10006e-07 0)
(0.996637 1.79132e-07 0)
(0.996636 1.52855e-07 0)
(0.996636 1.30476e-07 0)
(0.996636 1.11404e-07 0)
(0.996636 9.51436e-08 0)
(0.996635 8.12735e-08 0)
(0.996635 6.94375e-08 0)
(0.996635 5.93339e-08 0)
(0.996635 5.07072e-08 0)
(0.996635 4.33401e-08 0)
(0.996635 3.70471e-08 0)
(0.996635 3.16702e-08 0)
(0.996635 2.70752e-08 0)
(0.996635 2.31483e-08 0)
(0.996635 1.97922e-08 0)
(0.996635 1.69238e-08 0)
(0.996635 1.44716e-08 0)
(0.996635 1.23748e-08 0)
(0.996635 1.0582e-08 0)
(0.996635 9.04924e-09 0)
(0.996635 7.73893e-09 0)
(0.996635 6.61857e-09 0)
(0.996635 5.66036e-09 0)
(0.996635 4.84079e-09 0)
(0.996635 4.13993e-09 0)
(0.996635 3.54067e-09 0)
(0.996634 3.02821e-09 0)
(0.996634 2.58982e-09 0)
(0.996634 2.21478e-09 0)
(0.996634 1.8941e-09 0)
(0.996634 1.62005e-09 0)
(0.996634 1.38586e-09 0)
(0.996634 1.18555e-09 0)
(0.996634 1.01399e-09 0)
(0.996634 8.6703e-10 0)
(0.996634 7.4135e-10 0)
(0.996634 6.34071e-10 0)
(0.996634 5.42545e-10 0)
(0.996634 4.64315e-10 0)
(0.996634 3.9721e-10 0)
(0.996634 3.39519e-10 0)
(0.996634 2.90036e-10 0)
(0.996634 2.4784e-10 0)
(0.996634 2.12039e-10 0)
(0.996634 1.81663e-10 0)
(0.996634 1.55712e-10 0)
(0.996634 1.33303e-10 0)
(0.996634 1.13851e-10 0)
(0.996634 9.70648e-11 0)
(0.996634 8.2752e-11 0)
(0.996634 7.07123e-11 0)
(0.996634 6.06275e-11 0)
(0.996634 5.21039e-11 0)
(0.996634 4.47599e-11 0)
(0.996634 3.83183e-11 0)
(0.996634 3.26678e-11 0)
(0.996634 2.77911e-11 0)
(0.996634 2.36855e-11 0)
(0.996634 2.03009e-11 0)
(0.996634 1.75016e-11 0)
(0.996634 1.51095e-11 0)
(0.996634 1.29749e-11 0)
(0.996634 1.10312e-11 0)
(0.996634 9.2867e-12 0)
(0.996634 7.79036e-12 0)
(0.996634 6.59021e-12 0)
(0.996634 5.6758e-12 0)
(0.996634 4.99059e-12 0)
(0.996634 4.45575e-12 0)
(0.996634 3.96481e-12 0)
(0.996634 3.46146e-12 0)
(0.996634 2.94039e-12 0)
(0.996634 2.41971e-12 0)
(0.996634 1.9444e-12 0)
(0.996634 1.56386e-12 0)
(0.996634 1.30611e-12 0)
(0.996634 1.15409e-12 0)
(0.996634 1.0817e-12 0)
(0.996634 1.05419e-12 0)
(0.996634 1.00664e-12 0)
(0.996634 9.10941e-13 0)
(0.996634 7.60737e-13 0)
(0.996634 5.57854e-13 0)
(0.996634 3.36929e-13 0)
(0.996634 1.51535e-13 0)
(0.996634 2.93851e-14 0)
(0.996634 -3.00177e-14 0)
(0.996634 -1.06718e-14 0)
(0.996634 4.75082e-14 0)
(0.996634 1.02914e-13 0)
(0.996634 1.38931e-13 0)
(0.996634 1.09686e-13 0)
(0.996634 5.61207e-14 0)
(0.996634 -1.87954e-14 0)
(0.996634 -9.19317e-14 0)
(0.996634 -1.20578e-13 0)
(0.996634 -1.15338e-13 0)
(0.996634 -7.15922e-14 0)
(0.996634 -1.55088e-15 0)
(0.996634 6.05059e-14 0)
(0.996634 8.8579e-14 0)
(0.996634 7.41227e-14 0)
(0.996634 2.7742e-14 0)
(0.996634 -4.24295e-14 0)
(0.996634 -1.10973e-13 0)
(0.996634 -1.62903e-13 0)
(0.996634 -1.46115e-13 0)
(0.996634 -7.7735e-14 0)
(0.996634 8.92888e-15 0)
(0.996634 1.096e-13 0)
(0.996634 1.90019e-13 0)
(0.996634 2.21872e-13 0)
(0.996634 2.18261e-13 0)
(0.996634 1.64387e-13 0)
(0.996634 6.25796e-14 0)
(0.996634 -4.94223e-14 0)
(0.996634 -1.3304e-13 0)
(0.996634 -1.65452e-13 0)
(0.996634 -1.41057e-13 0)
(0.996634 -6.06158e-14 0)
(0.996634 6.25074e-14 0)
(0.996634 2.04168e-13 0)
(0.996634 3.2741e-13 0)
(0.996634 4.06332e-13 0)
(0.996634 4.30889e-13 0)
(0.996634 3.93385e-13 0)
(0.996634 3.05931e-13 0)
(0.996634 1.62185e-13 0)
(0.996634 1.17633e-15 0)
(0.996634 -1.52207e-13 0)
(0.996634 -2.74846e-13 0)
(0.996634 -3.47678e-13 0)
(0.996634 -3.81812e-13 0)
(0.996634 -3.63433e-13 0)
(0.996634 -3.18847e-13 0)
(0.996634 -2.42262e-13 0)
(0.996634 -1.31493e-13 0)
(0.996634 -2.95934e-14 0)
(0.996634 4.85546e-14 0)
(0.996634 1.02158e-13 0)
(0.996634 1.14923e-13 0)
(0.996634 9.78171e-14 0)
(0.996634 8.39896e-14 0)
(0.996634 5.1047e-14 0)
(0.996634 -5.05385e-15 0)
(0.996634 -4.28559e-14 0)
(0.996634 -7.08043e-14 0)
(0.996634 -8.20556e-14 0)
(0.996634 -5.81814e-14 0)
(0.996634 -2.14989e-14 0)
(0.996634 1.68273e-14 0)
(0.996634 4.50765e-14 0)
(0.996634 1.0274e-13 0)
(0.996634 1.90291e-13 0)
(0.996634 2.56627e-13 0)
(0.996634 2.87945e-13 0)
(0.996634 3.12251e-13 0)
(0.996634 3.09258e-13 0)
(0.996634 2.82748e-13 0)
(0.996634 2.49972e-13 0)
(0.996634 1.99588e-13 0)
(0.996634 9.22006e-14 0)
(0.996634 3.77884e-14 0)
(0.996634 -5.13713e-15 0)
(0.996634 -3.09251e-14 0)
(1 0.000163993 0)
(1.00006 0.000418211 0)
(1.00022 0.000560023 0)
(1.00039 0.000568124 0)
(1.00046 0.000515617 0)
(1.00047 0.000431542 0)
(1.00046 0.000325624 0)
(1.00043 0.000225729 0)
(1.0004 0.000151438 0)
(1.00036 0.000102501 0)
(1.00033 7.11656e-05 0)
(1.0003 5.09253e-05 0)
(1.00028 3.76027e-05 0)
(1.00026 2.85703e-05 0)
(1.00025 2.22211e-05 0)
(1.00023 1.76023e-05 0)
(1.00022 1.41447e-05 0)
(1.00022 1.14949e-05 0)
(1.00021 9.42505e-06 0)
(1.0002 7.78324e-06 0)
(1.0002 6.46457e-06 0)
(1.0002 5.39464e-06 0)
(1.00019 4.51926e-06 0)
(1.00019 3.79808e-06 0)
(1.00019 3.20053e-06 0)
(1.00019 2.70304e-06 0)
(1.00018 2.28717e-06 0)
(1.00018 1.93837e-06 0)
(1.00018 1.64496e-06 0)
(1.00018 1.39755e-06 0)
(1.00018 1.18851e-06 0)
(1.00018 1.01157e-06 0)
(1.00018 8.61569e-07 0)
(1.00018 7.34253e-07 0)
(1.00018 6.26072e-07 0)
(1.00018 5.34065e-07 0)
(1.00018 4.55749e-07 0)
(1.00018 3.89041e-07 0)
(1.00018 3.32189e-07 0)
(1.00018 2.83712e-07 0)
(1.00018 2.42359e-07 0)
(1.00018 2.07069e-07 0)
(1.00017 1.76943e-07 0)
(1.00017 1.51221e-07 0)
(1.00017 1.29252e-07 0)
(1.00017 1.10485e-07 0)
(1.00017 9.44504e-08 0)
(1.00017 8.07477e-08 0)
(1.00017 6.90374e-08 0)
(1.00017 5.90291e-08 0)
(1.00017 5.04741e-08 0)
(1.00017 4.31602e-08 0)
(1.00017 3.69068e-08 0)
(1.00017 3.15604e-08 0)
(1.00017 2.69896e-08 0)
(1.00017 2.30817e-08 0)
(1.00017 1.974e-08 0)
(1.00017 1.6882e-08 0)
(1.00017 1.44375e-08 0)
(1.00017 1.23471e-08 0)
(1.00017 1.05597e-08 0)
(1.00017 9.03116e-09 0)
(1.00017 7.72385e-09 0)
(1.00017 6.60571e-09 0)
(1.00017 5.64964e-09 0)
(1.00017 4.83236e-09 0)
(1.00017 4.13356e-09 0)
(1.00017 3.53573e-09 0)
(1.00017 3.024e-09 0)
(1.00017 2.58602e-09 0)
(1.00017 2.21152e-09 0)
(1.00017 1.89162e-09 0)
(1.00017 1.61828e-09 0)
(1.00017 1.38437e-09 0)
(1.00017 1.1839e-09 0)
(1.00017 1.01207e-09 0)
(1.00017 8.65142e-10 0)
(1.00017 7.399e-10 0)
(1.00017 6.33263e-10 0)
(1.00017 5.42226e-10 0)
(1.00017 4.64072e-10 0)
(1.00017 3.96711e-10 0)
(1.00017 3.38672e-10 0)
(1.00017 2.89016e-10 0)
(1.00017 2.46896e-10 0)
(1.00017 2.11369e-10 0)
(1.00017 1.81329e-10 0)
(1.00017 1.5563e-10 0)
(1.00017 1.33383e-10 0)
(1.00017 1.14e-10 0)
(1.00017 9.7227e-11 0)
(1.00017 8.29184e-11 0)
(1.00017 7.08692e-11 0)
(1.00017 6.07638e-11 0)
(1.00017 5.21811e-11 0)
(1.00017 4.47419e-11 0)
(1.00017 3.81821e-11 0)
(1.00017 3.24191e-11 0)
(1.00017 2.74764e-11 0)
(1.00017 2.33894e-11 0)
(1.00017 2.01334e-11 0)
(1.00017 1.75546e-11 0)
(1.00017 1.54221e-11 0)
(1.00017 1.35309e-11 0)
(1.00017 1.17374e-11 0)
(1.00017 1.00146e-11 0)
(1.00017 8.41011e-12 0)
(1.00017 6.99438e-12 0)
(1.00017 5.85508e-12 0)
(1.00017 5.01241e-12 0)
(1.00017 4.42413e-12 0)
(1.00017 4.00758e-12 0)
(1.00017 3.62833e-12 0)
(1.00017 3.23258e-12 0)
(1.00017 2.76321e-12 0)
(1.00017 2.21595e-12 0)
(1.00017 1.62818e-12 0)
(1.00017 1.06223e-12 0)
(1.00017 6.03882e-13 0)
(1.00017 2.76661e-13 0)
(1.00017 1.34242e-13 0)
(1.00017 1.3577e-13 0)
(1.00017 2.28988e-13 0)
(1.00017 3.7069e-13 0)
(1.00017 4.65001e-13 0)
(1.00017 4.92896e-13 0)
(1.00017 4.16321e-13 0)
(1.00017 2.70713e-13 0)
(1.00017 9.85098e-14 0)
(1.00017 -7.80256e-14 0)
(1.00017 -1.9592e-13 0)
(1.00017 -2.4762e-13 0)
(1.00017 -2.38053e-13 0)
(1.00017 -1.89776e-13 0)
(1.00017 -1.28496e-13 0)
(1.00017 -1.10932e-13 0)
(1.00017 -1.21412e-13 0)
(1.00017 -1.71184e-13 0)
(1.00017 -2.22462e-13 0)
(1.00017 -2.27063e-13 0)
(1.00017 -1.85863e-13 0)
(1.00017 -7.99223e-14 0)
(1.00017 7.97905e-14 0)
(1.00017 2.58861e-13 0)
(1.00017 4.08029e-13 0)
(1.00017 5.17292e-13 0)
(1.00017 5.52867e-13 0)
(1.00017 5.11469e-13 0)
(1.00017 4.04581e-13 0)
(1.00017 2.59055e-13 0)
(1.00017 1.34925e-13 0)
(1.00017 5.46661e-14 0)
(1.00017 5.10782e-14 0)
(1.00017 1.11249e-13 0)
(1.00017 2.27733e-13 0)
(1.00017 3.60416e-13 0)
(1.00017 4.65828e-13 0)
(1.00017 5.26824e-13 0)
(1.00017 5.1682e-13 0)
(1.00017 4.25663e-13 0)
(1.00017 2.58169e-13 0)
(1.00017 3.58726e-14 0)
(1.00017 -2.1544e-13 0)
(1.00017 -4.45216e-13 0)
(1.00017 -6.12505e-13 0)
(1.00017 -7.15396e-13 0)
(1.00017 -7.28495e-13 0)
(1.00017 -6.80145e-13 0)
(1.00017 -5.61464e-13 0)
(1.00017 -3.88635e-13 0)
(1.00017 -1.93256e-13 0)
(1.00017 -1.41809e-15 0)
(1.00017 1.55147e-13 0)
(1.00017 2.55607e-13 0)
(1.00017 2.8414e-13 0)
(1.00017 2.90131e-13 0)
(1.00017 2.62371e-13 0)
(1.00017 1.79016e-13 0)
(1.00017 7.80706e-14 0)
(1.00017 -3.96051e-14 0)
(1.00017 -1.29335e-13 0)
(1.00017 -1.67696e-13 0)
(1.00017 -1.87544e-13 0)
(1.00017 -1.80829e-13 0)
(1.00017 -1.45689e-13 0)
(1.00017 -8.07482e-14 0)
(1.00017 -5.89123e-15 0)
(1.00017 8.66999e-14 0)
(1.00017 1.77048e-13 0)
(1.00017 2.59043e-13 0)
(1.00017 2.85719e-13 0)
(1.00017 3.09397e-13 0)
(1.00017 3.26212e-13 0)
(1.00017 3.26192e-13 0)
(1.00017 2.9943e-13 0)
(1.00017 1.94357e-13 0)
(1.00017 9.73314e-14 0)
(1.00017 6.11587e-14 0)
(1.00017 -3.73036e-14 0)
(1.00017 -4.85277e-14 0)
(1 6.52259e-05 0)
(1.00003 0.000181241 0)
(1.00013 0.00028836 0)
(1.00027 0.000341918 0)
(1.00036 0.000346836 0)
(1.00039 0.000322122 0)
(1.0004 0.000275219 0)
(1.00039 0.000218479 0)
(1.00036 0.000166417 0)
(1.00034 0.000125359 0)
(1.00031 9.47706e-05 0)
(1.00029 7.23085e-05 0)
(1.00027 5.58597e-05 0)
(1.00025 4.37494e-05 0)
(1.00024 3.47168e-05 0)
(1.00023 2.78707e-05 0)
(1.00022 2.25992e-05 0)
(1.00022 1.84806e-05 0)
(1.00021 1.52205e-05 0)
(1.0002 1.26101e-05 0)
(1.0002 1.04994e-05 0)
(1.0002 8.77819e-06 0)
(1.00019 7.36465e-06 0)
(1.00019 6.19671e-06 0)
(1.00019 5.22677e-06 0)
(1.00019 4.41775e-06 0)
(1.00019 3.74047e-06 0)
(1.00018 3.17171e-06 0)
(1.00018 2.69281e-06 0)
(1.00018 2.28865e-06 0)
(1.00018 1.94693e-06 0)
(1.00018 1.65751e-06 0)
(1.00018 1.41204e-06 0)
(1.00018 1.20361e-06 0)
(1.00018 1.02644e-06 0)
(1.00018 8.75716e-07 0)
(1.00018 7.47386e-07 0)
(1.00018 6.38055e-07 0)
(1.00018 5.4486e-07 0)
(1.00018 4.65382e-07 0)
(1.00018 3.97573e-07 0)
(1.00018 3.397e-07 0)
(1.00018 2.90293e-07 0)
(1.00018 2.48102e-07 0)
(1.00018 2.12066e-07 0)
(1.00018 1.81279e-07 0)
(1.00018 1.54973e-07 0)
(1.00018 1.32494e-07 0)
(1.00018 1.13282e-07 0)
(1.00018 9.6861e-08 0)
(1.00018 8.28235e-08 0)
(1.00018 7.08223e-08 0)
(1.00018 6.05618e-08 0)
(1.00018 5.17898e-08 0)
(1.00018 4.429e-08 0)
(1.00018 3.78773e-08 0)
(1.00018 3.23932e-08 0)
(1.00018 2.77029e-08 0)
(1.00018 2.36916e-08 0)
(1.00018 2.02615e-08 0)
(1.00018 1.73284e-08 0)
(1.00018 1.48201e-08 0)
(1.00018 1.2675e-08 0)
(1.00018 1.08406e-08 0)
(1.00018 9.27192e-09 0)
(1.00018 7.93057e-09 0)
(1.00018 6.78334e-09 0)
(1.00018 5.80185e-09 0)
(1.00018 4.96209e-09 0)
(1.00018 4.2438e-09 0)
(1.00018 3.62968e-09 0)
(1.00018 3.10466e-09 0)
(1.00018 2.65556e-09 0)
(1.00018 2.27111e-09 0)
(1.00018 1.942e-09 0)
(1.00018 1.66055e-09 0)
(1.00018 1.42025e-09 0)
(1.00018 1.21521e-09 0)
(1.00018 1.04002e-09 0)
(1.00018 8.89871e-10 0)
(1.00018 7.60797e-10 0)
(1.00018 6.49887e-10 0)
(1.00018 5.54951e-10 0)
(1.00018 4.74174e-10 0)
(1.00018 4.05729e-10 0)
(1.00018 3.47673e-10 0)
(1.00018 2.98114e-10 0)
(1.00018 2.55441e-10 0)
(1.00018 2.1852e-10 0)
(1.00018 1.86641e-10 0)
(1.00018 1.59357e-10 0)
(1.00018 1.36203e-10 0)
(1.00018 1.16612e-10 0)
(1.00018 9.99284e-11 0)
(1.00018 8.55187e-11 0)
(1.00018 7.29707e-11 0)
(1.00018 6.20641e-11 0)
(1.00018 5.27669e-11 0)
(1.00018 4.50547e-11 0)
(1.00018 3.87983e-11 0)
(1.00018 3.37306e-11 0)
(1.00018 2.94913e-11 0)
(1.00018 2.57466e-11 0)
(1.00018 2.22713e-11 0)
(1.00018 1.8997e-11 0)
(1.00018 1.6006e-11 0)
(1.00018 1.34274e-11 0)
(1.00018 1.13708e-11 0)
(1.00018 9.84375e-12 0)
(1.00018 8.74007e-12 0)
(1.00018 7.87851e-12 0)
(1.00018 7.08306e-12 0)
(1.00018 6.21073e-12 0)
(1.00018 5.21396e-12 0)
(1.00018 4.11813e-12 0)
(1.00018 3.0168e-12 0)
(1.00018 2.03051e-12 0)
(1.00018 1.2337e-12 0)
(1.00018 7.10154e-13 0)
(1.00018 4.2762e-13 0)
(1.00018 3.70461e-13 0)
(1.00018 4.65837e-13 0)
(1.00018 6.02921e-13 0)
(1.00018 7.49432e-13 0)
(1.00018 8.06045e-13 0)
(1.00018 7.78417e-13 0)
(1.00018 6.65691e-13 0)
(1.00018 4.61671e-13 0)
(1.00018 2.23596e-13 0)
(1.00018 -1.70727e-14 0)
(1.00018 -2.38031e-13 0)
(1.00018 -3.99984e-13 0)
(1.00018 -4.98242e-13 0)
(1.00018 -5.50504e-13 0)
(1.00018 -5.57344e-13 0)
(1.00018 -5.51056e-13 0)
(1.00018 -5.03633e-13 0)
(1.00018 -4.33332e-13 0)
(1.00018 -3.1484e-13 0)
(1.00018 -1.56974e-13 0)
(1.00018 3.94657e-14 0)
(1.00018 2.39045e-13 0)
(1.00018 4.05616e-13 0)
(1.00018 5.48413e-13 0)
(1.00018 6.31715e-13 0)
(1.00018 6.78258e-13 0)
(1.00018 6.80002e-13 0)
(1.00018 6.33154e-13 0)
(1.00018 5.84599e-13 0)
(1.00018 5.52593e-13 0)
(1.00018 5.71002e-13 0)
(1.00018 6.25613e-13 0)
(1.00018 7.09292e-13 0)
(1.00018 7.8405e-13 0)
(1.00018 8.1792e-13 0)
(1.00018 7.93741e-13 0)
(1.00018 6.83016e-13 0)
(1.00018 4.99409e-13 0)
(1.00018 2.56502e-13 0)
(1.00018 -5.05177e-14 0)
(1.00018 -3.71425e-13 0)
(1.00018 -6.85282e-13 0)
(1.00018 -9.25177e-13 0)
(1.00018 -1.06765e-12 0)
(1.00018 -1.10742e-12 0)
(1.00018 -1.03982e-12 0)
(1.00018 -9.10537e-13 0)
(1.00018 -7.07481e-13 0)
(1.00018 -4.56022e-13 0)
(1.00018 -1.8445e-13 0)
(1.00018 7.1177e-14 0)
(1.00018 2.49751e-13 0)
(1.00018 3.71158e-13 0)
(1.00018 4.33728e-13 0)
(1.00018 4.26283e-13 0)
(1.00018 3.92398e-13 0)
(1.00018 3.22974e-13 0)
(1.00018 2.01458e-13 0)
(1.00018 6.7723e-14 0)
(1.00018 -5.3006e-14 0)
(1.00018 -1.26438e-13 0)
(1.00018 -1.66386e-13 0)
(1.00018 -2.02025e-13 0)
(1.00018 -2.26553e-13 0)
(1.00018 -2.17843e-13 0)
(1.00018 -1.42984e-13 0)
(1.00018 -4.85616e-14 0)
(1.00018 9.15226e-15 0)
(1.00018 1.98255e-14 0)
(1.00018 7.21242e-14 0)
(1.00018 1.52996e-13 0)
(1.00018 1.92646e-13 0)
(1.00018 1.68161e-13 0)
(1.00018 1.06234e-13 0)
(1.00018 1.03757e-13 0)
(1.00018 7.79015e-14 0)
(1.00018 9.07483e-14 0)
(1.00018 8.47258e-14 0)
(1.00018 1.17418e-14 0)
(1.00018 3.16178e-14 0)
(1 5.91923e-05 0)
(1.00003 0.000169692 0)
(1.00008 0.000285829 0)
(1.00016 0.000359283 0)
(1.00023 0.000373941 0)
(1.00027 0.000349125 0)
(1.00029 0.000301765 0)
(1.0003 0.000245209 0)
(1.0003 0.000191851 0)
(1.00029 0.000148186 0)
(1.00028 0.000114675 0)
(1.00027 8.94253e-05 0)
(1.00025 7.04247e-05 0)
(1.00024 5.60462e-05 0)
(1.00023 4.50521e-05 0)
(1.00022 3.65408e-05 0)
(1.00022 2.98699e-05 0)
(1.00021 2.45818e-05 0)
(1.00021 2.03466e-05 0)
(1.0002 1.69237e-05 0)
(1.0002 1.41351e-05 0)
(1.0002 1.18476e-05 0)
(1.00019 9.95996e-06 0)
(1.00019 8.39427e-06 0)
(1.00019 7.08993e-06 0)
(1.00019 5.9992e-06 0)
(1.00019 5.08417e-06 0)
(1.00018 4.31441e-06 0)
(1.00018 3.66534e-06 0)
(1.00018 3.11691e-06 0)
(1.00018 2.65272e-06 0)
(1.00018 2.25926e-06 0)
(1.00018 1.92531e-06 0)
(1.00018 1.64157e-06 0)
(1.00018 1.40027e-06 0)
(1.00018 1.19489e-06 0)
(1.00018 1.01996e-06 0)
(1.00018 8.70886e-07 0)
(1.00018 7.43778e-07 0)
(1.00018 6.35352e-07 0)
(1.00018 5.42828e-07 0)
(1.00018 4.63847e-07 0)
(1.00018 3.9641e-07 0)
(1.00018 3.38816e-07 0)
(1.00018 2.89617e-07 0)
(1.00018 2.47582e-07 0)
(1.00018 2.11663e-07 0)
(1.00018 1.80967e-07 0)
(1.00018 1.54731e-07 0)
(1.00018 1.32304e-07 0)
(1.00018 1.13132e-07 0)
(1.00018 9.67408e-08 0)
(1.00018 8.27271e-08 0)
(1.00018 7.07459e-08 0)
(1.00018 6.05017e-08 0)
(1.00018 5.17416e-08 0)
(1.00018 4.42499e-08 0)
(1.00018 3.78429e-08 0)
(1.00018 3.23638e-08 0)
(1.00018 2.76787e-08 0)
(1.00018 2.36723e-08 0)
(1.00018 2.02461e-08 0)
(1.00018 1.73158e-08 0)
(1.00018 1.48097e-08 0)
(1.00018 1.26666e-08 0)
(1.00018 1.08338e-08 0)
(1.00018 9.26629e-09 0)
(1.00018 7.9254e-09 0)
(1.00018 6.77841e-09 0)
(1.00018 5.79744e-09 0)
(1.00018 4.95859e-09 0)
(1.00018 4.24119e-09 0)
(1.00018 3.62739e-09 0)
(1.00018 3.10216e-09 0)
(1.00018 2.65286e-09 0)
(1.00018 2.26885e-09 0)
(1.00018 1.94086e-09 0)
(1.00018 1.66061e-09 0)
(1.00018 1.42077e-09 0)
(1.00018 1.21509e-09 0)
(1.00018 1.03858e-09 0)
(1.00018 8.87337e-10 0)
(1.00018 7.58243e-10 0)
(1.00018 6.48429e-10 0)
(1.00018 5.55098e-10 0)
(1.00018 4.75553e-10 0)
(1.00018 4.07353e-10 0)
(1.00018 3.48634e-10 0)
(1.00018 2.98036e-10 0)
(1.00018 2.54624e-10 0)
(1.00018 2.17629e-10 0)
(1.00018 1.86213e-10 0)
(1.00018 1.59477e-10 0)
(1.00018 1.36535e-10 0)
(1.00018 1.16666e-10 0)
(1.00018 9.94395e-11 0)
(1.00018 8.46437e-11 0)
(1.00018 7.21801e-11 0)
(1.00018 6.18901e-11 0)
(1.00018 5.34703e-11 0)
(1.00018 4.65019e-11 0)
(1.00018 4.05012e-11 0)
(1.00018 3.51105e-11 0)
(1.00018 3.01318e-11 0)
(1.00018 2.55693e-11 0)
(1.00018 2.15678e-11 0)
(1.00018 1.82422e-11 0)
(1.00018 1.56648e-11 0)
(1.00018 1.37364e-11 0)
(1.00018 1.22453e-11 0)
(1.00018 1.09877e-11 0)
(1.00018 9.71008e-12 0)
(1.00018 8.32355e-12 0)
(1.00018 6.81666e-12 0)
(1.00018 5.27868e-12 0)
(1.00018 3.8445e-12 0)
(1.00018 2.62469e-12 0)
(1.00018 1.7161e-12 0)
(1.00018 1.12509e-12 0)
(1.00018 8.2349e-13 0)
(1.00018 7.47733e-13 0)
(1.00018 7.99012e-13 0)
(1.00018 9.02534e-13 0)
(1.00018 9.88108e-13 0)
(1.00018 1.00327e-12 0)
(1.00018 9.34109e-13 0)
(1.00018 7.59284e-13 0)
(1.00018 5.13597e-13 0)
(1.00018 2.14879e-13 0)
(1.00018 -9.905e-14 0)
(1.00018 -3.87039e-13 0)
(1.00018 -6.12157e-13 0)
(1.00018 -7.74364e-13 0)
(1.00018 -8.58275e-13 0)
(1.00018 -8.78309e-13 0)
(1.00018 -8.24235e-13 0)
(1.00018 -6.95559e-13 0)
(1.00018 -5.11505e-13 0)
(1.00018 -2.73759e-13 0)
(1.00018 -1.78446e-14 0)
(1.00018 2.25583e-13 0)
(1.00018 4.36128e-13 0)
(1.00018 5.96908e-13 0)
(1.00018 7.04534e-13 0)
(1.00018 7.6113e-13 0)
(1.00018 7.83595e-13 0)
(1.00018 7.76238e-13 0)
(1.00018 7.67382e-13 0)
(1.00018 7.87524e-13 0)
(1.00018 8.56481e-13 0)
(1.00018 9.59853e-13 0)
(1.00018 1.09226e-12 0)
(1.00018 1.21287e-12 0)
(1.00018 1.28199e-12 0)
(1.00018 1.2607e-12 0)
(1.00018 1.14098e-12 0)
(1.00018 9.14556e-13 0)
(1.00018 5.88687e-13 0)
(1.00018 1.88094e-13 0)
(1.00018 -2.6629e-13 0)
(1.00018 -7.01381e-13 0)
(1.00018 -1.07685e-12 0)
(1.00018 -1.34822e-12 0)
(1.00018 -1.46974e-12 0)
(1.00018 -1.48928e-12 0)
(1.00018 -1.36954e-12 0)
(1.00018 -1.1533e-12 0)
(1.00018 -8.58637e-13 0)
(1.00018 -5.13407e-13 0)
(1.00018 -1.80145e-13 0)
(1.00018 1.0225e-13 0)
(1.00018 3.14747e-13 0)
(1.00018 4.68957e-13 0)
(1.00018 5.38608e-13 0)
(1.00018 5.49108e-13 0)
(1.00018 4.89658e-13 0)
(1.00018 3.55664e-13 0)
(1.00018 2.22797e-13 0)
(1.00018 1.03807e-13 0)
(1.00018 -1.51486e-14 0)
(1.00018 -9.65568e-14 0)
(1.00018 -1.63264e-13 0)
(1.00018 -2.12673e-13 0)
(1.00018 -2.0492e-13 0)
(1.00018 -1.58836e-13 0)
(1.00018 -1.16101e-13 0)
(1.00018 -4.60643e-14 0)
(1.00018 2.16724e-14 0)
(1.00018 6.69785e-14 0)
(1.00018 1.20893e-13 0)
(1.00018 1.69075e-13 0)
(1.00018 1.74825e-13 0)
(1.00018 1.67248e-13 0)
(1.00018 1.32441e-13 0)
(1.00018 1.28286e-13 0)
(1.00018 1.69284e-13 0)
(1.00018 6.44439e-14 0)
(1.00018 9.44971e-16 0)
(1.00018 3.77878e-14 0)
(1.00018 5.80343e-14 0)
(1 4.11673e-05 0)
(1.00001 0.000113483 0)
(1.00005 0.000193235 0)
(1.00011 0.000258188 0)
(1.00017 0.000287665 0)
(1.00021 0.000284573 0)
(1.00024 0.00025979 0)
(1.00025 0.000223633 0)
(1.00026 0.00018524 0)
(1.00026 0.000150513 0)
(1.00025 0.000121493 0)
(1.00024 9.80299e-05 0)
(1.00024 7.93111e-05 0)
(1.00023 6.44506e-05 0)
(1.00022 5.26463e-05 0)
(1.00022 4.32316e-05 0)
(1.00021 3.56794e-05 0)
(1.00021 2.95833e-05 0)
(1.0002 2.4631e-05 0)
(1.0002 2.05835e-05 0)
(1.0002 1.72566e-05 0)
(1.00019 1.4508e-05 0)
(1.00019 1.22267e-05 0)
(1.00019 1.03257e-05 0)
(1.00019 8.73595e-06 0)
(1.00019 7.40234e-06 0)
(1.00018 6.28061e-06 0)
(1.00018 5.33491e-06 0)
(1.00018 4.53603e-06 0)
(1.00018 3.86e-06 0)
(1.00018 3.28707e-06 0)
(1.00018 2.8009e-06 0)
(1.00018 2.3879e-06 0)
(1.00018 2.03672e-06 0)
(1.00018 1.73786e-06 0)
(1.00018 1.48335e-06 0)
(1.00018 1.26648e-06 0)
(1.00018 1.08158e-06 0)
(1.00018 9.23869e-07 0)
(1.00018 7.893e-07 0)
(1.00018 6.74436e-07 0)
(1.00018 5.76366e-07 0)
(1.00018 4.92613e-07 0)
(1.00018 4.21073e-07 0)
(1.00018 3.59953e-07 0)
(1.00018 3.07727e-07 0)
(1.00018 2.63095e-07 0)
(1.00018 2.24949e-07 0)
(1.00018 1.92344e-07 0)
(1.00018 1.6447e-07 0)
(1.00018 1.4064e-07 0)
(1.00018 1.20266e-07 0)
(1.00018 1.02847e-07 0)
(1.00018 8.79537e-08 0)
(1.00018 7.52183e-08 0)
(1.00018 6.43275e-08 0)
(1.00018 5.50136e-08 0)
(1.00018 4.70487e-08 0)
(1.00018 4.02377e-08 0)
(1.00018 3.44136e-08 0)
(1.00018 2.94329e-08 0)
(1.00018 2.5173e-08 0)
(1.00018 2.15295e-08 0)
(1.00018 1.84134e-08 0)
(1.00018 1.57486e-08 0)
(1.00018 1.34697e-08 0)
(1.00018 1.15206e-08 0)
(1.00018 9.85349e-09 0)
(1.00018 8.42754e-09 0)
(1.00018 7.20802e-09 0)
(1.00018 6.16506e-09 0)
(1.00018 5.27298e-09 0)
(1.00018 4.5098e-09 0)
(1.00018 3.85691e-09 0)
(1.00018 3.29856e-09 0)
(1.00018 2.82134e-09 0)
(1.00018 2.41353e-09 0)
(1.00018 2.06478e-09 0)
(1.00018 1.76617e-09 0)
(1.00018 1.5102e-09 0)
(1.00018 1.29088e-09 0)
(1.00018 1.10328e-09 0)
(1.00018 9.43277e-10 0)
(1.00018 8.07028e-10 0)
(1.00018 6.90895e-10 0)
(1.00018 5.91601e-10 0)
(1.00018 5.06352e-10 0)
(1.00018 4.33028e-10 0)
(1.00018 3.70072e-10 0)
(1.00018 3.16272e-10 0)
(1.00018 2.70511e-10 0)
(1.00018 2.31611e-10 0)
(1.00018 1.98385e-10 0)
(1.00018 1.69768e-10 0)
(1.00018 1.44991e-10 0)
(1.00018 1.23588e-10 0)
(1.00018 1.05323e-10 0)
(1.00018 9.00089e-11 0)
(1.00018 7.73553e-11 0)
(1.00018 6.68907e-11 0)
(1.00018 5.80748e-11 0)
(1.00018 5.03751e-11 0)
(1.00018 4.34292e-11 0)
(1.00018 3.70932e-11 0)
(1.00018 3.14243e-11 0)
(1.00018 2.65804e-11 0)
(1.00018 2.26552e-11 0)
(1.00018 1.96219e-11 0)
(1.00018 1.73193e-11 0)
(1.00018 1.54397e-11 0)
(1.00018 1.37318e-11 0)
(1.00018 1.19821e-11 0)
(1.00018 1.01115e-11 0)
(1.00018 8.17149e-12 0)
(1.00018 6.28524e-12 0)
(1.00018 4.6212e-12 0)
(1.00018 3.25961e-12 0)
(1.00018 2.28584e-12 0)
(1.00018 1.66068e-12 0)
(1.00018 1.31936e-12 0)
(1.00018 1.20077e-12 0)
(1.00018 1.17348e-12 0)
(1.00018 1.20154e-12 0)
(1.00018 1.20143e-12 0)
(1.00018 1.14272e-12 0)
(1.00018 1.01348e-12 0)
(1.00018 7.90952e-13 0)
(1.00018 5.04705e-13 0)
(1.00018 1.72189e-13 0)
(1.00018 -1.81929e-13 0)
(1.00018 -5.14649e-13 0)
(1.00018 -7.93098e-13 0)
(1.00018 -1.00542e-12 0)
(1.00018 -1.11501e-12 0)
(1.00018 -1.13074e-12 0)
(1.00018 -1.03584e-12 0)
(1.00018 -8.40506e-13 0)
(1.00018 -5.58987e-13 0)
(1.00018 -2.35844e-13 0)
(1.00018 9.3472e-14 0)
(1.00018 3.82431e-13 0)
(1.00018 6.03396e-13 0)
(1.00018 7.70709e-13 0)
(1.00018 8.62263e-13 0)
(1.00018 8.98066e-13 0)
(1.00018 9.01941e-13 0)
(1.00018 9.00394e-13 0)
(1.00018 9.32367e-13 0)
(1.00018 1.01277e-12 0)
(1.00018 1.16466e-12 0)
(1.00018 1.34858e-12 0)
(1.00018 1.53349e-12 0)
(1.00018 1.67369e-12 0)
(1.00018 1.71107e-12 0)
(1.00018 1.62534e-12 0)
(1.00018 1.40263e-12 0)
(1.00018 1.04117e-12 0)
(1.00018 5.61658e-13 0)
(1.00018 5.44926e-15 0)
(1.00018 -5.68095e-13 0)
(1.00018 -1.09103e-12 0)
(1.00018 -1.49797e-12 0)
(1.00018 -1.76968e-12 0)
(1.00018 -1.86696e-12 0)
(1.00018 -1.81931e-12 0)
(1.00018 -1.6373e-12 0)
(1.00018 -1.308e-12 0)
(1.00018 -9.13051e-13 0)
(1.00018 -5.07359e-13 0)
(1.00018 -1.20319e-13 0)
(1.00018 1.90083e-13 0)
(1.00018 4.3272e-13 0)
(1.00018 5.98169e-13 0)
(1.00018 6.6619e-13 0)
(1.00018 6.38326e-13 0)
(1.00018 5.47142e-13 0)
(1.00018 4.07102e-13 0)
(1.00018 2.58237e-13 0)
(1.00018 1.42148e-13 0)
(1.00018 -5.56132e-18 0)
(1.00018 -1.3965e-13 0)
(1.00018 -1.96771e-13 0)
(1.00018 -2.09409e-13 0)
(1.00018 -2.02412e-13 0)
(1.00018 -1.55083e-13 0)
(1.00018 -1.45523e-13 0)
(1.00018 -1.09147e-13 0)
(1.00018 -3.56545e-14 0)
(1.00018 4.51015e-14 0)
(1.00018 9.55895e-14 0)
(1.00018 7.73216e-14 0)
(1.00018 8.4148e-14 0)
(1.00018 1.26881e-13 0)
(1.00018 1.58082e-13 0)
(1.00018 9.01745e-14 0)
(1.00018 -7.38679e-16 0)
(1.00018 8.31244e-14 0)
(1.00018 1.26502e-13 0)
(1.00018 9.30375e-15 0)
(1.00018 2.52413e-14 0)
(1 3.36376e-05 0)
(1.00001 9.43788e-05 0)
(1.00004 0.000164675 0)
(1.00008 0.000227748 0)
(1.00012 0.000261367 0)
(1.00016 0.000263649 0)
(1.00019 0.000244649 0)
(1.00021 0.000214859 0)
(1.00022 0.000182217 0)
(1.00022 0.000151629 0)
(1.00022 0.00012514 0)
(1.00022 0.000103017 0)
(1.00022 8.48321e-05 0)
(1.00022 6.99916e-05 0)
(1.00021 5.79084e-05 0)
(1.00021 4.80619e-05 0)
(1.0002 4.00171e-05 0)
(1.0002 3.34216e-05 0)
(1.0002 2.79935e-05 0)
(1.00019 2.35086e-05 0)
(1.00019 1.97889e-05 0)
(1.00019 1.66927e-05 0)
(1.00019 1.41071e-05 0)
(1.00019 1.19412e-05 0)
(1.00019 1.01222e-05 0)
(1.00018 8.59083e-06 0)
(1.00018 7.29889e-06 0)
(1.00018 6.20695e-06 0)
(1.00018 5.28258e-06 0)
(1.00018 4.49896e-06 0)
(1.00018 3.83385e-06 0)
(1.00018 3.26873e-06 0)
(1.00018 2.78814e-06 0)
(1.00018 2.37912e-06 0)
(1.00018 2.03075e-06 0)
(1.00018 1.73389e-06 0)
(1.00018 1.48078e-06 0)
(1.00018 1.26488e-06 0)
(1.00018 1.08066e-06 0)
(1.00018 9.23402e-07 0)
(1.00018 7.89136e-07 0)
(1.00018 6.7447e-07 0)
(1.00018 5.76523e-07 0)
(1.00018 4.92841e-07 0)
(1.00018 4.21336e-07 0)
(1.00018 3.60228e-07 0)
(1.00018 3.08e-07 0)
(1.00018 2.63356e-07 0)
(1.00018 2.25193e-07 0)
(1.00018 1.92566e-07 0)
(1.00018 1.6467e-07 0)
(1.00018 1.4082e-07 0)
(1.00018 1.20427e-07 0)
(1.00018 1.02989e-07 0)
(1.00018 8.80775e-08 0)
(1.00018 7.53254e-08 0)
(1.00018 6.442e-08 0)
(1.00018 5.50945e-08 0)
(1.00018 4.712e-08 0)
(1.00018 4.03004e-08 0)
(1.00018 3.44679e-08 0)
(1.00018 2.94792e-08 0)
(1.00018 2.52122e-08 0)
(1.00018 2.15631e-08 0)
(1.00018 1.84424e-08 0)
(1.00018 1.57736e-08 0)
(1.00018 1.34911e-08 0)
(1.00018 1.15387e-08 0)
(1.00018 9.86889e-09 0)
(1.00018 8.4408e-09 0)
(1.00018 7.21948e-09 0)
(1.00018 6.17483e-09 0)
(1.00018 5.28118e-09 0)
(1.00018 4.51677e-09 0)
(1.00018 3.86309e-09 0)
(1.00018 3.30428e-09 0)
(1.00018 2.82652e-09 0)
(1.00018 2.4178e-09 0)
(1.00018 2.06785e-09 0)
(1.00018 1.76812e-09 0)
(1.00018 1.5116e-09 0)
(1.00018 1.29242e-09 0)
(1.00018 1.10543e-09 0)
(1.00018 9.45951e-10 0)
(1.00018 8.097e-10 0)
(1.00018 6.92929e-10 0)
(1.00018 5.92646e-10 0)
(1.00018 5.06556e-10 0)
(1.00018 4.32878e-10 0)
(1.00018 3.70112e-10 0)
(1.00018 3.16766e-10 0)
(1.00018 2.71347e-10 0)
(1.00018 2.3244e-10 0)
(1.00018 1.9885e-10 0)
(1.00018 1.69796e-10 0)
(1.00018 1.44796e-10 0)
(1.00018 1.23557e-10 0)
(1.00018 1.05787e-10 0)
(1.00018 9.10241e-11 0)
(1.00018 7.86952e-11 0)
(1.00018 6.81505e-11 0)
(1.00018 5.88572e-11 0)
(1.00018 5.04967e-11 0)
(1.00018 4.29951e-11 0)
(1.00018 3.64547e-11 0)
(1.00018 3.09693e-11 0)
(1.00018 2.65976e-11 0)
(1.00018 2.32061e-11 0)
(1.00018 2.0513e-11 0)
(1.00018 1.82189e-11 0)
(1.00018 1.60226e-11 0)
(1.00018 1.37814e-11 0)
(1.00018 1.14756e-11 0)
(1.00018 9.21299e-12 0)
(1.00018 7.12864e-12 0)
(1.00018 5.35147e-12 0)
(1.00018 3.97011e-12 0)
(1.00018 2.98658e-12 0)
(1.00018 2.32702e-12 0)
(1.00018 1.91999e-12 0)
(1.00018 1.68179e-12 0)
(1.00018 1.52249e-12 0)
(1.00018 1.41482e-12 0)
(1.00018 1.29737e-12 0)
(1.00018 1.16298e-12 0)
(1.00018 9.7633e-13 0)
(1.00018 7.35744e-13 0)
(1.00018 4.33355e-13 0)
(1.00018 8.15777e-14 0)
(1.00018 -2.94421e-13 0)
(1.00018 -6.46987e-13 0)
(1.00018 -9.65733e-13 0)
(1.00018 -1.20421e-12 0)
(1.00018 -1.32278e-12 0)
(1.00018 -1.32234e-12 0)
(1.00018 -1.16657e-12 0)
(1.00018 -9.12419e-13 0)
(1.00018 -5.63947e-13 0)
(1.00018 -1.71725e-13 0)
(1.00018 1.94466e-13 0)
(1.00018 5.00946e-13 0)
(1.00018 7.26886e-13 0)
(1.00018 8.79515e-13 0)
(1.00018 9.49983e-13 0)
(1.00018 9.72011e-13 0)
(1.00018 9.7399e-13 0)
(1.00018 9.97026e-13 0)
(1.00018 1.0883e-12 0)
(1.00018 1.25535e-12 0)
(1.00018 1.48168e-12 0)
(1.00018 1.72784e-12 0)
(1.00018 1.94424e-12 0)
(1.00018 2.0797e-12 0)
(1.00018 2.08273e-12 0)
(1.00018 1.92838e-12 0)
(1.00018 1.60365e-12 0)
(1.00018 1.11739e-12 0)
(1.00018 5.16777e-13 0)
(1.00018 -1.61817e-13 0)
(1.00018 -8.16845e-13 0)
(1.00018 -1.39108e-12 0)
(1.00018 -1.84107e-12 0)
(1.00018 -2.09169e-12 0)
(1.00018 -2.18585e-12 0)
(1.00018 -2.07984e-12 0)
(1.00018 -1.81031e-12 0)
(1.00018 -1.4201e-12 0)
(1.00018 -9.62823e-13 0)
(1.00018 -5.1246e-13 0)
(1.00018 -9.79332e-14 0)
(1.00018 2.47663e-13 0)
(1.00018 5.25727e-13 0)
(1.00018 6.83506e-13 0)
(1.00018 7.24456e-13 0)
(1.00018 6.89396e-13 0)
(1.00018 5.90375e-13 0)
(1.00018 4.48682e-13 0)
(1.00018 2.92551e-13 0)
(1.00018 1.39111e-13 0)
(1.00018 -6.20264e-15 0)
(1.00018 -1.45458e-13 0)
(1.00018 -2.01544e-13 0)
(1.00018 -1.98322e-13 0)
(1.00018 -2.16488e-13 0)
(1.00018 -2.11141e-13 0)
(1.00018 -1.55242e-13 0)
(1.00018 -6.10806e-14 0)
(1.00018 -6.74772e-15 0)
(1.00018 5.32167e-15 0)
(1.00018 3.93038e-14 0)
(1.00018 6.6822e-14 0)
(1.00018 1.24044e-13 0)
(1.00018 1.05461e-13 0)
(1.00018 6.81506e-14 0)
(1.00018 8.30282e-14 0)
(1.00018 5.5876e-14 0)
(1.00018 5.5186e-14 0)
(1.00018 4.96364e-14 0)
(1.00018 2.87896e-14 0)
(1.00018 7.35175e-14 0)
(1 2.75756e-05 0)
(1.00001 7.72283e-05 0)
(1.00003 0.000134392 0)
(1.00006 0.000188569 0)
(1.00009 0.000221732 0)
(1.00013 0.000229383 0)
(1.00015 0.000218123 0)
(1.00017 0.000196495 0)
(1.00019 0.000171083 0)
(1.0002 0.000146007 0)
(1.0002 0.000123283 0)
(1.0002 0.000103546 0)
(1.0002 8.67616e-05 0)
(1.0002 7.26519e-05 0)
(1.0002 6.08647e-05 0)
(1.0002 5.10467e-05 0)
(1.0002 4.28752e-05 0)
(1.00019 3.60704e-05 0)
(1.00019 3.03961e-05 0)
(1.00019 2.56559e-05 0)
(1.00019 2.16879e-05 0)
(1.00019 1.83595e-05 0)
(1.00019 1.55617e-05 0)
(1.00018 1.32054e-05 0)
(1.00018 1.12173e-05 0)
(1.00018 9.53712e-06 0)
(1.00018 8.115e-06 0)
(1.00018 6.90972e-06 0)
(1.00018 5.88701e-06 0)
(1.00018 5.0183e-06 0)
(1.00018 4.27974e-06 0)
(1.00018 3.65132e-06 0)
(1.00018 3.11624e-06 0)
(1.00018 2.66036e-06 0)
(1.00018 2.27175e-06 0)
(1.00018 1.94034e-06 0)
(1.00018 1.6576e-06 0)
(1.00018 1.41629e-06 0)
(1.00018 1.21027e-06 0)
(1.00018 1.03436e-06 0)
(1.00018 8.84101e-07 0)
(1.00018 7.55743e-07 0)
(1.00018 6.46071e-07 0)
(1.00018 5.52352e-07 0)
(1.00018 4.72254e-07 0)
(1.00018 4.03792e-07 0)
(1.00018 3.4527e-07 0)
(1.00018 2.95241e-07 0)
(1.00018 2.52469e-07 0)
(1.00018 2.15899e-07 0)
(1.00018 1.8463e-07 0)
(1.00018 1.57894e-07 0)
(1.00018 1.35032e-07 0)
(1.00018 1.15482e-07 0)
(1.00018 9.87627e-08 0)
(1.00018 8.44648e-08 0)
(1.00018 7.22379e-08 0)
(1.00018 6.17821e-08 0)
(1.00018 5.28407e-08 0)
(1.00018 4.51936e-08 0)
(1.00018 3.86528e-08 0)
(1.00018 3.30582e-08 0)
(1.00018 2.82732e-08 0)
(1.00018 2.41812e-08 0)
(1.00018 2.06818e-08 0)
(1.00018 1.76889e-08 0)
(1.00018 1.51291e-08 0)
(1.00018 1.29396e-08 0)
(1.00018 1.1067e-08 0)
(1.00018 9.46555e-09 0)
(1.00018 8.096e-09 0)
(1.00018 6.92459e-09 0)
(1.00018 5.92253e-09 0)
(1.00018 5.0654e-09 0)
(1.00018 4.33238e-09 0)
(1.00018 3.70561e-09 0)
(1.00018 3.16961e-09 0)
(1.00018 2.71105e-09 0)
(1.00018 2.31856e-09 0)
(1.00018 1.98266e-09 0)
(1.00018 1.6954e-09 0)
(1.00018 1.45003e-09 0)
(1.00018 1.24056e-09 0)
(1.00018 1.06158e-09 0)
(1.00018 9.08377e-10 0)
(1.00018 7.76945e-10 0)
(1.00018 6.64136e-10 0)
(1.00018 5.67515e-10 0)
(1.00018 4.85057e-10 0)
(1.00018 4.14933e-10 0)
(1.00018 3.55324e-10 0)
(1.00018 3.04454e-10 0)
(1.00018 2.60771e-10 0)
(1.00018 2.23046e-10 0)
(1.00018 1.90471e-10 0)
(1.00018 1.6255e-10 0)
(1.00018 1.38894e-10 0)
(1.00018 1.19091e-10 0)
(1.00018 1.02524e-10 0)
(1.00018 8.8525e-11 0)
(1.00018 7.64136e-11 0)
(1.00018 6.57115e-11 0)
(1.00018 5.61849e-11 0)
(1.00018 4.77751e-11 0)
(1.00018 4.05972e-11 0)
(1.00018 3.46901e-11 0)
(1.00018 2.99748e-11 0)
(1.00018 2.62642e-11 0)
(1.00018 2.31715e-11 0)
(1.00018 2.04041e-11 0)
(1.00018 1.77262e-11 0)
(1.00018 1.50513e-11 0)
(1.00018 1.24329e-11 0)
(1.00018 9.97194e-12 0)
(1.00018 7.84481e-12 0)
(1.00018 6.10457e-12 0)
(1.00018 4.76326e-12 0)
(1.00018 3.79673e-12 0)
(1.00018 3.08321e-12 0)
(1.00018 2.56297e-12 0)
(1.00018 2.14977e-12 0)
(1.00018 1.81669e-12 0)
(1.00018 1.54263e-12 0)
(1.00018 1.29415e-12 0)
(1.00018 1.08538e-12 0)
(1.00018 8.61847e-13 0)
(1.00018 6.057e-13 0)
(1.00018 3.09933e-13 0)
(1.00018 -2.60645e-14 0)
(1.00018 -4.04531e-13 0)
(1.00018 -7.70796e-13 0)
(1.00018 -1.09761e-12 0)
(1.00018 -1.33736e-12 0)
(1.00018 -1.4465e-12 0)
(1.00018 -1.42733e-12 0)
(1.00018 -1.23525e-12 0)
(1.00018 -9.19247e-13 0)
(1.00018 -5.30979e-13 0)
(1.00018 -1.13393e-13 0)
(1.00018 2.74091e-13 0)
(1.00018 5.92112e-13 0)
(1.00018 8.07393e-13 0)
(1.00018 9.45112e-13 0)
(1.00018 1.00459e-12 0)
(1.00018 1.01166e-12 0)
(1.00018 1.03171e-12 0)
(1.00018 1.09736e-12 0)
(1.00018 1.24541e-12 0)
(1.00018 1.48488e-12 0)
(1.00018 1.76506e-12 0)
(1.00018 2.04809e-12 0)
(1.00018 2.27986e-12 0)
(1.00018 2.40723e-12 0)
(1.00018 2.37471e-12 0)
(1.00018 2.15619e-12 0)
(1.00018 1.74457e-12 0)
(1.00018 1.13779e-12 0)
(1.00018 4.38183e-13 0)
(1.00018 -3.19937e-13 0)
(1.00018 -1.04905e-12 0)
(1.00018 -1.65457e-12 0)
(1.00018 -2.12676e-12 0)
(1.00018 -2.37802e-12 0)
(1.00018 -2.43216e-12 0)
(1.00018 -2.27442e-12 0)
(1.00018 -1.93561e-12 0)
(1.00018 -1.49529e-12 0)
(1.00018 -1.00382e-12 0)
(1.00018 -5.12064e-13 0)
(1.00018 -5.26527e-14 0)
(1.00018 3.20014e-13 0)
(1.00018 5.91752e-13 0)
(1.00018 7.50486e-13 0)
(1.00018 7.75098e-13 0)
(1.00018 7.25928e-13 0)
(1.00018 6.35009e-13 0)
(1.00018 4.89384e-13 0)
(1.00018 3.05006e-13 0)
(1.00018 1.12396e-13 0)
(1.00018 -4.345e-15 0)
(1.00018 -9.82199e-14 0)
(1.00018 -1.91625e-13 0)
(1.00018 -2.28831e-13 0)
(1.00018 -2.11586e-13 0)
(1.00018 -1.9609e-13 0)
(1.00018 -1.74208e-13 0)
(1.00018 -9.21722e-14 0)
(1.00018 -2.55218e-14 0)
(1.00018 -1.22717e-14 0)
(1.00018 3.76753e-14 0)
(1.00018 3.36067e-14 0)
(1.00018 1.90557e-14 0)
(1.00018 4.37512e-14 0)
(1.00018 6.92545e-14 0)
(1.00018 6.0176e-14 0)
(1.00018 3.16656e-14 0)
(1.00018 1.23184e-14 0)
(1.00018 2.34651e-14 0)
(1.00018 1.85498e-14 0)
(1.00018 5.74512e-14 0)
(1 2.28745e-05 0)
(1.00001 6.42252e-05 0)
(1.00002 0.000112393 0)
(1.00004 0.00015991 0)
(1.00007 0.000191576 0)
(1.0001 0.000201904 0)
(1.00013 0.000195382 0)
(1.00015 0.000179173 0)
(1.00016 0.000158937 0)
(1.00017 0.000138187 0)
(1.00018 0.000118743 0)
(1.00019 0.000101339 0)
(1.00019 8.61378e-05 0)
(1.00019 7.30471e-05 0)
(1.00019 6.18731e-05 0)
(1.00019 5.23874e-05 0)
(1.00019 4.43606e-05 0)
(1.00019 3.75799e-05 0)
(1.00019 3.18554e-05 0)
(1.00019 2.70225e-05 0)
(1.00018 2.29404e-05 0)
(1.00018 1.94896e-05 0)
(1.00018 1.65701e-05 0)
(1.00018 1.40975e-05 0)
(1.00018 1.20014e-05 0)
(1.00018 1.02228e-05 0)
(1.00018 8.71221e-06 0)
(1.00018 7.42825e-06 0)
(1.00018 6.33607e-06 0)
(1.00018 5.4064e-06 0)
(1.00018 4.61459e-06 0)
(1.00018 3.93982e-06 0)
(1.00018 3.36452e-06 0)
(1.00018 2.87383e-06 0)
(1.00018 2.45514e-06 0)
(1.00018 2.09778e-06 0)
(1.00018 1.79269e-06 0)
(1.00018 1.53214e-06 0)
(1.00018 1.30959e-06 0)
(1.00018 1.11947e-06 0)
(1.00018 9.57026e-07 0)
(1.00018 8.18206e-07 0)
(1.00018 6.99562e-07 0)
(1.00018 5.98151e-07 0)
(1.00018 5.11462e-07 0)
(1.00018 4.37352e-07 0)
(1.00018 3.73994e-07 0)
(1.00018 3.19822e-07 0)
(1.00018 2.73503e-07 0)
(1.00018 2.33897e-07 0)
(1.00018 2.0003e-07 0)
(1.00018 1.7107e-07 0)
(1.00018 1.46304e-07 0)
(1.00018 1.25124e-07 0)
(1.00018 1.07011e-07 0)
(1.00018 9.15215e-08 0)
(1.00018 7.82749e-08 0)
(1.00018 6.69467e-08 0)
(1.00018 5.72584e-08 0)
(1.00018 4.8972e-08 0)
(1.00018 4.18842e-08 0)
(1.00018 3.58219e-08 0)
(1.00018 3.06373e-08 0)
(1.00018 2.62035e-08 0)
(1.00018 2.24117e-08 0)
(1.00018 1.91685e-08 0)
(1.00018 1.63944e-08 0)
(1.00018 1.40216e-08 0)
(1.00018 1.19924e-08 0)
(1.00018 1.02571e-08 0)
(1.00018 8.77313e-09 0)
(1.00018 7.50382e-09 0)
(1.00018 6.41799e-09 0)
(1.00018 5.48915e-09 0)
(1.00018 4.69475e-09 0)
(1.00018 4.01543e-09 0)
(1.00018 3.43446e-09 0)
(1.00018 2.93748e-09 0)
(1.00018 2.51228e-09 0)
(1.00018 2.1486e-09 0)
(1.00018 1.83771e-09 0)
(1.00018 1.57209e-09 0)
(1.00018 1.34509e-09 0)
(1.00018 1.15086e-09 0)
(1.00018 9.84405e-10 0)
(1.00018 8.41604e-10 0)
(1.00018 7.192e-10 0)
(1.00018 6.14565e-10 0)
(1.00018 5.25449e-10 0)
(1.00018 4.49696e-10 0)
(1.00018 3.85226e-10 0)
(1.00018 3.301e-10 0)
(1.00018 2.82676e-10 0)
(1.00018 2.41755e-10 0)
(1.00018 2.06511e-10 0)
(1.00018 1.76402e-10 0)
(1.00018 1.50932e-10 0)
(1.00018 1.29516e-10 0)
(1.00018 1.11476e-10 0)
(1.00018 9.60676e-11 0)
(1.00018 8.2651e-11 0)
(1.00018 7.08185e-11 0)
(1.00018 6.03991e-11 0)
(1.00018 5.13939e-11 0)
(1.00018 4.38242e-11 0)
(1.00018 3.76623e-11 0)
(1.00018 3.27039e-11 0)
(1.00018 2.86517e-11 0)
(1.00018 2.51564e-11 0)
(1.00018 2.19226e-11 0)
(1.00018 1.88099e-11 0)
(1.00018 1.57951e-11 0)
(1.00018 1.29996e-11 0)
(1.00018 1.05331e-11 0)
(1.00018 8.47961e-12 0)
(1.00018 6.86066e-12 0)
(1.00018 5.62073e-12 0)
(1.00018 4.65416e-12 0)
(1.00018 3.85644e-12 0)
(1.00018 3.17762e-12 0)
(1.00018 2.56258e-12 0)
(1.00018 2.01876e-12 0)
(1.00018 1.56192e-12 0)
(1.00018 1.2038e-12 0)
(1.00018 9.16205e-13 0)
(1.00018 6.70857e-13 0)
(1.00018 4.29967e-13 0)
(1.00018 1.59212e-13 0)
(1.00018 -1.58812e-13 0)
(1.00018 -5.07914e-13 0)
(1.00018 -8.67861e-13 0)
(1.00018 -1.18907e-12 0)
(1.00018 -1.41545e-12 0)
(1.00018 -1.51657e-12 0)
(1.00018 -1.44547e-12 0)
(1.00018 -1.23149e-12 0)
(1.00018 -8.90313e-13 0)
(1.00018 -4.76015e-13 0)
(1.00018 -4.86033e-14 0)
(1.00018 3.38294e-13 0)
(1.00018 6.40331e-13 0)
(1.00018 8.5037e-13 0)
(1.00018 9.68685e-13 0)
(1.00018 1.01357e-12 0)
(1.00018 1.02881e-12 0)
(1.00018 1.07344e-12 0)
(1.00018 1.18925e-12 0)
(1.00018 1.39073e-12 0)
(1.00018 1.67884e-12 0)
(1.00018 2.00633e-12 0)
(1.00018 2.31606e-12 0)
(1.00018 2.55341e-12 0)
(1.00018 2.6691e-12 0)
(1.00018 2.59798e-12 0)
(1.00018 2.30575e-12 0)
(1.00018 1.80394e-12 0)
(1.00018 1.12355e-12 0)
(1.00018 3.32325e-13 0)
(1.00018 -4.71069e-13 0)
(1.00018 -1.23495e-12 0)
(1.00018 -1.88598e-12 0)
(1.00018 -2.33991e-12 0)
(1.00018 -2.58693e-12 0)
(1.00018 -2.58668e-12 0)
(1.00018 -2.38016e-12 0)
(1.00018 -2.00847e-12 0)
(1.00018 -1.53026e-12 0)
(1.00018 -1.01457e-12 0)
(1.00018 -4.82956e-13 0)
(1.00018 -4.60965e-15 0)
(1.00018 3.78507e-13 0)
(1.00018 6.31341e-13 0)
(1.00018 7.70468e-13 0)
(1.00018 8.16483e-13 0)
(1.00018 7.62655e-13 0)
(1.00018 6.388e-13 0)
(1.00018 4.84781e-13 0)
(1.00018 3.02595e-13 0)
(1.00018 1.11614e-13 0)
(1.00018 -1.119e-14 0)
(1.00018 -8.78739e-14 0)
(1.00018 -1.86357e-13 0)
(1.00018 -2.45875e-13 0)
(1.00018 -1.94517e-13 0)
(1.00018 -1.35441e-13 0)
(1.00018 -1.41496e-13 0)
(1.00018 -1.3755e-13 0)
(1.00018 -5.45809e-14 0)
(1.00018 5.57902e-15 0)
(1.00018 1.426e-14 0)
(1.00018 2.29102e-14 0)
(1.00018 3.88349e-14 0)
(1.00018 1.39558e-14 0)
(1.00018 -1.20812e-14 0)
(1.00018 3.21152e-14 0)
(1.00018 -2.86099e-14 0)
(1.00018 5.45836e-15 0)
(1.00018 6.37274e-14 0)
(1.00018 -2.74953e-14 0)
(1.00018 4.12107e-14 0)
(1 1.92647e-05 0)
(1.00001 5.42527e-05 0)
(1.00002 9.52348e-05 0)
(1.00004 0.000136573 0)
(1.00006 0.000165539 0)
(1.00009 0.000176793 0)
(1.00011 0.000173467 0)
(1.00013 0.000161411 0)
(1.00014 0.000145399 0)
(1.00016 0.000128398 0)
(1.00016 0.000111992 0)
(1.00017 9.69098e-05 0)
(1.00018 8.34146e-05 0)
(1.00018 7.15377e-05 0)
(1.00018 6.11998e-05 0)
(1.00018 5.227e-05 0)
(1.00018 4.45973e-05 0)
(1.00018 3.80284e-05 0)
(1.00018 3.24178e-05 0)
(1.00018 2.76331e-05 0)
(1.00018 2.35563e-05 0)
(1.00018 2.00842e-05 0)
(1.00018 1.71276e-05 0)
(1.00018 1.46098e-05 0)
(1.00018 1.24653e-05 0)
(1.00018 1.06381e-05 0)
(1.00018 9.08096e-06 0)
(1.00018 7.75344e-06 0)
(1.00018 6.62134e-06 0)
(1.00018 5.65559e-06 0)
(1.00018 4.8315e-06 0)
(1.00018 4.12811e-06 0)
(1.00018 3.52758e-06 0)
(1.00018 3.01477e-06 0)
(1.00018 2.57677e-06 0)
(1.00018 2.2026e-06 0)
(1.00018 1.88291e-06 0)
(1.00018 1.60974e-06 0)
(1.00018 1.37627e-06 0)
(1.00018 1.17673e-06 0)
(1.00018 1.00617e-06 0)
(1.00018 8.60361e-07 0)
(1.00018 7.35707e-07 0)
(1.00018 6.29132e-07 0)
(1.00018 5.38008e-07 0)
(1.00018 4.60094e-07 0)
(1.00018 3.93471e-07 0)
(1.00018 3.365e-07 0)
(1.00018 2.87782e-07 0)
(1.00018 2.46121e-07 0)
(1.00018 2.10493e-07 0)
(1.00018 1.80024e-07 0)
(1.00018 1.53966e-07 0)
(1.00018 1.31681e-07 0)
(1.00018 1.12622e-07 0)
(1.00018 9.6322e-08 0)
(1.00018 8.23824e-08 0)
(1.00018 7.04607e-08 0)
(1.00018 6.02642e-08 0)
(1.00018 5.15426e-08 0)
(1.00018 4.40829e-08 0)
(1.00018 3.77029e-08 0)
(1.00018 3.22467e-08 0)
(1.00018 2.75805e-08 0)
(1.00018 2.35895e-08 0)
(1.00018 2.01757e-08 0)
(1.00018 1.72556e-08 0)
(1.00018 1.47581e-08 0)
(1.00018 1.26224e-08 0)
(1.00018 1.07961e-08 0)
(1.00018 9.23422e-09 0)
(1.00018 7.8982e-09 0)
(1.00018 6.75523e-09 0)
(1.00018 5.7775e-09 0)
(1.00018 4.94129e-09 0)
(1.00018 4.22619e-09 0)
(1.00018 3.61469e-09 0)
(1.00018 3.09167e-09 0)
(1.00018 2.64434e-09 0)
(1.00018 2.26182e-09 0)
(1.00018 1.93482e-09 0)
(1.00018 1.65532e-09 0)
(1.00018 1.41624e-09 0)
(1.00018 1.21149e-09 0)
(1.00018 1.03596e-09 0)
(1.00018 8.85442e-10 0)
(1.00018 7.56626e-10 0)
(1.00018 6.46684e-10 0)
(1.00018 5.53127e-10 0)
(1.00018 4.73569e-10 0)
(1.00018 4.05722e-10 0)
(1.00018 3.47613e-10 0)
(1.00018 2.97595e-10 0)
(1.00018 2.54501e-10 0)
(1.00018 2.17506e-10 0)
(1.00018 1.85962e-10 0)
(1.00018 1.59298e-10 0)
(1.00018 1.3676e-10 0)
(1.00018 1.17612e-10 0)
(1.00018 1.01116e-10 0)
(1.00018 8.67152e-11 0)
(1.00018 7.41132e-11 0)
(1.00018 6.3141e-11 0)
(1.00018 5.38203e-11 0)
(1.00018 4.60964e-11 0)
(1.00018 3.97864e-11 0)
(1.00018 3.46522e-11 0)
(1.00018 3.02797e-11 0)
(1.00018 2.63738e-11 0)
(1.00018 2.27167e-11 0)
(1.00018 1.92597e-11 0)
(1.00018 1.60742e-11 0)
(1.00018 1.32403e-11 0)
(1.00018 1.08971e-11 0)
(1.00018 9.05283e-12 0)
(1.00018 7.60659e-12 0)
(1.00018 6.47382e-12 0)
(1.00018 5.49276e-12 0)
(1.00018 4.58238e-12 0)
(1.00018 3.70747e-12 0)
(1.00018 2.85929e-12 0)
(1.00018 2.12091e-12 0)
(1.00018 1.49743e-12 0)
(1.00018 1.03546e-12 0)
(1.00018 7.04406e-13 0)
(1.00018 4.53157e-13 0)
(1.00018 2.27569e-13 0)
(1.00018 -2.05001e-15 0)
(1.00018 -2.86782e-13 0)
(1.00018 -6.08629e-13 0)
(1.00018 -9.41963e-13 0)
(1.00018 -1.2408e-12 0)
(1.00018 -1.42781e-12 0)
(1.00018 -1.50904e-12 0)
(1.00018 -1.41166e-12 0)
(1.00018 -1.1677e-12 0)
(1.00018 -8.129e-13 0)
(1.00018 -4.08611e-13 0)
(1.00018 2.77043e-15 0)
(1.00018 3.81717e-13 0)
(1.00018 6.60001e-13 0)
(1.00018 8.5001e-13 0)
(1.00018 9.49584e-13 0)
(1.00018 9.87089e-13 0)
(1.00018 1.0303e-12 0)
(1.00018 1.10686e-12 0)
(1.00018 1.26475e-12 0)
(1.00018 1.52099e-12 0)
(1.00018 1.84072e-12 0)
(1.00018 2.18937e-12 0)
(1.00018 2.51434e-12 0)
(1.00018 2.76058e-12 0)
(1.00018 2.84334e-12 0)
(1.00018 2.71908e-12 0)
(1.00018 2.37975e-12 0)
(1.00018 1.79426e-12 0)
(1.00018 1.07203e-12 0)
(1.00018 2.39666e-13 0)
(1.00018 -6.23807e-13 0)
(1.00018 -1.38086e-12 0)
(1.00018 -2.04649e-12 0)
(1.00018 -2.48715e-12 0)
(1.00018 -2.69299e-12 0)
(1.00018 -2.66143e-12 0)
(1.00018 -2.42564e-12 0)
(1.00018 -2.03429e-12 0)
(1.00018 -1.52923e-12 0)
(1.00018 -9.93193e-13 0)
(1.00018 -4.3881e-13 0)
(1.00018 3.78425e-14 0)
(1.00018 3.92238e-13 0)
(1.00018 6.50032e-13 0)
(1.00018 7.91141e-13 0)
(1.00018 8.25344e-13 0)
(1.00018 7.65706e-13 0)
(1.00018 6.07295e-13 0)
(1.00018 4.52864e-13 0)
(1.00018 3.10169e-13 0)
(1.00018 1.32821e-13 0)
(1.00018 -2.74275e-14 0)
(1.00018 -1.03863e-13 0)
(1.00018 -1.48672e-13 0)
(1.00018 -2.07997e-13 0)
(1.00018 -2.08088e-13 0)
(1.00018 -1.6108e-13 0)
(1.00018 -1.03005e-13 0)
(1.00018 -7.63732e-14 0)
(1.00018 -8.00686e-14 0)
(1.00018 -3.33719e-14 0)
(1.00018 -1.14021e-14 0)
(1.00018 -1.03061e-14 0)
(1.00018 -4.69955e-14 0)
(1.00018 -4.52396e-14 0)
(1.00018 -2.00155e-14 0)
(1.00018 -5.02391e-14 0)
(1.00018 -2.09503e-14 0)
(1.00018 -4.51201e-14 0)
(1.00018 -3.47203e-14 0)
(1.00018 7.05984e-15 0)
(1.00018 5.95133e-14 0)
(1 1.63488e-05 0)
(1 4.61253e-05 0)
(1.00001 8.11787e-05 0)
(1.00003 0.000117005 0)
(1.00005 0.000142993 0)
(1.00007 0.000154282 0)
(1.00009 0.000153086 0)
(1.00011 0.000144153 0)
(1.00013 0.000131489 0)
(1.00014 0.000117602 0)
(1.00015 0.000103857 0)
(1.00016 9.09292e-05 0)
(1.00016 7.91167e-05 0)
(1.00017 6.85209e-05 0)
(1.00017 5.91376e-05 0)
(1.00017 5.09058e-05 0)
(1.00017 4.37343e-05 0)
(1.00018 3.75188e-05 0)
(1.00018 3.21528e-05 0)
(1.00018 2.75332e-05 0)
(1.00018 2.35646e-05 0)
(1.00018 2.01605e-05 0)
(1.00018 1.72437e-05 0)
(1.00018 1.47464e-05 0)
(1.00018 1.26095e-05 0)
(1.00018 1.07816e-05 0)
(1.00018 9.21845e-06 0)
(1.00018 7.88186e-06 0)
(1.00018 6.7391e-06 0)
(1.00018 5.76213e-06 0)
(1.00018 4.92689e-06 0)
(1.00018 4.21282e-06 0)
(1.00018 3.60234e-06 0)
(1.00018 3.08039e-06 0)
(1.00018 2.63414e-06 0)
(1.00018 2.25258e-06 0)
(1.00018 1.92633e-06 0)
(1.00018 1.64736e-06 0)
(1.00018 1.40881e-06 0)
(1.00018 1.20483e-06 0)
(1.00018 1.0304e-06 0)
(1.00018 8.81225e-07 0)
(1.00018 7.53657e-07 0)
(1.00018 6.44562e-07 0)
(1.00018 5.51263e-07 0)
(1.00018 4.71473e-07 0)
(1.00018 4.03234e-07 0)
(1.00018 3.44873e-07 0)
(1.00018 2.9496e-07 0)
(1.00018 2.52272e-07 0)
(1.00018 2.15763e-07 0)
(1.00018 1.84539e-07 0)
(1.00018 1.57833e-07 0)
(1.00018 1.34992e-07 0)
(1.00018 1.15456e-07 0)
(1.00018 9.87487e-08 0)
(1.00018 8.44593e-08 0)
(1.00018 7.22376e-08 0)
(1.00018 6.17841e-08 0)
(1.00018 5.28427e-08 0)
(1.00018 4.51953e-08 0)
(1.00018 3.86551e-08 0)
(1.00018 3.30619e-08 0)
(1.00018 2.82781e-08 0)
(1.00018 2.41861e-08 0)
(1.00018 2.06858e-08 0)
(1.00018 1.76917e-08 0)
(1.00018 1.51312e-08 0)
(1.00018 1.29416e-08 0)
(1.00018 1.10693e-08 0)
(1.00018 9.46788e-09 0)
(1.00018 8.09793e-09 0)
(1.00018 6.9259e-09 0)
(1.00018 5.92336e-09 0)
(1.00018 5.066e-09 0)
(1.00018 4.33288e-09 0)
(1.00018 3.70601e-09 0)
(1.00018 3.1699e-09 0)
(1.00018 2.71141e-09 0)
(1.00018 2.31936e-09 0)
(1.00018 1.98416e-09 0)
(1.00018 1.69749e-09 0)
(1.00018 1.45216e-09 0)
(1.00018 1.24199e-09 0)
(1.00018 1.06185e-09 0)
(1.00018 9.07542e-10 0)
(1.00018 7.75628e-10 0)
(1.00018 6.63161e-10 0)
(1.00018 5.67427e-10 0)
(1.00018 4.85905e-10 0)
(1.00018 4.16261e-10 0)
(1.00018 3.56518e-10 0)
(1.00018 3.05133e-10 0)
(1.00018 2.60959e-10 0)
(1.00018 2.23163e-10 0)
(1.00018 1.90996e-10 0)
(1.00018 1.63728e-10 0)
(1.00018 1.40564e-10 0)
(1.00018 1.20734e-10 0)
(1.00018 1.03563e-10 0)
(1.00018 8.85755e-11 0)
(1.00018 7.55531e-11 0)
(1.00018 6.43991e-11 0)
(1.00018 5.50359e-11 0)
(1.00018 4.73438e-11 0)
(1.00018 4.10105e-11 0)
(1.00018 3.57017e-11 0)
(1.00018 3.10445e-11 0)
(1.00018 2.67772e-11 0)
(1.00018 2.28083e-11 0)
(1.00018 1.91352e-11 0)
(1.00018 1.59142e-11 0)
(1.00018 1.32363e-11 0)
(1.00018 1.11238e-11 0)
(1.00018 9.53711e-12 0)
(1.00018 8.29972e-12 0)
(1.00018 7.24685e-12 0)
(1.00018 6.22501e-12 0)
(1.00018 5.16635e-12 0)
(1.00018 4.08353e-12 0)
(1.00018 3.0312e-12 0)
(1.00018 2.10876e-12 0)
(1.00018 1.35912e-12 0)
(1.00018 8.19109e-13 0)
(1.00018 4.60916e-13 0)
(1.00018 2.25583e-13 0)
(1.00018 3.40768e-14 0)
(1.00018 -1.68227e-13 0)
(1.00018 -4.09084e-13 0)
(1.00018 -6.88535e-13 0)
(1.00018 -9.76639e-13 0)
(1.00018 -1.23727e-12 0)
(1.00018 -1.39578e-12 0)
(1.00018 -1.42362e-12 0)
(1.00018 -1.31113e-12 0)
(1.00018 -1.0663e-12 0)
(1.00018 -7.26302e-13 0)
(1.00018 -3.31039e-13 0)
(1.00018 4.77873e-14 0)
(1.00018 3.83259e-13 0)
(1.00018 6.41927e-13 0)
(1.00018 8.02965e-13 0)
(1.00018 8.95947e-13 0)
(1.00018 9.44711e-13 0)
(1.00018 1.00821e-12 0)
(1.00018 1.13357e-12 0)
(1.00018 1.32831e-12 0)
(1.00018 1.61139e-12 0)
(1.00018 1.95937e-12 0)
(1.00018 2.31991e-12 0)
(1.00018 2.64023e-12 0)
(1.00018 2.86558e-12 0)
(1.00018 2.91937e-12 0)
(1.00018 2.74266e-12 0)
(1.00018 2.35333e-12 0)
(1.00018 1.7446e-12 0)
(1.00018 9.80788e-13 0)
(1.00018 1.4255e-13 0)
(1.00018 -7.29534e-13 0)
(1.00018 -1.50463e-12 0)
(1.00018 -2.12686e-12 0)
(1.00018 -2.54024e-12 0)
(1.00018 -2.71476e-12 0)
(1.00018 -2.66888e-12 0)
(1.00018 -2.41253e-12 0)
(1.00018 -1.99245e-12 0)
(1.00018 -1.47422e-12 0)
(1.00018 -9.18755e-13 0)
(1.00018 -3.93241e-13 0)
(1.00018 6.43297e-14 0)
(1.00018 4.16853e-13 0)
(1.00018 6.58557e-13 0)
(1.00018 7.79516e-13 0)
(1.00018 7.89413e-13 0)
(1.00018 7.25252e-13 0)
(1.00018 5.80669e-13 0)
(1.00018 4.21262e-13 0)
(1.00018 2.87443e-13 0)
(1.00018 1.34765e-13 0)
(1.00018 -2.15218e-14 0)
(1.00018 -9.21761e-14 0)
(1.00018 -1.12515e-13 0)
(1.00018 -1.56069e-13 0)
(1.00018 -1.74432e-13 0)
(1.00018 -1.5109e-13 0)
(1.00018 -1.20499e-13 0)
(1.00018 -7.67754e-14 0)
(1.00018 -6.14598e-14 0)
(1.00018 -4.61509e-14 0)
(1.00018 -4.7927e-14 0)
(1.00018 -3.33891e-14 0)
(1.00018 -2.9846e-14 0)
(1.00018 -6.57288e-14 0)
(1.00018 -8.19315e-14 0)
(1.00018 -8.45264e-14 0)
(1.00018 -1.00528e-13 0)
(1.00018 -3.86797e-14 0)
(1.00018 8.25709e-15 0)
(1.00018 -5.72115e-14 0)
(1.00018 2.75154e-14 0)
(1 1.39162e-05 0)
(1 3.93179e-05 0)
(1.00001 6.93375e-05 0)
(1.00003 0.0001003 0)
(1.00004 0.000123288 0)
(1.00006 0.000134043 0)
(1.00008 0.000134185 0)
(1.0001 0.000127579 0)
(1.00011 0.000117566 0)
(1.00013 0.000106259 0)
(1.00014 9.48186e-05 0)
(1.00015 8.38435e-05 0)
(1.00015 7.36317e-05 0)
(1.00016 6.43174e-05 0)
(1.00016 5.59424e-05 0)
(1.00017 4.84929e-05 0)
(1.00017 4.19217e-05 0)
(1.00017 3.6163e-05 0)
(1.00017 3.11421e-05 0)
(1.00017 2.67818e-05 0)
(1.00017 2.30072e-05 0)
(1.00017 1.97477e-05 0)
(1.00017 1.69385e-05 0)
(1.00018 1.4521e-05 0)
(1.00018 1.24432e-05 0)
(1.00018 1.06589e-05 0)
(1.00018 9.12804e-06 0)
(1.00018 7.81526e-06 0)
(1.00018 6.69008e-06 0)
(1.00018 5.72605e-06 0)
(1.00018 4.90035e-06 0)
(1.00018 4.19331e-06 0)
(1.00018 3.58799e-06 0)
(1.00018 3.06985e-06 0)
(1.00018 2.62639e-06 0)
(1.00018 2.24689e-06 0)
(1.00018 1.92216e-06 0)
(1.00018 1.6443e-06 0)
(1.00018 1.40658e-06 0)
(1.00018 1.20319e-06 0)
(1.00018 1.0292e-06 0)
(1.00018 8.80349e-07 0)
(1.00018 7.53017e-07 0)
(1.00018 6.44096e-07 0)
(1.00018 5.50925e-07 0)
(1.00018 4.71228e-07 0)
(1.00018 4.03057e-07 0)
(1.00018 3.44745e-07 0)
(1.00018 2.94868e-07 0)
(1.00018 2.52207e-07 0)
(1.00018 2.15717e-07 0)
(1.00018 1.84506e-07 0)
(1.00018 1.5781e-07 0)
(1.00018 1.34976e-07 0)
(1.00018 1.15446e-07 0)
(1.00018 9.8742e-08 0)
(1.00018 8.44547e-08 0)
(1.00018 7.22342e-08 0)
(1.00018 6.17814e-08 0)
(1.00018 5.2841e-08 0)
(1.00018 4.51947e-08 0)
(1.00018 3.86555e-08 0)
(1.00018 3.30627e-08 0)
(1.00018 2.82789e-08 0)
(1.00018 2.41867e-08 0)
(1.00018 2.06861e-08 0)
(1.00018 1.7692e-08 0)
(1.00018 1.51317e-08 0)
(1.00018 1.29423e-08 0)
(1.00018 1.10699e-08 0)
(1.00018 9.46827e-09 0)
(1.00018 8.09804e-09 0)
(1.00018 6.92583e-09 0)
(1.00018 5.92327e-09 0)
(1.00018 5.06599e-09 0)
(1.00018 4.33301e-09 0)
(1.00018 3.70624e-09 0)
(1.00018 3.17018e-09 0)
(1.00018 2.71171e-09 0)
(1.00018 2.31962e-09 0)
(1.00018 1.98433e-09 0)
(1.00018 1.69751e-09 0)
(1.00018 1.452e-09 0)
(1.00018 1.24173e-09 0)
(1.00018 1.0616e-09 0)
(1.00018 9.07472e-10 0)
(1.00018 7.7581e-10 0)
(1.00018 6.63562e-10 0)
(1.00018 5.67927e-10 0)
(1.00018 4.86326e-10 0)
(1.00018 4.1651e-10 0)
(1.00018 3.56585e-10 0)
(1.00018 3.05114e-10 0)
(1.00018 2.60992e-10 0)
(1.00018 2.23324e-10 0)
(1.00018 1.91304e-10 0)
(1.00018 1.64075e-10 0)
(1.00018 1.40818e-10 0)
(1.00018 1.2077e-10 0)
(1.00018 1.03346e-10 0)
(1.00018 8.82226e-11 0)
(1.00018 7.51903e-11 0)
(1.00018 6.41838e-11 0)
(1.00018 5.50459e-11 0)
(1.00018 4.75045e-11 0)
(1.00018 4.12326e-11 0)
(1.00018 3.58052e-11 0)
(1.00018 3.09218e-11 0)
(1.00018 2.63852e-11 0)
(1.00018 2.22104e-11 0)
(1.00018 1.85211e-11 0)
(1.00018 1.54186e-11 0)
(1.00018 1.29992e-11 0)
(1.00018 1.12254e-11 0)
(1.00018 9.90887e-12 0)
(1.00018 8.86149e-12 0)
(1.00018 7.85358e-12 0)
(1.00018 6.7596e-12 0)
(1.00018 5.55534e-12 0)
(1.00018 4.27665e-12 0)
(1.00018 3.06556e-12 0)
(1.00018 1.99633e-12 0)
(1.00018 1.16602e-12 0)
(1.00018 5.90199e-13 0)
(1.00018 2.36129e-13 0)
(1.00018 1.53496e-14 0)
(1.00018 -1.36025e-13 0)
(1.00018 -3.06364e-13 0)
(1.00018 -5.0439e-13 0)
(1.00018 -7.46228e-13 0)
(1.00018 -9.94388e-13 0)
(1.00018 -1.18106e-12 0)
(1.00018 -1.30282e-12 0)
(1.00018 -1.29895e-12 0)
(1.00018 -1.16868e-12 0)
(1.00018 -9.24444e-13 0)
(1.00018 -6.1212e-13 0)
(1.00018 -2.65763e-13 0)
(1.00018 7.7563e-14 0)
(1.00018 3.6711e-13 0)
(1.00018 5.88428e-13 0)
(1.00018 7.35093e-13 0)
(1.00018 8.14805e-13 0)
(1.00018 8.88396e-13 0)
(1.00018 9.87895e-13 0)
(1.00018 1.1433e-12 0)
(1.00018 1.36808e-12 0)
(1.00018 1.6669e-12 0)
(1.00018 2.02002e-12 0)
(1.00018 2.37906e-12 0)
(1.00018 2.68864e-12 0)
(1.00018 2.88165e-12 0)
(1.00018 2.88681e-12 0)
(1.00018 2.6806e-12 0)
(1.00018 2.25074e-12 0)
(1.00018 1.64194e-12 0)
(1.00018 8.78074e-13 0)
(1.00018 1.90822e-14 0)
(1.00018 -8.02304e-13 0)
(1.00018 -1.56008e-12 0)
(1.00018 -2.13975e-12 0)
(1.00018 -2.51795e-12 0)
(1.00018 -2.66809e-12 0)
(1.00018 -2.60164e-12 0)
(1.00018 -2.3269e-12 0)
(1.00018 -1.88506e-12 0)
(1.00018 -1.38864e-12 0)
(1.00018 -8.48564e-13 0)
(1.00018 -3.39747e-13 0)
(1.00018 8.1207e-14 0)
(1.00018 4.25986e-13 0)
(1.00018 6.54704e-13 0)
(1.00018 7.3122e-13 0)
(1.00018 7.24059e-13 0)
(1.00018 6.80127e-13 0)
(1.00018 5.63052e-13 0)
(1.00018 3.76754e-13 0)
(1.00018 2.36696e-13 0)
(1.00018 1.26925e-13 0)
(1.00018 -1.44154e-15 0)
(1.00018 -9.39709e-14 0)
(1.00018 -1.33181e-13 0)
(1.00018 -1.1044e-13 0)
(1.00018 -1.09568e-13 0)
(1.00018 -1.07605e-13 0)
(1.00018 -6.31922e-14 0)
(1.00018 -6.74276e-14 0)
(1.00018 -6.26818e-14 0)
(1.00018 -4.80792e-14 0)
(1.00018 -5.01572e-14 0)
(1.00018 -7.77136e-14 0)
(1.00018 -7.68965e-14 0)
(1.00018 -9.28538e-14 0)
(1.00018 -1.52333e-13 0)
(1.00018 -1.08173e-13 0)
(1.00018 -1.16566e-13 0)
(1.00018 -1.48527e-13 0)
(1.00018 -7.64779e-14 0)
(1.00018 -4.28822e-14 0)
(1.00018 3.32816e-14 0)
(1 1.18325e-05 0)
(1 3.34649e-05 0)
(1.00001 5.91112e-05 0)
(1.00002 8.57358e-05 0)
(1.00004 0.000105825 0)
(1.00006 0.000115719 0)
(1.00007 0.000116648 0)
(1.00009 0.000111772 0)
(1.0001 0.000103864 0)
(1.00012 9.46914e-05 0)
(1.00013 8.52297e-05 0)
(1.00014 7.5998e-05 0)
(1.00014 6.72726e-05 0)
(1.00015 5.91977e-05 0)
(1.00015 5.18394e-05 0)
(1.00016 4.52139e-05 0)
(1.00016 3.93046e-05 0)
(1.00016 3.40742e-05 0)
(1.00017 2.9473e-05 0)
(1.00017 2.54457e-05 0)
(1.00017 2.19347e-05 0)
(1.00017 1.88841e-05 0)
(1.00017 1.62405e-05 0)
(1.00017 1.39548e-05 0)
(1.00017 1.1982e-05 0)
(1.00017 1.02819e-05 0)
(1.00017 8.81846e-06 0)
(1.00018 7.56013e-06 0)
(1.00018 6.47904e-06 0)
(1.00018 5.55088e-06 0)
(1.00018 4.75448e-06 0)
(1.00018 4.07148e-06 0)
(1.00018 3.48596e-06 0)
(1.00018 2.98419e-06 0)
(1.00018 2.55431e-06 0)
(1.00018 2.18612e-06 0)
(1.00018 1.87082e-06 0)
(1.00018 1.60087e-06 0)
(1.00018 1.36978e-06 0)
(1.00018 1.17198e-06 0)
(1.00018 1.00269e-06 0)
(1.00018 8.57822e-07 0)
(1.00018 7.33855e-07 0)
(1.00018 6.27784e-07 0)
(1.00018 5.3703e-07 0)
(1.00018 4.59385e-07 0)
(1.00018 3.92958e-07 0)
(1.00018 3.3613e-07 0)
(1.00018 2.87517e-07 0)
(1.00018 2.45931e-07 0)
(1.00018 2.10359e-07 0)
(1.00018 1.7993e-07 0)
(1.00018 1.53901e-07 0)
(1.00018 1.31636e-07 0)
(1.00018 1.12592e-07 0)
(1.00018 9.63029e-08 0)
(1.00018 8.23695e-08 0)
(1.00018 7.04514e-08 0)
(1.00018 6.02572e-08 0)
(1.00018 5.15383e-08 0)
(1.00018 4.40814e-08 0)
(1.00018 3.77039e-08 0)
(1.00018 3.22491e-08 0)
(1.00018 2.75829e-08 0)
(1.00018 2.35912e-08 0)
(1.00018 2.01768e-08 0)
(1.00018 1.72567e-08 0)
(1.00018 1.47597e-08 0)
(1.00018 1.26243e-08 0)
(1.00018 1.07978e-08 0)
(1.00018 9.23531e-09 0)
(1.00018 7.89855e-09 0)
(1.00018 6.75513e-09 0)
(1.00018 5.77737e-09 0)
(1.00018 4.9414e-09 0)
(1.00018 4.22663e-09 0)
(1.00018 3.61532e-09 0)
(1.00018 3.09239e-09 0)
(1.00018 2.64507e-09 0)
(1.00018 2.26247e-09 0)
(1.00018 1.93528e-09 0)
(1.00018 1.65541e-09 0)
(1.00018 1.41591e-09 0)
(1.00018 1.21088e-09 0)
(1.00018 1.03537e-09 0)
(1.00018 8.85286e-10 0)
(1.00018 7.57132e-10 0)
(1.00018 6.47787e-10 0)
(1.00018 5.54496e-10 0)
(1.00018 4.74748e-10 0)
(1.00018 4.06429e-10 0)
(1.00018 3.47808e-10 0)
(1.00018 2.97536e-10 0)
(1.00018 2.54581e-10 0)
(1.00018 2.1798e-10 0)
(1.00018 1.8686e-10 0)
(1.00018 1.603e-10 0)
(1.00018 1.37479e-10 0)
(1.00018 1.17733e-10 0)
(1.00018 1.00554e-10 0)
(1.00018 8.57276e-11 0)
(1.00018 7.30954e-11 0)
(1.00018 6.25121e-11 0)
(1.00018 5.38e-11 0)
(1.00018 4.65548e-11 0)
(1.00018 4.03949e-11 0)
(1.00018 3.49217e-11 0)
(1.00018 2.98896e-11 0)
(1.00018 2.52526e-11 0)
(1.00018 2.10474e-11 0)
(1.00018 1.74819e-11 0)
(1.00018 1.46703e-11 0)
(1.00018 1.25915e-11 0)
(1.00018 1.11605e-11 0)
(1.00018 1.01117e-11 0)
(1.00018 9.2005e-12 0)
(1.00018 8.20989e-12 0)
(1.00018 7.02536e-12 0)
(1.00018 5.69194e-12 0)
(1.00018 4.27511e-12 0)
(1.00018 2.94894e-12 0)
(1.00018 1.82002e-12 0)
(1.00018 9.67412e-13 0)
(1.00018 3.90857e-13 0)
(1.00018 5.22661e-14 0)
(1.00018 -1.4451e-13 0)
(1.00018 -2.76732e-13 0)
(1.00018 -4.16942e-13 0)
(1.00018 -5.89763e-13 0)
(1.00018 -7.71742e-13 0)
(1.00018 -9.70703e-13 0)
(1.00018 -1.10442e-12 0)
(1.00018 -1.15939e-12 0)
(1.00018 -1.12054e-12 0)
(1.00018 -9.89511e-13 0)
(1.00018 -7.73384e-13 0)
(1.00018 -4.86791e-13 0)
(1.00018 -2.00848e-13 0)
(1.00018 8.81324e-14 0)
(1.00018 3.28813e-13 0)
(1.00018 5.06789e-13 0)
(1.00018 6.4582e-13 0)
(1.00018 7.32966e-13 0)
(1.00018 8.25176e-13 0)
(1.00018 9.55307e-13 0)
(1.00018 1.13118e-12 0)
(1.00018 1.37554e-12 0)
(1.00018 1.67995e-12 0)
(1.00018 2.03019e-12 0)
(1.00018 2.36369e-12 0)
(1.00018 2.639e-12 0)
(1.00018 2.79871e-12 0)
(1.00018 2.75213e-12 0)
(1.00018 2.53516e-12 0)
(1.00018 2.1012e-12 0)
(1.00018 1.48235e-12 0)
(1.00018 7.55193e-13 0)
(1.00018 -7.84238e-14 0)
(1.00018 -8.58284e-13 0)
(1.00018 -1.54569e-12 0)
(1.00018 -2.08062e-12 0)
(1.00018 -2.42361e-12 0)
(1.00018 -2.54591e-12 0)
(1.00018 -2.44327e-12 0)
(1.00018 -2.16065e-12 0)
(1.00018 -1.73986e-12 0)
(1.00018 -1.26547e-12 0)
(1.00018 -7.64097e-13 0)
(1.00018 -2.82818e-13 0)
(1.00018 1.08e-13 0)
(1.00018 4.04356e-13 0)
(1.00018 6.03077e-13 0)
(1.00018 6.80164e-13 0)
(1.00018 6.60959e-13 0)
(1.00018 5.91906e-13 0)
(1.00018 4.89602e-13 0)
(1.00018 3.25978e-13 0)
(1.00018 1.98702e-13 0)
(1.00018 1.1487e-13 0)
(1.00018 6.79752e-15 0)
(1.00018 -5.48615e-14 0)
(1.00018 -1.02281e-13 0)
(1.00018 -9.37775e-14 0)
(1.00018 -8.07616e-14 0)
(1.00018 -1.09219e-13 0)
(1.00018 -4.88101e-14 0)
(1.00018 -3.39516e-14 0)
(1.00018 -4.4709e-14 0)
(1.00018 -8.13758e-14 0)
(1.00018 -9.33962e-14 0)
(1.00018 -9.66782e-14 0)
(1.00018 -1.4076e-13 0)
(1.00018 -1.40853e-13 0)
(1.00018 -1.44175e-13 0)
(1.00018 -1.65404e-13 0)
(1.00018 -1.94594e-13 0)
(1.00018 -1.21464e-13 0)
(1.00018 -5.70304e-14 0)
(1.00018 -9.23649e-14 0)
(1.00018 -3.15709e-15 0)
(1 1.00057e-05 0)
(1 2.83195e-05 0)
(1.00001 5.00866e-05 0)
(1.00002 7.27926e-05 0)
(1.00003 9.01271e-05 0)
(1.00005 9.89785e-05 0)
(1.00007 0.000100316 0)
(1.00008 9.67261e-05 0)
(1.0001 9.0497e-05 0)
(1.00011 8.30934e-05 0)
(1.00012 7.53288e-05 0)
(1.00013 6.76425e-05 0)
(1.00014 6.02796e-05 0)
(1.00014 5.33797e-05 0)
(1.00015 4.70188e-05 0)
(1.00015 4.123e-05 0)
(1.00016 3.60166e-05 0)
(1.00016 3.13613e-05 0)
(1.00016 2.72336e-05 0)
(1.00017 2.35949e-05 0)
(1.00017 2.04027e-05 0)
(1.00017 1.76135e-05 0)
(1.00017 1.51845e-05 0)
(1.00017 1.30751e-05 0)
(1.00017 1.12475e-05 0)
(1.00017 9.66724e-06 0)
(1.00017 8.30304e-06 0)
(1.00017 7.12701e-06 0)
(1.00017 6.11438e-06 0)
(1.00018 5.24331e-06 0)
(1.00018 4.49465e-06 0)
(1.00018 3.85165e-06 0)
(1.00018 3.29973e-06 0)
(1.00018 2.82623e-06 0)
(1.00018 2.4202e-06 0)
(1.00018 2.07214e-06 0)
(1.00018 1.77388e-06 0)
(1.00018 1.51836e-06 0)
(1.00018 1.2995e-06 0)
(1.00018 1.11209e-06 0)
(1.00018 9.51628e-07 0)
(1.00018 8.14265e-07 0)
(1.00018 6.96689e-07 0)
(1.00018 5.96061e-07 0)
(1.00018 5.09945e-07 0)
(1.00018 4.36254e-07 0)
(1.00018 3.732e-07 0)
(1.00018 3.1925e-07 0)
(1.00018 2.73094e-07 0)
(1.00018 2.33606e-07 0)
(1.00018 1.99825e-07 0)
(1.00018 1.70925e-07 0)
(1.00018 1.46204e-07 0)
(1.00018 1.25056e-07 0)
(1.00018 1.06966e-07 0)
(1.00018 9.14924e-08 0)
(1.00018 7.82562e-08 0)
(1.00018 6.69341e-08 0)
(1.00018 5.72497e-08 0)
(1.00018 4.89669e-08 0)
(1.00018 4.18828e-08 0)
(1.00018 3.58237e-08 0)
(1.00018 3.06408e-08 0)
(1.00018 2.62071e-08 0)
(1.00018 2.24144e-08 0)
(1.00018 1.91706e-08 0)
(1.00018 1.63965e-08 0)
(1.00018 1.40243e-08 0)
(1.00018 1.19953e-08 0)
(1.00018 1.02597e-08 0)
(1.00018 8.77473e-09 0)
(1.00018 7.50445e-09 0)
(1.00018 6.41814e-09 0)
(1.00018 5.48938e-09 0)
(1.00018 4.69532e-09 0)
(1.00018 4.01628e-09 0)
(1.00018 3.43536e-09 0)
(1.00018 2.93829e-09 0)
(1.00018 2.51302e-09 0)
(1.00018 2.14931e-09 0)
(1.00018 1.83833e-09 0)
(1.00018 1.5724e-09 0)
(1.00018 1.34494e-09 0)
(1.00018 1.15032e-09 0)
(1.00018 9.83837e-10 0)
(1.00018 8.415e-10 0)
(1.00018 7.19933e-10 0)
(1.00018 6.16105e-10 0)
(1.00018 5.27355e-10 0)
(1.00018 4.51379e-10 0)
(1.00018 3.86239e-10 0)
(1.00018 3.30402e-10 0)
(1.00018 2.82629e-10 0)
(1.00018 2.419e-10 0)
(1.00018 2.0725e-10 0)
(1.00018 1.77741e-10 0)
(1.00018 1.52475e-10 0)
(1.00018 1.30655e-10 0)
(1.00018 1.11711e-10 0)
(1.00018 9.5292e-11 0)
(1.00018 8.11937e-11 0)
(1.00018 6.93077e-11 0)
(1.00018 5.94361e-11 0)
(1.00018 5.12833e-11 0)
(1.00018 4.44465e-11 0)
(1.00018 3.84827e-11 0)
(1.00018 3.30773e-11 0)
(1.00018 2.80423e-11 0)
(1.00018 2.34373e-11 0)
(1.00018 1.9423e-11 0)
(1.00018 1.61387e-11 0)
(1.00018 1.3698e-11 0)
(1.00018 1.20302e-11 0)
(1.00018 1.09146e-11 0)
(1.00018 1.00868e-11 0)
(1.00018 9.25067e-12 0)
(1.00018 8.24042e-12 0)
(1.00018 6.98508e-12 0)
(1.00018 5.547e-12 0)
(1.00018 4.07947e-12 0)
(1.00018 2.72156e-12 0)
(1.00018 1.60266e-12 0)
(1.00018 7.82071e-13 0)
(1.00018 2.50276e-13 0)
(1.00018 -6.73029e-14 0)
(1.00018 -2.42733e-13 0)
(1.00018 -3.65526e-13 0)
(1.00018 -4.89968e-13 0)
(1.00018 -6.41188e-13 0)
(1.00018 -7.83945e-13 0)
(1.00018 -9.03665e-13 0)
(1.00018 -9.83575e-13 0)
(1.00018 -9.9355e-13 0)
(1.00018 -9.30769e-13 0)
(1.00018 -7.86251e-13 0)
(1.00018 -6.02213e-13 0)
(1.00018 -3.78355e-13 0)
(1.00018 -1.44837e-13 0)
(1.00018 7.24517e-14 0)
(1.00018 2.6149e-13 0)
(1.00018 4.1117e-13 0)
(1.00018 5.37997e-13 0)
(1.00018 6.4699e-13 0)
(1.00018 7.61562e-13 0)
(1.00018 9.10381e-13 0)
(1.00018 1.10292e-12 0)
(1.00018 1.35681e-12 0)
(1.00018 1.65188e-12 0)
(1.00018 1.96937e-12 0)
(1.00018 2.26986e-12 0)
(1.00018 2.49809e-12 0)
(1.00018 2.60316e-12 0)
(1.00018 2.53887e-12 0)
(1.00018 2.30518e-12 0)
(1.00018 1.88424e-12 0)
(1.00018 1.30052e-12 0)
(1.00018 5.97754e-13 0)
(1.00018 -1.45074e-13 0)
(1.00018 -8.58599e-13 0)
(1.00018 -1.4834e-12 0)
(1.00018 -1.96768e-12 0)
(1.00018 -2.25034e-12 0)
(1.00018 -2.33586e-12 0)
(1.00018 -2.22138e-12 0)
(1.00018 -1.94215e-12 0)
(1.00018 -1.56952e-12 0)
(1.00018 -1.11284e-12 0)
(1.00018 -6.4352e-13 0)
(1.00018 -2.26463e-13 0)
(1.00018 1.15485e-13 0)
(1.00018 3.77277e-13 0)
(1.00018 5.4043e-13 0)
(1.00018 6.13995e-13 0)
(1.00018 5.84954e-13 0)
(1.00018 4.86315e-13 0)
(1.00018 4.06936e-13 0)
(1.00018 2.95077e-13 0)
(1.00018 1.47887e-13 0)
(1.00018 6.96245e-14 0)
(1.00018 1.28167e-14 0)
(1.00018 -3.11588e-14 0)
(1.00018 -4.28693e-14 0)
(1.00018 -5.85946e-14 0)
(1.00018 -2.51328e-14 0)
(1.00018 -2.34004e-14 0)
(1.00018 -3.92359e-14 0)
(1.00018 -3.10066e-14 0)
(1.00018 -1.1652e-14 0)
(1.00018 -4.19727e-14 0)
(1.00018 -8.55023e-14 0)
(1.00018 -1.36258e-13 0)
(1.00018 -1.59469e-13 0)
(1.00018 -1.80235e-13 0)
(1.00018 -2.4249e-13 0)
(1.00018 -1.87969e-13 0)
(1.00018 -1.73113e-13 0)
(1.00018 -1.93397e-13 0)
(1.00018 -1.19623e-13 0)
(1.00018 -9.1182e-14 0)
(1.00018 -5.01231e-15 0)
(1 8.37095e-06 0)
(1 2.3706e-05 0)
(1.00001 4.1969e-05 0)
(1.00002 6.1089e-05 0)
(1.00003 7.58124e-05 0)
(1.00005 8.35308e-05 0)
(1.00006 8.50178e-05 0)
(1.00008 8.23844e-05 0)
(1.00009 7.75044e-05 0)
(1.0001 7.15779e-05 0)
(1.00011 6.52734e-05 0)
(1.00012 5.89557e-05 0)
(1.00013 5.28345e-05 0)
(1.00014 4.70368e-05 0)
(1.00014 4.16387e-05 0)
(1.00015 3.66807e-05 0)
(1.00015 3.21779e-05 0)
(1.00016 2.81262e-05 0)
(1.00016 2.45087e-05 0)
(1.00016 2.12999e-05 0)
(1.00016 1.84691e-05 0)
(1.00017 1.59833e-05 0)
(1.00017 1.3809e-05 0)
(1.00017 1.19134e-05 0)
(1.00017 1.02654e-05 0)
(1.00017 8.83606e-06 0)
(1.00017 7.59891e-06 0)
(1.00017 6.52993e-06 0)
(1.00017 5.60761e-06 0)
(1.00017 4.81283e-06 0)
(1.00017 4.12868e-06 0)
(1.00018 3.5403e-06 0)
(1.00018 3.03468e-06 0)
(1.00018 2.60047e-06 0)
(1.00018 2.2278e-06 0)
(1.00018 1.9081e-06 0)
(1.00018 1.63395e-06 0)
(1.00018 1.39896e-06 0)
(1.00018 1.1976e-06 0)
(1.00018 1.02508e-06 0)
(1.00018 8.7733e-07 0)
(1.00018 7.50804e-07 0)
(1.00018 6.42474e-07 0)
(1.00018 5.49738e-07 0)
(1.00018 4.70359e-07 0)
(1.00018 4.02421e-07 0)
(1.00018 3.44282e-07 0)
(1.00018 2.94531e-07 0)
(1.00018 2.51962e-07 0)
(1.00018 2.15539e-07 0)
(1.00018 1.84377e-07 0)
(1.00018 1.57717e-07 0)
(1.00018 1.34909e-07 0)
(1.00018 1.15398e-07 0)
(1.00018 9.87079e-08 0)
(1.00018 8.44303e-08 0)
(1.00018 7.22168e-08 0)
(1.00018 6.17695e-08 0)
(1.00018 5.28333e-08 0)
(1.00018 4.51901e-08 0)
(1.00018 3.86528e-08 0)
(1.00018 3.30609e-08 0)
(1.00018 2.82775e-08 0)
(1.00018 2.41856e-08 0)
(1.00018 2.06857e-08 0)
(1.00018 1.76925e-08 0)
(1.00018 1.51327e-08 0)
(1.00018 1.29435e-08 0)
(1.00018 1.10708e-08 0)
(1.00018 9.46862e-09 0)
(1.00018 8.09793e-09 0)
(1.00018 6.92561e-09 0)
(1.00018 5.92329e-09 0)
(1.00018 5.06643e-09 0)
(1.00018 4.33377e-09 0)
(1.00018 3.70702e-09 0)
(1.00018 3.17065e-09 0)
(1.00018 2.7116e-09 0)
(1.00018 2.31886e-09 0)
(1.00018 1.98305e-09 0)
(1.00018 1.69604e-09 0)
(1.00018 1.45072e-09 0)
(1.00018 1.241e-09 0)
(1.00018 1.06162e-09 0)
(1.00018 9.08226e-10 0)
(1.00018 7.77088e-10 0)
(1.00018 6.64991e-10 0)
(1.00018 5.69146e-10 0)
(1.00018 4.87093e-10 0)
(1.00018 4.16768e-10 0)
(1.00018 3.56468e-10 0)
(1.00018 3.04832e-10 0)
(1.00018 2.60765e-10 0)
(1.00018 2.23263e-10 0)
(1.00018 1.91389e-10 0)
(1.00018 1.64185e-10 0)
(1.00018 1.40787e-10 0)
(1.00018 1.2054e-10 0)
(1.00018 1.02925e-10 0)
(1.00018 8.77125e-11 0)
(1.00018 7.47664e-11 0)
(1.00018 6.39168e-11 0)
(1.00018 5.49707e-11 0)
(1.00018 4.75395e-11 0)
(1.00018 4.12002e-11 0)
(1.00018 3.55359e-11 0)
(1.00018 3.03079e-11 0)
(1.00018 2.54771e-11 0)
(1.00018 2.1104e-11 0)
(1.00018 1.74195e-11 0)
(1.00018 1.45713e-11 0)
(1.00018 1.25598e-11 0)
(1.00018 1.12817e-11 0)
(1.00018 1.04373e-11 0)
(1.00018 9.74491e-12 0)
(1.00018 8.95178e-12 0)
(1.00018 7.89555e-12 0)
(1.00018 6.60231e-12 0)
(1.00018 5.14078e-12 0)
(1.00018 3.69197e-12 0)
(1.00018 2.40174e-12 0)
(1.00018 1.38225e-12 0)
(1.00018 6.51076e-13 0)
(1.00018 1.83382e-13 0)
(1.00018 -1.0389e-13 0)
(1.00018 -2.76448e-13 0)
(1.00018 -4.06579e-13 0)
(1.00018 -5.39691e-13 0)
(1.00018 -6.48649e-13 0)
(1.00018 -7.59706e-13 0)
(1.00018 -8.25791e-13 0)
(1.00018 -8.3675e-13 0)
(1.00018 -7.91848e-13 0)
(1.00018 -7.09247e-13 0)
(1.00018 -5.91587e-13 0)
(1.00018 -4.32752e-13 0)
(1.00018 -2.68685e-13 0)
(1.00018 -1.0565e-13 0)
(1.00018 4.38221e-14 0)
(1.00018 1.76575e-13 0)
(1.00018 3.08174e-13 0)
(1.00018 4.34064e-13 0)
(1.00018 5.55982e-13 0)
(1.00018 6.91208e-13 0)
(1.00018 8.59262e-13 0)
(1.00018 1.06046e-12 0)
(1.00018 1.29874e-12 0)
(1.00018 1.57497e-12 0)
(1.00018 1.84772e-12 0)
(1.00018 2.08387e-12 0)
(1.00018 2.26473e-12 0)
(1.00018 2.31792e-12 0)
(1.00018 2.24762e-12 0)
(1.00018 2.01285e-12 0)
(1.00018 1.59741e-12 0)
(1.00018 1.08203e-12 0)
(1.00018 4.50735e-13 0)
(1.00018 -2.03498e-13 0)
(1.00018 -8.29545e-13 0)
(1.00018 -1.37167e-12 0)
(1.00018 -1.77779e-12 0)
(1.00018 -2.00417e-12 0)
(1.00018 -2.04846e-12 0)
(1.00018 -1.94797e-12 0)
(1.00018 -1.69027e-12 0)
(1.00018 -1.33516e-12 0)
(1.00018 -9.29692e-13 0)
(1.00018 -5.21116e-13 0)
(1.00018 -1.56873e-13 0)
(1.00018 1.33983e-13 0)
(1.00018 3.49897e-13 0)
(1.00018 4.66192e-13 0)
(1.00018 5.08612e-13 0)
(1.00018 4.83149e-13 0)
(1.00018 3.90999e-13 0)
(1.00018 3.09996e-13 0)
(1.00018 2.33283e-13 0)
(1.00018 1.19506e-13 0)
(1.00018 4.08045e-14 0)
(1.00018 2.86818e-14 0)
(1.00018 -1.10651e-14 0)
(1.00018 -2.06668e-14 0)
(1.00018 -8.21413e-15 0)
(1.00018 -5.73868e-15 0)
(1.00018 2.55247e-14 0)
(1.00018 -4.56248e-15 0)
(1.00018 -2.8023e-14 0)
(1.00018 -4.40502e-14 0)
(1.00018 -6.33096e-14 0)
(1.00018 -8.50137e-14 0)
(1.00018 -1.50841e-13 0)
(1.00018 -1.92211e-13 0)
(1.00018 -2.10198e-13 0)
(1.00018 -2.1511e-13 0)
(1.00018 -2.46241e-13 0)
(1.00018 -2.72507e-13 0)
(1.00018 -2.43328e-13 0)
(1.00018 -1.67125e-13 0)
(1.00018 -9.70966e-14 0)
(1.00018 5.7839e-17 0)
(1 6.88113e-06 0)
(1 1.94952e-05 0)
(1.00001 3.45411e-05 0)
(1.00002 5.03366e-05 0)
(1.00003 6.25784e-05 0)
(1.00004 6.91215e-05 0)
(1.00006 7.05815e-05 0)
(1.00007 6.8664e-05 0)
(1.00008 6.48815e-05 0)
(1.0001 6.02014e-05 0)
(1.00011 5.51628e-05 0)
(1.00012 5.00619e-05 0)
(1.00012 4.50726e-05 0)
(1.00013 4.03047e-05 0)
(1.00014 3.58281e-05 0)
(1.00014 3.16847e-05 0)
(1.00015 2.78945e-05 0)
(1.00015 2.44618e-05 0)
(1.00016 2.13787e-05 0)
(1.00016 1.86292e-05 0)
(1.00016 1.61919e-05 0)
(1.00016 1.40425e-05 0)
(1.00017 1.21551e-05 0)
(1.00017 1.05041e-05 0)
(1.00017 9.06441e-06 0)
(1.00017 7.81243e-06 0)
(1.00017 6.72624e-06 0)
(1.00017 5.78578e-06 0)
(1.00017 4.97289e-06 0)
(1.00017 4.2713e-06 0)
(1.00017 3.66655e-06 0)
(1.00017 3.14583e-06 0)
(1.00017 2.69789e-06 0)
(1.00018 2.31287e-06 0)
(1.00018 1.98215e-06 0)
(1.00018 1.69825e-06 0)
(1.00018 1.45467e-06 0)
(1.00018 1.24576e-06 0)
(1.00018 1.06667e-06 0)
(1.00018 9.13185e-07 0)
(1.00018 7.81681e-07 0)
(1.00018 6.6904e-07 0)
(1.00018 5.72574e-07 0)
(1.00018 4.89976e-07 0)
(1.00018 4.19262e-07 0)
(1.00018 3.58732e-07 0)
(1.00018 3.06924e-07 0)
(1.00018 2.62587e-07 0)
(1.00018 2.24645e-07 0)
(1.00018 1.92179e-07 0)
(1.00018 1.644e-07 0)
(1.00018 1.40632e-07 0)
(1.00018 1.20299e-07 0)
(1.00018 1.02903e-07 0)
(1.00018 8.80217e-08 0)
(1.00018 7.52912e-08 0)
(1.00018 6.44008e-08 0)
(1.00018 5.50851e-08 0)
(1.00018 4.71166e-08 0)
(1.00018 4.03009e-08 0)
(1.00018 3.44709e-08 0)
(1.00018 2.94838e-08 0)
(1.00018 2.52178e-08 0)
(1.00018 2.15687e-08 0)
(1.00018 1.84478e-08 0)
(1.00018 1.57788e-08 0)
(1.00018 1.34963e-08 0)
(1.00018 1.15439e-08 0)
(1.00018 9.87343e-09 0)
(1.00018 8.44423e-09 0)
(1.00018 7.22171e-09 0)
(1.00018 6.17638e-09 0)
(1.00018 5.2828e-09 0)
(1.00018 4.51887e-09 0)
(1.00018 3.86549e-09 0)
(1.00018 3.30632e-09 0)
(1.00018 2.82763e-09 0)
(1.00018 2.41792e-09 0)
(1.00018 2.06748e-09 0)
(1.00018 1.76797e-09 0)
(1.00018 1.51212e-09 0)
(1.00018 1.29353e-09 0)
(1.00018 1.1067e-09 0)
(1.00018 9.46934e-10 0)
(1.00018 8.10299e-10 0)
(1.00018 6.93476e-10 0)
(1.00018 5.93533e-10 0)
(1.00018 5.07985e-10 0)
(1.00018 4.34671e-10 0)
(1.00018 3.7177e-10 0)
(1.00018 3.17863e-10 0)
(1.00018 2.71761e-10 0)
(1.00018 2.32506e-10 0)
(1.00018 1.99141e-10 0)
(1.00018 1.70765e-10 0)
(1.00018 1.4651e-10 0)
(1.00018 1.25571e-10 0)
(1.00018 1.07396e-10 0)
(1.00018 9.16175e-11 0)
(1.00018 7.80418e-11 0)
(1.00018 6.65848e-11 0)
(1.00018 5.70496e-11 0)
(1.00018 4.91824e-11 0)
(1.00018 4.25914e-11 0)
(1.00018 3.68436e-11 0)
(1.00018 3.16325e-11 0)
(1.00018 2.67613e-11 0)
(1.00018 2.22801e-11 0)
(1.00018 1.83622e-11 0)
(1.00018 1.51656e-11 0)
(1.00018 1.28181e-11 0)
(1.00018 1.12649e-11 0)
(1.00018 1.03161e-11 0)
(1.00018 9.68339e-12 0)
(1.00018 9.0522e-12 0)
(1.00018 8.25179e-12 0)
(1.00018 7.17832e-12 0)
(1.00018 5.88128e-12 0)
(1.00018 4.49212e-12 0)
(1.00018 3.16876e-12 0)
(1.00018 2.0452e-12 0)
(1.00018 1.18471e-12 0)
(1.00018 5.8314e-13 0)
(1.00018 1.9023e-13 0)
(1.00018 -6.72095e-14 0)
(1.00018 -2.53266e-13 0)
(1.00018 -4.05577e-13 0)
(1.00018 -5.49721e-13 0)
(1.00018 -6.52729e-13 0)
(1.00018 -7.09042e-13 0)
(1.00018 -7.10841e-13 0)
(1.00018 -6.64667e-13 0)
(1.00018 -5.8732e-13 0)
(1.00018 -4.77926e-13 0)
(1.00018 -3.79906e-13 0)
(1.00018 -2.73534e-13 0)
(1.00018 -1.7717e-13 0)
(1.00018 -8.98792e-14 0)
(1.00018 1.99678e-15 0)
(1.00018 8.93491e-14 0)
(1.00018 2.02802e-13 0)
(1.00018 3.27493e-13 0)
(1.00018 4.65474e-13 0)
(1.00018 6.18673e-13 0)
(1.00018 7.9026e-13 0)
(1.00018 9.99538e-13 0)
(1.00018 1.21552e-12 0)
(1.00018 1.4368e-12 0)
(1.00018 1.65158e-12 0)
(1.00018 1.82206e-12 0)
(1.00018 1.94734e-12 0)
(1.00018 1.96293e-12 0)
(1.00018 1.87374e-12 0)
(1.00018 1.65827e-12 0)
(1.00018 1.29288e-12 0)
(1.00018 8.38658e-13 0)
(1.00018 3.10539e-13 0)
(1.00018 -2.39299e-13 0)
(1.00018 -7.64684e-13 0)
(1.00018 -1.20935e-12 0)
(1.00018 -1.52121e-12 0)
(1.00018 -1.69106e-12 0)
(1.00018 -1.71565e-12 0)
(1.00018 -1.61244e-12 0)
(1.00018 -1.39251e-12 0)
(1.00018 -1.07269e-12 0)
(1.00018 -7.27678e-13 0)
(1.00018 -4.00746e-13 0)
(1.00018 -1.07096e-13 0)
(1.00018 1.43929e-13 0)
(1.00018 3.07396e-13 0)
(1.00018 3.68235e-13 0)
(1.00018 3.96368e-13 0)
(1.00018 3.7235e-13 0)
(1.00018 2.76899e-13 0)
(1.00018 1.92051e-13 0)
(1.00018 1.3968e-13 0)
(1.00018 7.9341e-14 0)
(1.00018 1.2636e-14 0)
(1.00018 7.66569e-15 0)
(1.00018 2.17837e-14 0)
(1.00018 1.06699e-14 0)
(1.00018 3.52483e-14 0)
(1.00018 3.51573e-14 0)
(1.00018 6.99811e-14 0)
(1.00018 5.82605e-14 0)
(1.00018 2.84107e-14 0)
(1.00018 1.59198e-14 0)
(1.00018 -4.38103e-14 0)
(1.00018 -1.27199e-13 0)
(1.00018 -1.74248e-13 0)
(1.00018 -2.13917e-13 0)
(1.00018 -3.03916e-13 0)
(1.00018 -3.13918e-13 0)
(1.00018 -2.87319e-13 0)
(1.00018 -2.54936e-13 0)
(1.00018 -1.89736e-13 0)
(1.00018 -1.93054e-13 0)
(1.00018 -2.00938e-13 0)
(1.00018 -4.91557e-14 0)
(1 5.50064e-06 0)
(1 1.55891e-05 0)
(1.00001 2.76369e-05 0)
(1.00002 4.03112e-05 0)
(1.00003 5.01813e-05 0)
(1.00004 5.55327e-05 0)
(1.00005 5.68468e-05 0)
(1.00007 5.54707e-05 0)
(1.00008 5.2596e-05 0)
(1.00009 4.89831e-05 0)
(1.0001 4.50551e-05 0)
(1.00011 4.10454e-05 0)
(1.00012 3.70931e-05 0)
(1.00013 3.32886e-05 0)
(1.00013 2.96921e-05 0)
(1.00014 2.63418e-05 0)
(1.00015 2.32591e-05 0)
(1.00015 2.0452e-05 0)
(1.00015 1.79183e-05 0)
(1.00016 1.56486e-05 0)
(1.00016 1.36286e-05 0)
(1.00016 1.18406e-05 0)
(1.00016 1.02655e-05 0)
(1.00017 8.88376e-06 0)
(1.00017 7.67576e-06 0)
(1.00017 6.6229e-06 0)
(1.00017 5.70764e-06 0)
(1.00017 4.91378e-06 0)
(1.00017 4.22655e-06 0)
(1.00017 3.63263e-06 0)
(1.00017 3.12007e-06 0)
(1.00017 2.67829e-06 0)
(1.00017 2.29791e-06 0)
(1.00017 1.97071e-06 0)
(1.00018 1.68946e-06 0)
(1.00018 1.44789e-06 0)
(1.00018 1.24052e-06 0)
(1.00018 1.06259e-06 0)
(1.00018 9.09999e-07 0)
(1.00018 7.7918e-07 0)
(1.00018 6.67065e-07 0)
(1.00018 5.71006e-07 0)
(1.00018 4.88725e-07 0)
(1.00018 4.18259e-07 0)
(1.00018 3.57922e-07 0)
(1.00018 3.06268e-07 0)
(1.00018 2.62052e-07 0)
(1.00018 2.24208e-07 0)
(1.00018 1.9182e-07 0)
(1.00018 1.64103e-07 0)
(1.00018 1.40386e-07 0)
(1.00018 1.20093e-07 0)
(1.00018 1.02732e-07 0)
(1.00018 8.78784e-08 0)
(1.00018 7.51714e-08 0)
(1.00018 6.43005e-08 0)
(1.00018 5.50007e-08 0)
(1.00018 4.70453e-08 0)
(1.00018 4.02403e-08 0)
(1.00018 3.44195e-08 0)
(1.00018 2.94402e-08 0)
(1.00018 2.51807e-08 0)
(1.00018 2.15372e-08 0)
(1.00018 1.84209e-08 0)
(1.00018 1.57559e-08 0)
(1.00018 1.34768e-08 0)
(1.00018 1.15274e-08 0)
(1.00018 9.85966e-09 0)
(1.00018 8.43265e-09 0)
(1.00018 7.21182e-09 0)
(1.00018 6.16776e-09 0)
(1.00018 5.27524e-09 0)
(1.00018 4.51236e-09 0)
(1.00018 3.86002e-09 0)
(1.00018 3.30184e-09 0)
(1.00018 2.82395e-09 0)
(1.00018 2.41477e-09 0)
(1.00018 2.06462e-09 0)
(1.00018 1.76528e-09 0)
(1.00018 1.50959e-09 0)
(1.00018 1.29125e-09 0)
(1.00018 1.10474e-09 0)
(1.00018 9.4531e-10 0)
(1.00018 8.08971e-10 0)
(1.00018 6.92349e-10 0)
(1.00018 5.92596e-10 0)
(1.00018 5.07233e-10 0)
(1.00018 4.34098e-10 0)
(1.00018 3.71369e-10 0)
(1.00018 3.17538e-10 0)
(1.00018 2.71414e-10 0)
(1.00018 2.32034e-10 0)
(1.00018 1.98539e-10 0)
(1.00018 1.70112e-10 0)
(1.00018 1.45911e-10 0)
(1.00018 1.25152e-10 0)
(1.00018 1.07211e-10 0)
(1.00018 9.16011e-11 0)
(1.00018 7.80791e-11 0)
(1.00018 6.65285e-11 0)
(1.00018 5.68217e-11 0)
(1.00018 4.88026e-11 0)
(1.00018 4.21682e-11 0)
(1.00018 3.65312e-11 0)
(1.00018 3.15101e-11 0)
(1.00018 2.68725e-11 0)
(1.00018 2.25613e-11 0)
(1.00018 1.86389e-11 0)
(1.00018 1.53099e-11 0)
(1.00018 1.27267e-11 0)
(1.00018 1.09195e-11 0)
(1.00018 9.81233e-12 0)
(1.00018 9.12473e-12 0)
(1.00018 8.60926e-12 0)
(1.00018 8.00539e-12 0)
(1.00018 7.16474e-12 0)
(1.00018 6.10463e-12 0)
(1.00018 4.88588e-12 0)
(1.00018 3.66228e-12 0)
(1.00018 2.56567e-12 0)
(1.00018 1.68369e-12 0)
(1.00018 1.03294e-12 0)
(1.00018 5.86899e-13 0)
(1.00018 2.71253e-13 0)
(1.00018 3.50077e-14 0)
(1.00018 -1.77236e-13 0)
(1.00018 -3.73317e-13 0)
(1.00018 -5.15538e-13 0)
(1.00018 -6.08621e-13 0)
(1.00018 -6.33769e-13 0)
(1.00018 -5.821e-13 0)
(1.00018 -4.70249e-13 0)
(1.00018 -3.6172e-13 0)
(1.00018 -2.58988e-13 0)
(1.00018 -1.75442e-13 0)
(1.00018 -1.27557e-13 0)
(1.00018 -1.07233e-13 0)
(1.00018 -9.18064e-14 0)
(1.00018 -6.23803e-14 0)
(1.00018 2.50807e-15 0)
(1.00018 1.04242e-13 0)
(1.00018 2.37134e-13 0)
(1.00018 3.87798e-13 0)
(1.00018 5.55149e-13 0)
(1.00018 7.34545e-13 0)
(1.00018 9.14456e-13 0)
(1.00018 1.08491e-12 0)
(1.00018 1.25314e-12 0)
(1.00018 1.38603e-12 0)
(1.00018 1.48799e-12 0)
(1.00018 1.55155e-12 0)
(1.00018 1.53902e-12 0)
(1.00018 1.44812e-12 0)
(1.00018 1.23688e-12 0)
(1.00018 9.63022e-13 0)
(1.00018 6.03841e-13 0)
(1.00018 1.7609e-13 0)
(1.00018 -2.58991e-13 0)
(1.00018 -6.52989e-13 0)
(1.00018 -9.89282e-13 0)
(1.00018 -1.22774e-12 0)
(1.00018 -1.34144e-12 0)
(1.00018 -1.36236e-12 0)
(1.00018 -1.24597e-12 0)
(1.00018 -1.04005e-12 0)
(1.00018 -7.94116e-13 0)
(1.00018 -5.17524e-13 0)
(1.00018 -2.49983e-13 0)
(1.00018 -3.79937e-14 0)
(1.00018 1.3181e-13 0)
(1.00018 2.43207e-13 0)
(1.00018 2.73659e-13 0)
(1.00018 2.73334e-13 0)
(1.00018 2.57349e-13 0)
(1.00018 1.84604e-13 0)
(1.00018 1.04453e-13 0)
(1.00018 6.46209e-14 0)
(1.00018 2.30281e-14 0)
(1.00018 -4.93353e-15 0)
(1.00018 2.2102e-15 0)
(1.00018 3.88093e-14 0)
(1.00018 7.47839e-14 0)
(1.00018 8.55081e-14 0)
(1.00018 9.76243e-14 0)
(1.00018 1.16687e-13 0)
(1.00018 1.08228e-13 0)
(1.00018 5.66125e-14 0)
(1.00018 -1.30022e-14 0)
(1.00018 -4.99119e-14 0)
(1.00018 -1.00846e-13 0)
(1.00018 -1.61432e-13 0)
(1.00018 -2.3646e-13 0)
(1.00018 -2.97496e-13 0)
(1.00018 -3.03299e-13 0)
(1.00018 -3.60767e-13 0)
(1.00018 -3.69023e-13 0)
(1.00018 -3.16042e-13 0)
(1.00018 -2.00398e-13 0)
(1.00018 -1.35691e-13 0)
(1.00018 -5.18718e-14 0)
(1 4.20168e-06 0)
(1 1.19106e-05 0)
(1.00001 2.11249e-05 0)
(1.00001 3.08334e-05 0)
(1.00003 3.84206e-05 0)
(1.00004 4.25771e-05 0)
(1.00005 4.36654e-05 0)
(1.00006 4.27059e-05 0)
(1.00008 4.0599e-05 0)
(1.00009 3.79175e-05 0)
(1.0001 3.49796e-05 0)
(1.00011 3.1961e-05 0)
(1.00012 2.89676e-05 0)
(1.00012 2.60697e-05 0)
(1.00013 2.33152e-05 0)
(1.00014 2.07365e-05 0)
(1.00014 1.83525e-05 0)
(1.00015 1.61722e-05 0)
(1.00015 1.41966e-05 0)
(1.00015 1.24205e-05 0)
(1.00016 1.08345e-05 0)
(1.00016 9.42671e-06 0)
(1.00016 8.18332e-06 0)
(1.00017 7.08994e-06 0)
(1.00017 6.13211e-06 0)
(1.00017 5.29574e-06 0)
(1.00017 4.56751e-06 0)
(1.00017 3.93497e-06 0)
(1.00017 3.3867e-06 0)
(1.00017 2.91235e-06 0)
(1.00017 2.50259e-06 0)
(1.00017 2.14912e-06 0)
(1.00017 1.84455e-06 0)
(1.00017 1.58238e-06 0)
(1.00018 1.35692e-06 0)
(1.00018 1.16317e-06 0)
(1.00018 9.96776e-07 0)
(1.00018 8.53959e-07 0)
(1.00018 7.31436e-07 0)
(1.00018 6.26368e-07 0)
(1.00018 5.36301e-07 0)
(1.00018 4.59117e-07 0)
(1.00018 3.92992e-07 0)
(1.00018 3.36353e-07 0)
(1.00018 2.8785e-07 0)
(1.00018 2.46322e-07 0)
(1.00018 2.1077e-07 0)
(1.00018 1.80339e-07 0)
(1.00018 1.54293e-07 0)
(1.00018 1.32002e-07 0)
(1.00018 1.12927e-07 0)
(1.00018 9.6606e-08 0)
(1.00018 8.26418e-08 0)
(1.00018 7.06947e-08 0)
(1.00018 6.04734e-08 0)
(1.00018 5.17287e-08 0)
(1.00018 4.42476e-08 0)
(1.00018 3.78479e-08 0)
(1.00018 3.23736e-08 0)
(1.00018 2.76907e-08 0)
(1.00018 2.36847e-08 0)
(1.00018 2.02579e-08 0)
(1.00018 1.73267e-08 0)
(1.00018 1.48199e-08 0)
(1.00018 1.26762e-08 0)
(1.00018 1.08428e-08 0)
(1.00018 9.27438e-09 0)
(1.00018 7.93238e-09 0)
(1.00018 6.78409e-09 0)
(1.00018 5.80187e-09 0)
(1.00018 4.9621e-09 0)
(1.00018 4.24436e-09 0)
(1.00018 3.63079e-09 0)
(1.00018 3.10593e-09 0)
(1.00018 2.65662e-09 0)
(1.00018 2.2718e-09 0)
(1.00018 1.94235e-09 0)
(1.00018 1.66058e-09 0)
(1.00018 1.41987e-09 0)
(1.00018 1.21436e-09 0)
(1.00018 1.03889e-09 0)
(1.00018 8.88951e-10 0)
(1.00018 7.60718e-10 0)
(1.00018 6.51009e-10 0)
(1.00018 5.57165e-10 0)
(1.00018 4.76898e-10 0)
(1.00018 4.08204e-10 0)
(1.00018 3.49334e-10 0)
(1.00018 2.98808e-10 0)
(1.00018 2.55441e-10 0)
(1.00018 2.18298e-10 0)
(1.00018 1.86626e-10 0)
(1.00018 1.5971e-10 0)
(1.00018 1.36866e-10 0)
(1.00018 1.17412e-10 0)
(1.00018 1.00685e-10 0)
(1.00018 8.61864e-11 0)
(1.00018 7.35833e-11 0)
(1.00018 6.26858e-11 0)
(1.00018 5.34425e-11 0)
(1.00018 4.5735e-11 0)
(1.00018 3.93759e-11 0)
(1.00018 3.40668e-11 0)
(1.00018 2.94792e-11 0)
(1.00018 2.53424e-11 0)
(1.00018 2.14573e-11 0)
(1.00018 1.78573e-11 0)
(1.00018 1.4681e-11 0)
(1.00018 1.20704e-11 0)
(1.00018 1.01516e-11 0)
(1.00018 8.88689e-12 0)
(1.00018 8.14009e-12 0)
(1.00018 7.66373e-12 0)
(1.00018 7.19535e-12 0)
(1.00018 6.58026e-12 0)
(1.00018 5.73053e-12 0)
(1.00018 4.7206e-12 0)
(1.00018 3.65983e-12 0)
(1.00018 2.68063e-12 0)
(1.00018 1.88572e-12 0)
(1.00018 1.31172e-12 0)
(1.00018 9.22556e-13 0)
(1.00018 6.48222e-13 0)
(1.00018 4.1242e-13 0)
(1.00018 1.70492e-13 0)
(1.00018 -7.70695e-14 0)
(1.00018 -3.21562e-13 0)
(1.00018 -4.90638e-13 0)
(1.00018 -5.6595e-13 0)
(1.00018 -5.35551e-13 0)
(1.00018 -4.37218e-13 0)
(1.00018 -2.91896e-13 0)
(1.00018 -1.34423e-13 0)
(1.00018 -3.63631e-14 0)
(1.00018 3.59383e-15 0)
(1.00018 -1.18548e-14 0)
(1.00018 -6.3671e-14 0)
(1.00018 -1.07223e-13 0)
(1.00018 -1.23531e-13 0)
(1.00018 -8.439e-14 0)
(1.00018 9.97335e-15 0)
(1.00018 1.47118e-13 0)
(1.00018 3.11766e-13 0)
(1.00018 4.84079e-13 0)
(1.00018 6.60923e-13 0)
(1.00018 8.04084e-13 0)
(1.00018 9.0905e-13 0)
(1.00018 1.00015e-12 0)
(1.00018 1.05739e-12 0)
(1.00018 1.09478e-12 0)
(1.00018 1.09174e-12 0)
(1.00018 1.04119e-12 0)
(1.00018 9.64349e-13 0)
(1.00018 8.13945e-13 0)
(1.00018 6.03455e-13 0)
(1.00018 3.46181e-13 0)
(1.00018 6.15402e-14 0)
(1.00018 -2.36297e-13 0)
(1.00018 -5.03388e-13 0)
(1.00018 -7.23261e-13 0)
(1.00018 -8.83682e-13 0)
(1.00018 -9.52678e-13 0)
(1.00018 -9.38416e-13 0)
(1.00018 -8.46775e-13 0)
(1.00018 -6.8544e-13 0)
(1.00018 -4.95721e-13 0)
(1.00018 -2.96248e-13 0)
(1.00018 -1.01591e-13 0)
(1.00018 4.20324e-14 0)
(1.00018 1.31825e-13 0)
(1.00018 1.93829e-13 0)
(1.00018 1.96598e-13 0)
(1.00018 1.36836e-13 0)
(1.00018 1.08156e-13 0)
(1.00018 6.93594e-14 0)
(1.00018 -1.53937e-14 0)
(1.00018 -2.99663e-14 0)
(1.00018 -2.19345e-14 0)
(1.00018 -1.68854e-14 0)
(1.00018 4.71965e-15 0)
(1.00018 3.36834e-14 0)
(1.00018 1.1669e-13 0)
(1.00018 1.34615e-13 0)
(1.00018 1.3378e-13 0)
(1.00018 1.42721e-13 0)
(1.00018 1.41354e-13 0)
(1.00018 1.23032e-13 0)
(1.00018 2.38585e-14 0)
(1.00018 -4.03945e-14 0)
(1.00018 -1.35049e-13 0)
(1.00018 -2.28613e-13 0)
(1.00018 -2.46287e-13 0)
(1.00018 -3.40904e-13 0)
(1.00018 -3.89495e-13 0)
(1.00018 -3.53975e-13 0)
(1.00018 -3.60916e-13 0)
(1.00018 -3.2174e-13 0)
(1.00018 -2.63177e-13 0)
(1.00018 -2.14905e-13 0)
(1.00018 -7.58928e-14 0)
(1 2.96169e-06 0)
(1 8.39696e-06 0)
(1.00001 1.48978e-05 0)
(1.00001 2.17547e-05 0)
(1.00002 2.71267e-05 0)
(1.00004 3.0091e-05 0)
(1.00005 3.09008e-05 0)
(1.00006 3.02711e-05 0)
(1.00007 2.8832e-05 0)
(1.00009 2.69832e-05 0)
(1.0001 2.49458e-05 0)
(1.00011 2.28425e-05 0)
(1.00011 2.07474e-05 0)
(1.00012 1.87105e-05 0)
(1.00013 1.67667e-05 0)
(1.00014 1.494e-05 0)
(1.00014 1.32454e-05 0)
(1.00015 1.16906e-05 0)
(1.00015 1.02775e-05 0)
(1.00015 9.00372e-06 0)
(1.00016 7.86357e-06 0)
(1.00016 6.84925e-06 0)
(1.00016 5.95163e-06 0)
(1.00016 5.16091e-06 0)
(1.00017 4.46713e-06 0)
(1.00017 3.8605e-06 0)
(1.00017 3.33164e-06 0)
(1.00017 2.87177e-06 0)
(1.00017 2.4728e-06 0)
(1.00017 2.12732e-06 0)
(1.00017 1.82866e-06 0)
(1.00017 1.57086e-06 0)
(1.00017 1.34861e-06 0)
(1.00017 1.15721e-06 0)
(1.00017 9.92529e-07 0)
(1.00018 8.5096e-07 0)
(1.00018 7.29342e-07 0)
(1.00018 6.24926e-07 0)
(1.00018 5.35325e-07 0)
(1.00018 4.58474e-07 0)
(1.00018 3.92583e-07 0)
(1.00018 3.36108e-07 0)
(1.00018 2.87718e-07 0)
(1.00018 2.46265e-07 0)
(1.00018 2.10763e-07 0)
(1.00018 1.80364e-07 0)
(1.00018 1.54338e-07 0)
(1.00018 1.32058e-07 0)
(1.00018 1.12988e-07 0)
(1.00018 9.66665e-08 0)
(1.00018 8.26995e-08 0)
(1.00018 7.07485e-08 0)
(1.00018 6.05232e-08 0)
(1.00018 5.17745e-08 0)
(1.00018 4.42891e-08 0)
(1.00018 3.78849e-08 0)
(1.00018 3.24061e-08 0)
(1.00018 2.77194e-08 0)
(1.00018 2.37102e-08 0)
(1.00018 2.02805e-08 0)
(1.00018 1.73465e-08 0)
(1.00018 1.48366e-08 0)
(1.00018 1.269e-08 0)
(1.00018 1.08543e-08 0)
(1.00018 9.28442e-09 0)
(1.00018 7.94163e-09 0)
(1.00018 6.79275e-09 0)
(1.00018 5.8096e-09 0)
(1.00018 4.96848e-09 0)
(1.00018 4.24921e-09 0)
(1.00018 3.63442e-09 0)
(1.00018 3.10899e-09 0)
(1.00018 2.65965e-09 0)
(1.00018 2.27508e-09 0)
(1.00018 1.94568e-09 0)
(1.00018 1.66357e-09 0)
(1.00018 1.42219e-09 0)
(1.00018 1.21593e-09 0)
(1.00018 1.03986e-09 0)
(1.00018 8.8958e-10 0)
(1.00018 7.61184e-10 0)
(1.00018 6.51334e-10 0)
(1.00018 5.57308e-10 0)
(1.00018 4.76836e-10 0)
(1.00018 4.08037e-10 0)
(1.00018 3.49244e-10 0)
(1.00018 2.98957e-10 0)
(1.00018 2.55864e-10 0)
(1.00018 2.18844e-10 0)
(1.00018 1.87051e-10 0)
(1.00018 1.5982e-10 0)
(1.00018 1.36617e-10 0)
(1.00018 1.16934e-10 0)
(1.00018 1.00233e-10 0)
(1.00018 8.59817e-11 0)
(1.00018 7.36983e-11 0)
(1.00018 6.30237e-11 0)
(1.00018 5.37464e-11 0)
(1.00018 4.57778e-11 0)
(1.00018 3.90632e-11 0)
(1.00018 3.35062e-11 0)
(1.00018 2.89196e-11 0)
(1.00018 2.50473e-11 0)
(1.00018 2.16247e-11 0)
(1.00018 1.84679e-11 0)
(1.00018 1.55162e-11 0)
(1.00018 1.28171e-11 0)
(1.00018 1.05152e-11 0)
(1.00018 8.73345e-12 0)
(1.00018 7.49883e-12 0)
(1.00018 6.74676e-12 0)
(1.00018 6.27795e-12 0)
(1.00018 5.91355e-12 0)
(1.00018 5.45486e-12 0)
(1.00018 4.81592e-12 0)
(1.00018 4.02445e-12 0)
(1.00018 3.16984e-12 0)
(1.00018 2.37215e-12 0)
(1.00018 1.72851e-12 0)
(1.00018 1.29277e-12 0)
(1.00018 1.02561e-12 0)
(1.00018 8.66118e-13 0)
(1.00018 7.29768e-13 0)
(1.00018 5.56843e-13 0)
(1.00018 3.09421e-13 0)
(1.00018 3.13462e-14 0)
(1.00018 -2.20926e-13 0)
(1.00018 -3.93488e-13 0)
(1.00018 -4.41189e-13 0)
(1.00018 -3.7303e-13 0)
(1.00018 -2.22748e-13 0)
(1.00018 -5.55352e-14 0)
(1.00018 9.67683e-14 0)
(1.00018 1.72277e-13 0)
(1.00018 1.67138e-13 0)
(1.00018 8.29687e-14 0)
(1.00018 -3.89708e-14 0)
(1.00018 -1.34497e-13 0)
(1.00018 -1.80149e-13 0)
(1.00018 -1.59245e-13 0)
(1.00018 -6.66339e-14 0)
(1.00018 7.60975e-14 0)
(1.00018 2.53847e-13 0)
(1.00018 4.28389e-13 0)
(1.00018 5.76421e-13 0)
(1.00018 6.72499e-13 0)
(1.00018 7.2515e-13 0)
(1.00018 7.30149e-13 0)
(1.00018 7.00984e-13 0)
(1.00018 6.77578e-13 0)
(1.00018 6.09916e-13 0)
(1.00018 5.40065e-13 0)
(1.00018 4.66564e-13 0)
(1.00018 3.82109e-13 0)
(1.00018 2.58142e-13 0)
(1.00018 1.0063e-13 0)
(1.00018 -5.45232e-14 0)
(1.00018 -1.97972e-13 0)
(1.00018 -3.53125e-13 0)
(1.00018 -4.82541e-13 0)
(1.00018 -5.45108e-13 0)
(1.00018 -5.64609e-13 0)
(1.00018 -5.21071e-13 0)
(1.00018 -4.4262e-13 0)
(1.00018 -3.2904e-13 0)
(1.00018 -2.03168e-13 0)
(1.00018 -8.52493e-14 0)
(1.00018 1.93825e-14 0)
(1.00018 9.2905e-14 0)
(1.00018 1.29025e-13 0)
(1.00018 1.28999e-13 0)
(1.00018 1.11416e-13 0)
(1.00018 4.42723e-14 0)
(1.00018 -2.24561e-14 0)
(1.00018 -5.51425e-14 0)
(1.00018 -1.11085e-13 0)
(1.00018 -1.24379e-13 0)
(1.00018 -9.27547e-14 0)
(1.00018 -5.23209e-14 0)
(1.00018 1.5932e-15 0)
(1.00018 3.43244e-14 0)
(1.00018 1.12101e-13 0)
(1.00018 1.88581e-13 0)
(1.00018 2.16814e-13 0)
(1.00018 1.97251e-13 0)
(1.00018 1.7044e-13 0)
(1.00018 1.49821e-13 0)
(1.00018 9.68841e-14 0)
(1.00018 -2.3973e-14 0)
(1.00018 -1.14249e-13 0)
(1.00018 -2.11873e-13 0)
(1.00018 -3.2058e-13 0)
(1.00018 -3.56451e-13 0)
(1.00018 -4.10045e-13 0)
(1.00018 -4.19364e-13 0)
(1.00018 -4.16093e-13 0)
(1.00018 -3.56221e-13 0)
(1.00018 -2.53192e-13 0)
(1.00018 -2.1457e-13 0)
(1.00018 -9.76973e-14 0)
(1 1.76162e-06 0)
(1 4.99507e-06 0)
(1.00001 8.86401e-06 0)
(1.00001 1.29477e-05 0)
(1.00002 1.61521e-05 0)
(1.00004 1.79284e-05 0)
(1.00005 1.84265e-05 0)
(1.00006 1.807e-05 0)
(1.00007 1.7232e-05 0)
(1.00008 1.61485e-05 0)
(1.00009 1.49501e-05 0)
(1.0001 1.3709e-05 0)
(1.00011 1.24691e-05 0)
(1.00012 1.12602e-05 0)
(1.00013 1.01036e-05 0)
(1.00013 9.0139e-06 0)
(1.00014 8.00066e-06 0)
(1.00014 7.06903e-06 0)
(1.00015 6.22067e-06 0)
(1.00015 5.45455e-06 0)
(1.00016 4.76768e-06 0)
(1.00016 4.15573e-06 0)
(1.00016 3.61346e-06 0)
(1.00016 3.13522e-06 0)
(1.00017 2.71516e-06 0)
(1.00017 2.34752e-06 0)
(1.00017 2.02675e-06 0)
(1.00017 1.74763e-06 0)
(1.00017 1.5053e-06 0)
(1.00017 1.29535e-06 0)
(1.00017 1.11376e-06 0)
(1.00017 9.5695e-07 0)
(1.00017 8.21706e-07 0)
(1.00017 7.05198e-07 0)
(1.00017 6.04929e-07 0)
(1.00018 5.18708e-07 0)
(1.00018 4.44621e-07 0)
(1.00018 3.81001e-07 0)
(1.00018 3.264e-07 0)
(1.00018 2.79561e-07 0)
(1.00018 2.39397e-07 0)
(1.00018 2.04969e-07 0)
(1.00018 1.75467e-07 0)
(1.00018 1.50192e-07 0)
(1.00018 1.28545e-07 0)
(1.00018 1.10008e-07 0)
(1.00018 9.41361e-08 0)
(1.00018 8.05483e-08 0)
(1.00018 6.89174e-08 0)
(1.00018 5.8963e-08 0)
(1.00018 5.04447e-08 0)
(1.00018 4.31558e-08 0)
(1.00018 3.6919e-08 0)
(1.00018 3.15824e-08 0)
(1.00018 2.70162e-08 0)
(1.00018 2.31095e-08 0)
(1.00018 1.97676e-08 0)
(1.00018 1.69089e-08 0)
(1.00018 1.44635e-08 0)
(1.00018 1.23714e-08 0)
(1.00018 1.05816e-08 0)
(1.00018 9.05053e-09 0)
(1.00018 7.74115e-09 0)
(1.00018 6.62149e-09 0)
(1.00018 5.66396e-09 0)
(1.00018 4.84474e-09 0)
(1.00018 4.14368e-09 0)
(1.00018 3.54373e-09 0)
(1.00018 3.03059e-09 0)
(1.00018 2.59202e-09 0)
(1.00018 2.21728e-09 0)
(1.00018 1.89697e-09 0)
(1.00018 1.62284e-09 0)
(1.00018 1.38798e-09 0)
(1.00018 1.1867e-09 0)
(1.00018 1.01439e-09 0)
(1.00018 8.67181e-10 0)
(1.00018 7.41628e-10 0)
(1.00018 6.34574e-10 0)
(1.00018 5.43144e-10 0)
(1.00018 4.64864e-10 0)
(1.00018 3.97692e-10 0)
(1.00018 3.4007e-10 0)
(1.00018 2.90746e-10 0)
(1.00018 2.48674e-10 0)
(1.00018 2.12836e-10 0)
(1.00018 1.82263e-10 0)
(1.00018 1.56071e-10 0)
(1.00018 1.33524e-10 0)
(1.00018 1.14112e-10 0)
(1.00018 9.74619e-11 0)
(1.00018 8.32836e-11 0)
(1.00018 7.12774e-11 0)
(1.00018 6.11268e-11 0)
(1.00018 5.24566e-11 0)
(1.00018 4.495e-11 0)
(1.00018 3.84014e-11 0)
(1.00018 3.26885e-11 0)
(1.00018 2.78166e-11 0)
(1.00018 2.37666e-11 0)
(1.00018 2.04518e-11 0)
(1.00018 1.77085e-11 0)
(1.00018 1.53598e-11 0)
(1.00018 1.32273e-11 0)
(1.00018 1.11744e-11 0)
(1.00018 9.24721e-12 0)
(1.00018 7.54778e-12 0)
(1.00018 6.1957e-12 0)
(1.00018 5.27646e-12 0)
(1.00018 4.72762e-12 0)
(1.00018 4.45034e-12 0)
(1.00018 4.23364e-12 0)
(1.00018 3.92252e-12 0)
(1.00018 3.43908e-12 0)
(1.00018 2.77421e-12 0)
(1.00018 2.05026e-12 0)
(1.00018 1.39605e-12 0)
(1.00018 9.26392e-13 0)
(1.00018 6.75942e-13 0)
(1.00018 6.36594e-13 0)
(1.00018 7.25688e-13 0)
(1.00018 8.19243e-13 0)
(1.00018 8.11116e-13 0)
(1.00018 6.5511e-13 0)
(1.00018 3.7245e-13 0)
(1.00018 1.885e-14 0)
(1.00018 -2.84782e-13 0)
(1.00018 -4.5207e-13 0)
(1.00018 -4.59599e-13 0)
(1.00018 -3.48296e-13 0)
(1.00018 -1.4437e-13 0)
(1.00018 8.36165e-14 0)
(1.00018 2.56213e-13 0)
(1.00018 3.18716e-13 0)
(1.00018 2.7457e-13 0)
(1.00018 1.44603e-13 0)
(1.00018 -2.46243e-14 0)
(1.00018 -1.63603e-13 0)
(1.00018 -2.31279e-13 0)
(1.00018 -2.11248e-13 0)
(1.00018 -1.12284e-13 0)
(1.00018 5.3714e-14 0)
(1.00018 2.41141e-13 0)
(1.00018 4.03475e-13 0)
(1.00018 5.07577e-13 0)
(1.00018 5.24626e-13 0)
(1.00018 4.88636e-13 0)
(1.00018 4.08392e-13 0)
(1.00018 2.84811e-13 0)
(1.00018 1.74634e-13 0)
(1.00018 5.30673e-14 0)
(1.00018 -2.01473e-14 0)
(1.00018 -6.61187e-14 0)
(1.00018 -1.14923e-13 0)
(1.00018 -1.31232e-13 0)
(1.00018 -1.34702e-13 0)
(1.00018 -1.47882e-13 0)
(1.00018 -1.52363e-13 0)
(1.00018 -1.65291e-13 0)
(1.00018 -1.87075e-13 0)
(1.00018 -1.62852e-13 0)
(1.00018 -1.32983e-13 0)
(1.00018 -9.64176e-14 0)
(1.00018 -2.43045e-14 0)
(1.00018 5.69109e-14 0)
(1.00018 1.11677e-13 0)
(1.00018 1.55836e-13 0)
(1.00018 1.82069e-13 0)
(1.00018 1.72293e-13 0)
(1.00018 1.35406e-13 0)
(1.00018 7.57976e-14 0)
(1.00018 1.5824e-14 0)
(1.00018 -5.52496e-14 0)
(1.00018 -1.30326e-13 0)
(1.00018 -1.62546e-13 0)
(1.00018 -1.756e-13 0)
(1.00018 -1.83438e-13 0)
(1.00018 -1.45821e-13 0)
(1.00018 -7.37382e-14 0)
(1.00018 1.0759e-14 0)
(1.00018 8.73222e-14 0)
(1.00018 1.45963e-13 0)
(1.00018 2.16033e-13 0)
(1.00018 2.61219e-13 0)
(1.00018 2.50284e-13 0)
(1.00018 1.9419e-13 0)
(1.00018 1.02846e-13 0)
(1.00018 5.19599e-14 0)
(1.00018 -5.44236e-14 0)
(1.00018 -1.91214e-13 0)
(1.00018 -2.54571e-13 0)
(1.00018 -3.63667e-13 0)
(1.00018 -4.788e-13 0)
(1.00018 -4.84983e-13 0)
(1.00018 -4.81951e-13 0)
(1.00018 -5.46431e-13 0)
(1.00018 -5.01e-13 0)
(1.00018 -3.0177e-13 0)
(1.00018 -2.08064e-13 0)
(1.00018 -1.04368e-13 0)
(1 5.84682e-07 0)
(1 1.65795e-06 0)
(1.00001 2.94241e-06 0)
(1.00001 4.29864e-06 0)
(1.00002 5.36364e-06 0)
(1.00004 5.95533e-06 0)
(1.00005 6.1233e-06 0)
(1.00006 6.00792e-06 0)
(1.00007 5.73274e-06 0)
(1.00008 5.37584e-06 0)
(1.00009 4.98033e-06 0)
(1.0001 4.57007e-06 0)
(1.00011 4.15962e-06 0)
(1.00012 3.75889e-06 0)
(1.00013 3.37496e-06 0)
(1.00013 3.01281e-06 0)
(1.00014 2.67568e-06 0)
(1.00014 2.36537e-06 0)
(1.00015 2.08252e-06 0)
(1.00015 1.82685e-06 0)
(1.00016 1.59745e-06 0)
(1.00016 1.39292e-06 0)
(1.00016 1.21156e-06 0)
(1.00016 1.05152e-06 0)
(1.00017 9.10873e-07 0)
(1.00017 7.8772e-07 0)
(1.00017 6.80223e-07 0)
(1.00017 5.86648e-07 0)
(1.00017 5.05384e-07 0)
(1.00017 4.34956e-07 0)
(1.00017 3.74028e-07 0)
(1.00017 3.214e-07 0)
(1.00017 2.76003e-07 0)
(1.00017 2.36889e-07 0)
(1.00017 2.03221e-07 0)
(1.00018 1.74266e-07 0)
(1.00018 1.49383e-07 0)
(1.00018 1.28014e-07 0)
(1.00018 1.09673e-07 0)
(1.00018 9.3938e-08 0)
(1.00018 8.04446e-08 0)
(1.00018 6.88775e-08 0)
(1.00018 5.89649e-08 0)
(1.00018 5.04725e-08 0)
(1.00018 4.31987e-08 0)
(1.00018 3.69696e-08 0)
(1.00018 3.1636e-08 0)
(1.00018 2.70698e-08 0)
(1.00018 2.31612e-08 0)
(1.00018 1.9816e-08 0)
(1.00018 1.69535e-08 0)
(1.00018 1.45041e-08 0)
(1.00018 1.24081e-08 0)
(1.00018 1.06145e-08 0)
(1.00018 9.07969e-09 0)
(1.00018 7.76663e-09 0)
(1.00018 6.64346e-09 0)
(1.00018 5.6828e-09 0)
(1.00018 4.86102e-09 0)
(1.00018 4.15793e-09 0)
(1.00018 3.55637e-09 0)
(1.00018 3.04179e-09 0)
(1.00018 2.60176e-09 0)
(1.00018 2.2255e-09 0)
(1.00018 1.90371e-09 0)
(1.00018 1.62834e-09 0)
(1.00018 1.39262e-09 0)
(1.00018 1.19091e-09 0)
(1.00018 1.01844e-09 0)
(1.00018 8.7112e-10 0)
(1.00018 7.45288e-10 0)
(1.00018 6.37708e-10 0)
(1.00018 5.45562e-10 0)
(1.00018 4.66531e-10 0)
(1.00018 3.98758e-10 0)
(1.00018 3.40768e-10 0)
(1.00018 2.91314e-10 0)
(1.00018 2.4923e-10 0)
(1.00018 2.13398e-10 0)
(1.00018 1.82767e-10 0)
(1.00018 1.56467e-10 0)
(1.00018 1.33816e-10 0)
(1.00018 1.14328e-10 0)
(1.00018 9.76471e-11 0)
(1.00018 8.34619e-11 0)
(1.00018 7.14324e-11 0)
(1.00018 6.12036e-11 0)
(1.00018 5.24515e-11 0)
(1.00018 4.48991e-11 0)
(1.00018 3.8366e-11 0)
(1.00018 3.27521e-11 0)
(1.00018 2.79786e-11 0)
(1.00018 2.39451e-11 0)
(1.00018 2.05427e-11 0)
(1.00018 1.76374e-11 0)
(1.00018 1.51196e-11 0)
(1.00018 1.29113e-11 0)
(1.00018 1.09792e-11 0)
(1.00018 9.33011e-12 0)
(1.00018 7.97545e-12 0)
(1.00018 6.88697e-12 0)
(1.00018 5.98718e-12 0)
(1.00018 5.2015e-12 0)
(1.00018 4.46451e-12 0)
(1.00018 3.73292e-12 0)
(1.00018 3.03639e-12 0)
(1.00018 2.43865e-12 0)
(1.00018 1.99822e-12 0)
(1.00018 1.74935e-12 0)
(1.00018 1.64517e-12 0)
(1.00018 1.62064e-12 0)
(1.00018 1.57291e-12 0)
(1.00018 1.43529e-12 0)
(1.00018 1.18612e-12 0)
(1.00018 8.45491e-13 0)
(1.00018 4.91709e-13 0)
(1.00018 2.07095e-13 0)
(1.00018 5.00403e-14 0)
(1.00018 2.29212e-14 0)
(1.00018 1.10051e-13 0)
(1.00018 2.62517e-13 0)
(1.00018 3.86752e-13 0)
(1.00018 4.22108e-13 0)
(1.00018 3.4486e-13 0)
(1.00018 1.84775e-13 0)
(1.00018 -2.60896e-14 0)
(1.00018 -2.11752e-13 0)
(1.00018 -3.01311e-13 0)
(1.00018 -2.98301e-13 0)
(1.00018 -2.20611e-13 0)
(1.00018 -1.00379e-13 0)
(1.00018 3.46392e-14 0)
(1.00018 1.41756e-13 0)
(1.00018 1.79421e-13 0)
(1.00018 1.5161e-13 0)
(1.00018 8.12693e-14 0)
(1.00018 -1.05649e-14 0)
(1.00018 -8.89767e-14 0)
(1.00018 -1.27019e-13 0)
(1.00018 -1.15795e-13 0)
(1.00018 -6.39957e-14 0)
(1.00018 2.57726e-14 0)
(1.00018 1.22112e-13 0)
(1.00018 1.95873e-13 0)
(1.00018 2.34477e-13 0)
(1.00018 2.22496e-13 0)
(1.00018 1.74137e-13 0)
(1.00018 1.06525e-13 0)
(1.00018 1.9805e-14 0)
(1.00018 -6.18839e-14 0)
(1.00018 -1.32478e-13 0)
(1.00018 -1.70376e-13 0)
(1.00018 -1.80639e-13 0)
(1.00018 -1.92589e-13 0)
(1.00018 -1.77037e-13 0)
(1.00018 -1.3222e-13 0)
(1.00018 -9.15613e-14 0)
(1.00018 -5.60885e-14 0)
(1.00018 -1.84679e-14 0)
(1.00018 5.26073e-15 0)
(1.00018 3.29296e-14 0)
(1.00018 5.97858e-14 0)
(1.00018 7.69076e-14 0)
(1.00018 1.02878e-13 0)
(1.00018 1.255e-13 0)
(1.00018 1.35502e-13 0)
(1.00018 1.44231e-13 0)
(1.00018 1.39225e-13 0)
(1.00018 1.1175e-13 0)
(1.00018 7.36924e-14 0)
(1.00018 3.30065e-14 0)
(1.00018 -1.49668e-14 0)
(1.00018 -5.96558e-14 0)
(1.00018 -9.55991e-14 0)
(1.00018 -1.14456e-13 0)
(1.00018 -1.14781e-13 0)
(1.00018 -1.04002e-13 0)
(1.00018 -7.79333e-14 0)
(1.00018 -4.10656e-14 0)
(1.00018 -7.89542e-16 0)
(1.00018 5.09088e-14 0)
(1.00018 9.04989e-14 0)
(1.00018 1.14893e-13 0)
(1.00018 1.31703e-13 0)
(1.00018 1.52165e-13 0)
(1.00018 1.31265e-13 0)
(1.00018 5.7545e-14 0)
(1.00018 7.04409e-15 0)
(1.00018 -9.70934e-15 0)
(1.00018 -1.30801e-13 0)
(1.00018 -2.20222e-13 0)
(1.00018 -2.26376e-13 0)
(1.00018 -3.3601e-13 0)
(1.00018 -3.46962e-13 0)
(1.00018 -2.32008e-13 0)
(1.00018 -2.02363e-13 0)
(1.00018 -2.67415e-13 0)
(1.00018 -2.22204e-13 0)
(1.00018 -1.2119e-13 0)
(1.00018 -5.72232e-14 0)
)
;

boundaryField
{
    inlet
    {
        type            fixedValue;
        value           uniform (1 0 0);
    }
    outlet
    {
        type            zeroGradient;
    }
    top
    {
        type            slip;
    }
    bottom
    {
        type            noSlip;
    }
    frontAndBack
    {
        type            empty;
    }
}


// ************************************************************************* //
