/*--------------------------------*- C++ -*----------------------------------*\
  =========                 |
  \\      /  F ield         | OpenFOAM: The Open Source CFD Toolbox
   \\    /   O peration     | Website:  https://openfoam.org
    \\  /    A nd           | Version:  dev
     \\/     M anipulation  |
\*---------------------------------------------------------------------------*/
FoamFile
{
    format      ascii;
    class       volScalarField;
    location    "0.5";
    object      p;
}
// * * * * * * * * * * * * * * * * * * * * * * * * * * * * * * * * * * * * * //

dimensions      [0 2 -2 0 0 0 0];

internalField   nonuniform List<scalar> 
4000
(
0.00686439
0.00659118
0.00631809
0.00607228
0.00593051
0.00589715
0.00588033
0.00582432
0.00575374
0.00569783
0.00565489
0.00561466
0.00557455
0.00553596
0.00549925
0.00546389
0.00542947
0.0053958
0.0053628
0.00533034
0.00529834
0.00526673
0.00523544
0.00520443
0.00517365
0.00514307
0.00511265
0.00508238
0.00505223
0.00502219
0.00499224
0.00496236
0.00493254
0.00490278
0.00487307
0.0048434
0.00481376
0.00478415
0.00475457
0.00472501
0.00469547
0.00466594
0.00463642
0.00460692
0.00457743
0.00454795
0.00451847
0.004489
0.00445953
0.00443007
0.00440061
0.00437116
0.00434171
0.00431226
0.00428282
0.00425337
0.00422393
0.00419449
0.00416505
0.00413561
0.00410617
0.00407673
0.00404729
0.00401785
0.00398842
0.00395898
0.00392955
0.00390011
0.00387067
0.00384124
0.0038118
0.00378237
0.00375294
0.0037235
0.00369407
0.00366463
0.0036352
0.00360576
0.00357633
0.00354689
0.00351746
0.00348802
0.00345859
0.00342916
0.00339972
0.00337029
0.00334085
0.00331142
0.00328198
0.00325255
0.00322311
0.00319368
0.00316424
0.00313481
0.00310537
0.00307594
0.0030465
0.00301707
0.00298763
0.0029582
0.00292876
0.00289933
0.00286989
0.00284046
0.00281102
0.00278159
0.00275215
0.00272272
0.00269328
0.00266385
0.00263441
0.00260498
0.00257554
0.0025461
0.00251667
0.00248723
0.0024578
0.00242836
0.00239893
0.00236949
0.00234006
0.00231062
0.00228119
0.00225175
0.00222232
0.00219288
0.00216345
0.00213401
0.00210458
0.00207514
0.00204571
0.00201627
0.00198684
0.0019574
0.00192797
0.00189853
0.0018691
0.00183966
0.00181023
0.00178079
0.00175136
0.00172192
0.00169249
0.00166305
0.00163362
0.00160418
0.00157475
0.00154531
0.00151588
0.00148645
0.00145701
0.00142758
0.00139814
0.00136871
0.00133927
0.00130984
0.0012804
0.00125097
0.00122153
0.0011921
0.00116266
0.00113323
0.00110379
0.00107436
0.00104493
0.00101549
0.000986056
0.000956622
0.000927187
0.000897753
0.000868318
0.000838884
0.000809449
0.000780015
0.00075058
0.000721146
0.000691711
0.000662276
0.000632842
0.000603407
0.000573973
0.000544538
0.000515103
0.000485669
0.000456234
0.0004268
0.000397365
0.00036793
0.000338496
0.000309061
0.000279627
0.000250192
0.000220758
0.000191323
0.000161889
0.000132454
0.00010302
7.35858e-05
4.41515e-05
1.47172e-05
0.00638251
0.00630741
0.00620389
0.00607011
0.00594198
0.00587182
0.00584194
0.00580265
0.00574586
0.00569221
0.00564891
0.00560994
0.00557146
0.00553384
0.00549768
0.0054627
0.00542856
0.0053951
0.00536223
0.00532988
0.00529796
0.00526641
0.00523517
0.0052042
0.00517346
0.0051429
0.00511251
0.00508226
0.00505213
0.00502211
0.00499216
0.00496229
0.00493249
0.00490274
0.00487303
0.00484337
0.00481373
0.00478413
0.00475455
0.00472499
0.00469545
0.00466593
0.00463641
0.00460691
0.00457742
0.00454794
0.00451846
0.00448899
0.00445953
0.00443007
0.00440061
0.00437116
0.00434171
0.00431226
0.00428281
0.00425337
0.00422393
0.00419448
0.00416504
0.0041356
0.00410617
0.00407673
0.00404729
0.00401785
0.00398842
0.00395898
0.00392955
0.00390011
0.00387067
0.00384124
0.0038118
0.00378237
0.00375294
0.0037235
0.00369407
0.00366463
0.0036352
0.00360576
0.00357633
0.00354689
0.00351746
0.00348802
0.00345859
0.00342916
0.00339972
0.00337029
0.00334085
0.00331142
0.00328198
0.00325255
0.00322311
0.00319368
0.00316424
0.00313481
0.00310537
0.00307594
0.0030465
0.00301707
0.00298763
0.0029582
0.00292876
0.00289933
0.00286989
0.00284046
0.00281102
0.00278159
0.00275215
0.00272272
0.00269328
0.00266385
0.00263441
0.00260498
0.00257554
0.0025461
0.00251667
0.00248723
0.0024578
0.00242836
0.00239893
0.00236949
0.00234006
0.00231062
0.00228119
0.00225175
0.00222232
0.00219288
0.00216345
0.00213401
0.00210458
0.00207514
0.00204571
0.00201627
0.00198684
0.0019574
0.00192797
0.00189853
0.0018691
0.00183966
0.00181023
0.00178079
0.00175136
0.00172192
0.00169249
0.00166305
0.00163362
0.00160418
0.00157475
0.00154531
0.00151588
0.00148644
0.00145701
0.00142758
0.00139814
0.00136871
0.00133927
0.00130984
0.0012804
0.00125097
0.00122153
0.0011921
0.00116266
0.00113323
0.00110379
0.00107436
0.00104493
0.00101549
0.000986056
0.000956622
0.000927187
0.000897753
0.000868318
0.000838884
0.000809449
0.000780015
0.00075058
0.000721146
0.000691711
0.000662276
0.000632842
0.000603407
0.000573973
0.000544538
0.000515103
0.000485669
0.000456234
0.0004268
0.000397365
0.00036793
0.000338496
0.000309061
0.000279627
0.000250192
0.000220758
0.000191323
0.000161889
0.000132454
0.00010302
7.35858e-05
4.41515e-05
1.47172e-05
0.00627827
0.00623402
0.00616487
0.00606578
0.00595241
0.00587131
0.00583112
0.00579559
0.00574603
0.00569388
0.00564895
0.00560907
0.00557051
0.00553283
0.00549652
0.00546149
0.00542739
0.00539403
0.00536128
0.00532905
0.00529724
0.00526579
0.00523465
0.00520375
0.00517307
0.00514258
0.00511223
0.00508203
0.00505193
0.00502193
0.00499202
0.00496217
0.00493238
0.00490265
0.00487295
0.0048433
0.00481368
0.00478408
0.00475451
0.00472496
0.00469542
0.0046659
0.00463639
0.00460689
0.0045774
0.00454792
0.00451845
0.00448898
0.00445952
0.00443006
0.0044006
0.00437115
0.0043417
0.00431226
0.00428281
0.00425337
0.00422392
0.00419448
0.00416504
0.0041356
0.00410616
0.00407673
0.00404729
0.00401785
0.00398842
0.00395898
0.00392955
0.00390011
0.00387067
0.00384124
0.0038118
0.00378237
0.00375294
0.0037235
0.00369407
0.00366463
0.0036352
0.00360576
0.00357633
0.00354689
0.00351746
0.00348802
0.00345859
0.00342916
0.00339972
0.00337029
0.00334085
0.00331142
0.00328198
0.00325255
0.00322311
0.00319368
0.00316424
0.00313481
0.00310537
0.00307594
0.0030465
0.00301707
0.00298763
0.0029582
0.00292876
0.00289933
0.00286989
0.00284046
0.00281102
0.00278159
0.00275215
0.00272272
0.00269328
0.00266385
0.00263441
0.00260498
0.00257554
0.0025461
0.00251667
0.00248723
0.0024578
0.00242836
0.00239893
0.00236949
0.00234006
0.00231062
0.00228119
0.00225175
0.00222232
0.00219288
0.00216345
0.00213401
0.00210458
0.00207514
0.00204571
0.00201627
0.00198684
0.0019574
0.00192797
0.00189853
0.0018691
0.00183966
0.00181023
0.00178079
0.00175136
0.00172192
0.00169249
0.00166305
0.00163362
0.00160418
0.00157475
0.00154531
0.00151588
0.00148644
0.00145701
0.00142758
0.00139814
0.00136871
0.00133927
0.00130984
0.0012804
0.00125097
0.00122153
0.0011921
0.00116266
0.00113323
0.00110379
0.00107436
0.00104493
0.00101549
0.000986056
0.000956622
0.000927187
0.000897753
0.000868318
0.000838884
0.000809449
0.000780015
0.00075058
0.000721146
0.000691711
0.000662276
0.000632842
0.000603407
0.000573973
0.000544538
0.000515103
0.000485669
0.000456234
0.0004268
0.000397365
0.00036793
0.000338496
0.000309061
0.000279627
0.000250192
0.000220758
0.000191323
0.000161889
0.000132454
0.00010302
7.35858e-05
4.41515e-05
1.47172e-05
0.00612911
0.00610081
0.00605522
0.00599248
0.00591615
0.00584787
0.00580208
0.00576591
0.00572441
0.00567948
0.0056378
0.00559989
0.00556344
0.00552758
0.00549253
0.00545837
0.00542492
0.00539204
0.00535966
0.0053277
0.00529612
0.00526485
0.00523385
0.00520308
0.0051725
0.00514209
0.00511182
0.00508167
0.00505163
0.00502168
0.0049918
0.00496198
0.00493222
0.00490251
0.00487284
0.0048432
0.00481359
0.00478401
0.00475445
0.0047249
0.00469537
0.00466586
0.00463636
0.00460686
0.00457738
0.0045479
0.00451843
0.00448897
0.00445951
0.00443005
0.0044006
0.00437114
0.0043417
0.00431225
0.0042828
0.00425336
0.00422392
0.00419448
0.00416504
0.0041356
0.00410616
0.00407673
0.00404729
0.00401785
0.00398842
0.00395898
0.00392954
0.00390011
0.00387067
0.00384124
0.0038118
0.00378237
0.00375293
0.0037235
0.00369407
0.00366463
0.0036352
0.00360576
0.00357633
0.00354689
0.00351746
0.00348802
0.00345859
0.00342916
0.00339972
0.00337029
0.00334085
0.00331142
0.00328198
0.00325255
0.00322311
0.00319368
0.00316424
0.00313481
0.00310537
0.00307594
0.0030465
0.00301707
0.00298763
0.0029582
0.00292876
0.00289933
0.00286989
0.00284046
0.00281102
0.00278159
0.00275215
0.00272272
0.00269328
0.00266385
0.00263441
0.00260498
0.00257554
0.0025461
0.00251667
0.00248723
0.0024578
0.00242836
0.00239893
0.00236949
0.00234006
0.00231062
0.00228119
0.00225175
0.00222232
0.00219288
0.00216345
0.00213401
0.00210458
0.00207514
0.00204571
0.00201627
0.00198684
0.0019574
0.00192797
0.00189853
0.0018691
0.00183966
0.00181023
0.00178079
0.00175136
0.00172192
0.00169249
0.00166305
0.00163362
0.00160418
0.00157475
0.00154531
0.00151588
0.00148644
0.00145701
0.00142758
0.00139814
0.00136871
0.00133927
0.00130984
0.0012804
0.00125097
0.00122153
0.0011921
0.00116266
0.00113323
0.00110379
0.00107436
0.00104493
0.00101549
0.000986056
0.000956622
0.000927187
0.000897753
0.000868318
0.000838884
0.000809449
0.000780015
0.00075058
0.000721146
0.000691711
0.000662276
0.000632842
0.000603407
0.000573973
0.000544538
0.000515103
0.000485669
0.000456234
0.0004268
0.000397365
0.00036793
0.000338496
0.000309061
0.000279627
0.000250192
0.000220758
0.000191323
0.000161889
0.000132454
0.00010302
7.35858e-05
4.41515e-05
1.47172e-05
0.00604125
0.00602424
0.00599415
0.00595153
0.00589595
0.00583785
0.00579075
0.00575294
0.00571459
0.00567338
0.00563304
0.00559525
0.00555907
0.00552371
0.00548913
0.00545536
0.00542229
0.00538977
0.00535771
0.00532604
0.0052947
0.00526364
0.00523282
0.0052022
0.00517176
0.00514146
0.00511128
0.00508121
0.00505124
0.00502134
0.00499151
0.00496174
0.00493201
0.00490233
0.00487268
0.00484307
0.00481348
0.00478391
0.00475436
0.00472483
0.00469532
0.00466581
0.00463631
0.00460683
0.00457735
0.00454788
0.00451841
0.00448895
0.00445949
0.00443003
0.00440058
0.00437113
0.00434169
0.00431224
0.0042828
0.00425336
0.00422392
0.00419448
0.00416504
0.0041356
0.00410616
0.00407672
0.00404729
0.00401785
0.00398841
0.00395898
0.00392954
0.00390011
0.00387067
0.00384124
0.0038118
0.00378237
0.00375293
0.0037235
0.00369407
0.00366463
0.0036352
0.00360576
0.00357633
0.00354689
0.00351746
0.00348802
0.00345859
0.00342916
0.00339972
0.00337029
0.00334085
0.00331142
0.00328198
0.00325255
0.00322311
0.00319368
0.00316424
0.00313481
0.00310537
0.00307594
0.0030465
0.00301707
0.00298763
0.0029582
0.00292876
0.00289933
0.00286989
0.00284046
0.00281102
0.00278159
0.00275215
0.00272272
0.00269328
0.00266385
0.00263441
0.00260498
0.00257554
0.0025461
0.00251667
0.00248723
0.0024578
0.00242836
0.00239893
0.00236949
0.00234006
0.00231062
0.00228119
0.00225175
0.00222232
0.00219288
0.00216345
0.00213401
0.00210458
0.00207514
0.00204571
0.00201627
0.00198684
0.0019574
0.00192797
0.00189853
0.0018691
0.00183966
0.00181023
0.00178079
0.00175136
0.00172192
0.00169249
0.00166305
0.00163362
0.00160418
0.00157475
0.00154531
0.00151588
0.00148644
0.00145701
0.00142758
0.00139814
0.00136871
0.00133927
0.00130984
0.0012804
0.00125097
0.00122153
0.0011921
0.00116266
0.00113323
0.00110379
0.00107436
0.00104493
0.00101549
0.000986056
0.000956622
0.000927187
0.000897753
0.000868318
0.000838884
0.000809449
0.000780015
0.00075058
0.000721146
0.000691711
0.000662276
0.000632842
0.000603407
0.000573973
0.000544538
0.000515103
0.000485669
0.000456234
0.0004268
0.000397365
0.00036793
0.000338496
0.000309061
0.000279627
0.000250192
0.000220758
0.000191323
0.000161889
0.000132454
0.00010302
7.35858e-05
4.41515e-05
1.47172e-05
0.00596705
0.00595441
0.0059311
0.00589798
0.00585551
0.00580889
0.00576647
0.00572999
0.00569467
0.00565788
0.00562103
0.00558551
0.00555111
0.0055173
0.00548396
0.00545114
0.00541881
0.00538687
0.00535529
0.005324
0.00529298
0.00526219
0.00523159
0.00520115
0.00517086
0.0051407
0.00511063
0.00508066
0.00505077
0.00502094
0.00499117
0.00496144
0.00493176
0.00490212
0.0048725
0.00484291
0.00481335
0.0047838
0.00475427
0.00472475
0.00469524
0.00466575
0.00463626
0.00460678
0.00457731
0.00454784
0.00451838
0.00448892
0.00445947
0.00443002
0.00440057
0.00437112
0.00434168
0.00431223
0.00428279
0.00425335
0.00422391
0.00419447
0.00416503
0.00413559
0.00410616
0.00407672
0.00404728
0.00401785
0.00398841
0.00395898
0.00392954
0.00390011
0.00387067
0.00384124
0.0038118
0.00378237
0.00375293
0.0037235
0.00369406
0.00366463
0.0036352
0.00360576
0.00357633
0.00354689
0.00351746
0.00348802
0.00345859
0.00342916
0.00339972
0.00337029
0.00334085
0.00331142
0.00328198
0.00325255
0.00322311
0.00319368
0.00316424
0.00313481
0.00310537
0.00307594
0.0030465
0.00301707
0.00298763
0.0029582
0.00292876
0.00289933
0.00286989
0.00284046
0.00281102
0.00278159
0.00275215
0.00272272
0.00269328
0.00266385
0.00263441
0.00260497
0.00257554
0.0025461
0.00251667
0.00248723
0.0024578
0.00242836
0.00239893
0.00236949
0.00234006
0.00231062
0.00228119
0.00225175
0.00222232
0.00219288
0.00216345
0.00213401
0.00210458
0.00207514
0.00204571
0.00201627
0.00198684
0.0019574
0.00192797
0.00189853
0.0018691
0.00183966
0.00181023
0.00178079
0.00175136
0.00172192
0.00169249
0.00166305
0.00163362
0.00160418
0.00157475
0.00154531
0.00151588
0.00148644
0.00145701
0.00142758
0.00139814
0.00136871
0.00133927
0.00130984
0.0012804
0.00125097
0.00122153
0.0011921
0.00116266
0.00113323
0.00110379
0.00107436
0.00104493
0.00101549
0.000986056
0.000956622
0.000927187
0.000897753
0.000868318
0.000838884
0.000809449
0.000780015
0.00075058
0.000721146
0.000691711
0.000662276
0.000632842
0.000603407
0.000573973
0.000544538
0.000515103
0.000485669
0.000456234
0.0004268
0.000397365
0.00036793
0.000338496
0.000309061
0.000279627
0.000250192
0.000220758
0.000191323
0.000161889
0.000132454
0.00010302
7.35858e-05
4.41515e-05
1.47172e-05
0.00590659
0.00589714
0.0058793
0.00585386
0.00582144
0.00578441
0.00574739
0.00571298
0.00567966
0.0056456
0.00561113
0.00557718
0.00554395
0.00551119
0.0054788
0.00544677
0.00541509
0.00538371
0.0053526
0.00532172
0.00529104
0.00526054
0.00523018
0.00519996
0.00516985
0.00513983
0.00510989
0.00508003
0.00505023
0.00502048
0.00499077
0.00496111
0.00493148
0.00490187
0.00487229
0.00484273
0.00481319
0.00478367
0.00475415
0.00472465
0.00469516
0.00466568
0.0046362
0.00460673
0.00457727
0.00454781
0.00451835
0.0044889
0.00445945
0.00443
0.00440055
0.00437111
0.00434166
0.00431222
0.00428278
0.00425334
0.0042239
0.00419446
0.00416503
0.00413559
0.00410615
0.00407672
0.00404728
0.00401785
0.00398841
0.00395898
0.00392954
0.00390011
0.00387067
0.00384124
0.0038118
0.00378237
0.00375293
0.0037235
0.00369406
0.00366463
0.0036352
0.00360576
0.00357633
0.00354689
0.00351746
0.00348802
0.00345859
0.00342916
0.00339972
0.00337029
0.00334085
0.00331142
0.00328198
0.00325255
0.00322311
0.00319368
0.00316424
0.00313481
0.00310537
0.00307594
0.0030465
0.00301707
0.00298763
0.0029582
0.00292876
0.00289933
0.00286989
0.00284046
0.00281102
0.00278159
0.00275215
0.00272272
0.00269328
0.00266385
0.00263441
0.00260497
0.00257554
0.0025461
0.00251667
0.00248723
0.0024578
0.00242836
0.00239893
0.00236949
0.00234006
0.00231062
0.00228119
0.00225175
0.00222232
0.00219288
0.00216345
0.00213401
0.00210458
0.00207514
0.00204571
0.00201627
0.00198684
0.0019574
0.00192797
0.00189853
0.0018691
0.00183966
0.00181023
0.00178079
0.00175136
0.00172192
0.00169249
0.00166305
0.00163362
0.00160418
0.00157475
0.00154531
0.00151588
0.00148644
0.00145701
0.00142758
0.00139814
0.00136871
0.00133927
0.00130984
0.0012804
0.00125097
0.00122153
0.0011921
0.00116266
0.00113323
0.00110379
0.00107436
0.00104493
0.00101549
0.000986056
0.000956622
0.000927187
0.000897753
0.000868318
0.000838884
0.000809449
0.000780015
0.00075058
0.000721146
0.000691711
0.000662276
0.000632842
0.000603407
0.000573973
0.000544538
0.000515103
0.000485669
0.000456234
0.0004268
0.000397365
0.00036793
0.000338496
0.000309061
0.000279627
0.000250192
0.000220758
0.000191323
0.000161889
0.000132454
0.00010302
7.35858e-05
4.41515e-05
1.47172e-05
0.00585676
0.00584944
0.00583537
0.00581505
0.00578897
0.0057583
0.00572594
0.00569425
0.00566314
0.00563162
0.00559958
0.00556756
0.00553583
0.00550435
0.00547304
0.00544192
0.00541099
0.00538025
0.00534967
0.00531923
0.00528893
0.00525874
0.00522865
0.00519865
0.00516873
0.00513888
0.00510908
0.00507934
0.00504964
0.00501997
0.00499034
0.00496074
0.00493116
0.0049016
0.00487206
0.00484254
0.00481302
0.00478352
0.00475403
0.00472455
0.00469507
0.0046656
0.00463614
0.00460668
0.00457722
0.00454776
0.00451831
0.00448887
0.00445942
0.00442997
0.00440053
0.00437109
0.00434165
0.00431221
0.00428277
0.00425333
0.00422389
0.00419446
0.00416502
0.00413559
0.00410615
0.00407671
0.00404728
0.00401784
0.00398841
0.00395897
0.00392954
0.0039001
0.00387067
0.00384124
0.0038118
0.00378237
0.00375293
0.0037235
0.00369406
0.00366463
0.0036352
0.00360576
0.00357633
0.00354689
0.00351746
0.00348802
0.00345859
0.00342916
0.00339972
0.00337029
0.00334085
0.00331142
0.00328198
0.00325255
0.00322311
0.00319368
0.00316424
0.00313481
0.00310537
0.00307594
0.0030465
0.00301707
0.00298763
0.0029582
0.00292876
0.00289933
0.00286989
0.00284046
0.00281102
0.00278159
0.00275215
0.00272272
0.00269328
0.00266385
0.00263441
0.00260497
0.00257554
0.0025461
0.00251667
0.00248723
0.0024578
0.00242836
0.00239893
0.00236949
0.00234006
0.00231062
0.00228119
0.00225175
0.00222232
0.00219288
0.00216345
0.00213401
0.00210458
0.00207514
0.00204571
0.00201627
0.00198684
0.0019574
0.00192797
0.00189853
0.0018691
0.00183966
0.00181023
0.00178079
0.00175136
0.00172192
0.00169249
0.00166305
0.00163362
0.00160418
0.00157475
0.00154531
0.00151588
0.00148644
0.00145701
0.00142758
0.00139814
0.00136871
0.00133927
0.00130984
0.0012804
0.00125097
0.00122153
0.0011921
0.00116266
0.00113323
0.00110379
0.00107436
0.00104493
0.00101549
0.000986056
0.000956622
0.000927187
0.000897753
0.000868318
0.000838884
0.000809449
0.000780015
0.00075058
0.000721146
0.000691711
0.000662277
0.000632842
0.000603407
0.000573973
0.000544538
0.000515103
0.000485669
0.000456234
0.0004268
0.000397365
0.00036793
0.000338496
0.000309061
0.000279627
0.000250192
0.000220758
0.000191323
0.000161889
0.000132455
0.00010302
7.35858e-05
4.41515e-05
1.47172e-05
0.00581492
0.00580899
0.00579748
0.00578068
0.00575898
0.0057332
0.00570509
0.00567639
0.00564757
0.00561825
0.00558831
0.00555806
0.00552775
0.00549746
0.00546719
0.00543694
0.00540676
0.00537664
0.00534659
0.00531661
0.00528669
0.00525683
0.00522702
0.00519726
0.00516755
0.00513787
0.00510822
0.0050786
0.00504901
0.00501943
0.00498988
0.00496035
0.00493082
0.00490131
0.00487182
0.00484233
0.00481284
0.00478337
0.0047539
0.00472443
0.00469497
0.00466552
0.00463607
0.00460661
0.00457717
0.00454772
0.00451828
0.00448883
0.00445939
0.00442995
0.00440051
0.00437107
0.00434163
0.0043122
0.00428276
0.00425332
0.00422389
0.00419445
0.00416502
0.00413558
0.00410614
0.00407671
0.00404728
0.00401784
0.00398841
0.00395897
0.00392954
0.0039001
0.00387067
0.00384123
0.0038118
0.00378237
0.00375293
0.0037235
0.00369406
0.00366463
0.0036352
0.00360576
0.00357633
0.00354689
0.00351746
0.00348802
0.00345859
0.00342916
0.00339972
0.00337029
0.00334085
0.00331142
0.00328198
0.00325255
0.00322311
0.00319368
0.00316424
0.00313481
0.00310537
0.00307594
0.0030465
0.00301707
0.00298763
0.0029582
0.00292876
0.00289933
0.00286989
0.00284046
0.00281102
0.00278159
0.00275215
0.00272272
0.00269328
0.00266385
0.00263441
0.00260497
0.00257554
0.0025461
0.00251667
0.00248723
0.0024578
0.00242836
0.00239893
0.00236949
0.00234006
0.00231062
0.00228119
0.00225175
0.00222232
0.00219288
0.00216345
0.00213401
0.00210458
0.00207514
0.00204571
0.00201627
0.00198684
0.0019574
0.00192797
0.00189853
0.0018691
0.00183966
0.00181023
0.00178079
0.00175136
0.00172192
0.00169249
0.00166305
0.00163362
0.00160418
0.00157475
0.00154531
0.00151588
0.00148644
0.00145701
0.00142758
0.00139814
0.00136871
0.00133927
0.00130984
0.0012804
0.00125097
0.00122153
0.0011921
0.00116266
0.00113323
0.00110379
0.00107436
0.00104493
0.00101549
0.000986056
0.000956622
0.000927187
0.000897753
0.000868318
0.000838884
0.000809449
0.000780015
0.00075058
0.000721146
0.000691711
0.000662277
0.000632842
0.000603407
0.000573973
0.000544538
0.000515103
0.000485669
0.000456234
0.0004268
0.000397365
0.00036793
0.000338496
0.000309061
0.000279627
0.000250192
0.000220758
0.000191323
0.000161889
0.000132455
0.00010302
7.35858e-05
4.41515e-05
1.47172e-05
0.00577942
0.00577445
0.00576477
0.00575054
0.0057321
0.00571002
0.00568538
0.00565942
0.00563274
0.00560536
0.00557725
0.00554862
0.00551969
0.00549056
0.00546129
0.00543191
0.00540246
0.00537297
0.00534346
0.00531393
0.00528441
0.00525488
0.00522535
0.00519584
0.00516633
0.00513682
0.00510733
0.00507784
0.00504835
0.00501888
0.0049894
0.00495994
0.00493047
0.00490102
0.00487156
0.00484211
0.00481266
0.00478321
0.00475376
0.00472432
0.00469487
0.00466543
0.00463599
0.00460655
0.00457711
0.00454767
0.00451824
0.0044888
0.00445936
0.00442993
0.00440049
0.00437105
0.00434162
0.00431218
0.00428275
0.00425331
0.00422388
0.00419444
0.00416501
0.00413557
0.00410614
0.00407671
0.00404727
0.00401784
0.0039884
0.00395897
0.00392954
0.0039001
0.00387067
0.00384123
0.0038118
0.00378237
0.00375293
0.0037235
0.00369406
0.00366463
0.0036352
0.00360576
0.00357633
0.00354689
0.00351746
0.00348802
0.00345859
0.00342916
0.00339972
0.00337029
0.00334085
0.00331142
0.00328198
0.00325255
0.00322311
0.00319368
0.00316424
0.00313481
0.00310537
0.00307594
0.0030465
0.00301707
0.00298763
0.0029582
0.00292876
0.00289933
0.00286989
0.00284046
0.00281102
0.00278159
0.00275215
0.00272272
0.00269328
0.00266385
0.00263441
0.00260497
0.00257554
0.0025461
0.00251667
0.00248723
0.0024578
0.00242836
0.00239893
0.00236949
0.00234006
0.00231062
0.00228119
0.00225175
0.00222232
0.00219288
0.00216345
0.00213401
0.00210458
0.00207514
0.00204571
0.00201627
0.00198684
0.0019574
0.00192797
0.00189853
0.0018691
0.00183966
0.00181023
0.00178079
0.00175136
0.00172192
0.00169249
0.00166305
0.00163362
0.00160418
0.00157475
0.00154531
0.00151588
0.00148644
0.00145701
0.00142758
0.00139814
0.00136871
0.00133927
0.00130984
0.0012804
0.00125097
0.00122153
0.0011921
0.00116266
0.00113323
0.00110379
0.00107436
0.00104493
0.00101549
0.000986056
0.000956622
0.000927187
0.000897753
0.000868318
0.000838884
0.000809449
0.000780015
0.00075058
0.000721146
0.000691711
0.000662277
0.000632842
0.000603407
0.000573973
0.000544538
0.000515103
0.000485669
0.000456234
0.0004268
0.000397365
0.00036793
0.000338496
0.000309061
0.000279627
0.000250192
0.000220758
0.000191323
0.000161889
0.000132455
0.00010302
7.35858e-05
4.41515e-05
1.47172e-05
0.00574918
0.00574491
0.00573657
0.00572426
0.00570825
0.00568895
0.00566708
0.0056435
0.00561879
0.00559317
0.0055667
0.00553954
0.00551187
0.00548384
0.00545551
0.00542695
0.00539821
0.00536933
0.00534034
0.00531126
0.00528212
0.00525292
0.00522368
0.0051944
0.0051651
0.00513577
0.00510643
0.00507707
0.0050477
0.00501831
0.00498892
0.00495952
0.00493012
0.00490071
0.0048713
0.00484189
0.00481247
0.00478305
0.00475362
0.0047242
0.00469477
0.00466535
0.00463592
0.00460649
0.00457706
0.00454763
0.0045182
0.00448877
0.00445933
0.0044299
0.00440047
0.00437104
0.0043416
0.00431217
0.00428274
0.0042533
0.00422387
0.00419444
0.004165
0.00413557
0.00410614
0.0040767
0.00404727
0.00401783
0.0039884
0.00395897
0.00392953
0.0039001
0.00387067
0.00384123
0.0038118
0.00378236
0.00375293
0.0037235
0.00369406
0.00366463
0.00363519
0.00360576
0.00357633
0.00354689
0.00351746
0.00348802
0.00345859
0.00342916
0.00339972
0.00337029
0.00334085
0.00331142
0.00328198
0.00325255
0.00322311
0.00319368
0.00316424
0.00313481
0.00310537
0.00307594
0.0030465
0.00301707
0.00298763
0.0029582
0.00292876
0.00289933
0.00286989
0.00284046
0.00281102
0.00278159
0.00275215
0.00272272
0.00269328
0.00266385
0.00263441
0.00260497
0.00257554
0.0025461
0.00251667
0.00248723
0.0024578
0.00242836
0.00239893
0.00236949
0.00234006
0.00231062
0.00228119
0.00225175
0.00222232
0.00219288
0.00216345
0.00213401
0.00210458
0.00207514
0.00204571
0.00201627
0.00198684
0.0019574
0.00192797
0.00189853
0.0018691
0.00183966
0.00181023
0.00178079
0.00175136
0.00172192
0.00169249
0.00166305
0.00163362
0.00160418
0.00157475
0.00154531
0.00151588
0.00148644
0.00145701
0.00142758
0.00139814
0.00136871
0.00133927
0.00130984
0.0012804
0.00125097
0.00122153
0.0011921
0.00116266
0.00113323
0.00110379
0.00107436
0.00104493
0.00101549
0.000986056
0.000956622
0.000927187
0.000897753
0.000868318
0.000838884
0.000809449
0.000780015
0.00075058
0.000721146
0.000691711
0.000662277
0.000632842
0.000603407
0.000573973
0.000544538
0.000515104
0.000485669
0.000456234
0.0004268
0.000397365
0.00036793
0.000338496
0.000309061
0.000279627
0.000250192
0.000220758
0.000191323
0.000161889
0.000132455
0.00010302
7.35858e-05
4.41515e-05
1.47172e-05
0.0057234
0.00571967
0.00571233
0.00570147
0.00568729
0.00567011
0.00565043
0.00562888
0.00560593
0.00558187
0.00555683
0.00553098
0.00550446
0.00547743
0.00544998
0.00542219
0.00539411
0.00536581
0.00533732
0.00530867
0.00527989
0.00525101
0.00522204
0.005193
0.0051639
0.00513474
0.00510554
0.00507631
0.00504705
0.00501776
0.00498845
0.00495912
0.00492977
0.00490042
0.00487105
0.00484167
0.00481228
0.00478289
0.00475349
0.00472408
0.00469467
0.00466526
0.00463584
0.00460643
0.004577
0.00454758
0.00451816
0.00448873
0.0044593
0.00442988
0.00440045
0.00437102
0.00434159
0.00431216
0.00428273
0.00425329
0.00422386
0.00419443
0.004165
0.00413556
0.00410613
0.0040767
0.00404727
0.00401783
0.0039884
0.00395897
0.00392953
0.0039001
0.00387066
0.00384123
0.0038118
0.00378236
0.00375293
0.0037235
0.00369406
0.00366463
0.00363519
0.00360576
0.00357633
0.00354689
0.00351746
0.00348802
0.00345859
0.00342915
0.00339972
0.00337029
0.00334085
0.00331142
0.00328198
0.00325255
0.00322311
0.00319368
0.00316424
0.00313481
0.00310537
0.00307594
0.0030465
0.00301707
0.00298763
0.0029582
0.00292876
0.00289933
0.00286989
0.00284046
0.00281102
0.00278159
0.00275215
0.00272272
0.00269328
0.00266385
0.00263441
0.00260497
0.00257554
0.0025461
0.00251667
0.00248723
0.0024578
0.00242836
0.00239893
0.00236949
0.00234006
0.00231062
0.00228119
0.00225175
0.00222232
0.00219288
0.00216345
0.00213401
0.00210458
0.00207514
0.00204571
0.00201627
0.00198684
0.0019574
0.00192797
0.00189853
0.0018691
0.00183966
0.00181023
0.00178079
0.00175136
0.00172192
0.00169249
0.00166305
0.00163362
0.00160418
0.00157475
0.00154531
0.00151588
0.00148644
0.00145701
0.00142758
0.00139814
0.00136871
0.00133927
0.00130984
0.0012804
0.00125097
0.00122153
0.0011921
0.00116266
0.00113323
0.00110379
0.00107436
0.00104493
0.00101549
0.000986056
0.000956622
0.000927187
0.000897753
0.000868318
0.000838884
0.000809449
0.000780015
0.00075058
0.000721146
0.000691711
0.000662277
0.000632842
0.000603407
0.000573973
0.000544538
0.000515104
0.000485669
0.000456234
0.0004268
0.000397365
0.00036793
0.000338496
0.000309061
0.000279627
0.000250192
0.000220758
0.000191323
0.000161889
0.000132455
0.00010302
7.35858e-05
4.41515e-05
1.47172e-05
0.00570152
0.00569818
0.0056916
0.00568186
0.00566908
0.00565354
0.0056356
0.00561571
0.00559428
0.00557158
0.0055478
0.00552308
0.00549759
0.00547147
0.00544482
0.00541772
0.00539026
0.00536248
0.00533445
0.0053062
0.00527777
0.00524919
0.00522048
0.00519166
0.00516275
0.00513376
0.0051047
0.00507559
0.00504643
0.00501723
0.00498799
0.00495873
0.00492944
0.00490013
0.0048708
0.00484146
0.0048121
0.00478273
0.00475336
0.00472397
0.00469458
0.00466518
0.00463577
0.00460636
0.00457695
0.00454754
0.00451812
0.0044887
0.00445928
0.00442985
0.00440043
0.004371
0.00434157
0.00431214
0.00428271
0.00425328
0.00422385
0.00419442
0.00416499
0.00413556
0.00410613
0.00407669
0.00404726
0.00401783
0.0039884
0.00395896
0.00392953
0.0039001
0.00387066
0.00384123
0.0038118
0.00378236
0.00375293
0.0037235
0.00369406
0.00366463
0.00363519
0.00360576
0.00357633
0.00354689
0.00351746
0.00348802
0.00345859
0.00342915
0.00339972
0.00337029
0.00334085
0.00331142
0.00328198
0.00325255
0.00322311
0.00319368
0.00316424
0.00313481
0.00310537
0.00307594
0.0030465
0.00301707
0.00298763
0.0029582
0.00292876
0.00289933
0.00286989
0.00284046
0.00281102
0.00278159
0.00275215
0.00272272
0.00269328
0.00266385
0.00263441
0.00260497
0.00257554
0.0025461
0.00251667
0.00248723
0.0024578
0.00242836
0.00239893
0.00236949
0.00234006
0.00231062
0.00228119
0.00225175
0.00222232
0.00219288
0.00216345
0.00213401
0.00210458
0.00207514
0.00204571
0.00201627
0.00198684
0.0019574
0.00192797
0.00189853
0.0018691
0.00183966
0.00181023
0.00178079
0.00175136
0.00172192
0.00169249
0.00166305
0.00163362
0.00160418
0.00157475
0.00154531
0.00151588
0.00148644
0.00145701
0.00142758
0.00139814
0.00136871
0.00133927
0.00130984
0.0012804
0.00125097
0.00122153
0.0011921
0.00116266
0.00113323
0.00110379
0.00107436
0.00104493
0.00101549
0.000986056
0.000956622
0.000927187
0.000897753
0.000868318
0.000838884
0.000809449
0.000780015
0.00075058
0.000721146
0.000691711
0.000662277
0.000632842
0.000603407
0.000573973
0.000544538
0.000515104
0.000485669
0.000456234
0.0004268
0.000397365
0.00036793
0.000338496
0.000309061
0.000279627
0.000250192
0.000220758
0.000191323
0.000161889
0.000132455
0.00010302
7.35858e-05
4.41515e-05
1.47172e-05
0.00568309
0.00568005
0.00567406
0.00566516
0.00565348
0.0056392
0.00562263
0.0056041
0.00558394
0.00556241
0.0055397
0.00551597
0.00549138
0.00546605
0.0054401
0.00541363
0.00538672
0.00535942
0.00533181
0.00530393
0.00527581
0.0052475
0.00521903
0.00519041
0.00516168
0.00513284
0.00510391
0.00507491
0.00504585
0.00501673
0.00498757
0.00495836
0.00492913
0.00489986
0.00487057
0.00484126
0.00481193
0.00478259
0.00475323
0.00472386
0.00469449
0.0046651
0.00463571
0.00460631
0.0045769
0.0045475
0.00451808
0.00448867
0.00445925
0.00442983
0.00440041
0.00437098
0.00434156
0.00431213
0.0042827
0.00425328
0.00422385
0.00419442
0.00416499
0.00413555
0.00410612
0.00407669
0.00404726
0.00401783
0.00398839
0.00395896
0.00392953
0.0039001
0.00387066
0.00384123
0.0038118
0.00378236
0.00375293
0.00372349
0.00369406
0.00366463
0.00363519
0.00360576
0.00357633
0.00354689
0.00351746
0.00348802
0.00345859
0.00342915
0.00339972
0.00337029
0.00334085
0.00331142
0.00328198
0.00325255
0.00322311
0.00319368
0.00316424
0.00313481
0.00310537
0.00307594
0.0030465
0.00301707
0.00298763
0.0029582
0.00292876
0.00289933
0.00286989
0.00284046
0.00281102
0.00278159
0.00275215
0.00272272
0.00269328
0.00266385
0.00263441
0.00260497
0.00257554
0.0025461
0.00251667
0.00248723
0.0024578
0.00242836
0.00239893
0.00236949
0.00234006
0.00231062
0.00228119
0.00225175
0.00222232
0.00219288
0.00216345
0.00213401
0.00210458
0.00207514
0.00204571
0.00201627
0.00198684
0.0019574
0.00192797
0.00189853
0.0018691
0.00183966
0.00181023
0.00178079
0.00175136
0.00172192
0.00169249
0.00166305
0.00163362
0.00160418
0.00157475
0.00154531
0.00151588
0.00148644
0.00145701
0.00142758
0.00139814
0.00136871
0.00133927
0.00130984
0.0012804
0.00125097
0.00122153
0.0011921
0.00116266
0.00113323
0.00110379
0.00107436
0.00104493
0.00101549
0.000986056
0.000956622
0.000927187
0.000897753
0.000868318
0.000838884
0.000809449
0.000780015
0.00075058
0.000721146
0.000691711
0.000662277
0.000632842
0.000603407
0.000573973
0.000544538
0.000515104
0.000485669
0.000456234
0.0004268
0.000397365
0.00036793
0.000338496
0.000309061
0.000279627
0.000250192
0.000220758
0.000191323
0.000161889
0.000132455
0.00010302
7.35859e-05
4.41515e-05
1.47172e-05
0.00566778
0.00566498
0.00565943
0.00565119
0.00564034
0.00562705
0.00561154
0.0055941
0.00557499
0.00555444
0.00553263
0.00550974
0.0054859
0.00546126
0.00543592
0.00541
0.00538356
0.00535669
0.00532945
0.00530188
0.00527405
0.00524599
0.00521772
0.00518929
0.00516071
0.00513201
0.0051032
0.0050743
0.00504532
0.00501628
0.00498718
0.00495803
0.00492884
0.00489962
0.00487036
0.00484108
0.00481178
0.00478246
0.00475312
0.00472377
0.0046944
0.00466503
0.00463565
0.00460626
0.00457686
0.00454746
0.00451805
0.00448864
0.00445923
0.00442981
0.00440039
0.00437097
0.00434155
0.00431212
0.00428269
0.00425327
0.00422384
0.00419441
0.00416498
0.00413555
0.00410612
0.00407669
0.00404726
0.00401782
0.00398839
0.00395896
0.00392953
0.00390009
0.00387066
0.00384123
0.00381179
0.00378236
0.00375293
0.00372349
0.00369406
0.00366463
0.00363519
0.00360576
0.00357633
0.00354689
0.00351746
0.00348802
0.00345859
0.00342915
0.00339972
0.00337029
0.00334085
0.00331142
0.00328198
0.00325255
0.00322311
0.00319368
0.00316424
0.00313481
0.00310537
0.00307594
0.0030465
0.00301707
0.00298763
0.0029582
0.00292876
0.00289933
0.00286989
0.00284046
0.00281102
0.00278159
0.00275215
0.00272272
0.00269328
0.00266385
0.00263441
0.00260497
0.00257554
0.0025461
0.00251667
0.00248723
0.0024578
0.00242836
0.00239893
0.00236949
0.00234006
0.00231062
0.00228119
0.00225175
0.00222232
0.00219288
0.00216345
0.00213401
0.00210458
0.00207514
0.00204571
0.00201627
0.00198684
0.0019574
0.00192797
0.00189853
0.0018691
0.00183966
0.00181023
0.00178079
0.00175136
0.00172192
0.00169249
0.00166305
0.00163362
0.00160418
0.00157475
0.00154531
0.00151588
0.00148644
0.00145701
0.00142758
0.00139814
0.00136871
0.00133927
0.00130984
0.0012804
0.00125097
0.00122153
0.0011921
0.00116266
0.00113323
0.00110379
0.00107436
0.00104493
0.00101549
0.000986056
0.000956622
0.000927187
0.000897753
0.000868318
0.000838884
0.000809449
0.000780015
0.00075058
0.000721146
0.000691711
0.000662277
0.000632842
0.000603407
0.000573973
0.000544538
0.000515104
0.000485669
0.000456234
0.0004268
0.000397365
0.00036793
0.000338496
0.000309061
0.000279627
0.000250192
0.000220758
0.000191323
0.000161889
0.000132455
0.00010302
7.35859e-05
4.41515e-05
1.47172e-05
0.00565535
0.00565272
0.00564752
0.00563977
0.00562956
0.00561702
0.00560235
0.00558576
0.00556748
0.00554772
0.00552665
0.00550445
0.00548124
0.00545717
0.00543235
0.00540688
0.00538085
0.00535433
0.0053274
0.00530012
0.00527253
0.00524467
0.00521659
0.00518831
0.00515987
0.00513128
0.00510258
0.00507377
0.00504487
0.00501589
0.00498684
0.00495774
0.0049286
0.00489941
0.00487018
0.00484093
0.00481165
0.00478234
0.00475302
0.00472368
0.00469433
0.00466497
0.00463559
0.00460621
0.00457682
0.00454743
0.00451802
0.00448862
0.00445921
0.00442979
0.00440038
0.00437096
0.00434153
0.00431211
0.00428269
0.00425326
0.00422383
0.00419441
0.00416498
0.00413555
0.00410612
0.00407669
0.00404725
0.00401782
0.00398839
0.00395896
0.00392953
0.00390009
0.00387066
0.00384123
0.00381179
0.00378236
0.00375293
0.00372349
0.00369406
0.00366463
0.00363519
0.00360576
0.00357632
0.00354689
0.00351746
0.00348802
0.00345859
0.00342915
0.00339972
0.00337029
0.00334085
0.00331142
0.00328198
0.00325255
0.00322311
0.00319368
0.00316424
0.00313481
0.00310537
0.00307594
0.0030465
0.00301707
0.00298763
0.0029582
0.00292876
0.00289933
0.00286989
0.00284046
0.00281102
0.00278159
0.00275215
0.00272272
0.00269328
0.00266385
0.00263441
0.00260497
0.00257554
0.0025461
0.00251667
0.00248723
0.0024578
0.00242836
0.00239893
0.00236949
0.00234006
0.00231062
0.00228119
0.00225175
0.00222232
0.00219288
0.00216345
0.00213401
0.00210458
0.00207514
0.00204571
0.00201627
0.00198684
0.0019574
0.00192797
0.00189853
0.0018691
0.00183966
0.00181023
0.00178079
0.00175136
0.00172192
0.00169249
0.00166305
0.00163362
0.00160418
0.00157475
0.00154531
0.00151588
0.00148644
0.00145701
0.00142758
0.00139814
0.00136871
0.00133927
0.00130984
0.0012804
0.00125097
0.00122153
0.0011921
0.00116266
0.00113323
0.00110379
0.00107436
0.00104493
0.00101549
0.000986056
0.000956622
0.000927187
0.000897753
0.000868318
0.000838884
0.000809449
0.000780015
0.00075058
0.000721146
0.000691711
0.000662277
0.000632842
0.000603407
0.000573973
0.000544538
0.000515104
0.000485669
0.000456234
0.0004268
0.000397365
0.00036793
0.000338496
0.000309061
0.000279627
0.000250192
0.000220758
0.000191323
0.000161889
0.000132455
0.00010302
7.35859e-05
4.41515e-05
1.47172e-05
0.00564561
0.00564311
0.00563816
0.00563078
0.00562105
0.00560907
0.00559502
0.00557908
0.00556145
0.0055423
0.00552182
0.00550016
0.00547745
0.00545384
0.00542942
0.00540432
0.00537862
0.0053524
0.00532573
0.00529866
0.00527127
0.00524358
0.00521565
0.0051875
0.00515917
0.00513069
0.00510206
0.00507332
0.00504449
0.00501556
0.00498656
0.0049575
0.00492839
0.00489923
0.00487003
0.0048408
0.00481154
0.00478225
0.00475294
0.00472361
0.00469427
0.00466492
0.00463555
0.00460617
0.00457679
0.0045474
0.004518
0.0044886
0.00445919
0.00442978
0.00440036
0.00437095
0.00434153
0.0043121
0.00428268
0.00425325
0.00422383
0.0041944
0.00416497
0.00413554
0.00410611
0.00407668
0.00404725
0.00401782
0.00398839
0.00395896
0.00392952
0.00390009
0.00387066
0.00384123
0.00381179
0.00378236
0.00375293
0.00372349
0.00369406
0.00366463
0.00363519
0.00360576
0.00357632
0.00354689
0.00351746
0.00348802
0.00345859
0.00342915
0.00339972
0.00337029
0.00334085
0.00331142
0.00328198
0.00325255
0.00322311
0.00319368
0.00316424
0.00313481
0.00310537
0.00307594
0.0030465
0.00301707
0.00298763
0.0029582
0.00292876
0.00289933
0.00286989
0.00284046
0.00281102
0.00278159
0.00275215
0.00272272
0.00269328
0.00266385
0.00263441
0.00260497
0.00257554
0.0025461
0.00251667
0.00248723
0.0024578
0.00242836
0.00239893
0.00236949
0.00234006
0.00231062
0.00228119
0.00225175
0.00222232
0.00219288
0.00216345
0.00213401
0.00210458
0.00207514
0.00204571
0.00201627
0.00198684
0.0019574
0.00192797
0.00189853
0.0018691
0.00183966
0.00181023
0.00178079
0.00175136
0.00172192
0.00169249
0.00166305
0.00163362
0.00160418
0.00157475
0.00154531
0.00151588
0.00148644
0.00145701
0.00142758
0.00139814
0.00136871
0.00133927
0.00130984
0.0012804
0.00125097
0.00122153
0.0011921
0.00116266
0.00113323
0.00110379
0.00107436
0.00104493
0.00101549
0.000986056
0.000956622
0.000927187
0.000897753
0.000868318
0.000838884
0.000809449
0.000780015
0.00075058
0.000721146
0.000691711
0.000662277
0.000632842
0.000603407
0.000573973
0.000544538
0.000515104
0.000485669
0.000456234
0.0004268
0.000397365
0.000367931
0.000338496
0.000309061
0.000279627
0.000250192
0.000220758
0.000191323
0.000161889
0.000132455
0.00010302
7.35859e-05
4.41515e-05
1.47172e-05
0.00563841
0.005636
0.00563123
0.00562412
0.00561473
0.00560315
0.00558954
0.00557407
0.0055569
0.00553822
0.00551817
0.00549691
0.00547457
0.0054513
0.0054272
0.00540237
0.00537692
0.00535092
0.00532444
0.00529755
0.0052703
0.00524275
0.00521493
0.00518688
0.00515864
0.00513023
0.00510167
0.00507298
0.00504419
0.00501531
0.00498635
0.00495732
0.00492823
0.0048991
0.00486992
0.0048407
0.00481145
0.00478218
0.00475288
0.00472356
0.00469423
0.00466488
0.00463552
0.00460615
0.00457677
0.00454738
0.00451798
0.00448858
0.00445918
0.00442977
0.00440035
0.00437094
0.00434152
0.0043121
0.00428267
0.00425325
0.00422382
0.0041944
0.00416497
0.00413554
0.00410611
0.00407668
0.00404725
0.00401782
0.00398839
0.00395896
0.00392952
0.00390009
0.00387066
0.00384123
0.00381179
0.00378236
0.00375293
0.00372349
0.00369406
0.00366463
0.00363519
0.00360576
0.00357632
0.00354689
0.00351746
0.00348802
0.00345859
0.00342915
0.00339972
0.00337029
0.00334085
0.00331142
0.00328198
0.00325255
0.00322311
0.00319368
0.00316424
0.00313481
0.00310537
0.00307594
0.0030465
0.00301707
0.00298763
0.0029582
0.00292876
0.00289933
0.00286989
0.00284046
0.00281102
0.00278159
0.00275215
0.00272272
0.00269328
0.00266385
0.00263441
0.00260497
0.00257554
0.0025461
0.00251667
0.00248723
0.0024578
0.00242836
0.00239893
0.00236949
0.00234006
0.00231062
0.00228119
0.00225175
0.00222232
0.00219288
0.00216345
0.00213401
0.00210458
0.00207514
0.00204571
0.00201627
0.00198684
0.0019574
0.00192797
0.00189853
0.0018691
0.00183966
0.00181023
0.00178079
0.00175136
0.00172192
0.00169249
0.00166305
0.00163362
0.00160418
0.00157475
0.00154531
0.00151588
0.00148644
0.00145701
0.00142758
0.00139814
0.00136871
0.00133927
0.00130984
0.0012804
0.00125097
0.00122153
0.0011921
0.00116266
0.00113323
0.00110379
0.00107436
0.00104493
0.00101549
0.000986056
0.000956622
0.000927187
0.000897753
0.000868318
0.000838884
0.000809449
0.000780015
0.00075058
0.000721146
0.000691711
0.000662277
0.000632842
0.000603407
0.000573973
0.000544538
0.000515104
0.000485669
0.000456234
0.0004268
0.000397365
0.000367931
0.000338496
0.000309061
0.000279627
0.000250192
0.000220758
0.000191323
0.000161889
0.000132455
0.00010302
7.35859e-05
4.41515e-05
1.47172e-05
0.00563367
0.00563132
0.00562666
0.00561972
0.00561054
0.00559923
0.0055859
0.00557073
0.00555387
0.00553548
0.00551572
0.00549472
0.00547264
0.00544959
0.0054257
0.00540106
0.00537577
0.00534992
0.00532357
0.00529679
0.00526965
0.00524218
0.00521444
0.00518646
0.00515828
0.00512991
0.0051014
0.00507275
0.005044
0.00501514
0.0049862
0.00495719
0.00492812
0.004899
0.00486984
0.00484063
0.00481139
0.00478213
0.00475284
0.00472352
0.0046942
0.00466485
0.00463549
0.00460613
0.00457675
0.00454736
0.00451797
0.00448857
0.00445917
0.00442976
0.00440035
0.00437093
0.00434151
0.00431209
0.00428267
0.00425325
0.00422382
0.0041944
0.00416497
0.00413554
0.00410611
0.00407668
0.00404725
0.00401782
0.00398839
0.00395896
0.00392952
0.00390009
0.00387066
0.00384123
0.00381179
0.00378236
0.00375293
0.00372349
0.00369406
0.00366463
0.00363519
0.00360576
0.00357632
0.00354689
0.00351746
0.00348802
0.00345859
0.00342915
0.00339972
0.00337029
0.00334085
0.00331142
0.00328198
0.00325255
0.00322311
0.00319368
0.00316424
0.00313481
0.00310537
0.00307594
0.0030465
0.00301707
0.00298763
0.0029582
0.00292876
0.00289933
0.00286989
0.00284046
0.00281102
0.00278159
0.00275215
0.00272272
0.00269328
0.00266385
0.00263441
0.00260497
0.00257554
0.0025461
0.00251667
0.00248723
0.0024578
0.00242836
0.00239893
0.00236949
0.00234006
0.00231062
0.00228119
0.00225175
0.00222232
0.00219288
0.00216345
0.00213401
0.00210458
0.00207514
0.00204571
0.00201627
0.00198684
0.0019574
0.00192797
0.00189853
0.0018691
0.00183966
0.00181023
0.00178079
0.00175136
0.00172192
0.00169249
0.00166305
0.00163362
0.00160418
0.00157475
0.00154531
0.00151588
0.00148644
0.00145701
0.00142758
0.00139814
0.00136871
0.00133927
0.00130984
0.0012804
0.00125097
0.00122153
0.0011921
0.00116266
0.00113323
0.00110379
0.00107436
0.00104493
0.00101549
0.000986056
0.000956622
0.000927187
0.000897753
0.000868318
0.000838884
0.000809449
0.000780015
0.00075058
0.000721146
0.000691711
0.000662277
0.000632842
0.000603407
0.000573973
0.000544538
0.000515104
0.000485669
0.000456234
0.0004268
0.000397365
0.000367931
0.000338496
0.000309061
0.000279627
0.000250192
0.000220758
0.000191323
0.000161889
0.000132455
0.00010302
7.35859e-05
4.41515e-05
1.47172e-05
0.00563131
0.00562899
0.00562439
0.00561753
0.00560846
0.00559727
0.00558408
0.00556906
0.00555235
0.00553411
0.00551449
0.00549363
0.00547167
0.00544873
0.00542494
0.0054004
0.00537519
0.00534941
0.00532313
0.00529641
0.00526932
0.0052419
0.0052142
0.00518625
0.00515809
0.00512976
0.00510126
0.00507264
0.0050439
0.00501505
0.00498613
0.00495713
0.00492807
0.00489896
0.0048698
0.0048406
0.00481136
0.0047821
0.00475281
0.00472351
0.00469418
0.00466484
0.00463548
0.00460612
0.00457674
0.00454736
0.00451796
0.00448857
0.00445916
0.00442975
0.00440034
0.00437093
0.00434151
0.00431209
0.00428267
0.00425325
0.00422382
0.00419439
0.00416497
0.00413554
0.00410611
0.00407668
0.00404725
0.00401782
0.00398839
0.00395896
0.00392952
0.00390009
0.00387066
0.00384123
0.00381179
0.00378236
0.00375293
0.00372349
0.00369406
0.00366463
0.00363519
0.00360576
0.00357632
0.00354689
0.00351746
0.00348802
0.00345859
0.00342915
0.00339972
0.00337029
0.00334085
0.00331142
0.00328198
0.00325255
0.00322311
0.00319368
0.00316424
0.00313481
0.00310537
0.00307594
0.0030465
0.00301707
0.00298763
0.0029582
0.00292876
0.00289933
0.00286989
0.00284046
0.00281102
0.00278159
0.00275215
0.00272272
0.00269328
0.00266385
0.00263441
0.00260497
0.00257554
0.0025461
0.00251667
0.00248723
0.0024578
0.00242836
0.00239893
0.00236949
0.00234006
0.00231062
0.00228119
0.00225175
0.00222232
0.00219288
0.00216345
0.00213401
0.00210458
0.00207514
0.00204571
0.00201627
0.00198684
0.0019574
0.00192797
0.00189853
0.0018691
0.00183966
0.00181023
0.00178079
0.00175136
0.00172192
0.00169249
0.00166305
0.00163362
0.00160418
0.00157475
0.00154531
0.00151588
0.00148644
0.00145701
0.00142758
0.00139814
0.00136871
0.00133927
0.00130984
0.0012804
0.00125097
0.00122153
0.0011921
0.00116266
0.00113323
0.00110379
0.00107436
0.00104493
0.00101549
0.000986056
0.000956622
0.000927187
0.000897753
0.000868318
0.000838884
0.000809449
0.000780015
0.00075058
0.000721146
0.000691711
0.000662277
0.000632842
0.000603407
0.000573973
0.000544538
0.000515104
0.000485669
0.000456234
0.0004268
0.000397365
0.000367931
0.000338496
0.000309061
0.000279627
0.000250192
0.000220758
0.000191323
0.000161889
0.000132455
0.00010302
7.35859e-05
4.41515e-05
1.47172e-05
)
;

boundaryField
{
    inlet
    {
        type            zeroGradient;
    }
    outlet
    {
        type            fixedValue;
        value           uniform 0;
    }
    top
    {
        type            zeroGradient;
    }
    bottom
    {
        type            zeroGradient;
    }
    frontAndBack
    {
        type            empty;
    }
}


// ************************************************************************* //
