/*--------------------------------*- C++ -*----------------------------------*\
  =========                 |
  \\      /  F ield         | OpenFOAM: The Open Source CFD Toolbox
   \\    /   O peration     | Website:  https://openfoam.org
    \\  /    A nd           | Version:  dev
     \\/     M anipulation  |
\*---------------------------------------------------------------------------*/
FoamFile
{
    format      ascii;
    class       surfaceScalarField;
    location    "0.5";
    object      phi;
}
// * * * * * * * * * * * * * * * * * * * * * * * * * * * * * * * * * * * * * //

dimensions      [0 3 -1 0 0 0 0];

internalField   nonuniform List<scalar> 
7780
(
0.00499905
9.53023e-07
0.004997
2.04592e-06
0.00499448
2.52529e-06
0.00499206
2.41234e-06
0.00498974
2.32001e-06
0.00498715
2.59503e-06
0.00498424
2.90896e-06
0.00498137
2.8716e-06
0.00497888
2.48327e-06
0.00497693
1.95393e-06
0.00497549
1.43659e-06
0.00497449
1.00429e-06
0.00497381
6.81253e-07
0.00497335
4.59544e-07
0.00497303
3.14846e-07
0.00497281
2.21877e-07
0.00497265
1.61588e-07
0.00497253
1.21503e-07
0.00497244
9.39153e-08
0.00497236
7.42038e-08
0.0049723
5.96219e-08
0.00497225
4.85164e-08
0.00497221
3.98605e-08
0.00497218
3.29912e-08
0.00497215
2.74633e-08
0.00497213
2.29661e-08
0.00497211
1.92761e-08
0.00497209
1.62275e-08
0.00497208
1.36949e-08
0.00497207
1.15812e-08
0.00497206
9.81064e-09
0.00497205
8.32273e-09
0.00497204
7.06908e-09
0.00497204
6.01044e-09
0.00497203
5.11481e-09
0.00497203
4.35587e-09
0.00497202
3.7119e-09
0.00497202
3.16483e-09
0.00497202
2.69964e-09
0.00497202
2.30373e-09
0.00497201
1.96655e-09
0.00497201
1.67921e-09
0.00497201
1.43421e-09
0.00497201
1.22521e-09
0.00497201
1.04686e-09
0.00497201
8.94615e-10
0.00497201
7.64612e-10
0.00497201
6.53577e-10
0.00497201
5.58722e-10
0.00497201
4.77674e-10
0.00497201
4.08413e-10
0.004972
3.49217e-10
0.004972
2.98617e-10
0.004972
2.55361e-10
0.004972
2.18379e-10
0.004972
1.86759e-10
0.004972
1.59723e-10
0.004972
1.36605e-10
0.004972
1.16835e-10
0.004972
9.99276e-11
0.004972
8.5468e-11
0.004972
7.3102e-11
0.004972
6.25263e-11
0.004972
5.34813e-11
0.004972
4.57447e-11
0.004972
3.91272e-11
0.004972
3.3467e-11
0.004972
2.86258e-11
0.004972
2.44852e-11
0.004972
2.09438e-11
0.004972
1.79146e-11
0.004972
1.53235e-11
0.004972
1.31069e-11
0.004972
1.12108e-11
0.004972
9.58877e-12
0.004972
8.20133e-12
0.004972
7.01471e-12
0.004972
5.99995e-12
0.004972
5.13202e-12
0.004972
4.38957e-12
0.004972
3.75436e-12
0.004972
3.21094e-12
0.004972
2.7461e-12
0.004972
2.3486e-12
0.004972
2.00881e-12
0.004972
1.71808e-12
0.004972
1.46925e-12
0.004972
1.25633e-12
0.004972
1.07423e-12
0.004972
9.18602e-13
0.004972
7.85587e-13
0.004972
6.71957e-13
0.004972
5.74804e-13
0.004972
4.91555e-13
0.004972
4.20265e-13
0.004972
3.59269e-13
0.004972
3.07093e-13
0.004972
2.62517e-13
0.004972
2.2445e-13
0.004972
1.91853e-13
0.004972
1.63887e-13
0.004972
1.40023e-13
0.004972
1.19687e-13
0.004972
1.02381e-13
0.004972
8.77269e-14
0.004972
7.52973e-14
0.004972
6.47183e-14
0.004972
5.56432e-14
0.004972
4.77406e-14
0.004972
4.08788e-14
0.004972
3.49081e-14
0.004972
2.98724e-14
0.004972
2.55957e-14
0.004972
2.20467e-14
0.004972
1.91829e-14
0.004972
1.68511e-14
0.004972
1.49885e-14
0.004972
1.3394e-14
0.004972
1.20219e-14
0.004972
1.08075e-14
0.004972
9.72205e-15
0.004972
8.78191e-15
0.004972
7.88107e-15
0.004972
7.21728e-15
0.004972
6.59788e-15
0.004972
5.99527e-15
0.004972
5.52335e-15
0.004972
5.06591e-15
0.004972
4.67919e-15
0.004972
4.22332e-15
0.004972
3.68431e-15
0.004972
3.13292e-15
0.004972
2.78821e-15
0.004972
2.20153e-15
0.004972
1.74569e-15
0.004972
1.36009e-15
0.004972
1.15749e-15
0.004972
1.27877e-15
0.004972
1.4469e-15
0.004972
1.66704e-15
0.004972
1.68934e-15
0.004972
1.8217e-15
0.004972
1.90479e-15
0.004972
1.89482e-15
0.004972
1.93591e-15
0.004972
2.24078e-15
0.004972
2.28912e-15
0.004972
2.17014e-15
0.004972
2.16349e-15
0.004972
2.14085e-15
0.004972
2.06739e-15
0.004972
1.99108e-15
0.004972
1.88226e-15
0.004972
1.62631e-15
0.004972
1.28969e-15
0.004972
9.91878e-16
0.004972
7.34361e-16
0.004972
5.69375e-16
0.004972
4.51391e-16
0.004972
4.27936e-16
0.004972
3.9583e-16
0.004972
4.13561e-16
0.004972
5.14895e-16
0.004972
7.27572e-16
0.004972
9.12199e-16
0.004972
9.51326e-16
0.004972
9.26383e-16
0.004972
8.74864e-16
0.004972
7.52988e-16
0.004972
6.53615e-16
0.004972
4.15598e-16
0.004972
1.99153e-16
0.004972
-5.52929e-17
0.004972
-3.16813e-16
0.004972
-5.34874e-16
0.004972
-7.38004e-16
0.004972
-8.92288e-16
0.004972
-1.04484e-15
0.004972
-1.14455e-15
0.004972
-1.12475e-15
0.004972
-1.11583e-15
0.004972
-9.63963e-16
0.004972
-8.11337e-16
0.004972
-6.12877e-16
0.004972
-3.82444e-16
0.004972
-1.04854e-16
0.004972
1.93202e-16
0.004972
4.83027e-16
0.004972
6.4677e-16
0.004972
7.4999e-16
0.004972
8.68787e-16
0.004972
8.43999e-16
0.004972
8.21621e-16
0.004972
7.81461e-16
0.004972
1.564e-16
0.004972
1.19755e-16
0.004972
-1.66082e-16
0.004972
-4.76635e-16
0.004972
-6.09188e-16
-4.93904e-16
0.00500041
5.4481e-07
0.00500105
1.40889e-06
0.00500161
1.95586e-06
0.00500192
2.1043e-06
0.00500217
2.06818e-06
0.00500255
2.22365e-06
0.00500294
2.51239e-06
0.00500321
2.6055e-06
0.0050033
2.39434e-06
0.00500324
2.00781e-06
0.00500309
1.58732e-06
0.00500289
1.20638e-06
0.00500268
8.95345e-07
0.00500248
6.60209e-07
0.0050023
4.90719e-07
0.00500215
3.70474e-07
0.00500203
2.84692e-07
0.00500193
2.22544e-07
0.00500184
1.76628e-07
0.00500178
1.42e-07
0.00500172
1.15376e-07
0.00500168
9.45609e-08
0.00500164
7.80527e-08
0.00500161
6.48021e-08
0.00500158
5.40587e-08
0.00500156
4.52748e-08
0.00500154
3.80426e-08
0.00500152
3.20531e-08
0.00500151
2.70683e-08
0.0050015
2.29026e-08
0.00500149
1.94093e-08
0.00500148
1.64713e-08
0.00500147
1.39943e-08
0.00500147
1.19014e-08
0.00500146
1.013e-08
0.00500146
8.62832e-09
0.00500145
7.35374e-09
0.00500145
6.2707e-09
0.00500145
5.34953e-09
0.00500145
4.56541e-09
0.00500144
3.89749e-09
0.00500144
3.32822e-09
0.00500144
2.84277e-09
0.00500144
2.42863e-09
0.00500144
2.07519e-09
0.00500144
1.77345e-09
0.00500144
1.51578e-09
0.00500144
1.29569e-09
0.00500144
1.10767e-09
0.00500143
9.47009e-10
0.00500143
8.09708e-10
0.00500143
6.92356e-10
0.00500143
5.92043e-10
0.00500143
5.06287e-10
0.00500143
4.32968e-10
0.00500143
3.70281e-10
0.00500143
3.16679e-10
0.00500143
2.70843e-10
0.00500143
2.31646e-10
0.00500143
1.98125e-10
0.00500143
1.69457e-10
0.00500143
1.4494e-10
0.00500143
1.23971e-10
0.00500143
1.06037e-10
0.00500143
9.06981e-11
0.00500143
7.75782e-11
0.00500143
6.63567e-11
0.00500143
5.67592e-11
0.00500143
4.85504e-11
0.00500143
4.15289e-11
0.00500143
3.55228e-11
0.00500143
3.03852e-11
0.00500143
2.59907e-11
0.00500143
2.22317e-11
0.00500143
1.90163e-11
0.00500143
1.6266e-11
0.00500143
1.39135e-11
0.00500143
1.19014e-11
0.00500143
1.01805e-11
0.00500143
8.70845e-12
0.00500143
7.4491e-12
0.00500143
6.37171e-12
0.00500143
5.45003e-12
0.00500143
4.66161e-12
0.00500143
3.98725e-12
0.00500143
3.41036e-12
0.00500143
2.91696e-12
0.00500143
2.49492e-12
0.00500143
2.13406e-12
0.00500143
1.82553e-12
0.00500143
1.56167e-12
0.00500143
1.33597e-12
0.00500143
1.14273e-12
0.00500143
9.77303e-13
0.00500143
8.35613e-13
0.00500143
7.14332e-13
0.00500143
6.10648e-13
0.00500143
5.22046e-13
0.00500143
4.46305e-13
0.00500143
3.81545e-13
0.00500143
3.26256e-13
0.00500143
2.79227e-13
0.00500143
2.39245e-13
0.00500143
2.05151e-13
0.00500143
1.76053e-13
0.00500143
1.51139e-13
0.00500143
1.29705e-13
0.00500143
1.11221e-13
0.00500143
9.52691e-14
0.00500143
8.16308e-14
0.00500143
7.00617e-14
0.00500143
6.04288e-14
0.00500143
5.23397e-14
0.00500143
4.5526e-14
0.00500143
3.98749e-14
0.00500143
3.49638e-14
0.00500143
3.06848e-14
0.00500143
2.68156e-14
0.00500143
2.33529e-14
0.00500143
2.02863e-14
0.00500143
1.75166e-14
0.00500143
1.52317e-14
0.00500143
1.31727e-14
0.00500143
1.14172e-14
0.00500143
9.92542e-15
0.00500143
8.57973e-15
0.00500143
7.41302e-15
0.00500143
6.32461e-15
0.00500143
5.41332e-15
0.00500143
4.68801e-15
0.00500143
4.02819e-15
0.00500143
3.49968e-15
0.00500143
3.2498e-15
0.00500143
2.93694e-15
0.00500143
2.8335e-15
0.00500143
2.95083e-15
0.00500143
3.2531e-15
0.00500143
3.74643e-15
0.00500143
4.2625e-15
0.00500143
4.72658e-15
0.00500143
5.1101e-15
0.00500143
5.47258e-15
0.00500143
5.69941e-15
0.00500143
5.87396e-15
0.00500143
6.03137e-15
0.00500143
6.07889e-15
0.00500143
6.00805e-15
0.00500143
5.78215e-15
0.00500143
5.50938e-15
0.00500143
5.1684e-15
0.00500143
4.70812e-15
0.00500143
4.34696e-15
0.00500143
3.83211e-15
0.00500143
3.31901e-15
0.00500143
2.83677e-15
0.00500143
2.39071e-15
0.00500143
2.05764e-15
0.00500143
1.6743e-15
0.00500143
1.52713e-15
0.00500143
1.26661e-15
0.00500143
1.09151e-15
0.00500143
9.72188e-16
0.00500143
8.13664e-16
0.00500143
7.05261e-16
0.00500143
5.55981e-16
0.00500143
3.1271e-16
0.00500143
6.09075e-17
0.00500143
-2.6002e-16
0.00500143
-5.92364e-16
0.00500143
-1.02885e-15
0.00500143
-1.46519e-15
0.00500143
-1.90043e-15
0.00500143
-2.40754e-15
0.00500143
-2.84336e-15
0.00500143
-3.23261e-15
0.00500143
-3.71618e-15
0.00500143
-4.07003e-15
0.00500143
-4.39842e-15
0.00500143
-4.61044e-15
0.00500143
-4.68582e-15
0.00500143
-4.79427e-15
0.00500143
-4.82673e-15
0.00500143
-4.7779e-15
0.00500143
-4.60588e-15
0.00500143
-4.34455e-15
0.00500143
-3.98498e-15
0.00500143
-3.8236e-15
0.00500143
-3.51988e-15
0.00500143
-3.10073e-15
0.00500143
-2.82935e-15
0.00500143
-2.47737e-15
0.00500143
-2.35278e-15
0.00500143
-2.10838e-15
0.00500143
-1.85928e-15
0.00500143
-1.8821e-15
0.00500143
-1.45875e-15
0.00500143
-1.43956e-15
0.00500143
-1.22961e-15
0.00500143
-8.75395e-16
-4.06188e-16
0.00500019
3.57597e-07
0.00500063
9.69144e-07
0.00500114
1.44578e-06
0.00500151
1.73205e-06
0.00500176
1.82113e-06
0.00500205
1.92516e-06
0.00500242
2.14233e-06
0.00500274
2.2932e-06
0.0050029
2.22675e-06
0.00500293
1.98134e-06
0.00500286
1.66322e-06
0.00500272
1.34361e-06
0.00500256
1.05767e-06
0.00500239
8.21444e-07
0.00500225
6.36809e-07
0.00500212
4.96524e-07
0.00500202
3.90745e-07
0.00500193
3.10725e-07
0.00500186
2.49661e-07
0.00500179
2.0251e-07
0.00500174
1.65631e-07
0.0050017
1.36426e-07
0.00500167
1.13041e-07
0.00500164
9.41306e-08
0.00500161
7.87099e-08
0.00500159
6.60445e-08
0.00500158
5.55786e-08
0.00500156
4.68858e-08
0.00500155
3.96341e-08
0.00500154
3.35624e-08
0.00500153
2.84628e-08
0.00500152
2.41682e-08
0.00500151
2.05434e-08
0.00500151
1.74781e-08
0.0050015
1.48817e-08
0.0050015
1.26793e-08
0.0050015
1.08089e-08
0.00500149
9.21887e-09
0.00500149
7.86598e-09
0.00500149
6.71401e-09
0.00500149
5.73248e-09
0.00500149
4.89572e-09
0.00500148
4.18203e-09
0.00500148
3.57306e-09
0.00500148
3.05327e-09
0.00500148
2.60947e-09
0.00500148
2.23045e-09
0.00500148
1.90667e-09
0.00500148
1.63005e-09
0.00500148
1.39366e-09
0.00500148
1.19164e-09
0.00500148
1.01895e-09
0.00500148
8.71339e-10
0.00500148
7.4514e-10
0.00500148
6.37241e-10
0.00500148
5.44985e-10
0.00500148
4.66098e-10
0.00500148
3.98639e-10
0.00500148
3.40949e-10
0.00500148
2.91613e-10
0.00500148
2.4942e-10
0.00500148
2.13334e-10
0.00500148
1.82472e-10
0.00500148
1.56076e-10
0.00500148
1.33498e-10
0.00500148
1.14188e-10
0.00500148
9.76716e-11
0.00500148
8.35452e-11
0.00500148
7.14625e-11
0.00500148
6.11274e-11
0.00500148
5.22869e-11
0.00500148
4.47249e-11
0.00500148
3.82567e-11
0.00500148
3.27241e-11
0.00500148
2.79916e-11
0.00500148
2.39435e-11
0.00500148
2.04809e-11
0.00500148
1.75192e-11
0.00500148
1.4986e-11
0.00500148
1.28192e-11
0.00500148
1.09656e-11
0.00500148
9.37984e-12
0.00500148
8.02313e-12
0.00500148
6.86248e-12
0.00500148
5.86963e-12
0.00500148
5.02042e-12
0.00500148
4.29421e-12
0.00500148
3.67318e-12
0.00500148
3.14218e-12
0.00500148
2.68804e-12
0.00500148
2.29949e-12
0.00500148
1.96696e-12
0.00500148
1.68226e-12
0.00500148
1.43862e-12
0.00500148
1.23012e-12
0.00500148
1.05176e-12
0.00500148
8.99228e-13
0.00500148
7.68755e-13
0.00500148
6.57202e-13
0.00500148
5.61895e-13
0.00500148
4.8062e-13
0.00500148
4.11492e-13
0.00500148
3.52647e-13
0.00500148
3.02545e-13
0.00500148
2.59657e-13
0.00500148
2.22802e-13
0.00500148
1.91039e-13
0.00500148
1.63601e-13
0.00500148
1.40114e-13
0.00500148
1.20178e-13
0.00500148
1.03389e-13
0.00500148
8.93693e-14
0.00500148
7.7636e-14
0.00500148
6.77211e-14
0.00500148
5.92295e-14
0.00500148
5.17783e-14
0.00500148
4.52025e-14
0.00500148
3.92663e-14
0.00500148
3.39997e-14
0.00500148
2.9416e-14
0.00500148
2.53109e-14
0.00500148
2.18485e-14
0.00500148
1.88389e-14
0.00500148
1.6223e-14
0.00500148
1.39368e-14
0.00500148
1.1868e-14
0.00500148
1.00522e-14
0.00500148
8.49325e-15
0.00500148
7.15153e-15
0.00500148
6.07364e-15
0.00500148
5.24093e-15
0.00500148
4.61544e-15
0.00500148
4.25892e-15
0.00500148
4.12539e-15
0.00500148
4.28878e-15
0.00500148
4.65117e-15
0.00500148
5.22878e-15
0.00500148
5.92129e-15
0.00500148
6.63623e-15
0.00500148
7.33472e-15
0.00500148
7.91468e-15
0.00500148
8.45732e-15
0.00500148
8.86892e-15
0.00500148
9.16566e-15
0.00500148
9.3271e-15
0.00500148
9.2753e-15
0.00500148
9.09451e-15
0.00500148
8.76123e-15
0.00500148
8.30621e-15
0.00500148
7.76372e-15
0.00500148
7.08568e-15
0.00500148
6.36571e-15
0.00500148
5.59316e-15
0.00500148
4.85315e-15
0.00500148
4.19648e-15
0.00500148
3.59299e-15
0.00500148
3.0948e-15
0.00500148
2.59192e-15
0.00500148
2.23804e-15
0.00500148
1.91266e-15
0.00500148
1.61584e-15
0.00500148
1.42625e-15
0.00500148
1.1129e-15
0.00500148
8.53434e-16
0.00500148
5.06872e-16
0.00500148
7.62226e-17
0.00500148
-3.1201e-16
0.00500148
-7.79486e-16
0.00500148
-1.29735e-15
0.00500148
-1.96698e-15
0.00500148
-2.64199e-15
0.00500148
-3.29463e-15
0.00500148
-3.98525e-15
0.00500148
-4.60335e-15
0.00500148
-5.26578e-15
0.00500148
-5.97346e-15
0.00500148
-6.49958e-15
0.00500148
-6.94457e-15
0.00500148
-7.27191e-15
0.00500148
-7.47026e-15
0.00500148
-7.66198e-15
0.00500148
-7.75086e-15
0.00500148
-7.6222e-15
0.00500148
-7.39493e-15
0.00500148
-7.11571e-15
0.00500148
-6.71899e-15
0.00500148
-6.46223e-15
0.00500148
-6.11477e-15
0.00500148
-5.52292e-15
0.00500148
-5.06156e-15
0.00500148
-4.6001e-15
0.00500148
-4.29244e-15
0.00500148
-3.94964e-15
0.00500148
-3.36386e-15
0.00500148
-2.99628e-15
0.00500148
-2.57309e-15
0.00500148
-2.24357e-15
0.00500148
-1.67991e-15
0.00500148
-1.10948e-15
-3.76977e-16
0.00500012
2.42157e-07
0.00500036
7.25522e-07
0.00500068
1.12309e-06
0.00500101
1.40665e-06
0.00500126
1.56939e-06
0.00500148
1.70612e-06
0.00500173
1.89384e-06
0.00500197
2.0449e-06
0.00500216
2.03967e-06
0.00500227
1.87575e-06
0.0050023
1.62786e-06
0.00500229
1.36132e-06
0.00500223
1.11137e-06
0.00500216
8.94795e-07
0.00500208
7.16918e-07
0.005002
5.75171e-07
0.00500193
4.6352e-07
0.00500186
3.75703e-07
0.0050018
3.06412e-07
0.00500176
2.5142e-07
0.00500171
2.07455e-07
0.00500168
1.72038e-07
0.00500165
1.43295e-07
0.00500162
1.19811e-07
0.0050016
1.00505e-07
0.00500158
8.45477e-08
0.00500157
7.12958e-08
0.00500155
6.02449e-08
0.00500154
5.09966e-08
0.00500153
4.32328e-08
0.00500152
3.66981e-08
0.00500152
3.11852e-08
0.00500151
2.65253e-08
0.00500151
2.25798e-08
0.0050015
1.92344e-08
0.0050015
1.63943e-08
0.00500149
1.39805e-08
0.00500149
1.19273e-08
0.00500149
1.01794e-08
0.00500149
8.69044e-09
0.00500149
7.42128e-09
0.00500148
6.33895e-09
0.00500148
5.41556e-09
0.00500148
4.62749e-09
0.00500148
3.95468e-09
0.00500148
3.38013e-09
0.00500148
2.88937e-09
0.00500148
2.47009e-09
0.00500148
2.11183e-09
0.00500148
1.80566e-09
0.00500148
1.54397e-09
0.00500148
1.32027e-09
0.00500148
1.12904e-09
0.00500148
9.65536e-10
0.00500148
8.25742e-10
0.00500148
7.06208e-10
0.00500148
6.03992e-10
0.00500148
5.16582e-10
0.00500148
4.41829e-10
0.00500148
3.77899e-10
0.00500148
3.23224e-10
0.00500148
2.76463e-10
0.00500148
2.36469e-10
0.00500148
2.02263e-10
0.00500148
1.73005e-10
0.00500148
1.47981e-10
0.00500148
1.26577e-10
0.00500148
1.08271e-10
0.00500148
9.2612e-11
0.00500148
7.92181e-11
0.00500148
6.77613e-11
0.00500148
5.79616e-11
0.00500148
4.95794e-11
0.00500148
4.24096e-11
0.00500148
3.62767e-11
0.00500148
3.10306e-11
0.00500148
2.65433e-11
0.00500148
2.27051e-11
0.00500148
1.94222e-11
0.00500148
1.6614e-11
0.00500148
1.42116e-11
0.00500148
1.21564e-11
0.00500148
1.0398e-11
0.00500148
8.8938e-12
0.00500148
7.60717e-12
0.00500148
6.50681e-12
0.00500148
5.56581e-12
0.00500148
4.76107e-12
0.00500148
4.07281e-12
0.00500148
3.48399e-12
0.00500148
2.9801e-12
0.00500148
2.5489e-12
0.00500148
2.17995e-12
0.00500148
1.86431e-12
0.00500148
1.59429e-12
0.00500148
1.36326e-12
0.00500148
1.16563e-12
0.00500148
9.96476e-13
0.00500148
8.51898e-13
0.00500148
7.28439e-13
0.00500148
6.23237e-13
0.00500148
5.33766e-13
0.00500148
4.57555e-13
0.00500148
3.92479e-13
0.00500148
3.36669e-13
0.00500148
2.88641e-13
0.00500148
2.47324e-13
0.00500148
2.11762e-13
0.00500148
1.81489e-13
0.00500148
1.55867e-13
0.00500148
1.34361e-13
0.00500148
1.16367e-13
0.00500148
1.01166e-13
0.00500148
8.82404e-14
0.00500148
7.70252e-14
0.00500148
6.71702e-14
0.00500148
5.84361e-14
0.00500148
5.06268e-14
0.00500148
4.37991e-14
0.00500148
3.77959e-14
0.00500148
3.25715e-14
0.00500148
2.80871e-14
0.00500148
2.41554e-14
0.00500148
2.06933e-14
0.00500148
1.76278e-14
0.00500148
1.49069e-14
0.00500148
1.24932e-14
0.00500148
1.04371e-14
0.00500148
8.73464e-15
0.00500148
7.3928e-15
0.00500148
6.35539e-15
0.00500148
5.7312e-15
0.00500148
5.39801e-15
0.00500148
5.39911e-15
0.00500148
5.72516e-15
0.00500148
6.28691e-15
0.00500148
7.05854e-15
0.00500148
7.93352e-15
0.00500148
8.82733e-15
0.00500148
9.70044e-15
0.00500148
1.05239e-14
0.00500148
1.12169e-14
0.00500148
1.17537e-14
0.00500148
1.21295e-14
0.00500148
1.22457e-14
0.00500148
1.2162e-14
0.00500148
1.18919e-14
0.00500148
1.146e-14
0.00500148
1.08477e-14
0.00500148
1.00534e-14
0.00500148
9.13663e-15
0.00500148
8.16501e-15
0.00500148
7.20437e-15
0.00500148
6.30012e-15
0.00500148
5.47949e-15
0.00500148
4.70649e-15
0.00500148
4.03059e-15
0.00500148
3.42619e-15
0.00500148
2.9261e-15
0.00500148
2.53558e-15
0.00500148
2.13243e-15
0.00500148
1.78854e-15
0.00500148
1.36328e-15
0.00500148
9.05421e-16
0.00500148
4.501e-16
0.00500148
-6.3875e-17
0.00500148
-6.30618e-16
0.00500148
-1.24438e-15
0.00500148
-2.00947e-15
0.00500148
-2.85963e-15
0.00500148
-3.67063e-15
0.00500148
-4.52475e-15
0.00500148
-5.39406e-15
0.00500148
-6.26213e-15
0.00500148
-7.18517e-15
0.00500148
-7.99947e-15
0.00500148
-8.6404e-15
0.00500148
-9.1978e-15
0.00500148
-9.71093e-15
0.00500148
-1.00491e-14
0.00500148
-1.02254e-14
0.00500148
-1.03248e-14
0.00500148
-1.01192e-14
0.00500148
-9.9247e-15
0.00500148
-9.66936e-15
0.00500148
-9.24255e-15
0.00500148
-8.78065e-15
0.00500148
-8.16284e-15
0.00500148
-7.64871e-15
0.00500148
-7.15323e-15
0.00500148
-6.56408e-15
0.00500148
-5.92167e-15
0.00500148
-5.32831e-15
0.00500148
-4.71781e-15
0.00500148
-4.17186e-15
0.00500148
-3.41736e-15
0.00500148
-2.88535e-15
0.00500148
-2.11124e-15
0.00500148
-1.36318e-15
-4.63665e-16
0.00500006
1.85978e-07
0.00500021
5.75936e-07
0.00500043
9.02946e-07
0.00500068
1.15071e-06
0.00500092
1.33431e-06
0.00500113
1.49395e-06
0.00500136
1.66545e-06
0.0050016
1.80594e-06
0.0050018
1.83595e-06
0.00500194
1.73668e-06
0.00500201
1.55294e-06
0.00500204
1.3376e-06
0.00500202
1.12436e-06
0.00500199
9.3078e-07
0.00500194
7.6456e-07
0.00500189
6.26637e-07
0.00500184
5.14137e-07
0.00500179
4.22973e-07
0.00500175
3.49186e-07
0.00500171
2.89357e-07
0.00500168
2.4067e-07
0.00500165
2.00874e-07
0.00500162
1.6819e-07
0.0050016
1.41224e-07
0.00500158
1.18879e-07
0.00500157
1.0029e-07
0.00500156
8.47686e-08
0.00500154
7.17683e-08
0.00500153
6.08488e-08
0.00500153
5.16545e-08
0.00500152
4.38961e-08
0.00500151
3.73372e-08
0.00500151
3.17833e-08
0.0050015
2.7074e-08
0.0050015
2.30758e-08
0.0050015
1.9678e-08
0.00500149
1.67877e-08
0.00500149
1.43273e-08
0.00500149
1.22313e-08
0.00500149
1.04448e-08
0.00500148
8.92142e-09
0.00500148
7.62173e-09
0.00500148
6.51252e-09
0.00500148
5.56558e-09
0.00500148
4.75694e-09
0.00500148
4.06624e-09
0.00500148
3.47616e-09
0.00500148
2.97196e-09
0.00500148
2.54107e-09
0.00500148
2.17279e-09
0.00500148
1.85798e-09
0.00500148
1.58885e-09
0.00500148
1.35876e-09
0.00500148
1.16203e-09
0.00500148
9.9381e-10
0.00500148
8.49965e-10
0.00500148
7.26956e-10
0.00500148
6.2176e-10
0.00500148
5.31794e-10
0.00500148
4.54853e-10
0.00500148
3.89048e-10
0.00500148
3.32768e-10
0.00500148
2.84631e-10
0.00500148
2.43459e-10
0.00500148
2.08244e-10
0.00500148
1.78124e-10
0.00500148
1.52361e-10
0.00500148
1.30325e-10
0.00500148
1.11477e-10
0.00500148
9.53549e-11
0.00500148
8.15647e-11
0.00500148
6.97692e-11
0.00500148
5.96798e-11
0.00500148
5.10496e-11
0.00500148
4.36674e-11
0.00500148
3.73528e-11
0.00500148
3.19515e-11
0.00500148
2.73314e-11
0.00500148
2.33795e-11
0.00500148
1.9999e-11
0.00500148
1.71071e-11
0.00500148
1.4633e-11
0.00500148
1.25164e-11
0.00500148
1.0706e-11
0.00500148
9.15745e-12
0.00500148
7.83309e-12
0.00500148
6.7004e-12
0.00500148
5.73154e-12
0.00500148
4.90274e-12
0.00500148
4.19362e-12
0.00500148
3.58692e-12
0.00500148
3.06781e-12
0.00500148
2.62378e-12
0.00500148
2.24402e-12
0.00500148
1.91916e-12
0.00500148
1.64119e-12
0.00500148
1.40329e-12
0.00500148
1.19972e-12
0.00500148
1.02575e-12
0.00500148
8.77271e-13
0.00500148
7.50752e-13
0.00500148
6.4295e-13
0.00500148
5.51069e-13
0.00500148
4.72548e-13
0.00500148
4.05167e-13
0.00500148
3.47202e-13
0.00500148
2.97363e-13
0.00500148
2.54715e-13
0.00500148
2.18494e-13
0.00500148
1.87952e-13
0.00500148
1.62248e-13
0.00500148
1.40633e-13
0.00500148
1.22284e-13
0.00500148
1.06572e-13
0.00500148
9.28398e-14
0.00500148
8.0796e-14
0.00500148
7.01433e-14
0.00500148
6.07127e-14
0.00500148
5.2523e-14
0.00500148
4.53036e-14
0.00500148
3.90947e-14
0.00500148
3.36477e-14
0.00500148
2.88534e-14
0.00500148
2.46218e-14
0.00500148
2.08494e-14
0.00500148
1.74958e-14
0.00500148
1.45677e-14
0.00500148
1.20645e-14
0.00500148
1.00641e-14
0.00500148
8.52558e-15
0.00500148
7.36556e-15
0.00500148
6.73038e-15
0.00500148
6.45049e-15
0.00500148
6.5994e-15
0.00500148
7.09129e-15
0.00500148
7.80226e-15
0.00500148
8.73683e-15
0.00500148
9.7638e-15
0.00500148
1.08065e-14
0.00500148
1.18116e-14
0.00500148
1.28324e-14
0.00500148
1.36696e-14
0.00500148
1.43026e-14
0.00500148
1.47142e-14
0.00500148
1.48394e-14
0.00500148
1.47537e-14
0.00500148
1.43999e-14
0.00500148
1.38294e-14
0.00500148
1.3042e-14
0.00500148
1.20405e-14
0.00500148
1.09293e-14
0.00500148
9.75575e-15
0.00500148
8.63017e-15
0.00500148
7.59996e-15
0.00500148
6.59233e-15
0.00500148
5.68463e-15
0.00500148
4.87268e-15
0.00500148
4.15807e-15
0.00500148
3.59016e-15
0.00500148
3.0597e-15
0.00500148
2.57846e-15
0.00500148
2.08225e-15
0.00500148
1.55049e-15
0.00500148
9.83249e-16
0.00500148
4.32895e-16
0.00500148
-1.70848e-16
0.00500148
-9.31757e-16
0.00500148
-1.7251e-15
0.00500148
-2.65959e-15
0.00500148
-3.60414e-15
0.00500148
-4.56399e-15
0.00500148
-5.64124e-15
0.00500148
-6.73818e-15
0.00500148
-7.79474e-15
0.00500148
-8.81832e-15
0.00500148
-9.76487e-15
0.00500148
-1.0571e-14
0.00500148
-1.12596e-14
0.00500148
-1.1905e-14
0.00500148
-1.23364e-14
0.00500148
-1.2441e-14
0.00500148
-1.25099e-14
0.00500148
-1.24003e-14
0.00500148
-1.22388e-14
0.00500148
-1.18911e-14
0.00500148
-1.13382e-14
0.00500148
-1.08786e-14
0.00500148
-1.01904e-14
0.00500148
-9.59944e-15
0.00500148
-8.88951e-15
0.00500148
-8.1042e-15
0.00500148
-7.44361e-15
0.00500148
-6.62003e-15
0.00500148
-6.03684e-15
0.00500148
-5.23376e-15
0.00500148
-4.09546e-15
0.00500148
-3.5125e-15
0.00500148
-2.54257e-15
0.00500148
-1.64894e-15
-5.53585e-16
0.00500004
1.48376e-07
0.00500015
4.63841e-07
0.00500031
7.37655e-07
0.00500051
9.51897e-07
0.00500071
1.13421e-06
0.0050009
1.3069e-06
0.00500109
1.47543e-06
0.00500129
1.60751e-06
0.00500147
1.6517e-06
0.00500162
1.59057e-06
0.00500172
1.45214e-06
0.00500178
1.27779e-06
0.00500181
1.09767e-06
0.00500181
9.28536e-07
0.0050018
7.78422e-07
0.00500177
6.49792e-07
0.00500174
5.41727e-07
0.00500172
4.51817e-07
0.00500169
3.77333e-07
0.00500166
3.15708e-07
0.00500164
2.6469e-07
0.00500162
2.22382e-07
0.0050016
1.87214e-07
0.00500158
1.57906e-07
0.00500157
1.33417e-07
0.00500155
1.12902e-07
0.00500154
9.56746e-08
0.00500153
8.11758e-08
0.00500152
6.89489e-08
0.00500152
5.86191e-08
0.00500151
4.98781e-08
0.00500151
4.2471e-08
0.0050015
3.61864e-08
0.0050015
3.08484e-08
0.0050015
2.63102e-08
0.00500149
2.24486e-08
0.00500149
1.91605e-08
0.00500149
1.63589e-08
0.00500149
1.39706e-08
0.00500148
1.19337e-08
0.00500148
1.01957e-08
0.00500148
8.71224e-09
0.00500148
7.44572e-09
0.00500148
6.36411e-09
0.00500148
5.44019e-09
0.00500148
4.65083e-09
0.00500148
3.97633e-09
0.00500148
3.39987e-09
0.00500148
2.90716e-09
0.00500148
2.48598e-09
0.00500148
2.12591e-09
0.00500148
1.81806e-09
0.00500148
1.55484e-09
0.00500148
1.32976e-09
0.00500148
1.1373e-09
0.00500148
9.72711e-10
0.00500148
8.31956e-10
0.00500148
7.11579e-10
0.00500148
6.08627e-10
0.00500148
5.20577e-10
0.00500148
4.4527e-10
0.00500148
3.8086e-10
0.00500148
3.25769e-10
0.00500148
2.78649e-10
0.00500148
2.38346e-10
0.00500148
2.03873e-10
0.00500148
1.74387e-10
0.00500148
1.49166e-10
0.00500148
1.27593e-10
0.00500148
1.09141e-10
0.00500148
9.33571e-11
0.00500148
7.98567e-11
0.00500148
6.83089e-11
0.00500148
5.84311e-11
0.00500148
4.99817e-11
0.00500148
4.27542e-11
0.00500148
3.65719e-11
0.00500148
3.12838e-11
0.00500148
2.67604e-11
0.00500148
2.28908e-11
0.00500148
1.95806e-11
0.00500148
1.67488e-11
0.00500148
1.43265e-11
0.00500148
1.22545e-11
0.00500148
1.04822e-11
0.00500148
8.96638e-12
0.00500148
7.66977e-12
0.00500148
6.56056e-12
0.00500148
5.61159e-12
0.00500148
4.79966e-12
0.00500148
4.10507e-12
0.00500148
3.51096e-12
0.00500148
3.00289e-12
0.00500148
2.56841e-12
0.00500148
2.19669e-12
0.00500148
1.87867e-12
0.00500148
1.60646e-12
0.00500148
1.37357e-12
0.00500148
1.17449e-12
0.00500148
1.00457e-12
0.00500148
8.59773e-13
0.00500148
7.36321e-13
0.00500148
6.30998e-13
0.00500148
5.40853e-13
0.00500148
4.63459e-13
0.00500148
3.97048e-13
0.00500148
3.40074e-13
0.00500148
2.91476e-13
0.00500148
2.50297e-13
0.00500148
2.15545e-13
0.00500148
1.86293e-13
0.00500148
1.61536e-13
0.00500148
1.4043e-13
0.00500148
1.22221e-13
0.00500148
1.06301e-13
0.00500148
9.2367e-14
0.00500148
8.00531e-14
0.00500148
6.92748e-14
0.00500148
5.99299e-14
0.00500148
5.1743e-14
0.00500148
4.46626e-14
0.00500148
3.8393e-14
0.00500148
3.28527e-14
0.00500148
2.79174e-14
0.00500148
2.3513e-14
0.00500148
1.96007e-14
0.00500148
1.61982e-14
0.00500148
1.33345e-14
0.00500148
1.10971e-14
0.00500148
9.4059e-15
0.00500148
8.20596e-15
0.00500148
7.60552e-15
0.00500148
7.39947e-15
0.00500148
7.69054e-15
0.00500148
8.29764e-15
0.00500148
9.1494e-15
0.00500148
1.02093e-14
0.00500148
1.13224e-14
0.00500148
1.25092e-14
0.00500148
1.36882e-14
0.00500148
1.48152e-14
0.00500148
1.57538e-14
0.00500148
1.64367e-14
0.00500148
1.6894e-14
0.00500148
1.70473e-14
0.00500148
1.68976e-14
0.00500148
1.64836e-14
0.00500148
1.57897e-14
0.00500148
1.48286e-14
0.00500148
1.36781e-14
0.00500148
1.2423e-14
0.00500148
1.11315e-14
0.00500148
9.85365e-15
0.00500148
8.69789e-15
0.00500148
7.53085e-15
0.00500148
6.49937e-15
0.00500148
5.5917e-15
0.00500148
4.8073e-15
0.00500148
4.17412e-15
0.00500148
3.50073e-15
0.00500148
2.96229e-15
0.00500148
2.31225e-15
0.00500148
1.68451e-15
0.00500148
1.08893e-15
0.00500148
4.15605e-16
0.00500148
-3.33874e-16
0.00500148
-1.23743e-15
0.00500148
-2.18725e-15
0.00500148
-3.20584e-15
0.00500148
-4.26186e-15
0.00500148
-5.38672e-15
0.00500148
-6.65619e-15
0.00500148
-7.91481e-15
0.00500148
-9.12024e-15
0.00500148
-1.02469e-14
0.00500148
-1.12655e-14
0.00500148
-1.23073e-14
0.00500148
-1.30847e-14
0.00500148
-1.36825e-14
0.00500148
-1.41316e-14
0.00500148
-1.43321e-14
0.00500148
-1.4434e-14
0.00500148
-1.43655e-14
0.00500148
-1.4172e-14
0.00500148
-1.37545e-14
0.00500148
-1.30897e-14
0.00500148
-1.26398e-14
0.00500148
-1.19965e-14
0.00500148
-1.12501e-14
0.00500148
-1.04292e-14
0.00500148
-9.53566e-15
0.00500148
-8.76493e-15
0.00500148
-7.83836e-15
0.00500148
-6.95707e-15
0.00500148
-6.10623e-15
0.00500148
-4.92285e-15
0.00500148
-4.06866e-15
0.00500148
-2.89425e-15
0.00500148
-1.81697e-15
-5.91475e-16
0.00500003
1.21398e-07
0.00500011
3.82528e-07
0.00500023
6.15072e-07
0.00500038
8.0115e-07
0.00500055
9.69848e-07
0.00500071
1.13873e-06
0.00500089
1.30152e-06
0.00500107
1.42651e-06
0.00500124
1.4777e-06
0.00500139
1.44235e-06
0.0050015
1.33904e-06
0.00500158
1.19923e-06
0.00500163
1.04867e-06
0.00500166
9.02831e-07
0.00500167
7.69664e-07
0.00500166
6.52393e-07
0.00500165
5.51341e-07
0.00500164
4.65332e-07
0.00500163
3.92626e-07
0.00500161
3.31396e-07
0.00500159
2.79919e-07
0.00500158
2.36661e-07
0.00500157
2.00295e-07
0.00500156
1.69697e-07
0.00500154
1.4392e-07
0.00500154
1.22177e-07
0.00500153
1.03812e-07
0.00500152
8.82794e-08
0.00500151
7.5126e-08
0.00500151
6.39743e-08
0.0050015
5.45095e-08
0.0050015
4.64688e-08
0.0050015
3.9632e-08
0.00500149
3.38143e-08
0.00500149
2.88605e-08
0.00500149
2.46398e-08
0.00500149
2.10418e-08
0.00500149
1.79732e-08
0.00500148
1.53552e-08
0.00500148
1.31207e-08
0.00500148
1.1213e-08
0.00500148
9.58386e-09
0.00500148
8.19234e-09
0.00500148
7.00351e-09
0.00500148
5.98769e-09
0.00500148
5.11957e-09
0.00500148
4.37758e-09
0.00500148
3.74332e-09
0.00500148
3.2011e-09
0.00500148
2.73753e-09
0.00500148
2.34117e-09
0.00500148
2.00226e-09
0.00500148
1.71245e-09
0.00500148
1.46462e-09
0.00500148
1.25268e-09
0.00500148
1.07142e-09
0.00500148
9.16405e-10
0.00500148
7.83826e-10
0.00500148
6.70434e-10
0.00500148
5.73452e-10
0.00500148
4.90503e-10
0.00500148
4.19555e-10
0.00500148
3.58871e-10
0.00500148
3.06965e-10
0.00500148
2.62568e-10
0.00500148
2.24593e-10
0.00500148
1.92112e-10
0.00500148
1.64328e-10
0.00500148
1.40563e-10
0.00500148
1.20235e-10
0.00500148
1.02848e-10
0.00500148
8.79755e-11
0.00500148
7.52539e-11
0.00500148
6.4372e-11
0.00500148
5.50636e-11
0.00500148
4.71015e-11
0.00500148
4.02907e-11
0.00500148
3.44648e-11
0.00500148
2.94813e-11
0.00500148
2.52183e-11
0.00500148
2.15715e-11
0.00500148
1.8452e-11
0.00500148
1.57835e-11
0.00500148
1.35011e-11
0.00500148
1.15487e-11
0.00500148
9.87867e-12
0.00500148
8.45e-12
0.00500148
7.22767e-12
0.00500148
6.1819e-12
0.00500148
5.28721e-12
0.00500148
4.52195e-12
0.00500148
3.86754e-12
0.00500148
3.30798e-12
0.00500148
2.82952e-12
0.00500148
2.42023e-12
0.00500148
2.06995e-12
0.00500148
1.77007e-12
0.00500148
1.51357e-12
0.00500148
1.29435e-12
0.00500148
1.10724e-12
0.00500148
9.47665e-13
0.00500148
8.11519e-13
0.00500148
6.95211e-13
0.00500148
5.95671e-13
0.00500148
5.10255e-13
0.00500148
4.37049e-13
0.00500148
3.74421e-13
0.00500148
3.21147e-13
0.00500148
2.7611e-13
0.00500148
2.38041e-13
0.00500148
2.05865e-13
0.00500148
1.78514e-13
0.00500148
1.55088e-13
0.00500148
1.34786e-13
0.00500148
1.17035e-13
0.00500148
1.01545e-13
0.00500148
8.7935e-14
0.00500148
7.61235e-14
0.00500148
6.58698e-14
0.00500148
5.69521e-14
0.00500148
4.91364e-14
0.00500148
4.22045e-14
0.00500148
3.6025e-14
0.00500148
3.04546e-14
0.00500148
2.54955e-14
0.00500148
2.11215e-14
0.00500148
1.73462e-14
0.00500148
1.42291e-14
0.00500148
1.18041e-14
0.00500148
1.00316e-14
0.00500148
8.87959e-15
0.00500148
8.31203e-15
0.00500148
8.25483e-15
0.00500148
8.64703e-15
0.00500148
9.35837e-15
0.00500148
1.02922e-14
0.00500148
1.14221e-14
0.00500148
1.26404e-14
0.00500148
1.39359e-14
0.00500148
1.52057e-14
0.00500148
1.64029e-14
0.00500148
1.74017e-14
0.00500148
1.81209e-14
0.00500148
1.85973e-14
0.00500148
1.8767e-14
0.00500148
1.85912e-14
0.00500148
1.81073e-14
0.00500148
1.72773e-14
0.00500148
1.62012e-14
0.00500148
1.49491e-14
0.00500148
1.35961e-14
0.00500148
1.22143e-14
0.00500148
1.0822e-14
0.00500148
9.52387e-15
0.00500148
8.24998e-15
0.00500148
7.14143e-15
0.00500148
6.19594e-15
0.00500148
5.34346e-15
0.00500148
4.61265e-15
0.00500148
3.88069e-15
0.00500148
3.20877e-15
0.00500148
2.53333e-15
0.00500148
1.82407e-15
0.00500148
1.14582e-15
0.00500148
3.79622e-16
0.00500148
-5.405e-16
0.00500148
-1.5156e-15
0.00500148
-2.53341e-15
0.00500148
-3.64244e-15
0.00500148
-4.84108e-15
0.00500148
-6.14851e-15
0.00500148
-7.53793e-15
0.00500148
-8.88345e-15
0.00500148
-1.01643e-14
0.00500148
-1.14135e-14
0.00500148
-1.25301e-14
0.00500148
-1.36541e-14
0.00500148
-1.45361e-14
0.00500148
-1.50675e-14
0.00500148
-1.55487e-14
0.00500148
-1.59455e-14
0.00500148
-1.60105e-14
0.00500148
-1.58287e-14
0.00500148
-1.56012e-14
0.00500148
-1.53079e-14
0.00500148
-1.46745e-14
0.00500148
-1.40608e-14
0.00500148
-1.3316e-14
0.00500148
-1.25348e-14
0.00500148
-1.17402e-14
0.00500148
-1.0708e-14
0.00500148
-9.82947e-15
0.00500148
-8.7351e-15
0.00500148
-7.75737e-15
0.00500148
-6.91993e-15
0.00500148
-5.50455e-15
0.00500148
-4.54602e-15
0.00500148
-3.21149e-15
0.00500148
-2.02647e-15
-7.09468e-16
0.00500002
1.01512e-07
0.00500008
3.20971e-07
0.00500018
5.19977e-07
0.0050003
6.80233e-07
0.00500044
8.30956e-07
0.00500059
9.89706e-07
0.00500074
1.14447e-06
0.00500091
1.26331e-06
0.00500107
1.31789e-06
0.00500121
1.29954e-06
0.00500133
1.22212e-06
0.00500141
1.11e-06
0.00500148
9.8466e-07
0.00500152
8.59935e-07
0.00500155
7.43315e-07
0.00500156
6.38253e-07
0.00500157
5.45756e-07
0.00500157
4.65463e-07
0.00500156
3.96371e-07
0.00500156
3.37253e-07
0.00500155
2.8685e-07
0.00500154
2.43973e-07
0.00500154
2.07542e-07
0.00500153
1.76606e-07
0.00500152
1.50339e-07
0.00500152
1.28033e-07
0.00500151
1.09082e-07
0.00500151
9.29753e-08
0.0050015
7.92779e-08
0.0050015
6.76232e-08
0.0050015
5.77011e-08
0.00500149
4.92497e-08
0.00500149
4.20476e-08
0.00500149
3.59074e-08
0.00500149
3.06704e-08
0.00500149
2.62022e-08
0.00500148
2.23886e-08
0.00500148
1.91328e-08
0.00500148
1.63526e-08
0.00500148
1.39779e-08
0.00500148
1.19492e-08
0.00500148
1.02158e-08
0.00500148
8.73445e-09
0.00500148
7.4684e-09
0.00500148
6.38621e-09
0.00500148
5.46108e-09
0.00500148
4.67017e-09
0.00500148
3.99394e-09
0.00500148
3.41573e-09
0.00500148
2.9213e-09
0.00500148
2.4985e-09
0.00500148
2.13693e-09
0.00500148
1.82772e-09
0.00500148
1.56328e-09
0.00500148
1.33711e-09
0.00500148
1.14367e-09
0.00500148
9.78229e-10
0.00500148
8.36726e-10
0.00500148
7.15696e-10
0.00500148
6.12178e-10
0.00500148
5.23635e-10
0.00500148
4.479e-10
0.00500148
3.8312e-10
0.00500148
3.2771e-10
0.00500148
2.80315e-10
0.00500148
2.39776e-10
0.00500148
2.05099e-10
0.00500148
1.75438e-10
0.00500148
1.50067e-10
0.00500148
1.28366e-10
0.00500148
1.09803e-10
0.00500148
9.39254e-11
0.00500148
8.03436e-11
0.00500148
6.87258e-11
0.00500148
5.87881e-11
0.00500148
5.02874e-11
0.00500148
4.3016e-11
0.00500148
3.6796e-11
0.00500148
3.14754e-11
0.00500148
2.69241e-11
0.00500148
2.30308e-11
0.00500148
1.97004e-11
0.00500148
1.68517e-11
0.00500148
1.44149e-11
0.00500148
1.23305e-11
0.00500148
1.05473e-11
0.00500148
9.02173e-12
0.00500148
7.71645e-12
0.00500148
6.59967e-12
0.00500148
5.6444e-12
0.00500148
4.82744e-12
0.00500148
4.12892e-12
0.00500148
3.53172e-12
0.00500148
3.02096e-12
0.00500148
2.58408e-12
0.00500148
2.21012e-12
0.00500148
1.89007e-12
0.00500148
1.61632e-12
0.00500148
1.38232e-12
0.00500148
1.18262e-12
0.00500148
1.01219e-12
0.00500148
8.66656e-13
0.00500148
7.42247e-13
0.00500148
6.35668e-13
0.00500148
5.44392e-13
0.00500148
4.66281e-13
0.00500148
3.99684e-13
0.00500148
3.4313e-13
0.00500148
2.9526e-13
0.00500148
2.54793e-13
0.00500148
2.20461e-13
0.00500148
1.91102e-13
0.00500148
1.65863e-13
0.00500148
1.43906e-13
0.00500148
1.24784e-13
0.00500148
1.08152e-13
0.00500148
9.36256e-14
0.00500148
8.11093e-14
0.00500148
7.02414e-14
0.00500148
6.07821e-14
0.00500148
5.24127e-14
0.00500148
4.49597e-14
0.00500148
3.82455e-14
0.00500148
3.21927e-14
0.00500148
2.67735e-14
0.00500148
2.20663e-14
0.00500148
1.80266e-14
0.00500148
1.47455e-14
0.00500148
1.22396e-14
0.00500148
1.04287e-14
0.00500148
9.39701e-15
0.00500148
8.87566e-15
0.00500148
8.94058e-15
0.00500148
9.38701e-15
0.00500148
1.01689e-14
0.00500148
1.1186e-14
0.00500148
1.2327e-14
0.00500148
1.36435e-14
0.00500148
1.4988e-14
0.00500148
1.63259e-14
0.00500148
1.75495e-14
0.00500148
1.85537e-14
0.00500148
1.93268e-14
0.00500148
1.97973e-14
0.00500148
1.99485e-14
0.00500148
1.97578e-14
0.00500148
1.9186e-14
0.00500148
1.82959e-14
0.00500148
1.71199e-14
0.00500148
1.58155e-14
0.00500148
1.44406e-14
0.00500148
1.29346e-14
0.00500148
1.14929e-14
0.00500148
1.00658e-14
0.00500148
8.7896e-15
0.00500148
7.6794e-15
0.00500148
6.63045e-15
0.00500148
5.78228e-15
0.00500148
4.88529e-15
0.00500148
4.11689e-15
0.00500148
3.38333e-15
0.00500148
2.66789e-15
0.00500148
1.94876e-15
0.00500148
1.11428e-15
0.00500148
2.69369e-16
0.00500148
-7.2749e-16
0.00500148
-1.74359e-15
0.00500148
-2.81806e-15
0.00500148
-4.05819e-15
0.00500148
-5.38976e-15
0.00500148
-6.78097e-15
0.00500148
-8.19693e-15
0.00500148
-9.57984e-15
0.00500148
-1.09993e-14
0.00500148
-1.23493e-14
0.00500148
-1.34798e-14
0.00500148
-1.45611e-14
0.00500148
-1.55319e-14
0.00500148
-1.61474e-14
0.00500148
-1.66011e-14
0.00500148
-1.70272e-14
0.00500148
-1.70976e-14
0.00500148
-1.69344e-14
0.00500148
-1.66901e-14
0.00500148
-1.63431e-14
0.00500148
-1.58273e-14
0.00500148
-1.51026e-14
0.00500148
-1.43181e-14
0.00500148
-1.34469e-14
0.00500148
-1.26452e-14
0.00500148
-1.17017e-14
0.00500148
-1.06653e-14
0.00500148
-9.50759e-15
0.00500148
-8.41492e-15
0.00500148
-7.4338e-15
0.00500148
-5.96233e-15
0.00500148
-4.95927e-15
0.00500148
-3.58002e-15
0.00500148
-2.21041e-15
-7.35804e-16
0.00500002
8.59182e-08
0.00500006
2.71922e-07
0.00500014
4.42649e-07
0.00500024
5.81192e-07
0.00500036
7.13925e-07
0.00500049
8.59336e-07
0.00500063
1.0031e-06
0.00500078
1.11477e-06
0.00500093
1.17009e-06
0.00500106
1.16304e-06
0.00500118
1.10492e-06
0.00500127
1.01505e-06
0.00500135
9.11151e-07
0.0050014
8.05239e-07
0.00500144
7.04148e-07
0.00500147
6.11289e-07
0.00500149
5.2801e-07
0.0050015
4.54468e-07
0.0050015
3.90187e-07
0.00500151
3.34404e-07
0.00500151
2.86241e-07
0.00500151
2.44808e-07
0.0050015
2.09258e-07
0.0050015
1.7881e-07
0.0050015
1.52763e-07
0.0050015
1.30501e-07
0.0050015
1.11481e-07
0.00500149
9.52379e-08
0.00500149
8.13669e-08
0.00500149
6.95223e-08
0.00500149
5.94075e-08
0.00500149
5.07693e-08
0.00500148
4.33912e-08
0.00500148
3.70888e-08
0.00500148
3.17044e-08
0.00500148
2.71038e-08
0.00500148
2.31724e-08
0.00500148
1.98125e-08
0.00500148
1.69408e-08
0.00500148
1.4486e-08
0.00500148
1.23875e-08
0.00500148
1.05934e-08
0.00500148
9.05943e-09
0.00500148
7.74783e-09
0.00500148
6.6263e-09
0.00500148
5.66724e-09
0.00500148
4.84709e-09
0.00500148
4.1457e-09
0.00500148
3.54586e-09
0.00500148
3.03284e-09
0.00500148
2.59408e-09
0.00500148
2.21882e-09
0.00500148
1.89786e-09
0.00500148
1.62334e-09
0.00500148
1.38853e-09
0.00500148
1.1877e-09
0.00500148
1.01591e-09
0.00500148
8.68981e-10
0.00500148
7.43302e-10
0.00500148
6.35802e-10
0.00500148
5.4385e-10
0.00500148
4.65198e-10
0.00500148
3.97921e-10
0.00500148
3.40374e-10
0.00500148
2.91151e-10
0.00500148
2.49046e-10
0.00500148
2.13031e-10
0.00500148
1.82224e-10
0.00500148
1.55872e-10
0.00500148
1.33332e-10
0.00500148
1.14052e-10
0.00500148
9.75597e-11
0.00500148
8.34525e-11
0.00500148
7.13853e-11
0.00500148
6.1063e-11
0.00500148
5.22335e-11
0.00500148
4.46807e-11
0.00500148
3.82201e-11
0.00500148
3.26936e-11
0.00500148
2.79662e-11
0.00500148
2.39223e-11
0.00500148
2.04633e-11
0.00500148
1.75045e-11
0.00500148
1.49734e-11
0.00500148
1.28082e-11
0.00500148
1.09558e-11
0.00500148
9.37091e-12
0.00500148
8.01492e-12
0.00500148
6.85485e-12
0.00500148
5.86262e-12
0.00500148
5.01416e-12
0.00500148
4.28871e-12
0.00500148
3.66849e-12
0.00500148
3.13801e-12
0.00500148
2.6842e-12
0.00500148
2.29578e-12
0.00500148
1.96341e-12
0.00500148
1.67919e-12
0.00500148
1.43629e-12
0.00500148
1.22889e-12
0.00500148
1.05174e-12
0.00500148
9.00332e-13
0.00500148
7.70875e-13
0.00500148
6.59972e-13
0.00500148
5.65139e-13
0.00500148
4.84143e-13
0.00500148
4.15186e-13
0.00500148
3.56784e-13
0.00500148
3.07308e-13
0.00500148
2.65351e-13
0.00500148
2.29595e-13
0.00500148
1.98893e-13
0.00500148
1.72407e-13
0.00500148
1.49367e-13
0.00500148
1.29374e-13
0.00500148
1.12029e-13
0.00500148
9.70418e-14
0.00500148
8.41331e-14
0.00500148
7.28914e-14
0.00500148
6.31138e-14
0.00500148
5.43906e-14
0.00500148
4.65497e-14
0.00500148
3.94513e-14
0.00500148
3.30423e-14
0.00500148
2.73424e-14
0.00500148
2.24019e-14
0.00500148
1.82331e-14
0.00500148
1.48971e-14
0.00500148
1.23954e-14
0.00500148
1.06427e-14
0.00500148
9.68506e-15
0.00500148
9.27736e-15
0.00500148
9.39217e-15
0.00500148
9.91897e-15
0.00500148
1.07053e-14
0.00500148
1.17436e-14
0.00500148
1.29472e-14
0.00500148
1.43015e-14
0.00500148
1.56558e-14
0.00500148
1.69667e-14
0.00500148
1.81943e-14
0.00500148
1.92141e-14
0.00500148
1.99905e-14
0.00500148
2.04587e-14
0.00500148
2.05709e-14
0.00500148
2.03387e-14
0.00500148
1.97411e-14
0.00500148
1.88056e-14
0.00500148
1.76151e-14
0.00500148
1.62823e-14
0.00500148
1.48571e-14
0.00500148
1.33077e-14
0.00500148
1.18399e-14
0.00500148
1.03835e-14
0.00500148
9.09457e-15
0.00500148
7.99302e-15
0.00500148
6.88096e-15
0.00500148
5.99094e-15
0.00500148
5.05875e-15
0.00500148
4.26113e-15
0.00500148
3.53525e-15
0.00500148
2.75775e-15
0.00500148
1.96214e-15
0.00500148
1.08632e-15
0.00500148
1.67428e-16
0.00500148
-8.33684e-16
0.00500148
-1.89259e-15
0.00500148
-3.07406e-15
0.00500148
-4.41459e-15
0.00500148
-5.76199e-15
0.00500148
-7.17631e-15
0.00500148
-8.67878e-15
0.00500148
-1.00846e-14
0.00500148
-1.1548e-14
0.00500148
-1.29439e-14
0.00500148
-1.40736e-14
0.00500148
-1.50966e-14
0.00500148
-1.61122e-14
0.00500148
-1.68454e-14
0.00500148
-1.72304e-14
0.00500148
-1.75491e-14
0.00500148
-1.76927e-14
0.00500148
-1.75906e-14
0.00500148
-1.73473e-14
0.00500148
-1.68867e-14
0.00500148
-1.64406e-14
0.00500148
-1.57509e-14
0.00500148
-1.50419e-14
0.00500148
-1.41698e-14
0.00500148
-1.31881e-14
0.00500148
-1.22579e-14
0.00500148
-1.11696e-14
0.00500148
-1.00934e-14
0.00500148
-8.87723e-15
0.00500148
-7.77265e-15
0.00500148
-6.36416e-15
0.00500148
-5.18053e-15
0.00500148
-3.69234e-15
0.00500148
-2.38164e-15
-8.14406e-16
0.00500001
7.31212e-08
0.00500005
2.31471e-07
0.00500012
3.78025e-07
0.0050002
4.98101e-07
0.0050003
6.14137e-07
0.00500042
7.44382e-07
0.00500054
8.75326e-07
0.00500068
9.78663e-07
0.00500082
1.03292e-06
0.00500095
1.03346e-06
0.00500106
9.89857e-07
0.00500116
9.17812e-07
0.00500124
8.31949e-07
0.0050013
7.42537e-07
0.00500135
6.55653e-07
0.00500139
5.74506e-07
0.00500141
5.00568e-07
0.00500143
4.34296e-07
0.00500145
3.75572e-07
0.00500146
3.2397e-07
0.00500147
2.78911e-07
0.00500147
2.39755e-07
0.00500147
2.05855e-07
0.00500148
1.7659e-07
0.00500148
1.51381e-07
0.00500148
1.29703e-07
0.00500148
1.11084e-07
0.00500148
9.51093e-08
0.00500148
8.1413e-08
0.00500148
6.96769e-08
0.00500148
5.96248e-08
0.00500148
5.10178e-08
0.00500148
4.36499e-08
0.00500148
3.7344e-08
0.00500148
3.19478e-08
0.00500148
2.73304e-08
0.00500148
2.33798e-08
0.00500148
1.99999e-08
0.00500148
1.71084e-08
0.00500148
1.46348e-08
0.00500148
1.25188e-08
0.00500148
1.07086e-08
0.00500148
9.16017e-09
0.00500148
7.83559e-09
0.00500148
6.70254e-09
0.00500148
5.73332e-09
0.00500148
4.90425e-09
0.00500148
4.19506e-09
0.00500148
3.58842e-09
0.00500148
3.06951e-09
0.00500148
2.62563e-09
0.00500148
2.24595e-09
0.00500148
1.92116e-09
0.00500148
1.64335e-09
0.00500148
1.4057e-09
0.00500148
1.20243e-09
0.00500148
1.02854e-09
0.00500148
8.79806e-10
0.00500148
7.52578e-10
0.00500148
6.43748e-10
0.00500148
5.50656e-10
0.00500148
4.71025e-10
0.00500148
4.02911e-10
0.00500148
3.44646e-10
0.00500148
2.94808e-10
0.00500148
2.52176e-10
0.00500148
2.1571e-10
0.00500148
1.84517e-10
0.00500148
1.57835e-10
0.00500148
1.35011e-10
0.00500148
1.15489e-10
0.00500148
9.87889e-11
0.00500148
8.45041e-11
0.00500148
7.22849e-11
0.00500148
6.18326e-11
0.00500148
5.28918e-11
0.00500148
4.5244e-11
0.00500148
3.87019e-11
0.00500148
3.31059e-11
0.00500148
2.83191e-11
0.00500148
2.42244e-11
0.00500148
2.07219e-11
0.00500148
1.77257e-11
0.00500148
1.51627e-11
0.00500148
1.297e-11
0.00500148
1.1094e-11
0.00500148
9.48906e-12
0.00500148
8.11591e-12
0.00500148
6.94127e-12
0.00500148
5.93661e-12
0.00500148
5.07755e-12
0.00500148
4.34304e-12
0.00500148
3.71494e-12
0.00500148
3.17769e-12
0.00500148
2.71805e-12
0.00500148
2.32477e-12
0.00500148
1.98835e-12
0.00500148
1.70065e-12
0.00500148
1.4548e-12
0.00500148
1.24477e-12
0.00500148
1.0653e-12
0.00500148
9.11812e-13
0.00500148
7.80442e-13
0.00500148
6.68029e-13
0.00500148
5.71997e-13
0.00500148
4.90197e-13
0.00500148
4.20684e-13
0.00500148
3.61783e-13
0.00500148
3.11846e-13
0.00500148
2.69382e-13
0.00500148
2.33007e-13
0.00500148
2.01681e-13
0.00500148
1.74576e-13
0.00500148
1.51078e-13
0.00500148
1.30742e-13
0.00500148
1.13177e-13
0.00500148
9.81169e-14
0.00500148
8.50977e-14
0.00500148
7.37957e-14
0.00500148
6.38611e-14
0.00500148
5.49624e-14
0.00500148
4.69012e-14
0.00500148
3.96033e-14
0.00500148
3.29799e-14
0.00500148
2.71617e-14
0.00500148
2.21301e-14
0.00500148
1.79825e-14
0.00500148
1.46913e-14
0.00500148
1.22435e-14
0.00500148
1.06742e-14
0.00500148
9.77833e-15
0.00500148
9.47816e-15
0.00500148
9.63733e-15
0.00500148
1.01835e-14
0.00500148
1.09834e-14
0.00500148
1.20185e-14
0.00500148
1.32131e-14
0.00500148
1.4528e-14
0.00500148
1.58731e-14
0.00500148
1.71632e-14
0.00500148
1.83419e-14
0.00500148
1.93486e-14
0.00500148
2.00885e-14
0.00500148
2.05437e-14
0.00500148
2.06255e-14
0.00500148
2.03425e-14
0.00500148
1.97482e-14
0.00500148
1.88047e-14
0.00500148
1.76308e-14
0.00500148
1.63325e-14
0.00500148
1.48719e-14
0.00500148
1.33366e-14
0.00500148
1.18538e-14
0.00500148
1.04522e-14
0.00500148
9.18997e-15
0.00500148
8.03381e-15
0.00500148
6.98292e-15
0.00500148
6.00545e-15
0.00500148
5.14103e-15
0.00500148
4.31648e-15
0.00500148
3.57147e-15
0.00500148
2.77788e-15
0.00500148
1.89902e-15
0.00500148
1.05514e-15
0.00500148
8.04789e-17
0.00500148
-9.33969e-16
0.00500148
-2.03598e-15
0.00500148
-3.31061e-15
0.00500148
-4.64343e-15
0.00500148
-5.97738e-15
0.00500148
-7.39856e-15
0.00500148
-8.92333e-15
0.00500148
-1.03795e-14
0.00500148
-1.1727e-14
0.00500148
-1.31171e-14
0.00500148
-1.4336e-14
0.00500148
-1.52928e-14
0.00500148
-1.62462e-14
0.00500148
-1.6973e-14
0.00500148
-1.74189e-14
0.00500148
-1.76857e-14
0.00500148
-1.77789e-14
0.00500148
-1.77658e-14
0.00500148
-1.75376e-14
0.00500148
-1.71251e-14
0.00500148
-1.66216e-14
0.00500148
-1.5948e-14
0.00500148
-1.51885e-14
0.00500148
-1.44498e-14
0.00500148
-1.35466e-14
0.00500148
-1.24528e-14
0.00500148
-1.15422e-14
0.00500148
-1.03261e-14
0.00500148
-9.09206e-15
0.00500148
-8.01738e-15
0.00500148
-6.37574e-15
0.00500148
-5.33073e-15
0.00500148
-3.89507e-15
0.00500148
-2.48936e-15
-8.84583e-16
0.00500001
6.22785e-08
0.00500005
1.97192e-07
0.0050001
3.22742e-07
0.00500017
4.26507e-07
0.00500026
5.27451e-07
0.00500036
6.42145e-07
0.00500048
7.59417e-07
0.0050006
8.53446e-07
0.00500073
9.0515e-07
0.00500085
9.10605e-07
0.00500096
8.77963e-07
0.00500106
8.20235e-07
0.00500114
7.49523e-07
0.00500121
6.74499e-07
0.00500127
6.00452e-07
0.00500131
5.30299e-07
0.00500135
4.65503e-07
0.00500137
4.06673e-07
0.0050014
3.53917e-07
0.00500141
3.07046e-07
0.00500143
2.65706e-07
0.00500144
2.29456e-07
0.00500144
1.97817e-07
0.00500145
1.70306e-07
0.00500146
1.46456e-07
0.00500146
1.25831e-07
0.00500146
1.08029e-07
0.00500147
9.26881e-08
0.00500147
7.94858e-08
0.00500147
6.81357e-08
0.00500147
5.83863e-08
0.00500147
5.00177e-08
0.00500147
4.28384e-08
0.00500147
3.66825e-08
0.00500147
3.1406e-08
0.00500147
2.68849e-08
0.00500147
2.30119e-08
0.00500147
1.9695e-08
0.00500147
1.68548e-08
0.00500147
1.44232e-08
0.00500147
1.23416e-08
0.00500148
1.056e-08
0.00500148
9.03517e-09
0.00500148
7.73024e-09
0.00500148
6.61359e-09
0.00500148
5.65809e-09
0.00500148
4.84053e-09
0.00500148
4.14102e-09
0.00500148
3.54254e-09
0.00500148
3.03052e-09
0.00500148
2.59246e-09
0.00500148
2.21771e-09
0.00500148
1.89711e-09
0.00500148
1.62285e-09
0.00500148
1.38822e-09
0.00500148
1.18751e-09
0.00500148
1.01582e-09
0.00500148
8.68944e-10
0.00500148
7.43303e-10
0.00500148
6.35826e-10
0.00500148
5.43888e-10
0.00500148
4.65242e-10
0.00500148
3.97969e-10
0.00500148
3.40423e-10
0.00500148
2.91198e-10
0.00500148
2.49091e-10
0.00500148
2.13072e-10
0.00500148
1.82261e-10
0.00500148
1.55906e-10
0.00500148
1.33362e-10
0.00500148
1.14078e-10
0.00500148
9.75828e-11
0.00500148
8.34725e-11
0.00500148
7.14026e-11
0.00500148
6.10781e-11
0.00500148
5.22465e-11
0.00500148
4.4692e-11
0.00500148
3.82299e-11
0.00500148
3.27023e-11
0.00500148
2.7974e-11
0.00500148
2.39293e-11
0.00500148
2.04696e-11
0.00500148
1.75099e-11
0.00500148
1.49779e-11
0.00500148
1.28119e-11
0.00500148
1.09588e-11
0.00500148
9.37336e-12
0.00500148
8.01704e-12
0.00500148
6.85686e-12
0.00500148
5.86464e-12
0.00500148
5.01605e-12
0.00500148
4.29043e-12
0.00500148
3.66982e-12
0.00500148
3.13899e-12
0.00500148
2.68488e-12
0.00500148
2.29639e-12
0.00500148
1.96422e-12
0.00500148
1.68019e-12
0.00500148
1.43746e-12
0.00500148
1.23002e-12
0.00500148
1.05255e-12
0.00500148
9.00745e-13
0.00500148
7.70779e-13
0.00500148
6.59706e-13
0.00500148
5.64936e-13
0.00500148
4.84311e-13
0.00500148
4.15949e-13
0.00500148
3.57995e-13
0.00500148
3.08727e-13
0.00500148
2.66683e-13
0.00500148
2.30535e-13
0.00500148
1.99363e-13
0.00500148
1.72331e-13
0.00500148
1.48943e-13
0.00500148
1.28827e-13
0.00500148
1.11529e-13
0.00500148
9.67652e-14
0.00500148
8.40083e-14
0.00500148
7.28929e-14
0.00500148
6.30047e-14
0.00500148
5.41432e-14
0.00500148
4.60412e-14
0.00500148
3.87095e-14
0.00500148
3.20936e-14
0.00500148
2.63051e-14
0.00500148
2.13318e-14
0.00500148
1.72746e-14
0.00500148
1.41763e-14
0.00500148
1.18845e-14
0.00500148
1.0467e-14
0.00500148
9.66058e-15
0.00500148
9.42105e-15
0.00500148
9.63418e-15
0.00500148
1.01491e-14
0.00500148
1.09518e-14
0.00500148
1.19329e-14
0.00500148
1.31217e-14
0.00500148
1.44023e-14
0.00500148
1.56464e-14
0.00500148
1.6915e-14
0.00500148
1.80136e-14
0.00500148
1.89557e-14
0.00500148
1.96589e-14
0.00500148
2.00446e-14
0.00500148
2.00834e-14
0.00500148
1.97857e-14
0.00500148
1.91912e-14
0.00500148
1.83045e-14
0.00500148
1.7162e-14
0.00500148
1.59111e-14
0.00500148
1.44554e-14
0.00500148
1.30066e-14
0.00500148
1.16068e-14
0.00500148
1.02488e-14
0.00500148
9.05149e-15
0.00500148
7.8441e-15
0.00500148
6.87165e-15
0.00500148
5.91903e-15
0.00500148
5.08847e-15
0.00500148
4.29214e-15
0.00500148
3.47756e-15
0.00500148
2.68023e-15
0.00500148
1.8206e-15
0.00500148
9.82025e-16
0.00500148
-3.2727e-17
0.00500148
-1.10407e-15
0.00500148
-2.19483e-15
0.00500148
-3.45871e-15
0.00500148
-4.75472e-15
0.00500148
-6.08282e-15
0.00500148
-7.52156e-15
0.00500148
-8.97355e-15
0.00500148
-1.03905e-14
0.00500148
-1.1642e-14
0.00500148
-1.29757e-14
0.00500148
-1.42275e-14
0.00500148
-1.50704e-14
0.00500148
-1.59519e-14
0.00500148
-1.66213e-14
0.00500148
-1.71086e-14
0.00500148
-1.74058e-14
0.00500148
-1.74105e-14
0.00500148
-1.74808e-14
0.00500148
-1.71971e-14
0.00500148
-1.68734e-14
0.00500148
-1.63919e-14
0.00500148
-1.57868e-14
0.00500148
-1.50849e-14
0.00500148
-1.42542e-14
0.00500148
-1.34529e-14
0.00500148
-1.24001e-14
0.00500148
-1.15357e-14
0.00500148
-1.03689e-14
0.00500148
-9.10133e-15
0.00500148
-8.09804e-15
0.00500148
-6.53893e-15
0.00500148
-5.30831e-15
0.00500148
-3.85012e-15
0.00500148
-2.49719e-15
-9.50154e-16
0.00500001
5.28615e-08
0.00500004
1.67417e-07
0.00500009
2.7442e-07
0.00500015
3.63487e-07
0.00500023
4.5065e-07
0.00500032
5.50336e-07
0.00500042
6.53562e-07
0.00500054
7.376e-07
0.00500066
7.8555e-07
0.00500078
7.93927e-07
0.00500089
7.69618e-07
0.00500098
7.2347e-07
0.00500107
6.65516e-07
0.00500114
6.03018e-07
0.0050012
5.40499e-07
0.00500125
4.80537e-07
0.00500129
4.24505e-07
0.00500132
3.73067e-07
0.00500135
3.26458e-07
0.00500137
2.8465e-07
0.00500139
2.4745e-07
0.00500141
2.14568e-07
0.00500142
1.85661e-07
0.00500143
1.60362e-07
0.00500144
1.38302e-07
0.00500144
1.19128e-07
0.00500145
1.02502e-07
0.00500145
8.81188e-08
0.00500146
7.56966e-08
0.00500146
6.49844e-08
0.00500146
5.57582e-08
0.00500146
4.78202e-08
0.00500147
4.09966e-08
0.00500147
3.51351e-08
0.00500147
3.01034e-08
0.00500147
2.57862e-08
0.00500147
2.20837e-08
0.00500147
1.89096e-08
0.00500147
1.61893e-08
0.00500147
1.38586e-08
0.00500147
1.18622e-08
0.00500147
1.01525e-08
0.00500147
8.68848e-09
0.00500147
7.4351e-09
0.00500147
6.36216e-09
0.00500147
5.44379e-09
0.00500147
4.65778e-09
0.00500147
3.98512e-09
0.00500148
3.40949e-09
0.00500148
2.91694e-09
0.00500148
2.49548e-09
0.00500148
2.13487e-09
0.00500148
1.82634e-09
0.00500148
1.56238e-09
0.00500148
1.33655e-09
0.00500148
1.14335e-09
0.00500148
9.78068e-10
0.00500148
8.36672e-10
0.00500148
7.15712e-10
0.00500148
6.12235e-10
0.00500148
5.23717e-10
0.00500148
4.47995e-10
0.00500148
3.8322e-10
0.00500148
3.2781e-10
0.00500148
2.80412e-10
0.00500148
2.39866e-10
0.00500148
2.05182e-10
0.00500148
1.75514e-10
0.00500148
1.50135e-10
0.00500148
1.28426e-10
0.00500148
1.09856e-10
0.00500148
9.39712e-11
0.00500148
8.03833e-11
0.00500148
6.87603e-11
0.00500148
5.8818e-11
0.00500148
5.03133e-11
0.00500148
4.30385e-11
0.00500148
3.68157e-11
0.00500148
3.14927e-11
0.00500148
2.69394e-11
0.00500148
2.30444e-11
0.00500148
1.97125e-11
0.00500148
1.68622e-11
0.00500148
1.44238e-11
0.00500148
1.23379e-11
0.00500148
1.05534e-11
0.00500148
9.02682e-12
0.00500148
7.72089e-12
0.00500148
6.6038e-12
0.00500148
5.6483e-12
0.00500148
4.83105e-12
0.00500148
4.13212e-12
0.00500148
3.53426e-12
0.00500148
3.02287e-12
0.00500148
2.58549e-12
0.00500148
2.21146e-12
0.00500148
1.8917e-12
0.00500148
1.61833e-12
0.00500148
1.38468e-12
0.00500148
1.18488e-12
0.00500148
1.01385e-12
0.00500148
8.67476e-13
0.00500148
7.42171e-13
0.00500148
6.35155e-13
0.00500148
5.44089e-13
0.00500148
4.667e-13
0.00500148
4.0107e-13
0.00500148
3.45349e-13
0.00500148
2.9791e-13
0.00500148
2.57297e-13
0.00500148
2.22259e-13
0.00500148
1.91948e-13
0.00500148
1.6574e-13
0.00500148
1.43122e-13
0.00500148
1.23766e-13
0.00500148
1.07197e-13
0.00500148
9.30587e-14
0.00500148
8.08406e-14
0.00500148
7.01358e-14
0.00500148
6.05571e-14
0.00500148
5.18833e-14
0.00500148
4.4001e-14
0.00500148
3.68061e-14
0.00500148
3.0366e-14
0.00500148
2.47615e-14
0.00500148
2.00509e-14
0.00500148
1.62009e-14
0.00500148
1.33614e-14
0.00500148
1.12787e-14
0.00500148
9.97669e-15
0.00500148
9.33091e-15
0.00500148
9.11004e-15
0.00500148
9.31306e-15
0.00500148
9.80421e-15
0.00500148
1.05944e-14
0.00500148
1.15283e-14
0.00500148
1.26483e-14
0.00500148
1.38486e-14
0.00500148
1.50011e-14
0.00500148
1.61718e-14
0.00500148
1.72004e-14
0.00500148
1.80252e-14
0.00500148
1.86716e-14
0.00500148
1.89809e-14
0.00500148
1.89897e-14
0.00500148
1.86969e-14
0.00500148
1.81331e-14
0.00500148
1.73016e-14
0.00500148
1.62247e-14
0.00500148
1.50343e-14
0.00500148
1.36586e-14
0.00500148
1.23579e-14
0.00500148
1.10601e-14
0.00500148
9.76052e-15
0.00500148
8.6283e-15
0.00500148
7.4963e-15
0.00500148
6.5727e-15
0.00500148
5.72587e-15
0.00500148
4.86823e-15
0.00500148
4.11651e-15
0.00500148
3.35133e-15
0.00500148
2.56305e-15
0.00500148
1.74529e-15
0.00500148
8.44409e-16
0.00500148
-1.53052e-16
0.00500148
-1.19422e-15
0.00500148
-2.27191e-15
0.00500148
-3.48477e-15
0.00500148
-4.75347e-15
0.00500148
-6.07209e-15
0.00500148
-7.4205e-15
0.00500148
-8.73472e-15
0.00500148
-1.01311e-14
0.00500148
-1.1354e-14
0.00500148
-1.24626e-14
0.00500148
-1.36343e-14
0.00500148
-1.4477e-14
0.00500148
-1.52275e-14
0.00500148
-1.5884e-14
0.00500148
-1.62699e-14
0.00500148
-1.66166e-14
0.00500148
-1.66274e-14
0.00500148
-1.66761e-14
0.00500148
-1.64649e-14
0.00500148
-1.61457e-14
0.00500148
-1.56831e-14
0.00500148
-1.51927e-14
0.00500148
-1.45946e-14
0.00500148
-1.38082e-14
0.00500148
-1.30799e-14
0.00500148
-1.20574e-14
0.00500148
-1.11884e-14
0.00500148
-1.01124e-14
0.00500148
-8.96561e-15
0.00500148
-7.92389e-15
0.00500148
-6.37235e-15
0.00500148
-5.30556e-15
0.00500148
-3.8722e-15
0.00500148
-2.49376e-15
-9.54261e-16
0.00500001
4.45074e-08
0.00500003
1.4099e-07
0.00500008
2.31358e-07
0.00500013
3.06989e-07
0.0050002
3.81393e-07
0.00500029
4.66856e-07
0.00500038
5.56069e-07
0.00500049
6.29706e-07
0.00500061
6.72985e-07
0.00500072
6.82779e-07
0.00500082
6.64816e-07
0.00500092
6.28114e-07
0.005001
5.80969e-07
0.00500107
5.29405e-07
0.00500114
4.77229e-07
0.00500119
4.26659e-07
0.00500124
3.78934e-07
0.00500128
3.34707e-07
0.00500131
2.94275e-07
0.00500133
2.57705e-07
0.00500136
2.24917e-07
0.00500138
1.95732e-07
0.00500139
1.69912e-07
0.0050014
1.47184e-07
0.00500142
1.27266e-07
0.00500143
1.09872e-07
0.00500143
9.47296e-08
0.00500144
8.15817e-08
0.00500145
7.01906e-08
0.00500145
6.034e-08
0.00500145
5.18351e-08
0.00500146
4.4502e-08
0.00500146
3.81865e-08
0.00500146
3.27527e-08
0.00500146
2.80814e-08
0.00500147
2.40685e-08
0.00500147
2.06233e-08
0.00500147
1.76669e-08
0.00500147
1.51313e-08
0.00500147
1.29573e-08
0.00500147
1.10939e-08
0.00500147
9.49729e-09
0.00500147
8.12953e-09
0.00500147
6.95808e-09
0.00500147
5.95494e-09
0.00500147
5.09605e-09
0.00500147
4.36078e-09
0.00500147
3.73139e-09
0.00500147
3.1927e-09
0.00500147
2.73167e-09
0.00500147
2.33714e-09
0.00500148
1.99953e-09
0.00500148
1.71064e-09
0.00500148
1.46346e-09
0.00500148
1.25198e-09
0.00500148
1.07104e-09
0.00500148
9.16233e-10
0.00500148
7.83795e-10
0.00500148
6.70493e-10
0.00500148
5.73564e-10
0.00500148
4.90644e-10
0.00500148
4.1971e-10
0.00500148
3.59029e-10
0.00500148
3.0712e-10
0.00500148
2.62715e-10
0.00500148
2.24729e-10
0.00500148
1.92236e-10
0.00500148
1.6444e-10
0.00500148
1.40663e-10
0.00500148
1.20324e-10
0.00500148
1.02926e-10
0.00500148
8.80436e-11
0.00500148
7.5313e-11
0.00500148
6.44233e-11
0.00500148
5.51082e-11
0.00500148
4.71402e-11
0.00500148
4.03244e-11
0.00500148
3.44941e-11
0.00500148
2.95069e-11
0.00500148
2.52407e-11
0.00500148
2.15913e-11
0.00500148
1.84694e-11
0.00500148
1.57987e-11
0.00500148
1.35141e-11
0.00500148
1.15599e-11
0.00500148
9.88813e-12
0.00500148
8.45805e-12
0.00500148
7.23471e-12
0.00500148
6.18815e-12
0.00500148
5.29288e-12
0.00500148
4.52702e-12
0.00500148
3.87192e-12
0.00500148
3.31157e-12
0.00500148
2.83228e-12
0.00500148
2.42243e-12
0.00500148
2.07205e-12
0.00500148
1.77261e-12
0.00500148
1.51665e-12
0.00500148
1.29779e-12
0.00500148
1.11048e-12
0.00500148
9.50104e-13
0.00500148
8.12783e-13
0.00500148
6.95372e-13
0.00500148
5.95189e-13
0.00500148
5.09972e-13
0.00500148
4.37664e-13
0.00500148
3.7634e-13
0.00500148
3.24213e-13
0.00500148
2.79673e-13
0.00500148
2.41377e-13
0.00500148
2.08329e-13
0.00500148
1.79695e-13
0.00500148
1.54974e-13
0.00500148
1.3378e-13
0.00500148
1.15671e-13
0.00500148
1.00263e-13
0.00500148
8.70725e-14
0.00500148
7.56786e-14
0.00500148
6.55824e-14
0.00500148
5.65286e-14
0.00500148
4.82756e-14
0.00500148
4.07662e-14
0.00500148
3.3952e-14
0.00500148
2.78868e-14
0.00500148
2.26646e-14
0.00500148
1.82846e-14
0.00500148
1.48339e-14
0.00500148
1.22792e-14
0.00500148
1.04781e-14
0.00500148
9.31216e-15
0.00500148
8.72234e-15
0.00500148
8.54797e-15
0.00500148
8.73407e-15
0.00500148
9.17377e-15
0.00500148
9.87822e-15
0.00500148
1.07722e-14
0.00500148
1.17807e-14
0.00500148
1.28864e-14
0.00500148
1.39579e-14
0.00500148
1.49892e-14
0.00500148
1.59081e-14
0.00500148
1.66345e-14
0.00500148
1.71636e-14
0.00500148
1.73985e-14
0.00500148
1.73603e-14
0.00500148
1.70983e-14
0.00500148
1.65883e-14
0.00500148
1.58085e-14
0.00500148
1.48517e-14
0.00500148
1.37488e-14
0.00500148
1.25469e-14
0.00500148
1.13803e-14
0.00500148
1.01696e-14
0.00500148
9.02426e-15
0.00500148
7.93565e-15
0.00500148
6.97344e-15
0.00500148
6.11572e-15
0.00500148
5.35251e-15
0.00500148
4.57289e-15
0.00500148
3.84232e-15
0.00500148
3.14054e-15
0.00500148
2.36864e-15
0.00500148
1.58072e-15
0.00500148
6.61608e-16
0.00500148
-2.87821e-16
0.00500148
-1.26938e-15
0.00500148
-2.31526e-15
0.00500148
-3.49464e-15
0.00500148
-4.68848e-15
0.00500148
-5.91953e-15
0.00500148
-7.15233e-15
0.00500148
-8.29966e-15
0.00500148
-9.56978e-15
0.00500148
-1.07295e-14
0.00500148
-1.16393e-14
0.00500148
-1.26753e-14
0.00500148
-1.35316e-14
0.00500148
-1.411e-14
0.00500148
-1.47312e-14
0.00500148
-1.50862e-14
0.00500148
-1.53529e-14
0.00500148
-1.54781e-14
0.00500148
-1.53593e-14
0.00500148
-1.52357e-14
0.00500148
-1.50309e-14
0.00500148
-1.46362e-14
0.00500148
-1.41979e-14
0.00500148
-1.35938e-14
0.00500148
-1.30272e-14
0.00500148
-1.24146e-14
0.00500148
-1.14769e-14
0.00500148
-1.06758e-14
0.00500148
-9.64035e-15
0.00500148
-8.49312e-15
0.00500148
-7.62088e-15
0.00500148
-6.2324e-15
0.00500148
-5.0325e-15
0.00500148
-3.66291e-15
0.00500148
-2.45931e-15
-9.9298e-16
0.00500001
3.69543e-08
0.00500003
1.17087e-07
0.00500007
1.92294e-07
0.00500012
2.555e-07
0.00500019
3.17951e-07
0.00500026
3.89915e-07
0.00500035
4.6543e-07
0.00500045
5.28452e-07
0.00500056
5.66389e-07
0.00500067
5.76455e-07
0.00500077
5.63327e-07
0.00500086
5.34414e-07
0.00500095
4.96511e-07
0.00500102
4.54553e-07
0.00500109
4.11683e-07
0.00500114
3.69766e-07
0.00500119
3.29876e-07
0.00500124
2.92615e-07
0.00500127
2.58295e-07
0.0050013
2.27034e-07
0.00500133
1.98823e-07
0.00500135
1.73561e-07
0.00500137
1.51088e-07
0.00500139
1.31209e-07
0.0050014
1.13709e-07
0.00500141
9.83655e-08
0.00500142
8.49606e-08
0.00500143
7.32841e-08
0.00500144
6.31394e-08
0.00500144
5.43448e-08
0.00500145
4.6735e-08
0.00500145
4.01611e-08
0.00500145
3.44899e-08
0.00500146
2.96032e-08
0.00500146
2.53969e-08
0.00500146
2.17794e-08
0.00500146
1.86706e-08
0.00500147
1.60007e-08
0.00500147
1.3709e-08
0.00500147
1.1743e-08
0.00500147
1.00569e-08
0.00500147
8.61148e-09
0.00500147
7.37275e-09
0.00500147
6.31143e-09
0.00500147
5.40232e-09
0.00500147
4.62373e-09
0.00500147
3.95704e-09
0.00500147
3.38625e-09
0.00500147
2.89762e-09
0.00500147
2.47938e-09
0.00500147
2.12141e-09
0.00500147
1.81506e-09
0.00500147
1.5529e-09
0.00500148
1.32856e-09
0.00500148
1.13661e-09
0.00500148
9.7237e-10
0.00500148
8.31849e-10
0.00500148
7.11623e-10
0.00500148
6.08765e-10
0.00500148
5.20769e-10
0.00500148
4.45488e-10
0.00500148
3.81087e-10
0.00500148
3.25993e-10
0.00500148
2.78863e-10
0.00500148
2.38545e-10
0.00500148
2.04055e-10
0.00500148
1.74552e-10
0.00500148
1.49314e-10
0.00500148
1.27725e-10
0.00500148
1.09257e-10
0.00500148
9.34596e-11
0.00500148
7.99461e-11
0.00500148
6.83865e-11
0.00500148
5.84985e-11
0.00500148
5.00403e-11
0.00500148
4.28052e-11
0.00500148
3.66164e-11
0.00500148
3.13224e-11
0.00500148
2.67938e-11
0.00500148
2.29198e-11
0.00500148
1.96058e-11
0.00500148
1.67709e-11
0.00500148
1.43458e-11
0.00500148
1.22715e-11
0.00500148
1.04971e-11
0.00500148
8.97938e-12
0.00500148
7.68107e-12
0.00500148
6.57032e-12
0.00500148
5.62004e-12
0.00500148
4.80696e-12
0.00500148
4.11141e-12
0.00500148
3.51631e-12
0.00500148
3.00724e-12
0.00500148
2.57194e-12
0.00500148
2.19976e-12
0.00500148
1.88176e-12
0.00500148
1.60998e-12
0.00500148
1.37759e-12
0.00500148
1.17889e-12
0.00500148
1.00872e-12
0.00500148
8.62976e-13
0.00500148
7.38194e-13
0.00500148
6.315e-13
0.00500148
5.40612e-13
0.00500148
4.63405e-13
0.00500148
3.97931e-13
0.00500148
3.42316e-13
0.00500148
2.94959e-13
0.00500148
2.54378e-13
0.00500148
2.19387e-13
0.00500148
1.89122e-13
0.00500148
1.62924e-13
0.00500148
1.40357e-13
0.00500148
1.21128e-13
0.00500148
1.04739e-13
0.00500148
9.08584e-14
0.00500148
7.89399e-14
0.00500148
6.85865e-14
0.00500148
5.93648e-14
0.00500148
5.10202e-14
0.00500148
4.3399e-14
0.00500148
3.64729e-14
0.00500148
3.02235e-14
0.00500148
2.47073e-14
0.00500148
2.00403e-14
0.00500148
1.61718e-14
0.00500148
1.31715e-14
0.00500148
1.09541e-14
0.00500148
9.39948e-15
0.00500148
8.43901e-15
0.00500148
7.88563e-15
0.00500148
7.71144e-15
0.00500148
7.8336e-15
0.00500148
8.25808e-15
0.00500148
8.87554e-15
0.00500148
9.6753e-15
0.00500148
1.06096e-14
0.00500148
1.15572e-14
0.00500148
1.25364e-14
0.00500148
1.34215e-14
0.00500148
1.415e-14
0.00500148
1.47359e-14
0.00500148
1.51323e-14
0.00500148
1.53196e-14
0.00500148
1.52723e-14
0.00500148
1.50073e-14
0.00500148
1.4554e-14
0.00500148
1.38444e-14
0.00500148
1.30652e-14
0.00500148
1.21179e-14
0.00500148
1.10955e-14
0.00500148
1.01036e-14
0.00500148
8.98301e-15
0.00500148
8.03617e-15
0.00500148
7.09686e-15
0.00500148
6.25411e-15
0.00500148
5.53123e-15
0.00500148
4.81397e-15
0.00500148
4.13975e-15
0.00500148
3.48342e-15
0.00500148
2.84234e-15
0.00500148
2.12519e-15
0.00500148
1.36669e-15
0.00500148
5.28154e-16
0.00500148
-3.54824e-16
0.00500148
-1.28491e-15
0.00500148
-2.32522e-15
0.00500148
-3.41745e-15
0.00500148
-4.44264e-15
0.00500148
-5.58699e-15
0.00500148
-6.73888e-15
0.00500148
-7.69493e-15
0.00500148
-8.76812e-15
0.00500148
-9.79212e-15
0.00500148
-1.05951e-14
0.00500148
-1.13915e-14
0.00500148
-1.22009e-14
0.00500148
-1.26877e-14
0.00500148
-1.30906e-14
0.00500148
-1.35202e-14
0.00500148
-1.36289e-14
0.00500148
-1.38319e-14
0.00500148
-1.37465e-14
0.00500148
-1.36227e-14
0.00500148
-1.35082e-14
0.00500148
-1.32036e-14
0.00500148
-1.284e-14
0.00500148
-1.23848e-14
0.00500148
-1.19326e-14
0.00500148
-1.1248e-14
0.00500148
-1.06561e-14
0.00500148
-9.86198e-15
0.00500148
-8.91002e-15
0.00500148
-8.08223e-15
0.00500148
-7.04757e-15
0.00500148
-5.81498e-15
0.00500148
-4.91215e-15
0.00500148
-3.48503e-15
0.00500148
-2.30986e-15
-9.69874e-16
0.00500001
3.0008e-08
0.00500003
9.50944e-08
0.00500006
1.56274e-07
0.00500011
2.07855e-07
0.00500017
2.58996e-07
0.00500024
3.18071e-07
0.00500033
3.80292e-07
0.00500042
4.32638e-07
0.00500053
4.64759e-07
0.00500063
4.74232e-07
0.00500073
4.64786e-07
0.00500082
4.42383e-07
0.0050009
4.12483e-07
0.00500098
3.79047e-07
0.00500105
3.44608e-07
0.0050011
3.1069e-07
0.00500116
2.7819e-07
0.0050012
2.47633e-07
0.00500124
2.19311e-07
0.00500127
1.93362e-07
0.0050013
1.69817e-07
0.00500133
1.48626e-07
0.00500135
1.29689e-07
0.00500137
1.12867e-07
0.00500138
9.80016e-08
0.0050014
8.49239e-08
0.00500141
7.34634e-08
0.00500142
6.34533e-08
0.00500143
5.47353e-08
0.00500143
4.71613e-08
0.00500144
4.05953e-08
0.00500144
3.49135e-08
0.00500145
3.00048e-08
0.00500145
2.57697e-08
0.00500146
2.21202e-08
0.00500146
1.89784e-08
0.00500146
1.62762e-08
0.00500146
1.39537e-08
0.00500147
1.19589e-08
0.00500147
1.02466e-08
0.00500147
8.77745e-09
0.00500147
7.51745e-09
0.00500147
6.43723e-09
0.00500147
5.51142e-09
0.00500147
4.71816e-09
0.00500147
4.03863e-09
0.00500147
3.45664e-09
0.00500147
2.95828e-09
0.00500147
2.53159e-09
0.00500147
2.16632e-09
0.00500147
1.85365e-09
0.00500147
1.58604e-09
0.00500147
1.35701e-09
0.00500147
1.16102e-09
0.00500147
9.93301e-10
0.00500148
8.49792e-10
0.00500148
7.27001e-10
0.00500148
6.21941e-10
0.00500148
5.32055e-10
0.00500148
4.55154e-10
0.00500148
3.89363e-10
0.00500148
3.33079e-10
0.00500148
2.84928e-10
0.00500148
2.43736e-10
0.00500148
2.08498e-10
0.00500148
1.78354e-10
0.00500148
1.52567e-10
0.00500148
1.30509e-10
0.00500148
1.11639e-10
0.00500148
9.54976e-11
0.00500148
8.16898e-11
0.00500148
6.98784e-11
0.00500148
5.97747e-11
0.00500148
5.11321e-11
0.00500148
4.37392e-11
0.00500148
3.74154e-11
0.00500148
3.2006e-11
0.00500148
2.73787e-11
0.00500148
2.34202e-11
0.00500148
2.0034e-11
0.00500148
1.71371e-11
0.00500148
1.46591e-11
0.00500148
1.25395e-11
0.00500148
1.07265e-11
0.00500148
9.17589e-12
0.00500148
7.84947e-12
0.00500148
6.71482e-12
0.00500148
5.744e-12
0.00500148
4.91333e-12
0.00500148
4.20252e-12
0.00500148
3.59432e-12
0.00500148
3.074e-12
0.00500148
2.62895e-12
0.00500148
2.24841e-12
0.00500148
1.92311e-12
0.00500148
1.64519e-12
0.00500148
1.40773e-12
0.00500148
1.20469e-12
0.00500148
1.03095e-12
0.00500148
8.82082e-13
0.00500148
7.54547e-13
0.00500148
6.45439e-13
0.00500148
5.52218e-13
0.00500148
4.72864e-13
0.00500148
4.05502e-13
0.00500148
3.48366e-13
0.00500148
2.99819e-13
0.00500148
2.58332e-13
0.00500148
2.22647e-13
0.00500148
1.91841e-13
0.00500148
1.65119e-13
0.00500148
1.42055e-13
0.00500148
1.22303e-13
0.00500148
1.0551e-13
0.00500148
9.13088e-14
0.00500148
7.92343e-14
0.00500148
6.88549e-14
0.00500148
5.97322e-14
0.00500148
5.15981e-14
0.00500148
4.41759e-14
0.00500148
3.73873e-14
0.00500148
3.12192e-14
0.00500148
2.57511e-14
0.00500148
2.09876e-14
0.00500148
1.69636e-14
0.00500148
1.37468e-14
0.00500148
1.12644e-14
0.00500148
9.42108e-15
0.00500148
8.11126e-15
0.00500148
7.29831e-15
0.00500148
6.78259e-15
0.00500148
6.59658e-15
0.00500148
6.67799e-15
0.00500148
7.03479e-15
0.00500148
7.58506e-15
0.00500148
8.27655e-15
0.00500148
9.09813e-15
0.00500148
9.91855e-15
0.00500148
1.07449e-14
0.00500148
1.14541e-14
0.00500148
1.20077e-14
0.00500148
1.24403e-14
0.00500148
1.27013e-14
0.00500148
1.28289e-14
0.00500148
1.27432e-14
0.00500148
1.25123e-14
0.00500148
1.21308e-14
0.00500148
1.15272e-14
0.00500148
1.09176e-14
0.00500148
1.01601e-14
0.00500148
9.35198e-15
0.00500148
8.50519e-15
0.00500148
7.61354e-15
0.00500148
6.8283e-15
0.00500148
6.08387e-15
0.00500148
5.37467e-15
0.00500148
4.7684e-15
0.00500148
4.20189e-15
0.00500148
3.62288e-15
0.00500148
3.08455e-15
0.00500148
2.45577e-15
0.00500148
1.80592e-15
0.00500148
1.12675e-15
0.00500148
3.66185e-16
0.00500148
-4.77849e-16
0.00500148
-1.34864e-15
0.00500148
-2.28854e-15
0.00500148
-3.23317e-15
0.00500148
-4.13339e-15
0.00500148
-5.12442e-15
0.00500148
-6.09676e-15
0.00500148
-6.89908e-15
0.00500148
-7.74306e-15
0.00500148
-8.60934e-15
0.00500148
-9.28073e-15
0.00500148
-9.84553e-15
0.00500148
-1.04508e-14
0.00500148
-1.0903e-14
0.00500148
-1.11794e-14
0.00500148
-1.15388e-14
0.00500148
-1.16547e-14
0.00500148
-1.1811e-14
0.00500148
-1.17829e-14
0.00500148
-1.16452e-14
0.00500148
-1.15712e-14
0.00500148
-1.1424e-14
0.00500148
-1.11411e-14
0.00500148
-1.0841e-14
0.00500148
-1.05e-14
0.00500148
-9.9287e-15
0.00500148
-9.56627e-15
0.00500148
-8.90895e-15
0.00500148
-8.11461e-15
0.00500148
-7.29993e-15
0.00500148
-6.4422e-15
0.00500148
-5.32118e-15
0.00500148
-4.48987e-15
0.00500148
-3.29027e-15
0.00500148
-2.18475e-15
-9.23176e-16
0.00500001
2.35187e-08
0.00500003
7.45404e-08
0.00500006
1.22555e-07
0.00500011
1.63132e-07
0.00500016
2.0347e-07
0.00500023
2.50156e-07
0.00500031
2.99458e-07
0.0050004
3.41174e-07
0.0050005
3.67154e-07
0.0050006
3.75393e-07
0.00500069
3.6876e-07
0.00500078
3.51891e-07
0.00500087
3.29031e-07
0.00500094
3.03254e-07
0.00500101
2.76533e-07
0.00500107
2.50062e-07
0.00500113
2.24558e-07
0.00500117
2.00451e-07
0.00500121
1.77997e-07
0.00500125
1.57326e-07
0.00500128
1.38487e-07
0.00500131
1.21463e-07
0.00500133
1.06192e-07
0.00500135
9.25802e-08
0.00500137
8.05141e-08
0.00500139
6.98692e-08
0.0050014
6.05171e-08
0.00500141
5.23302e-08
0.00500142
4.51856e-08
0.00500143
3.89675e-08
0.00500143
3.35685e-08
0.00500144
2.889e-08
0.00500145
2.48431e-08
0.00500145
2.13478e-08
0.00500145
1.8333e-08
0.00500146
1.57354e-08
0.00500146
1.34996e-08
0.00500146
1.15769e-08
0.00500146
9.9245e-09
0.00500147
8.50543e-09
0.00500147
7.28737e-09
0.00500147
6.24235e-09
0.00500147
5.34615e-09
0.00500147
4.57785e-09
0.00500147
3.91939e-09
0.00500147
3.35523e-09
0.00500147
2.87196e-09
0.00500147
2.45808e-09
0.00500147
2.10367e-09
0.00500147
1.80023e-09
0.00500147
1.54047e-09
0.00500147
1.31813e-09
0.00500147
1.12783e-09
0.00500147
9.64961e-10
0.00500147
8.25589e-10
0.00500147
7.06326e-10
0.00500148
6.04276e-10
0.00500148
5.1696e-10
0.00500148
4.42253e-10
0.00500148
3.78336e-10
0.00500148
3.23653e-10
0.00500148
2.76869e-10
0.00500148
2.36846e-10
0.00500148
2.02606e-10
0.00500148
1.73315e-10
0.00500148
1.48259e-10
0.00500148
1.26824e-10
0.00500148
1.08488e-10
0.00500148
9.28027e-11
0.00500148
7.93849e-11
0.00500148
6.79071e-11
0.00500148
5.80886e-11
0.00500148
4.96899e-11
0.00500148
4.25056e-11
0.00500148
3.63602e-11
0.00500148
3.11034e-11
0.00500148
2.66067e-11
0.00500148
2.27601e-11
0.00500148
1.94694e-11
0.00500148
1.66543e-11
0.00500148
1.42461e-11
0.00500148
1.21863e-11
0.00500148
1.04244e-11
0.00500148
8.91753e-12
0.00500148
7.62871e-12
0.00500148
6.52621e-12
0.00500148
5.58302e-12
0.00500148
4.77596e-12
0.00500148
4.08533e-12
0.00500148
3.49436e-12
0.00500148
2.98867e-12
0.00500148
2.55604e-12
0.00500148
2.18601e-12
0.00500148
1.86964e-12
0.00500148
1.59931e-12
0.00500148
1.36833e-12
0.00500148
1.1709e-12
0.00500148
1.00209e-12
0.00500148
8.57544e-13
0.00500148
7.33699e-13
0.00500148
6.27628e-13
0.00500148
5.36869e-13
0.00500148
4.59422e-13
0.00500148
3.93533e-13
0.00500148
3.37651e-13
0.00500148
2.90224e-13
0.00500148
2.49779e-13
0.00500148
2.15182e-13
0.00500148
1.85311e-13
0.00500148
1.59453e-13
0.00500148
1.37013e-13
0.00500148
1.1771e-13
0.00500148
1.01292e-13
0.00500148
8.73537e-14
0.00500148
7.562e-14
0.00500148
6.56165e-14
0.00500148
5.6982e-14
0.00500148
4.93605e-14
0.00500148
4.24689e-14
0.00500148
3.61624e-14
0.00500148
3.04152e-14
0.00500148
2.52211e-14
0.00500148
2.06505e-14
0.00500148
1.67664e-14
0.00500148
1.35558e-14
0.00500148
1.10737e-14
0.00500148
9.14412e-15
0.00500148
7.69882e-15
0.00500148
6.65024e-15
0.00500148
5.92324e-15
0.00500148
5.44571e-15
0.00500148
5.21237e-15
0.00500148
5.27646e-15
0.00500148
5.56315e-15
0.00500148
6.01185e-15
0.00500148
6.62867e-15
0.00500148
7.28199e-15
0.00500148
7.98585e-15
0.00500148
8.64818e-15
0.00500148
9.1653e-15
0.00500148
9.52987e-15
0.00500148
9.77928e-15
0.00500148
9.9306e-15
0.00500148
9.96971e-15
0.00500148
9.84697e-15
0.00500148
9.65791e-15
0.00500148
9.34068e-15
0.00500148
8.92798e-15
0.00500148
8.50032e-15
0.00500148
7.91504e-15
0.00500148
7.35099e-15
0.00500148
6.66574e-15
0.00500148
6.0367e-15
0.00500148
5.4573e-15
0.00500148
4.88816e-15
0.00500148
4.35265e-15
0.00500148
3.89735e-15
0.00500148
3.47815e-15
0.00500148
3.02337e-15
0.00500148
2.5749e-15
0.00500148
2.01332e-15
0.00500148
1.44695e-15
0.00500148
8.71325e-16
0.00500148
1.64359e-16
0.00500148
-6.01563e-16
0.00500148
-1.37601e-15
0.00500148
-2.19729e-15
0.00500148
-3.01933e-15
0.00500148
-3.77267e-15
0.00500148
-4.51131e-15
0.00500148
-5.29706e-15
0.00500148
-5.98144e-15
0.00500148
-6.52911e-15
0.00500148
-7.19184e-15
0.00500148
-7.70949e-15
0.00500148
-8.0721e-15
0.00500148
-8.50495e-15
0.00500148
-8.78916e-15
0.00500148
-9.04203e-15
0.00500148
-9.18709e-15
0.00500148
-9.3106e-15
0.00500148
-9.4685e-15
0.00500148
-9.48641e-15
0.00500148
-9.49075e-15
0.00500148
-9.34287e-15
0.00500148
-9.3804e-15
0.00500148
-9.29089e-15
0.00500148
-9.05585e-15
0.00500148
-8.91005e-15
0.00500148
-8.43263e-15
0.00500148
-8.16257e-15
0.00500148
-7.73315e-15
0.00500148
-7.06028e-15
0.00500148
-6.45317e-15
0.00500148
-5.69691e-15
0.00500148
-4.7026e-15
0.00500148
-3.92794e-15
0.00500148
-2.91853e-15
0.00500148
-2.03025e-15
-9.21838e-16
0.00500001
1.73665e-08
0.00500003
5.50473e-08
0.00500006
9.05367e-08
0.0050001
1.20582e-07
0.00500015
1.50507e-07
0.00500022
1.8519e-07
0.0050003
2.21887e-07
0.00500038
2.53063e-07
0.00500048
2.72689e-07
0.00500057
2.79231e-07
0.00500067
2.74771e-07
0.00500076
2.62711e-07
0.00500084
2.46163e-07
0.00500092
2.27385e-07
0.00500099
2.07821e-07
0.00500105
1.88355e-07
0.0050011
1.6952e-07
0.00500115
1.51646e-07
0.00500119
1.34932e-07
0.00500123
1.1949e-07
0.00500126
1.05369e-07
0.00500129
9.25676e-08
0.00500132
8.1051e-08
0.00500134
7.07583e-08
0.00500136
6.16123e-08
0.00500138
5.3526e-08
0.00500139
4.64076e-08
0.0050014
4.01651e-08
0.00500141
3.47088e-08
0.00500142
2.99534e-08
0.00500143
2.58192e-08
0.00500144
2.22328e-08
0.00500144
1.91276e-08
0.00500145
1.64433e-08
0.00500145
1.41263e-08
0.00500145
1.21286e-08
0.00500146
1.04082e-08
0.00500146
8.92794e-09
0.00500146
7.65528e-09
0.00500146
6.56188e-09
0.00500147
5.62305e-09
0.00500147
4.81736e-09
0.00500147
4.12623e-09
0.00500147
3.53361e-09
0.00500147
3.02562e-09
0.00500147
2.59031e-09
0.00500147
2.21737e-09
0.00500147
1.89793e-09
0.00500147
1.62436e-09
0.00500147
1.39012e-09
0.00500147
1.18958e-09
0.00500147
1.01792e-09
0.00500147
8.70981e-10
0.00500147
7.45224e-10
0.00500147
6.37602e-10
0.00500147
5.45505e-10
0.00500148
4.66698e-10
0.00500148
3.99267e-10
0.00500148
3.41572e-10
0.00500148
2.92209e-10
0.00500148
2.49976e-10
0.00500148
2.13844e-10
0.00500148
1.82932e-10
0.00500148
1.56487e-10
0.00500148
1.33864e-10
0.00500148
1.14512e-10
0.00500148
9.79565e-11
0.00500148
8.37946e-11
0.00500148
7.16797e-11
0.00500148
6.13162e-11
0.00500148
5.24509e-11
0.00500148
4.48673e-11
0.00500148
3.83804e-11
0.00500148
3.28316e-11
0.00500148
2.80851e-11
0.00500148
2.40249e-11
0.00500148
2.05516e-11
0.00500148
1.75804e-11
0.00500148
1.50386e-11
0.00500148
1.28642e-11
0.00500148
1.10043e-11
0.00500148
9.41338e-12
0.00500148
8.05272e-12
0.00500148
6.88904e-12
0.00500148
5.89361e-12
0.00500148
5.04204e-12
0.00500148
4.31345e-12
0.00500148
3.69005e-12
0.00500148
3.15653e-12
0.00500148
2.7e-12
0.00500148
2.3094e-12
0.00500148
1.97522e-12
0.00500148
1.68943e-12
0.00500148
1.44508e-12
0.00500148
1.23625e-12
0.00500148
1.05784e-12
0.00500148
9.0531e-13
0.00500148
7.74857e-13
0.00500148
6.63107e-13
0.00500148
5.67318e-13
0.00500148
4.85265e-13
0.00500148
4.1513e-13
0.00500148
3.55357e-13
0.00500148
3.04549e-13
0.00500148
2.61462e-13
0.00500148
2.24842e-13
0.00500148
1.9356e-13
0.00500148
1.66596e-13
0.00500148
1.43264e-13
0.00500148
1.23002e-13
0.00500148
1.05524e-13
0.00500148
9.051e-14
0.00500148
7.78127e-14
0.00500148
6.71129e-14
0.00500148
5.81069e-14
0.00500148
5.03945e-14
0.00500148
4.36416e-14
0.00500148
3.76301e-14
0.00500148
3.21778e-14
0.00500148
2.71827e-14
0.00500148
2.26511e-14
0.00500148
1.86199e-14
0.00500148
1.51155e-14
0.00500148
1.2227e-14
0.00500148
9.89287e-15
0.00500148
8.14156e-15
0.00500148
6.79273e-15
0.00500148
5.74693e-15
0.00500148
4.93915e-15
0.00500148
4.28967e-15
0.00500148
3.9049e-15
0.00500148
3.65349e-15
0.00500148
3.65928e-15
0.00500148
3.91346e-15
0.00500148
4.25356e-15
0.00500148
4.73952e-15
0.00500148
5.28899e-15
0.00500148
5.82245e-15
0.00500148
6.28857e-15
0.00500148
6.57393e-15
0.00500148
6.75102e-15
0.00500148
6.8342e-15
0.00500148
6.8715e-15
0.00500148
6.82118e-15
0.00500148
6.67828e-15
0.00500148
6.528e-15
0.00500148
6.27712e-15
0.00500148
6.08917e-15
0.00500148
5.81908e-15
0.00500148
5.45954e-15
0.00500148
5.12592e-15
0.00500148
4.70724e-15
0.00500148
4.29146e-15
0.00500148
3.92246e-15
0.00500148
3.55591e-15
0.00500148
3.2264e-15
0.00500148
2.94648e-15
0.00500148
2.6628e-15
0.00500148
2.35145e-15
0.00500148
1.9668e-15
0.00500148
1.56107e-15
0.00500148
1.09594e-15
0.00500148
5.84154e-16
0.00500148
-2.63218e-17
0.00500148
-7.05738e-16
0.00500148
-1.36015e-15
0.00500148
-2.01302e-15
0.00500148
-2.68144e-15
0.00500148
-3.30525e-15
0.00500148
-3.80741e-15
0.00500148
-4.36819e-15
0.00500148
-4.91432e-15
0.00500148
-5.17298e-15
0.00500148
-5.58568e-15
0.00500148
-5.91222e-15
0.00500148
-6.05046e-15
0.00500148
-6.33506e-15
0.00500148
-6.44391e-15
0.00500148
-6.64714e-15
0.00500148
-6.69115e-15
0.00500148
-6.7242e-15
0.00500148
-6.86218e-15
0.00500148
-6.93747e-15
0.00500148
-7.04325e-15
0.00500148
-7.02939e-15
0.00500148
-7.02644e-15
0.00500148
-7.10256e-15
0.00500148
-7.08055e-15
0.00500148
-7.09625e-15
0.00500148
-6.90096e-15
0.00500148
-6.57361e-15
0.00500148
-6.48026e-15
0.00500148
-5.92527e-15
0.00500148
-5.42701e-15
0.00500148
-4.97395e-15
0.00500148
-3.97063e-15
0.00500148
-3.38397e-15
0.00500148
-2.57583e-15
0.00500148
-1.66442e-15
-7.27536e-16
0.00500001
1.14519e-08
0.00500002
3.63023e-08
0.00500006
5.97208e-08
0.0050001
7.95701e-08
0.00500015
9.9367e-08
0.00500021
1.22333e-07
0.00500029
1.46664e-07
0.00500037
1.6739e-07
0.00500046
1.80533e-07
0.00500056
1.85058e-07
0.00500065
1.82322e-07
0.00500074
1.74555e-07
0.00500082
1.63801e-07
0.0050009
1.51541e-07
0.00500097
1.38724e-07
0.00500103
1.2593e-07
0.00500108
1.13514e-07
0.00500113
1.01698e-07
0.00500118
9.06193e-08
0.00500122
8.03573e-08
0.00500125
7.095e-08
0.00500128
6.2403e-08
0.00500131
5.46977e-08
0.00500133
4.77982e-08
0.00500135
4.16568e-08
0.00500137
3.62184e-08
0.00500138
3.14242e-08
0.0050014
2.72146e-08
0.00500141
2.3531e-08
0.00500142
2.03173e-08
0.00500143
1.75209e-08
0.00500143
1.50931e-08
0.00500144
1.29896e-08
0.00500144
1.11701e-08
0.00500145
9.59864e-09
0.00500145
8.24319e-09
0.00500146
7.07535e-09
0.00500146
6.07014e-09
0.00500146
5.20566e-09
0.00500146
4.46273e-09
0.00500147
3.82468e-09
0.00500147
3.27699e-09
0.00500147
2.8071e-09
0.00500147
2.40412e-09
0.00500147
2.05864e-09
0.00500147
1.76255e-09
0.00500147
1.50886e-09
0.00500147
1.29154e-09
0.00500147
1.10542e-09
0.00500147
9.46046e-10
0.00500147
8.09591e-10
0.00500147
6.92776e-10
0.00500147
5.92786e-10
0.00500147
5.07206e-10
0.00500147
4.33964e-10
0.00500147
3.71285e-10
0.00500147
3.17651e-10
0.00500148
2.71757e-10
0.00500148
2.3249e-10
0.00500148
1.98892e-10
0.00500148
1.70147e-10
0.00500148
1.45554e-10
0.00500148
1.24515e-10
0.00500148
1.06515e-10
0.00500148
9.1117e-11
0.00500148
7.79446e-11
0.00500148
6.66763e-11
0.00500148
5.70369e-11
0.00500148
4.87908e-11
0.00500148
4.17367e-11
0.00500148
3.57023e-11
0.00500148
3.05405e-11
0.00500148
2.61251e-11
0.00500148
2.23483e-11
0.00500148
1.91178e-11
0.00500148
1.63542e-11
0.00500148
1.39901e-11
0.00500148
1.19676e-11
0.00500148
1.02374e-11
0.00500148
8.75731e-12
0.00500148
7.49139e-12
0.00500148
6.40873e-12
0.00500148
5.48285e-12
0.00500148
4.69087e-12
0.00500148
4.0133e-12
0.00500148
3.43357e-12
0.00500148
2.93748e-12
0.00500148
2.51303e-12
0.00500148
2.14984e-12
0.00500148
1.83913e-12
0.00500148
1.57332e-12
0.00500148
1.34596e-12
0.00500148
1.15146e-12
0.00500148
9.85098e-13
0.00500148
8.42914e-13
0.00500148
7.21373e-13
0.00500148
6.17437e-13
0.00500148
5.28495e-13
0.00500148
4.52303e-13
0.00500148
3.87e-13
0.00500148
3.31094e-13
0.00500148
2.83327e-13
0.00500148
2.42614e-13
0.00500148
2.08091e-13
0.00500148
1.78831e-13
0.00500148
1.53851e-13
0.00500148
1.32415e-13
0.00500148
1.13811e-13
0.00500148
9.76679e-14
0.00500148
8.35474e-14
0.00500148
7.13834e-14
0.00500148
6.10921e-14
0.00500148
5.24164e-14
0.00500148
4.52187e-14
0.00500148
3.91079e-14
0.00500148
3.38567e-14
0.00500148
2.91956e-14
0.00500148
2.49634e-14
0.00500148
2.108e-14
0.00500148
1.75141e-14
0.00500148
1.42945e-14
0.00500148
1.15109e-14
0.00500148
9.22082e-15
0.00500148
7.41075e-15
0.00500148
6.06435e-15
0.00500148
5.06849e-15
0.00500148
4.29203e-15
0.00500148
3.60329e-15
0.00500148
3.02114e-15
0.00500148
2.51164e-15
0.00500148
2.14429e-15
0.00500148
1.93885e-15
0.00500148
1.90391e-15
0.00500148
2.05282e-15
0.00500148
2.32582e-15
0.00500148
2.69249e-15
0.00500148
3.1093e-15
0.00500148
3.47005e-15
0.00500148
3.69685e-15
0.00500148
3.77988e-15
0.00500148
3.7654e-15
0.00500148
3.67519e-15
0.00500148
3.57794e-15
0.00500148
3.45735e-15
0.00500148
3.3038e-15
0.00500148
3.20671e-15
0.00500148
3.06837e-15
0.00500148
3.1052e-15
0.00500148
3.00344e-15
0.00500148
2.86948e-15
0.00500148
2.76222e-15
0.00500148
2.59182e-15
0.00500148
2.43638e-15
0.00500148
2.30588e-15
0.00500148
2.13798e-15
0.00500148
2.0219e-15
0.00500148
1.93763e-15
0.00500148
1.72086e-15
0.00500148
1.60805e-15
0.00500148
1.37361e-15
0.00500148
1.04496e-15
0.00500148
6.84464e-16
0.00500148
2.74515e-16
0.00500148
-2.19721e-16
0.00500148
-7.83929e-16
0.00500148
-1.32301e-15
0.00500148
-1.8488e-15
0.00500148
-2.29395e-15
0.00500148
-2.7501e-15
0.00500148
-3.07901e-15
0.00500148
-3.35672e-15
0.00500148
-3.69858e-15
0.00500148
-3.76638e-15
0.00500148
-3.85681e-15
0.00500148
-3.98472e-15
0.00500148
-3.91707e-15
0.00500148
-3.99597e-15
0.00500148
-3.97739e-15
0.00500148
-3.95861e-15
0.00500148
-4.00368e-15
0.00500148
-4.01146e-15
0.00500148
-4.07558e-15
0.00500148
-4.24553e-15
0.00500148
-4.33398e-15
0.00500148
-4.56996e-15
0.00500148
-4.62003e-15
0.00500148
-4.72806e-15
0.00500148
-5.01799e-15
0.00500148
-5.03147e-15
0.00500148
-5.17102e-15
0.00500148
-5.09622e-15
0.00500148
-4.95677e-15
0.00500148
-4.65145e-15
0.00500148
-4.32137e-15
0.00500148
-4.11971e-15
0.00500148
-3.25957e-15
0.00500148
-2.66723e-15
0.00500148
-2.12398e-15
0.00500148
-1.48372e-15
-6.56648e-16
0.00500001
5.68904e-09
0.00500002
1.80349e-08
0.00500005
2.96732e-08
0.00500009
3.95445e-08
0.00500014
4.93974e-08
0.00500021
6.08337e-08
0.00500028
7.2959e-08
0.00500036
8.33043e-08
0.00500045
8.98911e-08
0.00500055
9.22016e-08
0.00500064
9.09031e-08
0.00500073
8.70999e-08
0.00500081
8.18051e-08
0.00500088
7.57517e-08
0.00500095
6.941e-08
0.00500102
6.3068e-08
0.00500107
5.69027e-08
0.00500112
5.10252e-08
0.00500117
4.55054e-08
0.00500121
4.03847e-08
0.00500124
3.56838e-08
0.00500127
3.1407e-08
0.0050013
2.75467e-08
0.00500133
2.40861e-08
0.00500135
2.10025e-08
0.00500136
1.82693e-08
0.00500138
1.58579e-08
0.00500139
1.37389e-08
0.0050014
1.18833e-08
0.00500141
1.02635e-08
0.00500142
8.85326e-09
0.00500143
7.62834e-09
0.00500144
6.56654e-09
0.00500144
5.64778e-09
0.00500145
4.85402e-09
0.00500145
4.16915e-09
0.00500145
3.57894e-09
0.00500146
3.0708e-09
0.00500146
2.63371e-09
0.00500146
2.25803e-09
0.00500146
1.93532e-09
0.00500147
1.65829e-09
0.00500147
1.42058e-09
0.00500147
1.2167e-09
0.00500147
1.0419e-09
0.00500147
8.92078e-10
0.00500147
7.63699e-10
0.00500147
6.53723e-10
0.00500147
5.59528e-10
0.00500147
4.78866e-10
0.00500147
4.09802e-10
0.00500147
3.50678e-10
0.00500147
3.00067e-10
0.00500147
2.56749e-10
0.00500147
2.19675e-10
0.00500147
1.87949e-10
0.00500147
1.60799e-10
0.00500148
1.37568e-10
0.00500148
1.1769e-10
0.00500148
1.00683e-10
0.00500148
8.61318e-11
0.00500148
7.36826e-11
0.00500148
6.30322e-11
0.00500148
5.39206e-11
0.00500148
4.61259e-11
0.00500148
3.94578e-11
0.00500148
3.37536e-11
0.00500148
2.88741e-11
0.00500148
2.46997e-11
0.00500148
2.11289e-11
0.00500148
1.80741e-11
0.00500148
1.54611e-11
0.00500148
1.32261e-11
0.00500148
1.13144e-11
0.00500148
9.67918e-12
0.00500148
8.2804e-12
0.00500148
7.08373e-12
0.00500148
6.05995e-12
0.00500148
5.18414e-12
0.00500148
4.43497e-12
0.00500148
3.7943e-12
0.00500148
3.24641e-12
0.00500148
2.77784e-12
0.00500148
2.377e-12
0.00500148
2.03395e-12
0.00500148
1.74037e-12
0.00500148
1.48908e-12
0.00500148
1.27412e-12
0.00500148
1.09029e-12
0.00500148
9.33123e-13
0.00500148
7.98711e-13
0.00500148
6.83701e-13
0.00500148
5.85258e-13
0.00500148
5.00977e-13
0.00500148
4.28865e-13
0.00500148
3.67146e-13
0.00500148
3.14367e-13
0.00500148
2.69179e-13
0.00500148
2.3046e-13
0.00500148
1.97238e-13
0.00500148
1.68807e-13
0.00500148
1.4459e-13
0.00500148
1.23964e-13
0.00500148
1.06506e-13
0.00500148
9.17096e-14
0.00500148
7.89747e-14
0.00500148
6.79438e-14
0.00500148
5.81644e-14
0.00500148
4.95909e-14
0.00500148
4.20727e-14
0.00500148
3.56349e-14
0.00500148
3.02611e-14
0.00500148
2.57826e-14
0.00500148
2.21519e-14
0.00500148
1.90932e-14
0.00500148
1.64034e-14
0.00500148
1.39115e-14
0.00500148
1.16124e-14
0.00500148
9.42447e-15
0.00500148
7.41459e-15
0.00500148
5.6672e-15
0.00500148
4.24464e-15
0.00500148
3.20805e-15
0.00500148
2.48974e-15
0.00500148
2.07392e-15
0.00500148
1.81252e-15
0.00500148
1.5672e-15
0.00500148
1.25925e-15
0.00500148
9.32379e-16
0.00500148
5.44128e-16
0.00500148
2.14643e-16
0.00500148
1.72854e-16
0.00500148
1.30222e-16
0.00500148
1.75e-16
0.00500148
2.8523e-16
0.00500148
4.78127e-16
0.00500148
7.43077e-16
0.00500148
9.56209e-16
0.00500148
9.44016e-16
0.00500148
8.36677e-16
0.00500148
6.21175e-16
0.00500148
3.43742e-16
0.00500148
1.13446e-16
0.00500148
2.51105e-17
0.00500148
-1.46361e-16
0.00500148
-1.39066e-16
0.00500148
-1.17827e-16
0.00500148
4.75535e-17
0.00500148
9.07942e-17
0.00500148
1.95187e-16
0.00500148
3.45542e-16
0.00500148
4.20349e-16
0.00500148
5.53335e-16
0.00500148
6.62236e-16
0.00500148
6.83765e-16
0.00500148
7.5194e-16
0.00500148
8.62454e-16
0.00500148
7.92695e-16
0.00500148
7.86605e-16
0.00500148
7.35095e-16
0.00500148
4.82453e-16
0.00500148
1.7901e-16
0.00500148
-5.88294e-17
0.00500148
-4.61107e-16
0.00500148
-8.87746e-16
0.00500148
-1.28526e-15
0.00500148
-1.66483e-15
0.00500148
-1.9108e-15
0.00500148
-2.11538e-15
0.00500148
-2.24207e-15
0.00500148
-2.25477e-15
0.00500148
-2.28386e-15
0.00500148
-2.20838e-15
0.00500148
-2.03191e-15
0.00500148
-1.93929e-15
0.00500148
-1.69125e-15
0.00500148
-1.51522e-15
0.00500148
-1.3832e-15
0.00500148
-1.19457e-15
0.00500148
-1.17051e-15
0.00500148
-1.20087e-15
0.00500148
-1.28632e-15
0.00500148
-1.45455e-15
0.00500148
-1.61758e-15
0.00500148
-1.96096e-15
0.00500148
-2.26287e-15
0.00500148
-2.3387e-15
0.00500148
-2.69801e-15
0.00500148
-3.15744e-15
0.00500148
-3.1527e-15
0.00500148
-3.4681e-15
0.00500148
-3.58841e-15
0.00500148
-3.27252e-15
0.00500148
-3.09596e-15
0.00500148
-3.13305e-15
0.00500148
-2.5996e-15
0.00500148
-2.01056e-15
0.00500148
-1.53855e-15
0.00500148
-9.92218e-16
-3.95787e-16
0.00500001
0.00500002
0.00500005
0.00500009
0.00500014
0.0050002
0.00500028
0.00500036
0.00500045
0.00500054
0.00500063
0.00500072
0.0050008
0.00500088
0.00500095
0.00500101
0.00500107
0.00500112
0.00500116
0.0050012
0.00500124
0.00500127
0.0050013
0.00500132
0.00500134
0.00500136
0.00500138
0.00500139
0.0050014
0.00500141
0.00500142
0.00500143
0.00500144
0.00500144
0.00500145
0.00500145
0.00500145
0.00500146
0.00500146
0.00500146
0.00500146
0.00500147
0.00500147
0.00500147
0.00500147
0.00500147
0.00500147
0.00500147
0.00500147
0.00500147
0.00500147
0.00500147
0.00500147
0.00500147
0.00500147
0.00500147
0.00500147
0.00500148
0.00500148
0.00500148
0.00500148
0.00500148
0.00500148
0.00500148
0.00500148
0.00500148
0.00500148
0.00500148
0.00500148
0.00500148
0.00500148
0.00500148
0.00500148
0.00500148
0.00500148
0.00500148
0.00500148
0.00500148
0.00500148
0.00500148
0.00500148
0.00500148
0.00500148
0.00500148
0.00500148
0.00500148
0.00500148
0.00500148
0.00500148
0.00500148
0.00500148
0.00500148
0.00500148
0.00500148
0.00500148
0.00500148
0.00500148
0.00500148
0.00500148
0.00500148
0.00500148
0.00500148
0.00500148
0.00500148
0.00500148
0.00500148
0.00500148
0.00500148
0.00500148
0.00500148
0.00500148
0.00500148
0.00500148
0.00500148
0.00500148
0.00500148
0.00500148
0.00500148
0.00500148
0.00500148
0.00500148
0.00500148
0.00500148
0.00500148
0.00500148
0.00500148
0.00500148
0.00500148
0.00500148
0.00500148
0.00500148
0.00500148
0.00500148
0.00500148
0.00500148
0.00500148
0.00500148
0.00500148
0.00500148
0.00500148
0.00500148
0.00500148
0.00500148
0.00500148
0.00500148
0.00500148
0.00500148
0.00500148
0.00500148
0.00500148
0.00500148
0.00500148
0.00500148
0.00500148
0.00500148
0.00500148
0.00500148
0.00500148
0.00500148
0.00500148
0.00500148
0.00500148
0.00500148
0.00500148
0.00500148
0.00500148
0.00500148
0.00500148
0.00500148
0.00500148
0.00500148
0.00500148
0.00500148
0.00500148
0.00500148
0.00500148
0.00500148
0.00500148
0.00500148
0.00500148
0.00500148
0.00500148
0.00500148
0.00500148
0.00500148
0.00500148
0.00500148
0.00500148
0.00500148
0.00500148
0.00500148
0.00500148
0.00500148
0.00500148
0.00500148
0.00500148
0.00500148
0.00500148
0.00500148
)
;

boundaryField
{
    inlet
    {
        type            calculated;
        value           nonuniform List<scalar> 
20
(
-0.005
-0.005
-0.005
-0.005
-0.005
-0.005
-0.005
-0.005
-0.005
-0.005
-0.005
-0.005
-0.005
-0.005
-0.005
-0.005
-0.005
-0.005
-0.005
-0.005
)
;
    }
    outlet
    {
        type            calculated;
        value           nonuniform List<scalar> 
20
(
0.004972
0.00500143
0.00500148
0.00500148
0.00500148
0.00500148
0.00500148
0.00500148
0.00500148
0.00500148
0.00500148
0.00500148
0.00500148
0.00500148
0.00500148
0.00500148
0.00500148
0.00500148
0.00500148
0.00500148
)
;
    }
    top
    {
        type            calculated;
        value           uniform 0;
    }
    bottom
    {
        type            calculated;
        value           uniform 0;
    }
    frontAndBack
    {
        type            empty;
    }
}


// ************************************************************************* //
