/*--------------------------------*- C++ -*----------------------------------*\
  =========                 |
  \\      /  F ield         | OpenFOAM: The Open Source CFD Toolbox
   \\    /   O peration     | Website:  https://openfoam.org
    \\  /    A nd           | Version:  dev
     \\/     M anipulation  |
\*---------------------------------------------------------------------------*/
FoamFile
{
    format      ascii;
    class       volVectorField;
    location    "0.5";
    object      U;
}
// * * * * * * * * * * * * * * * * * * * * * * * * * * * * * * * * * * * * * //

dimensions      [0 1 -1 0 0 0 0];

internalField   nonuniform List<vector> 
4000
(
(0.999712 0.000147939 0)
(0.999387 0.000339837 0)
(0.999049 0.00042987 0)
(0.998753 0.000424659 0)
(0.998349 0.000412794 0)
(0.997758 0.000458399 0)
(0.997113 0.000510017 0)
(0.996526 0.00049858 0)
(0.996007 0.000424426 0)
(0.995564 0.000325197 0)
(0.995221 0.000230566 0)
(0.994979 0.000154045 0)
(0.994817 9.89099e-05 0)
(0.994708 6.26042e-05 0)
(0.994633 4.00823e-05 0)
(0.994581 2.6479e-05 0)
(0.994544 1.8252e-05 0)
(0.994517 1.31595e-05 0)
(0.994496 9.87856e-06 0)
(0.994479 7.65882e-06 0)
(0.994466 6.08223e-06 0)
(0.994455 4.91462e-06 0)
(0.994446 4.02089e-06 0)
(0.994439 3.3196e-06 0)
(0.994433 2.75912e-06 0)
(0.994428 2.30506e-06 0)
(0.994424 1.93345e-06 0)
(0.99442 1.62695e-06 0)
(0.994417 1.37258e-06 0)
(0.994415 1.16046e-06 0)
(0.994413 9.82857e-07 0)
(0.994411 8.33668e-07 0)
(0.994409 7.08005e-07 0)
(0.994408 6.01916e-07 0)
(0.994407 5.1218e-07 0)
(0.994406 4.36152e-07 0)
(0.994405 3.71649e-07 0)
(0.994405 3.16859e-07 0)
(0.994404 2.70273e-07 0)
(0.994403 2.30629e-07 0)
(0.994403 1.96867e-07 0)
(0.994403 1.68098e-07 0)
(0.994402 1.43568e-07 0)
(0.994402 1.22645e-07 0)
(0.994402 1.0479e-07 0)
(0.994402 8.95492e-08 0)
(0.994402 7.65353e-08 0)
(0.994401 6.54204e-08 0)
(0.994401 5.59253e-08 0)
(0.994401 4.78124e-08 0)
(0.994401 4.08795e-08 0)
(0.994401 3.49542e-08 0)
(0.994401 2.98894e-08 0)
(0.994401 2.55597e-08 0)
(0.994401 2.1858e-08 0)
(0.994401 1.8693e-08 0)
(0.994401 1.59869e-08 0)
(0.994401 1.36729e-08 0)
(0.994401 1.16941e-08 0)
(0.994401 1.00018e-08 0)
(0.994401 8.5546e-09 0)
(0.994401 7.31685e-09 0)
(0.994401 6.25829e-09 0)
(0.994401 5.35295e-09 0)
(0.994401 4.57859e-09 0)
(0.994401 3.91627e-09 0)
(0.994401 3.34976e-09 0)
(0.994401 2.86519e-09 0)
(0.994401 2.45075e-09 0)
(0.994401 2.09626e-09 0)
(0.994401 1.79303e-09 0)
(0.994401 1.53366e-09 0)
(0.994401 1.31182e-09 0)
(0.994401 1.12207e-09 0)
(0.994401 9.5977e-10 0)
(0.994401 8.20952e-10 0)
(0.994401 7.02201e-10 0)
(0.994401 6.00599e-10 0)
(0.994401 5.13674e-10 0)
(0.994401 4.39305e-10 0)
(0.994401 3.75694e-10 0)
(0.994401 3.21334e-10 0)
(0.994401 2.74876e-10 0)
(0.994401 2.35154e-10 0)
(0.994401 2.01164e-10 0)
(0.994401 1.72052e-10 0)
(0.994401 1.4711e-10 0)
(0.994401 1.25749e-10 0)
(0.994401 1.07491e-10 0)
(0.994401 9.19198e-11 0)
(0.994401 7.86349e-11 0)
(0.994401 6.7288e-11 0)
(0.994401 5.75777e-11 0)
(0.994401 4.92406e-11 0)
(0.994401 4.20811e-11 0)
(0.994401 3.5961e-11 0)
(0.994401 3.07484e-11 0)
(0.994401 2.63087e-11 0)
(0.994401 2.25202e-11 0)
(0.994401 1.92724e-11 0)
(0.994401 1.64674e-11 0)
(0.994401 1.40575e-11 0)
(0.994401 1.19899e-11 0)
(0.994401 1.0227e-11 0)
(0.994401 8.7476e-12 0)
(0.994401 7.51101e-12 0)
(0.994401 6.46896e-12 0)
(0.994401 5.58164e-12 0)
(0.994401 4.81036e-12 0)
(0.994401 4.12587e-12 0)
(0.994401 3.5249e-12 0)
(0.994401 3.01182e-12 0)
(0.994401 2.56564e-12 0)
(0.994401 2.19404e-12 0)
(0.994401 1.90172e-12 0)
(0.994401 1.66889e-12 0)
(0.994401 1.47814e-12 0)
(0.994401 1.3254e-12 0)
(0.994401 1.19828e-12 0)
(0.994401 1.07831e-12 0)
(0.994401 9.76416e-13 0)
(0.994401 8.77204e-13 0)
(0.994401 7.65953e-13 0)
(0.994401 6.94841e-13 0)
(0.994401 6.38698e-13 0)
(0.994401 5.98728e-13 0)
(0.994401 5.78297e-13 0)
(0.994401 5.54853e-13 0)
(0.994401 5.43867e-13 0)
(0.994401 5.15017e-13 0)
(0.994401 4.65143e-13 0)
(0.994401 3.96183e-13 0)
(0.994401 2.92035e-13 0)
(0.994401 1.92889e-13 0)
(0.994401 1.06716e-13 0)
(0.994401 4.81842e-14 0)
(0.994401 1.62643e-14 0)
(0.994401 9.02798e-15 0)
(0.994401 4.56695e-14 0)
(0.994401 1.0958e-13 0)
(0.994401 1.85274e-13 0)
(0.994401 2.37079e-13 0)
(0.994401 2.74758e-13 0)
(0.994401 2.797e-13 0)
(0.994401 2.39534e-13 0)
(0.994401 1.79041e-13 0)
(0.994401 1.24342e-13 0)
(0.994401 8.5141e-14 0)
(0.994401 7.16889e-14 0)
(0.994401 7.05843e-14 0)
(0.994401 6.92826e-14 0)
(0.994401 8.1072e-14 0)
(0.994401 9.83886e-14 0)
(0.994401 1.02153e-13 0)
(0.994401 1.09681e-13 0)
(0.994401 1.07434e-13 0)
(0.994401 1.00129e-13 0)
(0.994401 1.04676e-13 0)
(0.994401 1.08285e-13 0)
(0.994401 1.11058e-13 0)
(0.994401 1.00028e-13 0)
(0.994401 1.04959e-13 0)
(0.994401 1.16163e-13 0)
(0.994401 9.99416e-14 0)
(0.994401 9.80742e-14 0)
(0.994401 8.42758e-14 0)
(0.994401 7.20784e-14 0)
(0.994401 5.88619e-14 0)
(0.994401 5.56888e-14 0)
(0.994401 6.30636e-14 0)
(0.994401 5.72926e-14 0)
(0.994401 4.12431e-14 0)
(0.994401 3.24382e-14 0)
(0.994401 1.47736e-14 0)
(0.994401 -2.91595e-15 0)
(0.994401 -1.73996e-15 0)
(0.994401 -9.19225e-15 0)
(0.994401 -3.90171e-14 0)
(0.994401 -4.25344e-14 0)
(0.994401 -4.38935e-14 0)
(0.994401 -5.32762e-14 0)
(0.994401 -2.16948e-14 0)
(0.994401 1.45743e-15 0)
(0.994401 2.56248e-14 0)
(0.994401 4.97104e-14 0)
(0.994401 7.99759e-14 0)
(0.994401 1.40836e-13 0)
(0.994401 2.01196e-13 0)
(0.994401 2.19161e-13 0)
(0.994401 2.25621e-13 0)
(0.994401 2.43702e-13 0)
(0.994401 2.2504e-13 0)
(0.994401 2.20867e-13 0)
(0.994401 2.26315e-13 0)
(0.994401 1.28552e-13 0)
(0.994401 9.25377e-14 0)
(0.994401 4.77343e-14 0)
(0.994401 -2.18752e-14 0)
(0.994401 -6.62932e-14 0)
(0.994401 -7.51975e-14 0)
(0.999998 0.000177872 0)
(1.00008 0.000414976 0)
(1.00018 0.000537 0)
(1.00031 0.000537458 0)
(1.00045 0.000511016 0)
(1.00052 0.000555811 0)
(1.00055 0.000626541 0)
(1.00061 0.000631392 0)
(1.00066 0.000557781 0)
(1.00067 0.000447703 0)
(1.00064 0.000337209 0)
(1.0006 0.000243037 0)
(1.00056 0.000170719 0)
(1.00051 0.000119426 0)
(1.00048 8.47418e-05 0)
(1.00044 6.16011e-05 0)
(1.00042 4.59942e-05 0)
(1.00039 3.52194e-05 0)
(1.00038 2.75607e-05 0)
(1.00036 2.19497e-05 0)
(1.00035 1.77234e-05 0)
(1.00034 1.44653e-05 0)
(1.00033 1.19058e-05 0)
(1.00032 9.86453e-06 0)
(1.00032 8.21695e-06 0)
(1.00031 6.87417e-06 0)
(1.00031 5.77116e-06 0)
(1.00031 4.85928e-06 0)
(1.0003 4.10139e-06 0)
(1.0003 3.46871e-06 0)
(1.0003 2.9386e-06 0)
(1.0003 2.49306e-06 0)
(1.0003 2.11762e-06 0)
(1.00029 1.80056e-06 0)
(1.00029 1.5323e-06 0)
(1.00029 1.30497e-06 0)
(1.00029 1.11206e-06 0)
(1.00029 9.48183e-07 0)
(1.00029 8.08824e-07 0)
(1.00029 6.90218e-07 0)
(1.00029 5.89202e-07 0)
(1.00029 5.03115e-07 0)
(1.00029 4.29712e-07 0)
(1.00029 3.67096e-07 0)
(1.00029 3.13661e-07 0)
(1.00029 2.68046e-07 0)
(1.00029 2.29095e-07 0)
(1.00029 1.95827e-07 0)
(1.00029 1.67407e-07 0)
(1.00029 1.43123e-07 0)
(1.00029 1.22371e-07 0)
(1.00029 1.04634e-07 0)
(1.00029 8.94735e-08 0)
(1.00029 7.65128e-08 0)
(1.00029 6.5432e-08 0)
(1.00029 5.59579e-08 0)
(1.00029 4.78572e-08 0)
(1.00029 4.09303e-08 0)
(1.00029 3.50067e-08 0)
(1.00029 2.99409e-08 0)
(1.00029 2.56085e-08 0)
(1.00029 2.19033e-08 0)
(1.00029 1.87344e-08 0)
(1.00029 1.60242e-08 0)
(1.00029 1.37062e-08 0)
(1.00029 1.17235e-08 0)
(1.00029 1.00277e-08 0)
(1.00029 8.57726e-09 0)
(1.00029 7.33669e-09 0)
(1.00029 6.27559e-09 0)
(1.00029 5.36794e-09 0)
(1.00029 4.59155e-09 0)
(1.00029 3.92747e-09 0)
(1.00029 3.35945e-09 0)
(1.00029 2.87357e-09 0)
(1.00029 2.45794e-09 0)
(1.00029 2.10236e-09 0)
(1.00029 1.79821e-09 0)
(1.00029 1.53808e-09 0)
(1.00029 1.31563e-09 0)
(1.00029 1.12539e-09 0)
(1.00029 9.62669e-10 0)
(1.00029 8.23457e-10 0)
(1.00029 7.04324e-10 0)
(1.00029 6.02391e-10 0)
(1.00029 5.15157e-10 0)
(1.00029 4.40546e-10 0)
(1.00029 3.7676e-10 0)
(1.00029 3.22257e-10 0)
(1.00029 2.75691e-10 0)
(1.00029 2.35861e-10 0)
(1.00029 2.01767e-10 0)
(1.00029 1.72563e-10 0)
(1.00029 1.47555e-10 0)
(1.00029 1.26152e-10 0)
(1.00029 1.07862e-10 0)
(1.00029 9.22405e-11 0)
(1.00029 7.88838e-11 0)
(1.00029 6.74486e-11 0)
(1.00029 5.76513e-11 0)
(1.00029 4.92545e-11 0)
(1.00029 4.2095e-11 0)
(1.00029 3.60211e-11 0)
(1.00029 3.08747e-11 0)
(1.00029 2.65142e-11 0)
(1.00029 2.27863e-11 0)
(1.00029 1.95752e-11 0)
(1.00029 1.67979e-11 0)
(1.00029 1.43817e-11 0)
(1.00029 1.23097e-11 0)
(1.00029 1.05376e-11 0)
(1.00029 9.05734e-12 0)
(1.00029 7.82563e-12 0)
(1.00029 6.79696e-12 0)
(1.00029 5.94332e-12 0)
(1.00029 5.209e-12 0)
(1.00029 4.58646e-12 0)
(1.00029 4.02656e-12 0)
(1.00029 3.53634e-12 0)
(1.00029 3.10729e-12 0)
(1.00029 2.72079e-12 0)
(1.00029 2.39683e-12 0)
(1.00029 2.09874e-12 0)
(1.00029 1.85918e-12 0)
(1.00029 1.65915e-12 0)
(1.00029 1.47823e-12 0)
(1.00029 1.33832e-12 0)
(1.00029 1.20123e-12 0)
(1.00029 1.07691e-12 0)
(1.00029 9.52005e-13 0)
(1.00029 8.2238e-13 0)
(1.00029 6.79496e-13 0)
(1.00029 5.48409e-13 0)
(1.00029 4.31944e-13 0)
(1.00029 3.58762e-13 0)
(1.00029 3.35616e-13 0)
(1.00029 3.44378e-13 0)
(1.00029 4.00605e-13 0)
(1.00029 4.88946e-13 0)
(1.00029 5.88184e-13 0)
(1.00029 6.92108e-13 0)
(1.00029 7.85707e-13 0)
(1.00029 8.41725e-13 0)
(1.00029 8.70585e-13 0)
(1.00029 8.61559e-13 0)
(1.00029 8.16945e-13 0)
(1.00029 7.68168e-13 0)
(1.00029 7.25374e-13 0)
(1.00029 6.9769e-13 0)
(1.00029 6.6072e-13 0)
(1.00029 6.2317e-13 0)
(1.00029 5.72073e-13 0)
(1.00029 5.09211e-13 0)
(1.00029 4.28855e-13 0)
(1.00029 3.44535e-13 0)
(1.00029 2.79404e-13 0)
(1.00029 2.23656e-13 0)
(1.00029 1.80535e-13 0)
(1.00029 1.49119e-13 0)
(1.00029 1.35477e-13 0)
(1.00029 1.20534e-13 0)
(1.00029 1.27318e-13 0)
(1.00029 1.52927e-13 0)
(1.00029 1.48753e-13 0)
(1.00029 1.49073e-13 0)
(1.00029 1.26992e-13 0)
(1.00029 1.00554e-13 0)
(1.00029 8.39338e-14 0)
(1.00029 5.40649e-14 0)
(1.00029 2.49852e-14 0)
(1.00029 -2.41857e-14 0)
(1.00029 -8.64749e-14 0)
(1.00029 -1.63168e-13 0)
(1.00029 -2.3169e-13 0)
(1.00029 -2.84997e-13 0)
(1.00029 -3.54428e-13 0)
(1.00029 -4.06973e-13 0)
(1.00029 -4.73101e-13 0)
(1.00029 -5.22012e-13 0)
(1.00029 -5.21582e-13 0)
(1.00029 -5.2638e-13 0)
(1.00029 -5.09907e-13 0)
(1.00029 -4.93731e-13 0)
(1.00029 -4.64564e-13 0)
(1.00029 -4.19287e-13 0)
(1.00029 -3.559e-13 0)
(1.00029 -3.11154e-13 0)
(1.00029 -2.36502e-13 0)
(1.00029 -2.04474e-13 0)
(1.00029 -1.94828e-13 0)
(1.00029 -1.36677e-13 0)
(1.00029 -1.48022e-13 0)
(1.00029 -1.32866e-13 0)
(1.00029 -1.23661e-13 0)
(1.00029 -2.04528e-13 0)
(1.00029 -1.5396e-13 0)
(1.00029 -1.70484e-13 0)
(1.00029 -1.74557e-13 0)
(1.00029 -1.55922e-13 0)
(1.00029 -1.11756e-13 0)
(0.999998 6.9348e-05 0)
(1.00005 0.000187589 0)
(1.00012 0.000278886 0)
(1.00021 0.00032771 0)
(1.00033 0.000335969 0)
(1.00042 0.000354738 0)
(1.00046 0.000399796 0)
(1.00051 0.000429702 0)
(1.00057 0.000415523 0)
(1.00059 0.000367558 0)
(1.00059 0.000306631 0)
(1.00056 0.000245791 0)
(1.00053 0.000191685 0)
(1.0005 0.000147431 0)
(1.00046 0.000113245 0)
(1.00044 8.7558e-05 0)
(1.00041 6.83893e-05 0)
(1.00039 5.40303e-05 0)
(1.00038 4.31734e-05 0)
(1.00036 3.48602e-05 0)
(1.00035 2.8406e-05 0)
(1.00034 2.33272e-05 0)
(1.00034 1.92819e-05 0)
(1.00033 1.60251e-05 0)
(1.00033 1.33788e-05 0)
(1.00032 1.12118e-05 0)
(1.00032 9.42538e-06 0)
(1.00031 7.94451e-06 0)
(1.00031 6.71112e-06 0)
(1.00031 5.67979e-06 0)
(1.00031 4.81449e-06 0)
(1.0003 4.08645e-06 0)
(1.0003 3.47242e-06 0)
(1.0003 2.95347e-06 0)
(1.0003 2.51413e-06 0)
(1.0003 2.14163e-06 0)
(1.0003 1.82541e-06 0)
(1.0003 1.55666e-06 0)
(1.0003 1.32806e-06 0)
(1.0003 1.13345e-06 0)
(1.0003 9.67664e-07 0)
(1.0003 8.26353e-07 0)
(1.0003 7.05843e-07 0)
(1.0003 6.03028e-07 0)
(1.0003 5.15279e-07 0)
(1.0003 4.40364e-07 0)
(1.0003 3.76388e-07 0)
(1.0003 3.21742e-07 0)
(1.0003 2.75055e-07 0)
(1.0003 2.35162e-07 0)
(1.0003 2.01069e-07 0)
(1.0003 1.71929e-07 0)
(1.0003 1.4702e-07 0)
(1.0003 1.25725e-07 0)
(1.0003 1.07518e-07 0)
(1.0003 9.19516e-08 0)
(1.0003 7.8641e-08 0)
(1.0003 6.72588e-08 0)
(1.0003 5.75252e-08 0)
(1.0003 4.92008e-08 0)
(1.0003 4.20816e-08 0)
(1.0003 3.59932e-08 0)
(1.0003 3.0786e-08 0)
(1.0003 2.63325e-08 0)
(1.0003 2.25234e-08 0)
(1.0003 1.92653e-08 0)
(1.0003 1.64787e-08 0)
(1.0003 1.40953e-08 0)
(1.0003 1.20567e-08 0)
(1.0003 1.03131e-08 0)
(1.0003 8.82157e-09 0)
(1.0003 7.54576e-09 0)
(1.0003 6.4545e-09 0)
(1.0003 5.52104e-09 0)
(1.0003 4.72254e-09 0)
(1.0003 4.03948e-09 0)
(1.0003 3.4552e-09 0)
(1.0003 2.95552e-09 0)
(1.0003 2.5282e-09 0)
(1.0003 2.16273e-09 0)
(1.0003 1.85009e-09 0)
(1.0003 1.58256e-09 0)
(1.0003 1.3536e-09 0)
(1.0003 1.15769e-09 0)
(1.0003 9.9012e-10 0)
(1.0003 8.46833e-10 0)
(1.0003 7.24356e-10 0)
(1.0003 6.19652e-10 0)
(1.0003 5.30121e-10 0)
(1.0003 4.53519e-10 0)
(1.0003 3.87946e-10 0)
(1.0003 3.31824e-10 0)
(1.0003 2.83776e-10 0)
(1.0003 2.42681e-10 0)
(1.0003 2.07528e-10 0)
(1.0003 1.77458e-10 0)
(1.0003 1.51731e-10 0)
(1.0003 1.29702e-10 0)
(1.0003 1.1084e-10 0)
(1.0003 9.47181e-11 0)
(1.0003 8.09902e-11 0)
(1.0003 6.93431e-11 0)
(1.0003 5.94554e-11 0)
(1.0003 5.10412e-11 0)
(1.0003 4.38417e-11 0)
(1.0003 3.76393e-11 0)
(1.0003 3.22675e-11 0)
(1.0003 2.76155e-11 0)
(1.0003 2.36171e-11 0)
(1.0003 2.02346e-11 0)
(1.0003 1.73996e-11 0)
(1.0003 1.50454e-11 0)
(1.0003 1.30829e-11 0)
(1.0003 1.1411e-11 0)
(1.0003 9.98886e-12 0)
(1.0003 8.72893e-12 0)
(1.0003 7.6195e-12 0)
(1.0003 6.62261e-12 0)
(1.0003 5.73879e-12 0)
(1.0003 4.97605e-12 0)
(1.0003 4.28841e-12 0)
(1.0003 3.72362e-12 0)
(1.0003 3.22537e-12 0)
(1.0003 2.7847e-12 0)
(1.0003 2.40579e-12 0)
(1.0003 2.05371e-12 0)
(1.0003 1.74356e-12 0)
(1.0003 1.47877e-12 0)
(1.0003 1.23582e-12 0)
(1.0003 1.03206e-12 0)
(1.0003 8.78163e-13 0)
(1.0003 7.53843e-13 0)
(1.0003 6.90232e-13 0)
(1.0003 6.59616e-13 0)
(1.0003 6.83848e-13 0)
(1.0003 7.48118e-13 0)
(1.0003 8.49636e-13 0)
(1.0003 9.7514e-13 0)
(1.0003 1.09387e-12 0)
(1.0003 1.21163e-12 0)
(1.0003 1.29747e-12 0)
(1.0003 1.38253e-12 0)
(1.0003 1.44394e-12 0)
(1.0003 1.4985e-12 0)
(1.0003 1.54224e-12 0)
(1.0003 1.54652e-12 0)
(1.0003 1.5383e-12 0)
(1.0003 1.49795e-12 0)
(1.0003 1.43712e-12 0)
(1.0003 1.3588e-12 0)
(1.0003 1.26524e-12 0)
(1.0003 1.1391e-12 0)
(1.0003 9.81496e-13 0)
(1.0003 8.31903e-13 0)
(1.0003 6.88414e-13 0)
(1.0003 5.60552e-13 0)
(1.0003 4.64037e-13 0)
(1.0003 3.68167e-13 0)
(1.0003 2.97425e-13 0)
(1.0003 2.46753e-13 0)
(1.0003 2.1559e-13 0)
(1.0003 1.97565e-13 0)
(1.0003 1.67977e-13 0)
(1.0003 1.54843e-13 0)
(1.0003 1.1236e-13 0)
(1.0003 5.19104e-14 0)
(1.0003 -1.26435e-15 0)
(1.0003 -7.0532e-14 0)
(1.0003 -1.49267e-13 0)
(1.0003 -2.55686e-13 0)
(1.0003 -3.77438e-13 0)
(1.0003 -4.93443e-13 0)
(1.0003 -6.25785e-13 0)
(1.0003 -7.36287e-13 0)
(1.0003 -8.40545e-13 0)
(1.0003 -9.70664e-13 0)
(1.0003 -1.06601e-12 0)
(1.0003 -1.15317e-12 0)
(1.0003 -1.21395e-12 0)
(1.0003 -1.22529e-12 0)
(1.0003 -1.24618e-12 0)
(1.0003 -1.26168e-12 0)
(1.0003 -1.25288e-12 0)
(1.0003 -1.21235e-12 0)
(1.0003 -1.1567e-12 0)
(1.0003 -1.08602e-12 0)
(1.0003 -1.071e-12 0)
(1.0003 -1.03705e-12 0)
(1.0003 -9.49629e-13 0)
(1.0003 -8.78187e-13 0)
(1.0003 -7.93676e-13 0)
(1.0003 -7.7266e-13 0)
(1.0003 -6.97808e-13 0)
(1.0003 -6.13541e-13 0)
(1.0003 -5.47204e-13 0)
(1.0003 -4.30239e-13 0)
(1.0003 -4.21622e-13 0)
(1.0003 -3.31228e-13 0)
(1.0003 -1.94679e-13 0)
(1.0003 -5.56584e-14 0)
(0.999999 6.20483e-05 0)
(1.00003 0.000178818 0)
(1.00008 0.000273231 0)
(1.00014 0.000338816 0)
(1.00022 0.000371261 0)
(1.00029 0.000398244 0)
(1.00033 0.000439314 0)
(1.00037 0.000469089 0)
(1.00041 0.000459051 0)
(1.00045 0.00041252 0)
(1.00046 0.000349332 0)
(1.00046 0.000284801 0)
(1.00045 0.000226594 0)
(1.00044 0.00017798 0)
(1.00042 0.00013946 0)
(1.00041 0.000109788 0)
(1.00039 8.71255e-05 0)
(1.00038 6.9772e-05 0)
(1.00037 5.63799e-05 0)
(1.00036 4.59371e-05 0)
(1.00035 3.77022e-05 0)
(1.00034 3.1138e-05 0)
(1.00033 2.58539e-05 0)
(1.00033 2.15635e-05 0)
(1.00032 1.80536e-05 0)
(1.00032 1.51636e-05 0)
(1.00031 1.27708e-05 0)
(1.00031 1.07803e-05 0)
(1.00031 9.11772e-06 0)
(1.00031 7.72425e-06 0)
(1.00031 6.55291e-06 0)
(1.0003 5.56582e-06 0)
(1.0003 4.73222e-06 0)
(1.0003 4.02695e-06 0)
(1.0003 3.42932e-06 0)
(1.0003 2.92223e-06 0)
(1.0003 2.49147e-06 0)
(1.0003 2.12519e-06 0)
(1.0003 1.81348e-06 0)
(1.0003 1.54802e-06 0)
(1.0003 1.3218e-06 0)
(1.0003 1.12892e-06 0)
(1.0003 9.64392e-07 0)
(1.0003 8.23996e-07 0)
(1.0003 7.0415e-07 0)
(1.0003 6.01818e-07 0)
(1.0003 5.14417e-07 0)
(1.0003 4.39754e-07 0)
(1.0003 3.7596e-07 0)
(1.0003 3.21445e-07 0)
(1.0003 2.74852e-07 0)
(1.0003 2.35025e-07 0)
(1.0003 2.00979e-07 0)
(1.0003 1.71872e-07 0)
(1.0003 1.46986e-07 0)
(1.0003 1.25707e-07 0)
(1.0003 1.07511e-07 0)
(1.0003 9.19514e-08 0)
(1.0003 7.86447e-08 0)
(1.0003 6.72648e-08 0)
(1.0003 5.75324e-08 0)
(1.0003 4.92089e-08 0)
(1.0003 4.20901e-08 0)
(1.0003 3.60015e-08 0)
(1.0003 3.07937e-08 0)
(1.0003 2.63395e-08 0)
(1.0003 2.25297e-08 0)
(1.0003 1.92712e-08 0)
(1.0003 1.64841e-08 0)
(1.0003 1.41002e-08 0)
(1.0003 1.2061e-08 0)
(1.0003 1.03167e-08 0)
(1.0003 8.82469e-09 0)
(1.0003 7.54845e-09 0)
(1.0003 6.45677e-09 0)
(1.0003 5.52299e-09 0)
(1.0003 4.72431e-09 0)
(1.0003 4.04121e-09 0)
(1.0003 3.45697e-09 0)
(1.0003 2.95716e-09 0)
(1.0003 2.52954e-09 0)
(1.0003 2.16366e-09 0)
(1.0003 1.85062e-09 0)
(1.0003 1.58287e-09 0)
(1.0003 1.35389e-09 0)
(1.0003 1.15809e-09 0)
(1.0003 9.90652e-10 0)
(1.0003 8.47429e-10 0)
(1.0003 7.24915e-10 0)
(1.0003 6.20097e-10 0)
(1.0003 5.3041e-10 0)
(1.0003 4.53678e-10 0)
(1.0003 3.88025e-10 0)
(1.0003 3.31858e-10 0)
(1.0003 2.83791e-10 0)
(1.0003 2.42647e-10 0)
(1.0003 2.07436e-10 0)
(1.0003 1.77306e-10 0)
(1.0003 1.51568e-10 0)
(1.0003 1.29603e-10 0)
(1.0003 1.10893e-10 0)
(1.0003 9.49858e-11 0)
(1.0003 8.14333e-11 0)
(1.0003 6.98726e-11 0)
(1.0003 5.99465e-11 0)
(1.0003 5.13944e-11 0)
(1.0003 4.40334e-11 0)
(1.0003 3.76887e-11 0)
(1.0003 3.22999e-11 0)
(1.0003 2.77329e-11 0)
(1.0003 2.38956e-11 0)
(1.0003 2.0689e-11 0)
(1.0003 1.79849e-11 0)
(1.0003 1.56836e-11 0)
(1.0003 1.36835e-11 0)
(1.0003 1.19324e-11 0)
(1.0003 1.03892e-11 0)
(1.0003 9.01402e-12 0)
(1.0003 7.80274e-12 0)
(1.0003 6.74317e-12 0)
(1.0003 5.8136e-12 0)
(1.0003 5.01508e-12 0)
(1.0003 4.31515e-12 0)
(1.0003 3.70296e-12 0)
(1.0003 3.15722e-12 0)
(1.0003 2.6779e-12 0)
(1.0003 2.25606e-12 0)
(1.0003 1.89393e-12 0)
(1.0003 1.58813e-12 0)
(1.0003 1.35154e-12 0)
(1.0003 1.1658e-12 0)
(1.0003 1.04542e-12 0)
(1.0003 9.75507e-13 0)
(1.0003 9.63889e-13 0)
(1.0003 1.01075e-12 0)
(1.0003 1.09541e-12 0)
(1.0003 1.22656e-12 0)
(1.0003 1.38203e-12 0)
(1.0003 1.54398e-12 0)
(1.0003 1.70317e-12 0)
(1.0003 1.84116e-12 0)
(1.0003 1.96395e-12 0)
(1.0003 2.06033e-12 0)
(1.0003 2.12764e-12 0)
(1.0003 2.15175e-12 0)
(1.0003 2.13514e-12 0)
(1.0003 2.08997e-12 0)
(1.0003 2.01366e-12 0)
(1.0003 1.90947e-12 0)
(1.0003 1.78107e-12 0)
(1.0003 1.62308e-12 0)
(1.0003 1.4568e-12 0)
(1.0003 1.28502e-12 0)
(1.0003 1.12662e-12 0)
(1.0003 9.85998e-13 0)
(1.0003 8.50744e-13 0)
(1.0003 7.36306e-13 0)
(1.0003 6.276e-13 0)
(1.0003 5.40714e-13 0)
(1.0003 4.66866e-13 0)
(1.0003 3.92823e-13 0)
(1.0003 3.38432e-13 0)
(1.0003 2.55229e-13 0)
(1.0003 1.78329e-13 0)
(1.0003 9.2483e-14 0)
(1.0003 -9.40611e-15 0)
(1.0003 -1.05649e-13 0)
(1.0003 -2.17542e-13 0)
(1.0003 -3.46878e-13 0)
(1.0003 -5.05574e-13 0)
(1.0003 -6.55179e-13 0)
(1.0003 -8.07201e-13 0)
(1.0003 -9.54598e-13 0)
(1.0003 -1.09372e-12 0)
(1.0003 -1.25953e-12 0)
(1.0003 -1.41058e-12 0)
(1.0003 -1.52317e-12 0)
(1.0003 -1.62054e-12 0)
(1.0003 -1.6943e-12 0)
(1.0003 -1.74901e-12 0)
(1.0003 -1.79488e-12 0)
(1.0003 -1.80916e-12 0)
(1.0003 -1.763e-12 0)
(1.0003 -1.71666e-12 0)
(1.0003 -1.66551e-12 0)
(1.0003 -1.58816e-12 0)
(1.0003 -1.51163e-12 0)
(1.0003 -1.41822e-12 0)
(1.0003 -1.29367e-12 0)
(1.0003 -1.19051e-12 0)
(1.0003 -1.09406e-12 0)
(1.0003 -9.91588e-13 0)
(1.0003 -9.23545e-13 0)
(1.0003 -7.67212e-13 0)
(1.0003 -6.82884e-13 0)
(1.0003 -6.26206e-13 0)
(1.0003 -4.92545e-13 0)
(1.0003 -3.46033e-13 0)
(1.0003 -2.50635e-13 0)
(1.0003 -9.25723e-14 0)
(0.999999 4.11509e-05 0)
(1.00002 0.000123426 0)
(1.00005 0.000191013 0)
(1.00009 0.000239631 0)
(1.00015 0.000271577 0)
(1.00021 0.000299175 0)
(1.00026 0.000333366 0)
(1.0003 0.000363066 0)
(1.00034 0.00036909 0)
(1.00038 0.000347838 0)
(1.0004 0.00030955 0)
(1.00041 0.000265206 0)
(1.00041 0.000221526 0)
(1.0004 0.000182088 0)
(1.00039 0.000148476 0)
(1.00038 0.000120823 0)
(1.00037 9.84684e-05 0)
(1.00036 8.05167e-05 0)
(1.00035 6.61149e-05 0)
(1.00035 5.45337e-05 0)
(1.00034 4.51797e-05 0)
(1.00033 3.75841e-05 0)
(1.00033 3.13817e-05 0)
(1.00032 2.62895e-05 0)
(1.00032 2.20875e-05 0)
(1.00032 1.86038e-05 0)
(1.00031 1.57038e-05 0)
(1.00031 1.32807e-05 0)
(1.00031 1.12496e-05 0)
(1.00031 9.54235e-06 0)
(1.0003 8.10382e-06 0)
(1.0003 6.88916e-06 0)
(1.0003 5.86168e-06 0)
(1.0003 4.99119e-06 0)
(1.0003 4.25269e-06 0)
(1.0003 3.62547e-06 0)
(1.0003 3.09222e-06 0)
(1.0003 2.63847e-06 0)
(1.0003 2.25209e-06 0)
(1.0003 1.92287e-06 0)
(1.0003 1.6422e-06 0)
(1.0003 1.4028e-06 0)
(1.0003 1.19854e-06 0)
(1.0003 1.02418e-06 0)
(1.0003 8.75315e-07 0)
(1.0003 7.48177e-07 0)
(1.0003 6.39571e-07 0)
(1.0003 5.4678e-07 0)
(1.0003 4.67487e-07 0)
(1.0003 3.9972e-07 0)
(1.0003 3.41796e-07 0)
(1.0003 2.9228e-07 0)
(1.0003 2.49948e-07 0)
(1.0003 2.13755e-07 0)
(1.0003 1.82808e-07 0)
(1.0003 1.56347e-07 0)
(1.0003 1.33718e-07 0)
(1.0003 1.14367e-07 0)
(1.0003 9.78177e-08 0)
(1.0003 8.36644e-08 0)
(1.0003 7.15601e-08 0)
(1.0003 6.12077e-08 0)
(1.0003 5.23535e-08 0)
(1.0003 4.47804e-08 0)
(1.0003 3.8303e-08 0)
(1.0003 3.27627e-08 0)
(1.0003 2.8024e-08 0)
(1.0003 2.39709e-08 0)
(1.0003 2.05041e-08 0)
(1.0003 1.75388e-08 0)
(1.0003 1.50023e-08 0)
(1.0003 1.28327e-08 0)
(1.0003 1.09769e-08 0)
(1.0003 9.38945e-09 0)
(1.0003 8.03162e-09 0)
(1.0003 6.87019e-09 0)
(1.0003 5.87677e-09 0)
(1.0003 5.02703e-09 0)
(1.0003 4.30018e-09 0)
(1.0003 3.6784e-09 0)
(1.0003 3.14644e-09 0)
(1.0003 2.69137e-09 0)
(1.0003 2.30206e-09 0)
(1.0003 1.96907e-09 0)
(1.0003 1.68427e-09 0)
(1.0003 1.44069e-09 0)
(1.0003 1.23236e-09 0)
(1.0003 1.05416e-09 0)
(1.0003 9.01739e-10 0)
(1.0003 7.71342e-10 0)
(1.0003 6.59773e-10 0)
(1.0003 5.64305e-10 0)
(1.0003 4.82629e-10 0)
(1.0003 4.12755e-10 0)
(1.0003 3.52976e-10 0)
(1.0003 3.01828e-10 0)
(1.0003 2.58072e-10 0)
(1.0003 2.20626e-10 0)
(1.0003 1.88627e-10 0)
(1.0003 1.61316e-10 0)
(1.0003 1.38043e-10 0)
(1.0003 1.1823e-10 0)
(1.0003 1.01345e-10 0)
(1.0003 8.69224e-11 0)
(1.0003 7.45492e-11 0)
(1.0003 6.38891e-11 0)
(1.0003 5.4729e-11 0)
(1.0003 4.6865e-11 0)
(1.0003 4.0176e-11 0)
(1.0003 3.45316e-11 0)
(1.0003 2.97872e-11 0)
(1.0003 2.58128e-11 0)
(1.0003 2.24453e-11 0)
(1.0003 1.95809e-11 0)
(1.0003 1.70747e-11 0)
(1.0003 1.4867e-11 0)
(1.0003 1.29176e-11 0)
(1.0003 1.11762e-11 0)
(1.0003 9.66434e-12 0)
(1.0003 8.33072e-12 0)
(1.0003 7.1806e-12 0)
(1.0003 6.18752e-12 0)
(1.0003 5.31635e-12 0)
(1.0003 4.5514e-12 0)
(1.0003 3.8674e-12 0)
(1.0003 3.25918e-12 0)
(1.0003 2.72841e-12 0)
(1.0003 2.26941e-12 0)
(1.0003 1.89244e-12 0)
(1.0003 1.60191e-12 0)
(1.0003 1.37657e-12 0)
(1.0003 1.24673e-12 0)
(1.0003 1.18634e-12 0)
(1.0003 1.19748e-12 0)
(1.0003 1.27864e-12 0)
(1.0003 1.41222e-12 0)
(1.0003 1.58104e-12 0)
(1.0003 1.77156e-12 0)
(1.0003 1.9681e-12 0)
(1.0003 2.15192e-12 0)
(1.0003 2.33936e-12 0)
(1.0003 2.4949e-12 0)
(1.0003 2.61196e-12 0)
(1.0003 2.69147e-12 0)
(1.0003 2.71465e-12 0)
(1.0003 2.70065e-12 0)
(1.0003 2.63609e-12 0)
(1.0003 2.53677e-12 0)
(1.0003 2.39853e-12 0)
(1.0003 2.21296e-12 0)
(1.0003 2.00574e-12 0)
(1.0003 1.7866e-12 0)
(1.0003 1.57799e-12 0)
(1.0003 1.3862e-12 0)
(1.0003 1.20361e-12 0)
(1.0003 1.03534e-12 0)
(1.0003 8.86007e-13 0)
(1.0003 7.53361e-13 0)
(1.0003 6.39941e-13 0)
(1.0003 5.52362e-13 0)
(1.0003 4.5811e-13 0)
(1.0003 3.73378e-13 0)
(1.0003 2.84106e-13 0)
(1.0003 1.73186e-13 0)
(1.0003 7.73558e-14 0)
(1.0003 -2.71509e-14 0)
(1.0003 -1.616e-13 0)
(1.0003 -2.92812e-13 0)
(1.0003 -4.63283e-13 0)
(1.0003 -6.42535e-13 0)
(1.0003 -8.13688e-13 0)
(1.0003 -1.00002e-12 0)
(1.0003 -1.19816e-12 0)
(1.0003 -1.39634e-12 0)
(1.0003 -1.59025e-12 0)
(1.0003 -1.77071e-12 0)
(1.0003 -1.91061e-12 0)
(1.0003 -2.033e-12 0)
(1.0003 -2.16084e-12 0)
(1.0003 -2.24168e-12 0)
(1.0003 -2.26478e-12 0)
(1.0003 -2.28715e-12 0)
(1.0003 -2.25074e-12 0)
(1.0003 -2.21877e-12 0)
(1.0003 -2.16687e-12 0)
(1.0003 -2.07173e-12 0)
(1.0003 -1.9687e-12 0)
(1.0003 -1.82513e-12 0)
(1.0003 -1.7339e-12 0)
(1.0003 -1.63434e-12 0)
(1.0003 -1.49504e-12 0)
(1.0003 -1.34327e-12 0)
(1.0003 -1.19036e-12 0)
(1.0003 -1.11403e-12 0)
(1.0003 -9.64649e-13 0)
(1.0003 -7.20165e-13 0)
(1.0003 -6.5112e-13 0)
(1.0003 -4.87867e-13 0)
(1.0003 -2.97256e-13 0)
(1.0003 -9.77379e-14 0)
(1 3.33693e-05 0)
(1.00001 0.000103322 0)
(1.00004 0.000163238 0)
(1.00007 0.000210562 0)
(1.00011 0.000250273 0)
(1.00016 0.000286687 0)
(1.0002 0.000322027 0)
(1.00024 0.000349095 0)
(1.00028 0.000355817 0)
(1.00031 0.000338897 0)
(1.00034 0.000305603 0)
(1.00035 0.00026551 0)
(1.00036 0.000225204 0)
(1.00036 0.000188191 0)
(1.00036 0.000156011 0)
(1.00036 0.000128951 0)
(1.00035 0.000106595 0)
(1.00035 8.82623e-05 0)
(1.00034 7.3265e-05 0)
(1.00033 6.09893e-05 0)
(1.00033 5.09188e-05 0)
(1.00033 4.26306e-05 0)
(1.00032 3.5785e-05 0)
(1.00032 3.01103e-05 0)
(1.00031 2.53895e-05 0)
(1.00031 2.14495e-05 0)
(1.00031 1.81511e-05 0)
(1.00031 1.53823e-05 0)
(1.00031 1.30524e-05 0)
(1.0003 1.10877e-05 0)
(1.0003 9.42767e-06 0)
(1.0003 8.02282e-06 0)
(1.0003 6.83219e-06 0)
(1.0003 5.82183e-06 0)
(1.0003 4.96353e-06 0)
(1.0003 4.2337e-06 0)
(1.0003 3.61261e-06 0)
(1.0003 3.08369e-06 0)
(1.0003 2.63297e-06 0)
(1.0003 2.2487e-06 0)
(1.0003 1.92093e-06 0)
(1.0003 1.64124e-06 0)
(1.0003 1.4025e-06 0)
(1.0003 1.19865e-06 0)
(1.0003 1.02456e-06 0)
(1.0003 8.7584e-07 0)
(1.0003 7.48775e-07 0)
(1.0003 6.40192e-07 0)
(1.0003 5.47391e-07 0)
(1.0003 4.6807e-07 0)
(1.0003 4.00262e-07 0)
(1.0003 3.42291e-07 0)
(1.0003 2.92727e-07 0)
(1.0003 2.50348e-07 0)
(1.0003 2.1411e-07 0)
(1.0003 1.83121e-07 0)
(1.0003 1.56621e-07 0)
(1.0003 1.33958e-07 0)
(1.0003 1.14575e-07 0)
(1.0003 9.79989e-08 0)
(1.0003 8.38217e-08 0)
(1.0003 7.16962e-08 0)
(1.0003 6.13253e-08 0)
(1.0003 5.24547e-08 0)
(1.0003 4.48674e-08 0)
(1.0003 3.83779e-08 0)
(1.0003 3.28272e-08 0)
(1.0003 2.80795e-08 0)
(1.0003 2.40186e-08 0)
(1.0003 2.0545e-08 0)
(1.0003 1.75738e-08 0)
(1.0003 1.50324e-08 0)
(1.0003 1.28585e-08 0)
(1.0003 1.09991e-08 0)
(1.0003 9.40855e-09 0)
(1.0003 8.04806e-09 0)
(1.0003 6.88432e-09 0)
(1.0003 5.88889e-09 0)
(1.0003 5.03739e-09 0)
(1.0003 4.30898e-09 0)
(1.0003 3.68584e-09 0)
(1.0003 3.15276e-09 0)
(1.0003 2.69677e-09 0)
(1.0003 2.30672e-09 0)
(1.0003 1.97311e-09 0)
(1.0003 1.68779e-09 0)
(1.0003 1.44373e-09 0)
(1.0003 1.23496e-09 0)
(1.0003 1.05635e-09 0)
(1.0003 9.03528e-10 0)
(1.0003 7.72787e-10 0)
(1.0003 6.60938e-10 0)
(1.0003 5.65281e-10 0)
(1.0003 4.83482e-10 0)
(1.0003 4.13498e-10 0)
(1.0003 3.53622e-10 0)
(1.0003 3.0237e-10 0)
(1.0003 2.58522e-10 0)
(1.0003 2.21043e-10 0)
(1.0003 1.89055e-10 0)
(1.0003 1.61799e-10 0)
(1.0003 1.38574e-10 0)
(1.0003 1.1878e-10 0)
(1.0003 1.01834e-10 0)
(1.0003 8.72852e-11 0)
(1.0003 7.47818e-11 0)
(1.0003 6.4032e-11 0)
(1.0003 5.48611e-11 0)
(1.0003 4.70789e-11 0)
(1.0003 4.05218e-11 0)
(1.0003 3.50092e-11 0)
(1.0003 3.03682e-11 0)
(1.0003 2.64204e-11 0)
(1.0003 2.30054e-11 0)
(1.0003 2.00211e-11 0)
(1.0003 1.74003e-11 0)
(1.0003 1.50755e-11 0)
(1.0003 1.30346e-11 0)
(1.0003 1.12736e-11 0)
(1.0003 9.72756e-12 0)
(1.0003 8.39957e-12 0)
(1.0003 7.23187e-12 0)
(1.0003 6.19834e-12 0)
(1.0003 5.27809e-12 0)
(1.0003 4.45612e-12 0)
(1.0003 3.72393e-12 0)
(1.0003 3.08892e-12 0)
(1.0003 2.54794e-12 0)
(1.0003 2.12378e-12 0)
(1.0003 1.79651e-12 0)
(1.0003 1.55711e-12 0)
(1.0003 1.43263e-12 0)
(1.0003 1.38126e-12 0)
(1.0003 1.42729e-12 0)
(1.0003 1.53357e-12 0)
(1.0003 1.68824e-12 0)
(1.0003 1.89287e-12 0)
(1.0003 2.10924e-12 0)
(1.0003 2.32931e-12 0)
(1.0003 2.54923e-12 0)
(1.0003 2.76775e-12 0)
(1.0003 2.94382e-12 0)
(1.0003 3.07734e-12 0)
(1.0003 3.16263e-12 0)
(1.0003 3.18771e-12 0)
(1.0003 3.16549e-12 0)
(1.0003 3.08846e-12 0)
(1.0003 2.96199e-12 0)
(1.0003 2.78615e-12 0)
(1.0003 2.57048e-12 0)
(1.0003 2.33498e-12 0)
(1.0003 2.09069e-12 0)
(1.0003 1.85369e-12 0)
(1.0003 1.63556e-12 0)
(1.0003 1.42007e-12 0)
(1.0003 1.22568e-12 0)
(1.0003 1.04633e-12 0)
(1.0003 8.97184e-13 0)
(1.0003 7.79548e-13 0)
(1.0003 6.52913e-13 0)
(1.0003 5.58473e-13 0)
(1.0003 4.3985e-13 0)
(1.0003 3.21691e-13 0)
(1.0003 2.09218e-13 0)
(1.0003 8.52622e-14 0)
(1.0003 -4.72323e-14 0)
(1.0003 -2.11664e-13 0)
(1.0003 -3.91768e-13 0)
(1.0003 -5.90032e-13 0)
(1.0003 -7.83224e-13 0)
(1.0003 -9.93213e-13 0)
(1.0003 -1.23327e-12 0)
(1.0003 -1.46878e-12 0)
(1.0003 -1.69687e-12 0)
(1.0003 -1.91103e-12 0)
(1.0003 -2.10321e-12 0)
(1.0003 -2.28789e-12 0)
(1.0003 -2.43606e-12 0)
(1.0003 -2.56596e-12 0)
(1.0003 -2.65334e-12 0)
(1.0003 -2.67228e-12 0)
(1.0003 -2.68999e-12 0)
(1.0003 -2.68552e-12 0)
(1.0003 -2.64678e-12 0)
(1.0003 -2.56222e-12 0)
(1.0003 -2.4392e-12 0)
(1.0003 -2.35235e-12 0)
(1.0003 -2.22386e-12 0)
(1.0003 -2.08868e-12 0)
(1.0003 -1.91113e-12 0)
(1.0003 -1.74092e-12 0)
(1.0003 -1.63086e-12 0)
(1.0003 -1.4435e-12 0)
(1.0003 -1.27669e-12 0)
(1.0003 -1.11981e-12 0)
(1.0003 -9.03812e-13 0)
(1.0003 -7.52821e-13 0)
(1.0003 -5.35739e-13 0)
(1.0003 -3.48983e-13 0)
(1.0003 -1.13574e-13 0)
(1 2.70813e-05 0)
(1.00001 8.45614e-05 0)
(1.00003 0.000134979 0)
(1.00005 0.000174158 0)
(1.00009 0.000208014 0)
(1.00012 0.00024151 0)
(1.00016 0.000274213 0)
(1.0002 0.000299703 0)
(1.00023 0.000309529 0)
(1.00026 0.000300704 0)
(1.00029 0.000277539 0)
(1.00031 0.000246987 0)
(1.00032 0.000214535 0)
(1.00033 0.00018343 0)
(1.00033 0.000155314 0)
(1.00033 0.000130804 0)
(1.00033 0.00010989 0)
(1.00033 9.22517e-05 0)
(1.00033 7.74683e-05 0)
(1.00032 6.51147e-05 0)
(1.00032 5.48014e-05 0)
(1.00032 4.61882e-05 0)
(1.00031 3.89865e-05 0)
(1.00031 3.29553e-05 0)
(1.00031 2.78952e-05 0)
(1.00031 2.36418e-05 0)
(1.00031 2.00599e-05 0)
(1.0003 1.70381e-05 0)
(1.0003 1.44848e-05 0)
(1.0003 1.2324e-05 0)
(1.0003 1.0493e-05 0)
(1.0003 8.93957e-06 0)
(1.0003 7.62024e-06 0)
(1.0003 6.49868e-06 0)
(1.0003 5.54446e-06 0)
(1.0003 4.73203e-06 0)
(1.0003 4.03989e-06 0)
(1.0003 3.4499e-06 0)
(1.0003 2.94675e-06 0)
(1.0003 2.51749e-06 0)
(1.0003 2.15112e-06 0)
(1.0003 1.83835e-06 0)
(1.0003 1.57125e-06 0)
(1.0003 1.34311e-06 0)
(1.0003 1.1482e-06 0)
(1.0003 9.81658e-07 0)
(1.0003 8.39332e-07 0)
(1.0003 7.17684e-07 0)
(1.0003 6.137e-07 0)
(1.0003 5.24806e-07 0)
(1.0003 4.48805e-07 0)
(1.0003 3.83824e-07 0)
(1.0003 3.2826e-07 0)
(1.0003 2.80747e-07 0)
(1.0003 2.40116e-07 0)
(1.0003 2.0537e-07 0)
(1.0003 1.75654e-07 0)
(1.0003 1.5024e-07 0)
(1.0003 1.28504e-07 0)
(1.0003 1.09914e-07 0)
(1.0003 9.40145e-08 0)
(1.0003 8.04154e-08 0)
(1.0003 6.87838e-08 0)
(1.0003 5.88348e-08 0)
(1.0003 5.03251e-08 0)
(1.0003 4.30465e-08 0)
(1.0003 3.68208e-08 0)
(1.0003 3.14957e-08 0)
(1.0003 2.69407e-08 0)
(1.0003 2.30446e-08 0)
(1.0003 1.9712e-08 0)
(1.0003 1.68614e-08 0)
(1.0003 1.44232e-08 0)
(1.0003 1.23375e-08 0)
(1.0003 1.05535e-08 0)
(1.0003 9.02749e-09 0)
(1.0003 7.72213e-09 0)
(1.0003 6.60554e-09 0)
(1.0003 5.65038e-09 0)
(1.0003 4.8333e-09 0)
(1.0003 4.13435e-09 0)
(1.0003 3.53644e-09 0)
(1.0003 3.02501e-09 0)
(1.0003 2.58755e-09 0)
(1.0003 2.21337e-09 0)
(1.0003 1.89331e-09 0)
(1.0003 1.61951e-09 0)
(1.0003 1.38526e-09 0)
(1.0003 1.18484e-09 0)
(1.0003 1.01337e-09 0)
(1.0003 8.66705e-10 0)
(1.0003 7.41277e-10 0)
(1.0003 6.34019e-10 0)
(1.0003 5.42308e-10 0)
(1.0003 4.63842e-10 0)
(1.0003 3.96702e-10 0)
(1.0003 3.39221e-10 0)
(1.0003 2.90047e-10 0)
(1.0003 2.48026e-10 0)
(1.0003 2.12162e-10 0)
(1.0003 1.816e-10 0)
(1.0003 1.55523e-10 0)
(1.0003 1.33256e-10 0)
(1.0003 1.14202e-10 0)
(1.0003 9.78288e-11 0)
(1.0003 8.37967e-11 0)
(1.0003 7.17685e-11 0)
(1.0003 6.15245e-11 0)
(1.0003 5.28692e-11 0)
(1.0003 4.55639e-11 0)
(1.0003 3.94106e-11 0)
(1.0003 3.41773e-11 0)
(1.0003 2.97078e-11 0)
(1.0003 2.58385e-11 0)
(1.0003 2.24354e-11 0)
(1.0003 1.94664e-11 0)
(1.0003 1.68539e-11 0)
(1.0003 1.4584e-11 0)
(1.0003 1.26157e-11 0)
(1.0003 1.0903e-11 0)
(1.0003 9.4183e-12 0)
(1.0003 8.092e-12 0)
(1.0003 6.91866e-12 0)
(1.0003 5.86597e-12 0)
(1.0003 4.91949e-12 0)
(1.0003 4.08581e-12 0)
(1.0003 3.37378e-12 0)
(1.0003 2.76974e-12 0)
(1.0003 2.29721e-12 0)
(1.0003 1.95009e-12 0)
(1.0003 1.71035e-12 0)
(1.0003 1.59355e-12 0)
(1.0003 1.56165e-12 0)
(1.0003 1.63127e-12 0)
(1.0003 1.76968e-12 0)
(1.0003 1.94503e-12 0)
(1.0003 2.16316e-12 0)
(1.0003 2.39555e-12 0)
(1.0003 2.64752e-12 0)
(1.0003 2.89119e-12 0)
(1.0003 3.12165e-12 0)
(1.0003 3.31958e-12 0)
(1.0003 3.45704e-12 0)
(1.0003 3.5504e-12 0)
(1.0003 3.58541e-12 0)
(1.0003 3.55028e-12 0)
(1.0003 3.4631e-12 0)
(1.0003 3.30906e-12 0)
(1.0003 3.10438e-12 0)
(1.0003 2.86735e-12 0)
(1.0003 2.60571e-12 0)
(1.0003 2.33784e-12 0)
(1.0003 2.06884e-12 0)
(1.0003 1.82698e-12 0)
(1.0003 1.57535e-12 0)
(1.0003 1.36137e-12 0)
(1.0003 1.17926e-12 0)
(1.0003 1.00929e-12 0)
(1.0003 8.81554e-13 0)
(1.0003 7.37359e-13 0)
(1.0003 6.15675e-13 0)
(1.0003 4.8242e-13 0)
(1.0003 3.4369e-13 0)
(1.0003 2.22459e-13 0)
(1.0003 7.76796e-14 0)
(1.0003 -9.0339e-14 0)
(1.0003 -2.80171e-13 0)
(1.0003 -4.75815e-13 0)
(1.0003 -6.85963e-13 0)
(1.0003 -9.12298e-13 0)
(1.0003 -1.14965e-12 0)
(1.0003 -1.41827e-12 0)
(1.0003 -1.68171e-12 0)
(1.0003 -1.92299e-12 0)
(1.0003 -2.15945e-12 0)
(1.0003 -2.37433e-12 0)
(1.0003 -2.60006e-12 0)
(1.0003 -2.76335e-12 0)
(1.0003 -2.86924e-12 0)
(1.0003 -2.96687e-12 0)
(1.0003 -3.02866e-12 0)
(1.0003 -3.04175e-12 0)
(1.0003 -3.01724e-12 0)
(1.0003 -2.97958e-12 0)
(1.0003 -2.9031e-12 0)
(1.0003 -2.77033e-12 0)
(1.0003 -2.68008e-12 0)
(1.0003 -2.5392e-12 0)
(1.0003 -2.37611e-12 0)
(1.0003 -2.22732e-12 0)
(1.0003 -2.03836e-12 0)
(1.0003 -1.84072e-12 0)
(1.0003 -1.66795e-12 0)
(1.0003 -1.49268e-12 0)
(1.0003 -1.30681e-12 0)
(1.0003 -1.06329e-12 0)
(1.0003 -8.56601e-13 0)
(1.0003 -5.99533e-13 0)
(1.0003 -3.83641e-13 0)
(1.0003 -1.31327e-13 0)
(1 2.24027e-05 0)
(1.00001 7.0345e-05 0)
(1.00002 0.000113135 0)
(1.00004 0.000146911 0)
(1.00007 0.000177882 0)
(1.0001 0.000210805 0)
(1.00013 0.000243116 0)
(1.00016 0.000267927 0)
(1.0002 0.000278797 0)
(1.00023 0.000273775 0)
(1.00025 0.000256081 0)
(1.00028 0.000231186 0)
(1.00029 0.000203779 0)
(1.0003 0.000176819 0)
(1.00031 0.000151875 0)
(1.00031 0.000129632 0)
(1.00031 0.000110239 0)
(1.00031 9.35563e-05 0)
(1.00031 7.93193e-05 0)
(1.00031 6.7228e-05 0)
(1.00031 5.69876e-05 0)
(1.00031 4.83272e-05 0)
(1.00031 4.10066e-05 0)
(1.00031 3.4818e-05 0)
(1.00031 2.95839e-05 0)
(1.0003 2.51538e-05 0)
(1.0003 2.14011e-05 0)
(1.0003 1.82195e-05 0)
(1.0003 1.55196e-05 0)
(1.0003 1.32265e-05 0)
(1.0003 1.12775e-05 0)
(1.0003 9.61955e-06 0)
(1.0003 8.20834e-06 0)
(1.0003 7.00639e-06 0)
(1.0003 5.98213e-06 0)
(1.0003 5.10885e-06 0)
(1.0003 4.364e-06 0)
(1.0003 3.72843e-06 0)
(1.0003 3.18595e-06 0)
(1.0003 2.72278e-06 0)
(1.0003 2.32723e-06 0)
(1.0003 1.98936e-06 0)
(1.0003 1.70069e-06 0)
(1.0003 1.45403e-06 0)
(1.0003 1.24323e-06 0)
(1.0003 1.06305e-06 0)
(1.0003 9.09031e-07 0)
(1.0003 7.77361e-07 0)
(1.0003 6.64789e-07 0)
(1.0003 5.68538e-07 0)
(1.0003 4.86236e-07 0)
(1.0003 4.15858e-07 0)
(1.0003 3.55674e-07 0)
(1.0003 3.04206e-07 0)
(1.0003 2.6019e-07 0)
(1.0003 2.22545e-07 0)
(1.0003 1.90349e-07 0)
(1.0003 1.62812e-07 0)
(1.0003 1.39261e-07 0)
(1.0003 1.19117e-07 0)
(1.0003 1.01887e-07 0)
(1.0003 8.71505e-08 0)
(1.0003 7.45454e-08 0)
(1.0003 6.37637e-08 0)
(1.0003 5.45416e-08 0)
(1.0003 4.66535e-08 0)
(1.0003 3.99064e-08 0)
(1.0003 3.41352e-08 0)
(1.0003 2.91986e-08 0)
(1.0003 2.4976e-08 0)
(1.0003 2.13642e-08 0)
(1.0003 1.82749e-08 0)
(1.0003 1.56323e-08 0)
(1.0003 1.33718e-08 0)
(1.0003 1.14383e-08 0)
(1.0003 9.78432e-09 0)
(1.0003 8.36952e-09 0)
(1.0003 7.15929e-09 0)
(1.0003 6.12405e-09 0)
(1.0003 5.23849e-09 0)
(1.0003 4.48097e-09 0)
(1.0003 3.83299e-09 0)
(1.0003 3.27873e-09 0)
(1.0003 2.80463e-09 0)
(1.0003 2.39908e-09 0)
(1.0003 2.05214e-09 0)
(1.0003 1.75532e-09 0)
(1.0003 1.50137e-09 0)
(1.0003 1.28409e-09 0)
(1.0003 1.09823e-09 0)
(1.0003 9.3927e-10 0)
(1.0003 8.03357e-10 0)
(1.0003 6.8715e-10 0)
(1.0003 5.87773e-10 0)
(1.0003 5.02764e-10 0)
(1.0003 4.29999e-10 0)
(1.0003 3.67719e-10 0)
(1.0003 3.14449e-10 0)
(1.0003 2.68919e-10 0)
(1.0003 2.30059e-10 0)
(1.0003 1.96907e-10 0)
(1.0003 1.6862e-10 0)
(1.0003 1.44427e-10 0)
(1.0003 1.23713e-10 0)
(1.0003 1.05951e-10 0)
(1.0003 9.07345e-11 0)
(1.0003 7.77541e-11 0)
(1.0003 6.67212e-11 0)
(1.0003 5.73973e-11 0)
(1.0003 4.95117e-11 0)
(1.0003 4.28403e-11 0)
(1.0003 3.71564e-11 0)
(1.0003 3.2256e-11 0)
(1.0003 2.79978e-11 0)
(1.0003 2.4285e-11 0)
(1.0003 2.105e-11 0)
(1.0003 1.82193e-11 0)
(1.0003 1.57735e-11 0)
(1.0003 1.36578e-11 0)
(1.0003 1.1817e-11 0)
(1.0003 1.01933e-11 0)
(1.0003 8.75679e-12 0)
(1.0003 7.46369e-12 0)
(1.0003 6.29306e-12 0)
(1.0003 5.24694e-12 0)
(1.0003 4.33286e-12 0)
(1.0003 3.54785e-12 0)
(1.0003 2.90706e-12 0)
(1.0003 2.40946e-12 0)
(1.0003 2.04546e-12 0)
(1.0003 1.82727e-12 0)
(1.0003 1.71557e-12 0)
(1.0003 1.7232e-12 0)
(1.0003 1.80524e-12 0)
(1.0003 1.95098e-12 0)
(1.0003 2.15056e-12 0)
(1.0003 2.37951e-12 0)
(1.0003 2.62842e-12 0)
(1.0003 2.89083e-12 0)
(1.0003 3.15644e-12 0)
(1.0003 3.39908e-12 0)
(1.0003 3.59809e-12 0)
(1.0003 3.74551e-12 0)
(1.0003 3.83942e-12 0)
(1.0003 3.8746e-12 0)
(1.0003 3.83792e-12 0)
(1.0003 3.73171e-12 0)
(1.0003 3.56017e-12 0)
(1.0003 3.33389e-12 0)
(1.0003 3.07516e-12 0)
(1.0003 2.80438e-12 0)
(1.0003 2.52102e-12 0)
(1.0003 2.23349e-12 0)
(1.0003 1.96062e-12 0)
(1.0003 1.70853e-12 0)
(1.0003 1.4783e-12 0)
(1.0003 1.28601e-12 0)
(1.0003 1.1151e-12 0)
(1.0003 9.44673e-13 0)
(1.0003 8.01636e-13 0)
(1.0003 6.54543e-13 0)
(1.0003 5.15792e-13 0)
(1.0003 3.75072e-13 0)
(1.0003 2.22611e-13 0)
(1.0003 6.3812e-14 0)
(1.0003 -1.30629e-13 0)
(1.0003 -3.28819e-13 0)
(1.0003 -5.37206e-13 0)
(1.0003 -7.65495e-13 0)
(1.0003 -1.01817e-12 0)
(1.0003 -1.29499e-12 0)
(1.0003 -1.56984e-12 0)
(1.0003 -1.84145e-12 0)
(1.0003 -2.11448e-12 0)
(1.0003 -2.37322e-12 0)
(1.0003 -2.6008e-12 0)
(1.0003 -2.82189e-12 0)
(1.0003 -3.0071e-12 0)
(1.0003 -3.11502e-12 0)
(1.0003 -3.21221e-12 0)
(1.0003 -3.30667e-12 0)
(1.0003 -3.31619e-12 0)
(1.0003 -3.27255e-12 0)
(1.0003 -3.22725e-12 0)
(1.0003 -3.18071e-12 0)
(1.0003 -3.05406e-12 0)
(1.0003 -2.9031e-12 0)
(1.0003 -2.75847e-12 0)
(1.0003 -2.60576e-12 0)
(1.0003 -2.44354e-12 0)
(1.0003 -2.22929e-12 0)
(1.0003 -2.07684e-12 0)
(1.0003 -1.80625e-12 0)
(1.0003 -1.59595e-12 0)
(1.0003 -1.44549e-12 0)
(1.0003 -1.11235e-12 0)
(1.0003 -9.58255e-13 0)
(1.0003 -6.93366e-13 0)
(1.0003 -4.13286e-13 0)
(1.0003 -1.41273e-13 0)
(1 1.88407e-05 0)
(1.00001 5.93392e-05 0)
(1.00002 9.61064e-05 0)
(1.00003 0.000125627 0)
(1.00006 0.000153415 0)
(1.00008 0.000183679 0)
(1.00011 0.000213624 0)
(1.00014 0.000236763 0)
(1.00017 0.000247825 0)
(1.0002 0.000245462 0)
(1.00022 0.00023219 0)
(1.00025 0.000212284 0)
(1.00026 0.000189597 0)
(1.00028 0.000166703 0)
(1.00029 0.000145039 0)
(1.00029 0.000125303 0)
(1.0003 0.000107742 0)
(1.0003 9.23502e-05 0)
(1.0003 7.89892e-05 0)
(1.0003 6.74676e-05 0)
(1.0003 5.7577e-05 0)
(1.0003 4.91124e-05 0)
(1.0003 4.18829e-05 0)
(1.0003 3.57161e-05 0)
(1.0003 3.04597e-05 0)
(1.0003 2.59809e-05 0)
(1.0003 2.2165e-05 0)
(1.0003 1.89138e-05 0)
(1.0003 1.61431e-05 0)
(1.0003 1.37814e-05 0)
(1.0003 1.17677e-05 0)
(1.0003 1.00503e-05 0)
(1.0003 8.58507e-06 0)
(1.0003 7.33468e-06 0)
(1.0003 6.26734e-06 0)
(1.0003 5.35604e-06 0)
(1.0003 4.57779e-06 0)
(1.0003 3.91303e-06 0)
(1.0003 3.34511e-06 0)
(1.0003 2.85985e-06 0)
(1.0003 2.44515e-06 0)
(1.0003 2.09072e-06 0)
(1.0003 1.78776e-06 0)
(1.0003 1.52878e-06 0)
(1.0003 1.30736e-06 0)
(1.0003 1.11806e-06 0)
(1.0003 9.56189e-07 0)
(1.0003 8.17778e-07 0)
(1.0003 6.99419e-07 0)
(1.0003 5.98202e-07 0)
(1.0003 5.11641e-07 0)
(1.0003 4.37613e-07 0)
(1.0003 3.743e-07 0)
(1.0003 3.20151e-07 0)
(1.0003 2.73838e-07 0)
(1.0003 2.34226e-07 0)
(1.0003 2.00346e-07 0)
(1.0003 1.71367e-07 0)
(1.0003 1.46581e-07 0)
(1.0003 1.25381e-07 0)
(1.0003 1.07247e-07 0)
(1.0003 9.17359e-08 0)
(1.0003 7.84684e-08 0)
(1.0003 6.71201e-08 0)
(1.0003 5.74131e-08 0)
(1.0003 4.91102e-08 0)
(1.0003 4.20081e-08 0)
(1.0003 3.5933e-08 0)
(1.0003 3.07366e-08 0)
(1.0003 2.62918e-08 0)
(1.0003 2.24898e-08 0)
(1.0003 1.92377e-08 0)
(1.0003 1.6456e-08 0)
(1.0003 1.40765e-08 0)
(1.0003 1.2041e-08 0)
(1.0003 1.02999e-08 0)
(1.0003 8.81053e-09 0)
(1.0003 7.53654e-09 0)
(1.0003 6.44675e-09 0)
(1.0003 5.51457e-09 0)
(1.0003 4.71717e-09 0)
(1.0003 4.03509e-09 0)
(1.0003 3.45165e-09 0)
(1.0003 2.95256e-09 0)
(1.0003 2.52562e-09 0)
(1.0003 2.16035e-09 0)
(1.0003 1.84783e-09 0)
(1.0003 1.58045e-09 0)
(1.0003 1.35169e-09 0)
(1.0003 1.15603e-09 0)
(1.0003 9.88722e-10 0)
(1.0003 8.45668e-10 0)
(1.0003 7.23373e-10 0)
(1.0003 6.18766e-10 0)
(1.0003 5.29291e-10 0)
(1.0003 4.52699e-10 0)
(1.0003 3.87145e-10 0)
(1.0003 3.31089e-10 0)
(1.0003 2.83176e-10 0)
(1.0003 2.4229e-10 0)
(1.0003 2.07368e-10 0)
(1.0003 1.77529e-10 0)
(1.0003 1.52025e-10 0)
(1.0003 1.30159e-10 0)
(1.0003 1.11461e-10 0)
(1.0003 9.54682e-11 0)
(1.0003 8.18477e-11 0)
(1.0003 7.03057e-11 0)
(1.0003 6.05332e-11 0)
(1.0003 5.22719e-11 0)
(1.0003 4.52269e-11 0)
(1.0003 3.91903e-11 0)
(1.0003 3.39949e-11 0)
(1.0003 2.94568e-11 0)
(1.0003 2.5516e-11 0)
(1.0003 2.20967e-11 0)
(1.0003 1.91299e-11 0)
(1.0003 1.65822e-11 0)
(1.0003 1.43631e-11 0)
(1.0003 1.24405e-11 0)
(1.0003 1.073e-11 0)
(1.0003 9.19592e-12 0)
(1.0003 7.80711e-12 0)
(1.0003 6.55339e-12 0)
(1.0003 5.42885e-12 0)
(1.0003 4.46255e-12 0)
(1.0003 3.64111e-12 0)
(1.0003 2.97298e-12 0)
(1.0003 2.46961e-12 0)
(1.0003 2.1076e-12 0)
(1.0003 1.91461e-12 0)
(1.0003 1.81589e-12 0)
(1.0003 1.83278e-12 0)
(1.0003 1.93215e-12 0)
(1.0003 2.09009e-12 0)
(1.0003 2.29297e-12 0)
(1.0003 2.52395e-12 0)
(1.0003 2.79953e-12 0)
(1.0003 3.06838e-12 0)
(1.0003 3.33184e-12 0)
(1.0003 3.57843e-12 0)
(1.0003 3.7777e-12 0)
(1.0003 3.93686e-12 0)
(1.0003 4.02997e-12 0)
(1.0003 4.05274e-12 0)
(1.0003 4.01432e-12 0)
(1.0003 3.89437e-12 0)
(1.0003 3.71127e-12 0)
(1.0003 3.47517e-12 0)
(1.0003 3.21227e-12 0)
(1.0003 2.93313e-12 0)
(1.0003 2.62403e-12 0)
(1.0003 2.34008e-12 0)
(1.0003 2.04444e-12 0)
(1.0003 1.78925e-12 0)
(1.0003 1.57479e-12 0)
(1.0003 1.34791e-12 0)
(1.0003 1.18353e-12 0)
(1.0003 9.93398e-13 0)
(1.0003 8.31346e-13 0)
(1.0003 6.88325e-13 0)
(1.0003 5.38163e-13 0)
(1.0003 3.89988e-13 0)
(1.0003 2.13878e-13 0)
(1.0003 4.00374e-14 0)
(1.0003 -1.61359e-13 0)
(1.0003 -3.65891e-13 0)
(1.0003 -5.85649e-13 0)
(1.0003 -8.50524e-13 0)
(1.0003 -1.11892e-12 0)
(1.0003 -1.39657e-12 0)
(1.0003 -1.69057e-12 0)
(1.0003 -1.96453e-12 0)
(1.0003 -2.25578e-12 0)
(1.0003 -2.53217e-12 0)
(1.0003 -2.75153e-12 0)
(1.0003 -2.96073e-12 0)
(1.0003 -3.16464e-12 0)
(1.0003 -3.30308e-12 0)
(1.0003 -3.38131e-12 0)
(1.0003 -3.45487e-12 0)
(1.0003 -3.47867e-12 0)
(1.0003 -3.45942e-12 0)
(1.0003 -3.40736e-12 0)
(1.0003 -3.31717e-12 0)
(1.0003 -3.23808e-12 0)
(1.0003 -3.09572e-12 0)
(1.0003 -2.93763e-12 0)
(1.0003 -2.74804e-12 0)
(1.0003 -2.57698e-12 0)
(1.0003 -2.41052e-12 0)
(1.0003 -2.15839e-12 0)
(1.0003 -1.97676e-12 0)
(1.0003 -1.73931e-12 0)
(1.0003 -1.50997e-12 0)
(1.0003 -1.27312e-12 0)
(1.0003 -1.0055e-12 0)
(1.0003 -7.13731e-13 0)
(1.0003 -4.72951e-13 0)
(1.0003 -1.58991e-13 0)
(1 1.59928e-05 0)
(1 5.04295e-05 0)
(1.00002 8.20281e-05 0)
(1.00003 0.000107701 0)
(1.00005 0.000132197 0)
(1.00007 0.000159416 0)
(1.00009 0.000186826 0)
(1.00012 0.000208384 0)
(1.00015 0.000219444 0)
(1.00018 0.000218957 0)
(1.0002 0.000209006 0)
(1.00022 0.000193043 0)
(1.00024 0.000174259 0)
(1.00025 0.000154869 0)
(1.00027 0.000136167 0)
(1.00027 0.000118824 0)
(1.00028 0.00010313 0)
(1.00028 8.91537e-05 0)
(1.00029 7.68442e-05 0)
(1.00029 6.6088e-05 0)
(1.00029 5.67436e-05 0)
(1.00029 4.86609e-05 0)
(1.00029 4.16923e-05 0)
(1.0003 3.56985e-05 0)
(1.0003 3.05524e-05 0)
(1.0003 2.61397e-05 0)
(1.0003 2.23595e-05 0)
(1.0003 1.91233e-05 0)
(1.0003 1.63541e-05 0)
(1.0003 1.39851e-05 0)
(1.0003 1.19591e-05 0)
(1.0003 1.02265e-05 0)
(1.0003 8.745e-06 0)
(1.0003 7.47824e-06 0)
(1.0003 6.39511e-06 0)
(1.0003 5.46898e-06 0)
(1.0003 4.67707e-06 0)
(1.0003 3.99992e-06 0)
(1.0003 3.42089e-06 0)
(1.0003 2.92573e-06 0)
(1.0003 2.50229e-06 0)
(1.0003 2.14017e-06 0)
(1.0003 1.83049e-06 0)
(1.0003 1.56563e-06 0)
(1.0003 1.33912e-06 0)
(1.0003 1.14539e-06 0)
(1.0003 9.79692e-07 0)
(1.0003 8.37974e-07 0)
(1.0003 7.16762e-07 0)
(1.0003 6.13086e-07 0)
(1.0003 5.2441e-07 0)
(1.0003 4.48561e-07 0)
(1.0003 3.83685e-07 0)
(1.0003 3.28193e-07 0)
(1.0003 2.80728e-07 0)
(1.0003 2.40128e-07 0)
(1.0003 2.054e-07 0)
(1.0003 1.75695e-07 0)
(1.0003 1.50286e-07 0)
(1.0003 1.28552e-07 0)
(1.0003 1.09961e-07 0)
(1.0003 9.4059e-08 0)
(1.0003 8.04566e-08 0)
(1.0003 6.88215e-08 0)
(1.0003 5.88691e-08 0)
(1.0003 5.0356e-08 0)
(1.0003 4.3074e-08 0)
(1.0003 3.6845e-08 0)
(1.0003 3.15169e-08 0)
(1.0003 2.69594e-08 0)
(1.0003 2.3061e-08 0)
(1.0003 1.97264e-08 0)
(1.0003 1.6874e-08 0)
(1.0003 1.4434e-08 0)
(1.0003 1.23469e-08 0)
(1.0003 1.05615e-08 0)
(1.0003 9.03434e-09 0)
(1.0003 7.728e-09 0)
(1.0003 6.61057e-09 0)
(1.0003 5.65473e-09 0)
(1.0003 4.83712e-09 0)
(1.0003 4.13774e-09 0)
(1.0003 3.53947e-09 0)
(1.0003 3.02769e-09 0)
(1.0003 2.58985e-09 0)
(1.0003 2.21526e-09 0)
(1.0003 1.89476e-09 0)
(1.0003 1.62056e-09 0)
(1.0003 1.38601e-09 0)
(1.0003 1.18539e-09 0)
(1.0003 1.01385e-09 0)
(1.0003 8.67187e-10 0)
(1.0003 7.41785e-10 0)
(1.0003 6.3452e-10 0)
(1.0003 5.42746e-10 0)
(1.0003 4.64211e-10 0)
(1.0003 3.97021e-10 0)
(1.0003 3.39569e-10 0)
(1.0003 2.90465e-10 0)
(1.0003 2.48524e-10 0)
(1.0003 2.12702e-10 0)
(1.0003 1.82062e-10 0)
(1.0003 1.55857e-10 0)
(1.0003 1.33411e-10 0)
(1.0003 1.14222e-10 0)
(1.0003 9.78691e-11 0)
(1.0003 8.39605e-11 0)
(1.0003 7.21923e-11 0)
(1.0003 6.22066e-11 0)
(1.0003 5.37268e-11 0)
(1.0003 4.64927e-11 0)
(1.0003 4.02484e-11 0)
(1.0003 3.4852e-11 0)
(1.0003 3.01705e-11 0)
(1.0003 2.61122e-11 0)
(1.0003 2.26032e-11 0)
(1.0003 1.95855e-11 0)
(1.0003 1.69904e-11 0)
(1.0003 1.473e-11 0)
(1.0003 1.27562e-11 0)
(1.0003 1.09895e-11 0)
(1.0003 9.38895e-12 0)
(1.0003 7.93929e-12 0)
(1.0003 6.63048e-12 0)
(1.0003 5.46909e-12 0)
(1.0003 4.46626e-12 0)
(1.0003 3.63349e-12 0)
(1.0003 2.96593e-12 0)
(1.0003 2.47005e-12 0)
(1.0003 2.13091e-12 0)
(1.0003 1.94323e-12 0)
(1.0003 1.8805e-12 0)
(1.0003 1.90551e-12 0)
(1.0003 2.01111e-12 0)
(1.0003 2.16964e-12 0)
(1.0003 2.38018e-12 0)
(1.0003 2.62101e-12 0)
(1.0003 2.88379e-12 0)
(1.0003 3.15793e-12 0)
(1.0003 3.41366e-12 0)
(1.0003 3.65398e-12 0)
(1.0003 3.85867e-12 0)
(1.0003 4.00667e-12 0)
(1.0003 4.10112e-12 0)
(1.0003 4.12279e-12 0)
(1.0003 4.06888e-12 0)
(1.0003 3.95177e-12 0)
(1.0003 3.76294e-12 0)
(1.0003 3.52632e-12 0)
(1.0003 3.26473e-12 0)
(1.0003 2.97874e-12 0)
(1.0003 2.66754e-12 0)
(1.0003 2.37057e-12 0)
(1.0003 2.08657e-12 0)
(1.0003 1.82558e-12 0)
(1.0003 1.60773e-12 0)
(1.0003 1.38742e-12 0)
(1.0003 1.19486e-12 0)
(1.0003 1.01922e-12 0)
(1.0003 8.54552e-13 0)
(1.0003 7.07865e-13 0)
(1.0003 5.51377e-13 0)
(1.0003 3.83395e-13 0)
(1.0003 2.11212e-13 0)
(1.0003 2.13067e-14 0)
(1.0003 -1.73933e-13 0)
(1.0003 -3.92483e-13 0)
(1.0003 -6.38299e-13 0)
(1.0003 -9.03572e-13 0)
(1.0003 -1.17378e-12 0)
(1.0003 -1.45193e-12 0)
(1.0003 -1.75362e-12 0)
(1.0003 -2.04302e-12 0)
(1.0003 -2.32823e-12 0)
(1.0003 -2.60529e-12 0)
(1.0003 -2.83647e-12 0)
(1.0003 -3.03815e-12 0)
(1.0003 -3.239e-12 0)
(1.0003 -3.38789e-12 0)
(1.0003 -3.46396e-12 0)
(1.0003 -3.52444e-12 0)
(1.0003 -3.55372e-12 0)
(1.0003 -3.52646e-12 0)
(1.0003 -3.48521e-12 0)
(1.0003 -3.39721e-12 0)
(1.0003 -3.30042e-12 0)
(1.0003 -3.16961e-12 0)
(1.0003 -3.03395e-12 0)
(1.0003 -2.87923e-12 0)
(1.0003 -2.67283e-12 0)
(1.0003 -2.47373e-12 0)
(1.0003 -2.28156e-12 0)
(1.0003 -2.03052e-12 0)
(1.0003 -1.80423e-12 0)
(1.0003 -1.57885e-12 0)
(1.0003 -1.24016e-12 0)
(1.0003 -1.06375e-12 0)
(1.0003 -7.70211e-13 0)
(1.0003 -4.70129e-13 0)
(1.0003 -1.59967e-13 0)
(1 1.36142e-05 0)
(1 4.29631e-05 0)
(1.00001 7.00814e-05 0)
(1.00003 9.23391e-05 0)
(1.00004 0.000113805 0)
(1.00006 0.000137998 0)
(1.00008 0.000162698 0)
(1.00011 0.000182444 0)
(1.00013 0.000193105 0)
(1.00016 0.000193814 0)
(1.00018 0.00018634 0)
(1.0002 0.00017353 0)
(1.00022 0.000158025 0)
(1.00024 0.000141704 0)
(1.00025 0.000125702 0)
(1.00026 0.000110633 0)
(1.00027 9.6796e-05 0)
(1.00027 8.43028e-05 0)
(1.00028 7.31577e-05 0)
(1.00028 6.33038e-05 0)
(1.00028 5.46517e-05 0)
(1.00029 4.70957e-05 0)
(1.00029 4.0525e-05 0)
(1.00029 3.48304e-05 0)
(1.00029 2.99082e-05 0)
(1.00029 2.56626e-05 0)
(1.00029 2.20066e-05 0)
(1.00029 1.88626e-05 0)
(1.00029 1.61617e-05 0)
(1.00029 1.38433e-05 0)
(1.00029 1.18546e-05 0)
(1.00029 1.01496e-05 0)
(1.00029 8.68844e-06 0)
(1.00029 7.43667e-06 0)
(1.00029 6.36457e-06 0)
(1.00029 5.44657e-06 0)
(1.00029 4.66064e-06 0)
(1.00029 3.98789e-06 0)
(1.00029 3.41208e-06 0)
(1.00029 2.91929e-06 0)
(1.00029 2.4976e-06 0)
(1.00029 2.13675e-06 0)
(1.0003 1.828e-06 0)
(1.0003 1.56383e-06 0)
(1.0003 1.33781e-06 0)
(1.0003 1.14445e-06 0)
(1.0003 9.79018e-07 0)
(1.0003 8.37493e-07 0)
(1.0003 7.16421e-07 0)
(1.0003 6.12846e-07 0)
(1.0003 5.24243e-07 0)
(1.0003 4.48447e-07 0)
(1.0003 3.83608e-07 0)
(1.0003 3.28142e-07 0)
(1.0003 2.80696e-07 0)
(1.0003 2.40108e-07 0)
(1.0003 2.0539e-07 0)
(1.0003 1.75691e-07 0)
(1.0003 1.50286e-07 0)
(1.0003 1.28554e-07 0)
(1.0003 1.09965e-07 0)
(1.0003 9.40633e-08 0)
(1.0003 8.04614e-08 0)
(1.0003 6.88264e-08 0)
(1.0003 5.88739e-08 0)
(1.0003 5.03605e-08 0)
(1.0003 4.30781e-08 0)
(1.0003 3.68488e-08 0)
(1.0003 3.15203e-08 0)
(1.0003 2.69624e-08 0)
(1.0003 2.30637e-08 0)
(1.0003 1.97287e-08 0)
(1.0003 1.6876e-08 0)
(1.0003 1.44357e-08 0)
(1.0003 1.23483e-08 0)
(1.0003 1.05628e-08 0)
(1.0003 9.03546e-09 0)
(1.0003 7.72899e-09 0)
(1.0003 6.61146e-09 0)
(1.0003 5.65554e-09 0)
(1.0003 4.83783e-09 0)
(1.0003 4.13837e-09 0)
(1.0003 3.54001e-09 0)
(1.0003 3.02813e-09 0)
(1.0003 2.5902e-09 0)
(1.0003 2.21554e-09 0)
(1.0003 1.895e-09 0)
(1.0003 1.62077e-09 0)
(1.0003 1.38621e-09 0)
(1.0003 1.1856e-09 0)
(1.0003 1.01405e-09 0)
(1.0003 8.6737e-10 0)
(1.0003 7.41916e-10 0)
(1.0003 6.34617e-10 0)
(1.0003 5.42816e-10 0)
(1.0003 4.64277e-10 0)
(1.0003 3.97106e-10 0)
(1.0003 3.39662e-10 0)
(1.0003 2.90588e-10 0)
(1.0003 2.4864e-10 0)
(1.0003 2.12778e-10 0)
(1.0003 1.82101e-10 0)
(1.0003 1.55826e-10 0)
(1.0003 1.33374e-10 0)
(1.0003 1.14204e-10 0)
(1.0003 9.78926e-11 0)
(1.0003 8.40443e-11 0)
(1.0003 7.23075e-11 0)
(1.0003 6.23626e-11 0)
(1.0003 5.38706e-11 0)
(1.0003 4.65753e-11 0)
(1.0003 4.02937e-11 0)
(1.0003 3.48376e-11 0)
(1.0003 3.01188e-11 0)
(1.0003 2.60525e-11 0)
(1.0003 2.25546e-11 0)
(1.0003 1.95699e-11 0)
(1.0003 1.69831e-11 0)
(1.0003 1.47429e-11 0)
(1.0003 1.27513e-11 0)
(1.0003 1.09653e-11 0)
(1.0003 9.33973e-12 0)
(1.0003 7.86742e-12 0)
(1.0003 6.53026e-12 0)
(1.0003 5.36401e-12 0)
(1.0003 4.35408e-12 0)
(1.0003 3.53342e-12 0)
(1.0003 2.89071e-12 0)
(1.0003 2.41233e-12 0)
(1.0003 2.12218e-12 0)
(1.0003 1.94788e-12 0)
(1.0003 1.89135e-12 0)
(1.0003 1.93193e-12 0)
(1.0003 2.0421e-12 0)
(1.0003 2.19645e-12 0)
(1.0003 2.39674e-12 0)
(1.0003 2.6367e-12 0)
(1.0003 2.89485e-12 0)
(1.0003 3.15343e-12 0)
(1.0003 3.41078e-12 0)
(1.0003 3.63464e-12 0)
(1.0003 3.8312e-12 0)
(1.0003 3.97699e-12 0)
(1.0003 4.06097e-12 0)
(1.0003 4.07164e-12 0)
(1.0003 4.01361e-12 0)
(1.0003 3.89544e-12 0)
(1.0003 3.71387e-12 0)
(1.0003 3.48432e-12 0)
(1.0003 3.22747e-12 0)
(1.0003 2.93667e-12 0)
(1.0003 2.63937e-12 0)
(1.0003 2.34457e-12 0)
(1.0003 2.07475e-12 0)
(1.0003 1.82962e-12 0)
(1.0003 1.58327e-12 0)
(1.0003 1.38839e-12 0)
(1.0003 1.18819e-12 0)
(1.0003 1.01904e-12 0)
(1.0003 8.59895e-13 0)
(1.0003 7.03338e-13 0)
(1.0003 5.43022e-13 0)
(1.0003 3.64895e-13 0)
(1.0003 2.03034e-13 0)
(1.0003 2.05402e-15 0)
(1.0003 -2.07528e-13 0)
(1.0003 -4.23501e-13 0)
(1.0003 -6.81659e-13 0)
(1.0003 -9.41414e-13 0)
(1.0003 -1.20119e-12 0)
(1.0003 -1.49186e-12 0)
(1.0003 -1.79142e-12 0)
(1.0003 -2.0753e-12 0)
(1.0003 -2.32934e-12 0)
(1.0003 -2.60842e-12 0)
(1.0003 -2.86081e-12 0)
(1.0003 -3.03577e-12 0)
(1.0003 -3.21317e-12 0)
(1.0003 -3.3545e-12 0)
(1.0003 -3.45828e-12 0)
(1.0003 -3.50572e-12 0)
(1.0003 -3.51895e-12 0)
(1.0003 -3.53411e-12 0)
(1.0003 -3.47856e-12 0)
(1.0003 -3.40756e-12 0)
(1.0003 -3.30475e-12 0)
(1.0003 -3.16829e-12 0)
(1.0003 -3.00981e-12 0)
(1.0003 -2.86638e-12 0)
(1.0003 -2.7079e-12 0)
(1.0003 -2.47019e-12 0)
(1.0003 -2.31126e-12 0)
(1.0003 -2.07822e-12 0)
(1.0003 -1.79687e-12 0)
(1.0003 -1.61521e-12 0)
(1.0003 -1.31336e-12 0)
(1.0003 -1.04758e-12 0)
(1.0003 -7.64076e-13 0)
(1.0003 -5.16208e-13 0)
(1.0003 -1.95629e-13 0)
(1 1.15748e-05 0)
(1 3.6555e-05 0)
(1.00001 5.97432e-05 0)
(1.00002 7.89411e-05 0)
(1.00004 9.76047e-05 0)
(1.00005 0.00011883 0)
(1.00007 0.000140724 0)
(1.0001 0.000158492 0)
(1.00012 0.000168487 0)
(1.00014 0.000169944 0)
(1.00017 0.000164358 0)
(1.00019 0.000154097 0)
(1.00021 0.000141352 0)
(1.00022 0.000127703 0)
(1.00023 0.000114127 0)
(1.00024 0.000101173 0)
(1.00025 8.91287e-05 0)
(1.00026 7.81242e-05 0)
(1.00027 6.81975e-05 0)
(1.00027 5.93304e-05 0)
(1.00028 5.14711e-05 0)
(1.00028 4.45488e-05 0)
(1.00028 3.84828e-05 0)
(1.00028 3.31894e-05 0)
(1.00029 2.85859e-05 0)
(1.00029 2.45937e-05 0)
(1.00029 2.11395e-05 0)
(1.00029 1.81565e-05 0)
(1.00029 1.55845e-05 0)
(1.00029 1.33697e-05 0)
(1.00029 1.14645e-05 0)
(1.00029 9.82712e-06 0)
(1.00029 8.42094e-06 0)
(1.00029 7.21406e-06 0)
(1.00029 6.17877e-06 0)
(1.00029 5.29104e-06 0)
(1.00029 4.53014e-06 0)
(1.00029 3.87813e-06 0)
(1.00029 3.31958e-06 0)
(1.00029 2.8412e-06 0)
(1.00029 2.43155e-06 0)
(1.00029 2.08082e-06 0)
(1.00029 1.78057e-06 0)
(1.00029 1.52356e-06 0)
(1.00029 1.30359e-06 0)
(1.00029 1.11534e-06 0)
(1.00029 9.54243e-07 0)
(1.00029 8.16391e-07 0)
(1.00029 6.98436e-07 0)
(1.0003 5.97512e-07 0)
(1.0003 5.11162e-07 0)
(1.0003 4.37285e-07 0)
(1.0003 3.7408e-07 0)
(1.0003 3.20006e-07 0)
(1.0003 2.73747e-07 0)
(1.0003 2.34172e-07 0)
(1.0003 2.00318e-07 0)
(1.0003 1.71356e-07 0)
(1.0003 1.46581e-07 0)
(1.0003 1.25388e-07 0)
(1.0003 1.07258e-07 0)
(1.0003 9.17493e-08 0)
(1.0003 7.8483e-08 0)
(1.0003 6.71349e-08 0)
(1.0003 5.74275e-08 0)
(1.0003 4.91236e-08 0)
(1.0003 4.20204e-08 0)
(1.0003 3.59442e-08 0)
(1.0003 3.07467e-08 0)
(1.0003 2.63008e-08 0)
(1.0003 2.24978e-08 0)
(1.0003 1.92447e-08 0)
(1.0003 1.6462e-08 0)
(1.0003 1.40816e-08 0)
(1.0003 1.20454e-08 0)
(1.0003 1.03037e-08 0)
(1.0003 8.8139e-09 0)
(1.0003 7.53951e-09 0)
(1.0003 6.44941e-09 0)
(1.0003 5.51694e-09 0)
(1.0003 4.71929e-09 0)
(1.0003 4.03696e-09 0)
(1.0003 3.45324e-09 0)
(1.0003 2.95387e-09 0)
(1.0003 2.52668e-09 0)
(1.0003 2.16121e-09 0)
(1.0003 1.84856e-09 0)
(1.0003 1.5811e-09 0)
(1.0003 1.35232e-09 0)
(1.0003 1.15665e-09 0)
(1.0003 9.89294e-10 0)
(1.0003 8.46186e-10 0)
(1.0003 7.23773e-10 0)
(1.0003 6.19063e-10 0)
(1.0003 5.29497e-10 0)
(1.0003 4.52883e-10 0)
(1.0003 3.87395e-10 0)
(1.0003 3.31395e-10 0)
(1.0003 2.83533e-10 0)
(1.0003 2.42626e-10 0)
(1.0003 2.07599e-10 0)
(1.0003 1.77641e-10 0)
(1.0003 1.51989e-10 0)
(1.0003 1.30072e-10 0)
(1.0003 1.11405e-10 0)
(1.0003 9.55303e-11 0)
(1.0003 8.20899e-11 0)
(1.0003 7.06718e-11 0)
(1.0003 6.09532e-11 0)
(1.0003 5.26566e-11 0)
(1.0003 4.54883e-11 0)
(1.0003 3.93018e-11 0)
(1.0003 3.39476e-11 0)
(1.0003 2.93205e-11 0)
(1.0003 2.53596e-11 0)
(1.0003 2.19575e-11 0)
(1.0003 1.90653e-11 0)
(1.0003 1.65618e-11 0)
(1.0003 1.43737e-11 0)
(1.0003 1.2421e-11 0)
(1.0003 1.06573e-11 0)
(1.0003 9.04514e-12 0)
(1.0003 7.5812e-12 0)
(1.0003 6.26648e-12 0)
(1.0003 5.1185e-12 0)
(1.0003 4.14919e-12 0)
(1.0003 3.35256e-12 0)
(1.0003 2.75694e-12 0)
(1.0003 2.31657e-12 0)
(1.0003 2.04355e-12 0)
(1.0003 1.90392e-12 0)
(1.0003 1.85983e-12 0)
(1.0003 1.89716e-12 0)
(1.0003 1.99504e-12 0)
(1.0003 2.16363e-12 0)
(1.0003 2.3509e-12 0)
(1.0003 2.58053e-12 0)
(1.0003 2.83045e-12 0)
(1.0003 3.0655e-12 0)
(1.0003 3.3121e-12 0)
(1.0003 3.5252e-12 0)
(1.0003 3.69916e-12 0)
(1.0003 3.8353e-12 0)
(1.0003 3.90317e-12 0)
(1.0003 3.90895e-12 0)
(1.0003 3.8492e-12 0)
(1.0003 3.73448e-12 0)
(1.0003 3.5628e-12 0)
(1.0003 3.33889e-12 0)
(1.0003 3.10054e-12 0)
(1.0003 2.81221e-12 0)
(1.0003 2.53711e-12 0)
(1.0003 2.27365e-12 0)
(1.0003 1.99979e-12 0)
(1.0003 1.77422e-12 0)
(1.0003 1.53468e-12 0)
(1.0003 1.34147e-12 0)
(1.0003 1.16523e-12 0)
(1.0003 9.94795e-13 0)
(1.0003 8.37174e-13 0)
(1.0003 6.7603e-13 0)
(1.0003 5.20602e-13 0)
(1.0003 3.52323e-13 0)
(1.0003 1.80913e-13 0)
(1.0003 -1.89003e-14 0)
(1.0003 -2.33383e-13 0)
(1.0003 -4.47563e-13 0)
(1.0003 -6.91523e-13 0)
(1.0003 -9.50663e-13 0)
(1.0003 -1.21432e-12 0)
(1.0003 -1.49147e-12 0)
(1.0003 -1.76991e-12 0)
(1.0003 -2.05229e-12 0)
(1.0003 -2.29513e-12 0)
(1.0003 -2.54525e-12 0)
(1.0003 -2.78849e-12 0)
(1.0003 -2.94967e-12 0)
(1.0003 -3.12538e-12 0)
(1.0003 -3.25243e-12 0)
(1.0003 -3.33823e-12 0)
(1.0003 -3.40488e-12 0)
(1.0003 -3.39325e-12 0)
(1.0003 -3.42125e-12 0)
(1.0003 -3.3651e-12 0)
(1.0003 -3.297e-12 0)
(1.0003 -3.21366e-12 0)
(1.0003 -3.10894e-12 0)
(1.0003 -2.98332e-12 0)
(1.0003 -2.80213e-12 0)
(1.0003 -2.64728e-12 0)
(1.0003 -2.46495e-12 0)
(1.0003 -2.27016e-12 0)
(1.0003 -2.04315e-12 0)
(1.0003 -1.83541e-12 0)
(1.0003 -1.59799e-12 0)
(1.0003 -1.26931e-12 0)
(1.0003 -1.07257e-12 0)
(1.0003 -7.81326e-13 0)
(1.0003 -4.87351e-13 0)
(1.0003 -1.81647e-13 0)
(1 9.78657e-06 0)
(1 3.09258e-05 0)
(1.00001 5.06159e-05 0)
(1.00002 6.70247e-05 0)
(1.00003 8.30823e-05 0)
(1.00005 0.000101451 0)
(1.00007 0.000120549 0)
(1.00009 0.000136251 0)
(1.00011 0.000145379 0)
(1.00013 0.000147244 0)
(1.00015 0.000143096 0)
(1.00017 0.000134905 0)
(1.00019 0.000124489 0)
(1.00021 0.000113167 0)
(1.00022 0.000101766 0)
(1.00023 9.07653e-05 0)
(1.00024 8.04266e-05 0)
(1.00025 7.08842e-05 0)
(1.00026 6.21935e-05 0)
(1.00026 5.43611e-05 0)
(1.00027 4.73618e-05 0)
(1.00027 4.11506e-05 0)
(1.00028 3.56706e-05 0)
(1.00028 3.08593e-05 0)
(1.00028 2.66521e-05 0)
(1.00028 2.29857e-05 0)
(1.00029 1.97997e-05 0)
(1.00029 1.70379e-05 0)
(1.00029 1.46485e-05 0)
(1.00029 1.25848e-05 0)
(1.00029 1.08051e-05 0)
(1.00029 9.27202e-06 0)
(1.00029 7.95285e-06 0)
(1.00029 6.8187e-06 0)
(1.00029 5.84434e-06 0)
(1.00029 5.00779e-06 0)
(1.00029 4.28993e-06 0)
(1.00029 3.67421e-06 0)
(1.00029 3.1463e-06 0)
(1.00029 2.69383e-06 0)
(1.00029 2.30612e-06 0)
(1.00029 1.974e-06 0)
(1.00029 1.68954e-06 0)
(1.00029 1.44595e-06 0)
(1.00029 1.2374e-06 0)
(1.00029 1.05886e-06 0)
(1.00029 9.06033e-07 0)
(1.00029 7.75229e-07 0)
(1.00029 6.63283e-07 0)
(1.00029 5.67484e-07 0)
(1.00029 4.85507e-07 0)
(1.00029 4.15362e-07 0)
(1.0003 3.55344e-07 0)
(1.0003 3.03992e-07 0)
(1.0003 2.60058e-07 0)
(1.0003 2.2247e-07 0)
(1.0003 1.90312e-07 0)
(1.0003 1.62801e-07 0)
(1.0003 1.39266e-07 0)
(1.0003 1.19132e-07 0)
(1.0003 1.01909e-07 0)
(1.0003 8.71747e-08 0)
(1.0003 7.45708e-08 0)
(1.0003 6.3789e-08 0)
(1.0003 5.45658e-08 0)
(1.0003 4.6676e-08 0)
(1.0003 3.9927e-08 0)
(1.0003 3.41537e-08 0)
(1.0003 2.92153e-08 0)
(1.0003 2.4991e-08 0)
(1.0003 2.13774e-08 0)
(1.0003 1.82863e-08 0)
(1.0003 1.56422e-08 0)
(1.0003 1.33804e-08 0)
(1.0003 1.14457e-08 0)
(1.0003 9.79071e-09 0)
(1.0003 8.37511e-09 0)
(1.0003 7.16421e-09 0)
(1.0003 6.1284e-09 0)
(1.0003 5.24234e-09 0)
(1.0003 4.48438e-09 0)
(1.0003 3.83598e-09 0)
(1.0003 3.2813e-09 0)
(1.0003 2.80679e-09 0)
(1.0003 2.40088e-09 0)
(1.0003 2.05365e-09 0)
(1.0003 1.75661e-09 0)
(1.0003 1.50251e-09 0)
(1.0003 1.28515e-09 0)
(1.0003 1.09922e-09 0)
(1.0003 9.40177e-10 0)
(1.0003 8.04137e-10 0)
(1.0003 6.87775e-10 0)
(1.0003 5.88241e-10 0)
(1.0003 5.03126e-10 0)
(1.0003 4.30348e-10 0)
(1.0003 3.68134e-10 0)
(1.0003 3.14965e-10 0)
(1.0003 2.69499e-10 0)
(1.0003 2.30606e-10 0)
(1.0003 1.97309e-10 0)
(1.0003 1.68795e-10 0)
(1.0003 1.44411e-10 0)
(1.0003 1.23592e-10 0)
(1.0003 1.05889e-10 0)
(1.0003 9.08538e-11 0)
(1.0003 7.81031e-11 0)
(1.0003 6.72877e-11 0)
(1.0003 5.80406e-11 0)
(1.0003 5.01005e-11 0)
(1.0003 4.32538e-11 0)
(1.0003 3.73177e-11 0)
(1.0003 3.22005e-11 0)
(1.0003 2.77965e-11 0)
(1.0003 2.40396e-11 0)
(1.0003 2.08394e-11 0)
(1.0003 1.80983e-11 0)
(1.0003 1.57374e-11 0)
(1.0003 1.36488e-11 0)
(1.0003 1.17712e-11 0)
(1.0003 1.00649e-11 0)
(1.0003 8.51543e-12 0)
(1.0003 7.10267e-12 0)
(1.0003 5.84597e-12 0)
(1.0003 4.75238e-12 0)
(1.0003 3.83915e-12 0)
(1.0003 3.10442e-12 0)
(1.0003 2.56227e-12 0)
(1.0003 2.18244e-12 0)
(1.0003 1.93011e-12 0)
(1.0003 1.805e-12 0)
(1.0003 1.76758e-12 0)
(1.0003 1.8128e-12 0)
(1.0003 1.90279e-12 0)
(1.0003 2.04798e-12 0)
(1.0003 2.23467e-12 0)
(1.0003 2.44757e-12 0)
(1.0003 2.67706e-12 0)
(1.0003 2.89762e-12 0)
(1.0003 3.11418e-12 0)
(1.0003 3.31112e-12 0)
(1.0003 3.46706e-12 0)
(1.0003 3.58422e-12 0)
(1.0003 3.63817e-12 0)
(1.0003 3.63642e-12 0)
(1.0003 3.58174e-12 0)
(1.0003 3.47252e-12 0)
(1.0003 3.31564e-12 0)
(1.0003 3.11193e-12 0)
(1.0003 2.88073e-12 0)
(1.0003 2.6226e-12 0)
(1.0003 2.37468e-12 0)
(1.0003 2.12924e-12 0)
(1.0003 1.88224e-12 0)
(1.0003 1.65267e-12 0)
(1.0003 1.44828e-12 0)
(1.0003 1.26811e-12 0)
(1.0003 1.10808e-12 0)
(1.0003 9.41104e-13 0)
(1.0003 7.94642e-13 0)
(1.0003 6.47585e-13 0)
(1.0003 4.89889e-13 0)
(1.0003 3.33566e-13 0)
(1.0003 1.45228e-13 0)
(1.0003 -4.84894e-14 0)
(1.0003 -2.45989e-13 0)
(1.0003 -4.60506e-13 0)
(1.0003 -6.97868e-13 0)
(1.0003 -9.42242e-13 0)
(1.0003 -1.2004e-12 0)
(1.0003 -1.45666e-12 0)
(1.0003 -1.70107e-12 0)
(1.0003 -1.97255e-12 0)
(1.0003 -2.21233e-12 0)
(1.0003 -2.40286e-12 0)
(1.0003 -2.63104e-12 0)
(1.0003 -2.80205e-12 0)
(1.0003 -2.92867e-12 0)
(1.0003 -3.06539e-12 0)
(1.0003 -3.12982e-12 0)
(1.0003 -3.20592e-12 0)
(1.0003 -3.21832e-12 0)
(1.0003 -3.20097e-12 0)
(1.0003 -3.17473e-12 0)
(1.0003 -3.12232e-12 0)
(1.0003 -3.025e-12 0)
(1.0003 -2.93389e-12 0)
(1.0003 -2.81937e-12 0)
(1.0003 -2.68518e-12 0)
(1.0003 -2.55119e-12 0)
(1.0003 -2.32867e-12 0)
(1.0003 -2.18747e-12 0)
(1.0003 -1.98135e-12 0)
(1.0003 -1.72035e-12 0)
(1.0003 -1.56499e-12 0)
(1.0003 -1.2814e-12 0)
(1.0003 -1.03264e-12 0)
(1.0003 -7.48302e-13 0)
(1.0003 -4.93877e-13 0)
(1.0003 -1.95177e-13 0)
(1 8.18626e-06 0)
(1 2.58818e-05 0)
(1.00001 4.24062e-05 0)
(1.00002 5.62452e-05 0)
(1.00003 6.98613e-05 0)
(1.00004 8.54998e-05 0)
(1.00006 0.000101858 0)
(1.00008 0.00011545 0)
(1.0001 0.000123559 0)
(1.00012 0.000125574 0)
(1.00014 0.00012252 0)
(1.00016 0.000116028 0)
(1.00018 0.000107596 0)
(1.0002 9.83107e-05 0)
(1.00021 8.88628e-05 0)
(1.00022 7.96593e-05 0)
(1.00023 7.09315e-05 0)
(1.00024 6.28062e-05 0)
(1.00025 5.53456e-05 0)
(1.00026 4.85704e-05 0)
(1.00026 4.24729e-05 0)
(1.00027 3.70267e-05 0)
(1.00027 3.21933e-05 0)
(1.00028 2.79269e-05 0)
(1.00028 2.41782e-05 0)
(1.00028 2.08973e-05 0)
(1.00028 1.80353e-05 0)
(1.00028 1.55458e-05 0)
(1.00029 1.33855e-05 0)
(1.00029 1.15148e-05 0)
(1.00029 9.89771e-06 0)
(1.00029 8.5019e-06 0)
(1.00029 7.29866e-06 0)
(1.00029 6.26256e-06 0)
(1.00029 5.37121e-06 0)
(1.00029 4.60502e-06 0)
(1.00029 3.94687e-06 0)
(1.00029 3.38185e-06 0)
(1.00029 2.89703e-06 0)
(1.00029 2.48121e-06 0)
(1.00029 2.1247e-06 0)
(1.00029 1.81914e-06 0)
(1.00029 1.55733e-06 0)
(1.00029 1.33304e-06 0)
(1.00029 1.14095e-06 0)
(1.00029 9.76459e-07 0)
(1.00029 8.35623e-07 0)
(1.00029 7.15056e-07 0)
(1.00029 6.11852e-07 0)
(1.00029 5.2352e-07 0)
(1.00029 4.47923e-07 0)
(1.00029 3.8323e-07 0)
(1.00029 3.2787e-07 0)
(1.00029 2.805e-07 0)
(1.0003 2.39969e-07 0)
(1.0003 2.05291e-07 0)
(1.0003 1.75622e-07 0)
(1.0003 1.50238e-07 0)
(1.0003 1.28521e-07 0)
(1.0003 1.09943e-07 0)
(1.0003 9.40492e-08 0)
(1.0003 8.04527e-08 0)
(1.0003 6.88214e-08 0)
(1.0003 5.88713e-08 0)
(1.0003 5.03595e-08 0)
(1.0003 4.30782e-08 0)
(1.0003 3.68496e-08 0)
(1.0003 3.15216e-08 0)
(1.0003 2.69639e-08 0)
(1.0003 2.30652e-08 0)
(1.0003 1.97301e-08 0)
(1.0003 1.68772e-08 0)
(1.0003 1.44369e-08 0)
(1.0003 1.23494e-08 0)
(1.0003 1.05638e-08 0)
(1.0003 9.03644e-09 0)
(1.0003 7.72993e-09 0)
(1.0003 6.61234e-09 0)
(1.0003 5.65633e-09 0)
(1.0003 4.83851e-09 0)
(1.0003 4.1389e-09 0)
(1.0003 3.54042e-09 0)
(1.0003 3.02846e-09 0)
(1.0003 2.59054e-09 0)
(1.0003 2.21594e-09 0)
(1.0003 1.89552e-09 0)
(1.0003 1.62142e-09 0)
(1.0003 1.38694e-09 0)
(1.0003 1.18634e-09 0)
(1.0003 1.0147e-09 0)
(1.0003 8.67877e-10 0)
(1.0003 7.42268e-10 0)
(1.0003 6.34827e-10 0)
(1.0003 5.42938e-10 0)
(1.0003 4.64359e-10 0)
(1.0003 3.97221e-10 0)
(1.0003 3.39835e-10 0)
(1.0003 2.90771e-10 0)
(1.0003 2.48826e-10 0)
(1.0003 2.12903e-10 0)
(1.0003 1.82149e-10 0)
(1.0003 1.55812e-10 0)
(1.0003 1.33294e-10 0)
(1.0003 1.14097e-10 0)
(1.0003 9.77794e-11 0)
(1.0003 8.39602e-11 0)
(1.0003 7.22138e-11 0)
(1.0003 6.22139e-11 0)
(1.0003 5.36677e-11 0)
(1.0003 4.62895e-11 0)
(1.0003 3.99192e-11 0)
(1.0003 3.44015e-11 0)
(1.0003 2.96475e-11 0)
(1.0003 2.55982e-11 0)
(1.0003 2.21332e-11 0)
(1.0003 1.92029e-11 0)
(1.0003 1.66869e-11 0)
(1.0003 1.4508e-11 0)
(1.0003 1.257e-11 0)
(1.0003 1.08154e-11 0)
(1.0003 9.21072e-12 0)
(1.0003 7.75397e-12 0)
(1.0003 6.43747e-12 0)
(1.0003 5.27226e-12 0)
(1.0003 4.2819e-12 0)
(1.0003 3.44753e-12 0)
(1.0003 2.80585e-12 0)
(1.0003 2.32277e-12 0)
(1.0003 1.98783e-12 0)
(1.0003 1.78028e-12 0)
(1.0003 1.67009e-12 0)
(1.0003 1.63334e-12 0)
(1.0003 1.66133e-12 0)
(1.0003 1.75115e-12 0)
(1.0003 1.88197e-12 0)
(1.0003 2.05053e-12 0)
(1.0003 2.24037e-12 0)
(1.0003 2.44373e-12 0)
(1.0003 2.65106e-12 0)
(1.0003 2.84314e-12 0)
(1.0003 3.00638e-12 0)
(1.0003 3.13625e-12 0)
(1.0003 3.23233e-12 0)
(1.0003 3.27527e-12 0)
(1.0003 3.26307e-12 0)
(1.0003 3.21335e-12 0)
(1.0003 3.11875e-12 0)
(1.0003 2.96748e-12 0)
(1.0003 2.79559e-12 0)
(1.0003 2.58755e-12 0)
(1.0003 2.36873e-12 0)
(1.0003 2.15482e-12 0)
(1.0003 1.91309e-12 0)
(1.0003 1.70963e-12 0)
(1.0003 1.50402e-12 0)
(1.0003 1.32064e-12 0)
(1.0003 1.16357e-12 0)
(1.0003 1.01397e-12 0)
(1.0003 8.68508e-13 0)
(1.0003 7.28303e-13 0)
(1.0003 5.98329e-13 0)
(1.0003 4.46569e-13 0)
(1.0003 2.92253e-13 0)
(1.0003 1.16199e-13 0)
(1.0003 -6.88733e-14 0)
(1.0003 -2.58899e-13 0)
(1.0003 -4.63669e-13 0)
(1.0003 -6.93091e-13 0)
(1.0003 -9.16155e-13 0)
(1.0003 -1.14889e-12 0)
(1.0003 -1.38752e-12 0)
(1.0003 -1.59698e-12 0)
(1.0003 -1.82937e-12 0)
(1.0003 -2.05119e-12 0)
(1.0003 -2.2222e-12 0)
(1.0003 -2.40488e-12 0)
(1.0003 -2.57809e-12 0)
(1.0003 -2.67369e-12 0)
(1.0003 -2.78196e-12 0)
(1.0003 -2.86444e-12 0)
(1.0003 -2.89054e-12 0)
(1.0003 -2.93263e-12 0)
(1.0003 -2.90775e-12 0)
(1.0003 -2.88735e-12 0)
(1.0003 -2.85457e-12 0)
(1.0003 -2.78813e-12 0)
(1.0003 -2.70958e-12 0)
(1.0003 -2.5922e-12 0)
(1.0003 -2.49864e-12 0)
(1.0003 -2.38349e-12 0)
(1.0003 -2.23674e-12 0)
(1.0003 -2.04895e-12 0)
(1.0003 -1.8511e-12 0)
(1.0003 -1.66596e-12 0)
(1.0003 -1.45459e-12 0)
(1.0003 -1.18715e-12 0)
(1.0003 -9.75126e-13 0)
(1.0003 -7.17717e-13 0)
(1.0003 -4.97434e-13 0)
(1.0003 -2.05049e-13 0)
(1 6.72813e-06 0)
(1 2.12806e-05 0)
(1.00001 3.48957e-05 0)
(1.00002 4.63418e-05 0)
(1.00003 5.76509e-05 0)
(1.00004 7.06798e-05 0)
(1.00006 8.4368e-05 0)
(1.00007 9.58362e-05 0)
(1.00009 0.00010282 0)
(1.00012 0.000104789 0)
(1.00014 0.000102569 0)
(1.00015 9.74883e-05 0)
(1.00017 9.07629e-05 0)
(1.00019 8.32758e-05 0)
(1.0002 7.55908e-05 0)
(1.00022 6.80448e-05 0)
(1.00023 6.0835e-05 0)
(1.00024 5.40745e-05 0)
(1.00024 4.78245e-05 0)
(1.00025 4.21122e-05 0)
(1.00026 3.69405e-05 0)
(1.00026 3.22958e-05 0)
(1.00027 2.81528e-05 0)
(1.00027 2.44791e-05 0)
(1.00028 2.12378e-05 0)
(1.00028 1.83903e-05 0)
(1.00028 1.58982e-05 0)
(1.00028 1.3724e-05 0)
(1.00028 1.18323e-05 0)
(1.00029 1.01904e-05 0)
(1.00029 8.76816e-06 0)
(1.00029 7.53832e-06 0)
(1.00029 6.47647e-06 0)
(1.00029 5.56084e-06 0)
(1.00029 4.77218e-06 0)
(1.00029 4.09354e-06 0)
(1.00029 3.51005e-06 0)
(1.00029 3.00873e-06 0)
(1.00029 2.57827e-06 0)
(1.00029 2.20884e-06 0)
(1.00029 1.89195e-06 0)
(1.00029 1.62022e-06 0)
(1.00029 1.38729e-06 0)
(1.00029 1.18769e-06 0)
(1.00029 1.01669e-06 0)
(1.00029 8.70217e-07 0)
(1.00029 7.44783e-07 0)
(1.00029 6.3738e-07 0)
(1.00029 5.45431e-07 0)
(1.00029 4.6672e-07 0)
(1.00029 3.99348e-07 0)
(1.00029 3.41687e-07 0)
(1.00029 2.92341e-07 0)
(1.00029 2.50114e-07 0)
(1.00029 2.13981e-07 0)
(1.0003 1.83063e-07 0)
(1.0003 1.5661e-07 0)
(1.0003 1.33977e-07 0)
(1.0003 1.14613e-07 0)
(1.0003 9.80465e-08 0)
(1.0003 8.38738e-08 0)
(1.0003 7.17492e-08 0)
(1.0003 6.13767e-08 0)
(1.0003 5.25033e-08 0)
(1.0003 4.49125e-08 0)
(1.0003 3.8419e-08 0)
(1.0003 3.28643e-08 0)
(1.0003 2.81126e-08 0)
(1.0003 2.4048e-08 0)
(1.0003 2.05709e-08 0)
(1.0003 1.75965e-08 0)
(1.0003 1.50522e-08 0)
(1.0003 1.28758e-08 0)
(1.0003 1.10141e-08 0)
(1.0003 9.42163e-09 0)
(1.0003 8.05945e-09 0)
(1.0003 6.89424e-09 0)
(1.0003 5.89748e-09 0)
(1.0003 5.04481e-09 0)
(1.0003 4.31538e-09 0)
(1.0003 3.69138e-09 0)
(1.0003 3.1576e-09 0)
(1.0003 2.70101e-09 0)
(1.0003 2.31048e-09 0)
(1.0003 1.97644e-09 0)
(1.0003 1.69071e-09 0)
(1.0003 1.44631e-09 0)
(1.0003 1.23719e-09 0)
(1.0003 1.05827e-09 0)
(1.0003 9.05164e-10 0)
(1.0003 7.74174e-10 0)
(1.0003 6.62107e-10 0)
(1.0003 5.66234e-10 0)
(1.0003 4.84272e-10 0)
(1.0003 4.14202e-10 0)
(1.0003 3.54326e-10 0)
(1.0003 3.03175e-10 0)
(1.0003 2.59428e-10 0)
(1.0003 2.22012e-10 0)
(1.0003 1.89959e-10 0)
(1.0003 1.62494e-10 0)
(1.0003 1.38998e-10 0)
(1.0003 1.18914e-10 0)
(1.0003 1.01823e-10 0)
(1.0003 8.73039e-11 0)
(1.0003 7.49812e-11 0)
(1.0003 6.45282e-11 0)
(1.0003 5.55984e-11 0)
(1.0003 4.79279e-11 0)
(1.0003 4.13034e-11 0)
(1.0003 3.55704e-11 0)
(1.0003 3.06282e-11 0)
(1.0003 2.63715e-11 0)
(1.0003 2.27581e-11 0)
(1.0003 1.96935e-11 0)
(1.0003 1.70887e-11 0)
(1.0003 1.48566e-11 0)
(1.0003 1.29046e-11 0)
(1.0003 1.11603e-11 0)
(1.0003 9.57243e-12 0)
(1.0003 8.11517e-12 0)
(1.0003 6.79177e-12 0)
(1.0003 5.61183e-12 0)
(1.0003 4.57708e-12 0)
(1.0003 3.70589e-12 0)
(1.0003 2.99315e-12 0)
(1.0003 2.44435e-12 0)
(1.0003 2.03711e-12 0)
(1.0003 1.75214e-12 0)
(1.0003 1.57234e-12 0)
(1.0003 1.46553e-12 0)
(1.0003 1.4373e-12 0)
(1.0003 1.45401e-12 0)
(1.0003 1.53064e-12 0)
(1.0003 1.65094e-12 0)
(1.0003 1.79586e-12 0)
(1.0003 1.9757e-12 0)
(1.0003 2.14705e-12 0)
(1.0003 2.32838e-12 0)
(1.0003 2.48931e-12 0)
(1.0003 2.61655e-12 0)
(1.0003 2.71994e-12 0)
(1.0003 2.78062e-12 0)
(1.0003 2.81158e-12 0)
(1.0003 2.80302e-12 0)
(1.0003 2.75025e-12 0)
(1.0003 2.66841e-12 0)
(1.0003 2.53742e-12 0)
(1.0003 2.39871e-12 0)
(1.0003 2.23109e-12 0)
(1.0003 2.04384e-12 0)
(1.0003 1.86707e-12 0)
(1.0003 1.6627e-12 0)
(1.0003 1.48208e-12 0)
(1.0003 1.31918e-12 0)
(1.0003 1.16535e-12 0)
(1.0003 1.02872e-12 0)
(1.0003 8.97968e-13 0)
(1.0003 7.76539e-13 0)
(1.0003 6.52795e-13 0)
(1.0003 5.25791e-13 0)
(1.0003 3.92412e-13 0)
(1.0003 2.44784e-13 0)
(1.0003 9.25585e-14 0)
(1.0003 -7.55946e-14 0)
(1.0003 -2.59359e-13 0)
(1.0003 -4.6084e-13 0)
(1.0003 -6.62729e-13 0)
(1.0003 -8.53509e-13 0)
(1.0003 -1.07281e-12 0)
(1.0003 -1.28714e-12 0)
(1.0003 -1.45804e-12 0)
(1.0003 -1.64956e-12 0)
(1.0003 -1.83744e-12 0)
(1.0003 -1.98694e-12 0)
(1.0003 -2.1197e-12 0)
(1.0003 -2.26734e-12 0)
(1.0003 -2.37197e-12 0)
(1.0003 -2.42526e-12 0)
(1.0003 -2.51387e-12 0)
(1.0003 -2.53033e-12 0)
(1.0003 -2.56547e-12 0)
(1.0003 -2.55593e-12 0)
(1.0003 -2.52251e-12 0)
(1.0003 -2.51411e-12 0)
(1.0003 -2.46644e-12 0)
(1.0003 -2.39788e-12 0)
(1.0003 -2.32928e-12 0)
(1.0003 -2.24656e-12 0)
(1.0003 -2.09659e-12 0)
(1.0003 -2.00444e-12 0)
(1.0003 -1.88823e-12 0)
(1.0003 -1.70237e-12 0)
(1.0003 -1.54306e-12 0)
(1.0003 -1.36129e-12 0)
(1.0003 -1.13101e-12 0)
(1.0003 -9.74385e-13 0)
(1.0003 -6.7128e-13 0)
(1.0003 -4.16233e-13 0)
(1.0003 -1.76844e-13 0)
(1 5.37747e-06 0)
(1 1.70141e-05 0)
(1.00001 2.79169e-05 0)
(1.00002 3.71092e-05 0)
(1.00003 4.62209e-05 0)
(1.00004 5.67429e-05 0)
(1.00005 6.78322e-05 0)
(1.00007 7.7183e-05 0)
(1.00009 8.29679e-05 0)
(1.00011 8.47448e-05 0)
(1.00013 8.31622e-05 0)
(1.00015 7.92714e-05 0)
(1.00017 7.40358e-05 0)
(1.00018 6.81543e-05 0)
(1.0002 6.20741e-05 0)
(1.00021 5.60653e-05 0)
(1.00022 5.02889e-05 0)
(1.00023 4.48406e-05 0)
(1.00024 3.97757e-05 0)
(1.00025 3.51221e-05 0)
(1.00025 3.08881e-05 0)
(1.00026 2.70683e-05 0)
(1.00026 2.36468e-05 0)
(1.00027 2.06013e-05 0)
(1.00027 1.79049e-05 0)
(1.00028 1.55288e-05 0)
(1.00028 1.34434e-05 0)
(1.00028 1.16194e-05 0)
(1.00028 1.0029e-05 0)
(1.00028 8.6458e-06 0)
(1.00029 7.44554e-06 0)
(1.00029 6.40607e-06 0)
(1.00029 5.50737e-06 0)
(1.00029 4.7315e-06 0)
(1.00029 4.06253e-06 0)
(1.00029 3.48635e-06 0)
(1.00029 2.99056e-06 0)
(1.00029 2.56429e-06 0)
(1.00029 2.19805e-06 0)
(1.00029 1.88358e-06 0)
(1.00029 1.6137e-06 0)
(1.00029 1.3822e-06 0)
(1.00029 1.18369e-06 0)
(1.00029 1.01352e-06 0)
(1.00029 8.67704e-07 0)
(1.00029 7.42776e-07 0)
(1.00029 6.35769e-07 0)
(1.00029 5.4413e-07 0)
(1.00029 4.65665e-07 0)
(1.00029 3.98488e-07 0)
(1.00029 3.40983e-07 0)
(1.00029 2.91762e-07 0)
(1.00029 2.49636e-07 0)
(1.00029 2.13584e-07 0)
(1.00029 1.82733e-07 0)
(1.00029 1.56335e-07 0)
(1.0003 1.33747e-07 0)
(1.0003 1.1442e-07 0)
(1.0003 9.78841e-08 0)
(1.0003 8.37368e-08 0)
(1.0003 7.16335e-08 0)
(1.0003 6.12788e-08 0)
(1.0003 5.24204e-08 0)
(1.0003 4.48421e-08 0)
(1.0003 3.83591e-08 0)
(1.0003 3.28133e-08 0)
(1.0003 2.80693e-08 0)
(1.0003 2.4011e-08 0)
(1.0003 2.05395e-08 0)
(1.0003 1.75697e-08 0)
(1.0003 1.50294e-08 0)
(1.0003 1.28563e-08 0)
(1.0003 1.09974e-08 0)
(1.0003 9.40738e-09 0)
(1.0003 8.04728e-09 0)
(1.0003 6.88385e-09 0)
(1.0003 5.88861e-09 0)
(1.0003 5.03724e-09 0)
(1.0003 4.30893e-09 0)
(1.0003 3.68588e-09 0)
(1.0003 3.15289e-09 0)
(1.0003 2.697e-09 0)
(1.0003 2.30705e-09 0)
(1.0003 1.97353e-09 0)
(1.0003 1.68828e-09 0)
(1.0003 1.44428e-09 0)
(1.0003 1.23553e-09 0)
(1.0003 1.05692e-09 0)
(1.0003 9.04075e-10 0)
(1.0003 7.73289e-10 0)
(1.0003 6.61375e-10 0)
(1.0003 5.65626e-10 0)
(1.0003 4.83733e-10 0)
(1.0003 4.13706e-10 0)
(1.0003 3.53874e-10 0)
(1.0003 3.02752e-10 0)
(1.0003 2.59059e-10 0)
(1.0003 2.2171e-10 0)
(1.0003 1.89728e-10 0)
(1.0003 1.62323e-10 0)
(1.0003 1.38851e-10 0)
(1.0003 1.18769e-10 0)
(1.0003 1.01619e-10 0)
(1.0003 8.70332e-11 0)
(1.0003 7.46728e-11 0)
(1.0003 6.41728e-11 0)
(1.0003 5.52289e-11 0)
(1.0003 4.75787e-11 0)
(1.0003 4.09713e-11 0)
(1.0003 3.52766e-11 0)
(1.0003 3.0332e-11 0)
(1.0003 2.60755e-11 0)
(1.0003 2.24562e-11 0)
(1.0003 1.93746e-11 0)
(1.0003 1.67844e-11 0)
(1.0003 1.45708e-11 0)
(1.0003 1.26553e-11 0)
(1.0003 1.09707e-11 0)
(1.0003 9.45265e-12 0)
(1.0003 8.06707e-12 0)
(1.0003 6.81452e-12 0)
(1.0003 5.67512e-12 0)
(1.0003 4.66725e-12 0)
(1.0003 3.79467e-12 0)
(1.0003 3.05873e-12 0)
(1.0003 2.48538e-12 0)
(1.0003 2.04311e-12 0)
(1.0003 1.71224e-12 0)
(1.0003 1.48037e-12 0)
(1.0003 1.33571e-12 0)
(1.0003 1.23331e-12 0)
(1.0003 1.18874e-12 0)
(1.0003 1.20975e-12 0)
(1.0003 1.27074e-12 0)
(1.0003 1.36502e-12 0)
(1.0003 1.49633e-12 0)
(1.0003 1.64136e-12 0)
(1.0003 1.79389e-12 0)
(1.0003 1.94097e-12 0)
(1.0003 2.06254e-12 0)
(1.0003 2.15484e-12 0)
(1.0003 2.22393e-12 0)
(1.0003 2.26612e-12 0)
(1.0003 2.28482e-12 0)
(1.0003 2.26239e-12 0)
(1.0003 2.22163e-12 0)
(1.0003 2.15203e-12 0)
(1.0003 2.04885e-12 0)
(1.0003 1.94789e-12 0)
(1.0003 1.814e-12 0)
(1.0003 1.67845e-12 0)
(1.0003 1.51519e-12 0)
(1.0003 1.36859e-12 0)
(1.0003 1.23414e-12 0)
(1.0003 1.09591e-12 0)
(1.0003 9.70532e-13 0)
(1.0003 8.66974e-13 0)
(1.0003 7.67167e-13 0)
(1.0003 6.58362e-13 0)
(1.0003 5.67196e-13 0)
(1.0003 4.41732e-13 0)
(1.0003 3.17418e-13 0)
(1.0003 1.95847e-13 0)
(1.0003 4.51924e-14 0)
(1.0003 -1.16058e-13 0)
(1.0003 -2.76032e-13 0)
(1.0003 -4.53157e-13 0)
(1.0003 -6.26568e-13 0)
(1.0003 -7.88781e-13 0)
(1.0003 -9.64697e-13 0)
(1.0003 -1.13866e-12 0)
(1.0003 -1.28588e-12 0)
(1.0003 -1.43277e-12 0)
(1.0003 -1.58423e-12 0)
(1.0003 -1.69844e-12 0)
(1.0003 -1.79224e-12 0)
(1.0003 -1.88988e-12 0)
(1.0003 -1.96439e-12 0)
(1.0003 -2.01504e-12 0)
(1.0003 -2.06858e-12 0)
(1.0003 -2.1041e-12 0)
(1.0003 -2.12954e-12 0)
(1.0003 -2.13286e-12 0)
(1.0003 -2.11638e-12 0)
(1.0003 -2.089e-12 0)
(1.0003 -2.07734e-12 0)
(1.0003 -2.03735e-12 0)
(1.0003 -1.98956e-12 0)
(1.0003 -1.92905e-12 0)
(1.0003 -1.84354e-12 0)
(1.0003 -1.79491e-12 0)
(1.0003 -1.64129e-12 0)
(1.0003 -1.51653e-12 0)
(1.0003 -1.37184e-12 0)
(1.0003 -1.19502e-12 0)
(1.0003 -9.92067e-13 0)
(1.0003 -8.22119e-13 0)
(1.0003 -6.30923e-13 0)
(1.0003 -4.52873e-13 0)
(1.0003 -1.97661e-13 0)
(1 4.10703e-06 0)
(1 1.29978e-05 0)
(1.00001 2.13366e-05 0)
(1.00002 2.83823e-05 0)
(1.00002 3.53831e-05 0)
(1.00004 4.34817e-05 0)
(1.00005 5.20364e-05 0)
(1.00007 5.92846e-05 0)
(1.00009 6.3822e-05 0)
(1.0001 6.53005e-05 0)
(1.00012 6.42075e-05 0)
(1.00014 6.13396e-05 0)
(1.00016 5.74278e-05 0)
(1.00018 5.30012e-05 0)
(1.00019 4.83994e-05 0)
(1.0002 4.38286e-05 0)
(1.00021 3.94134e-05 0)
(1.00023 3.52298e-05 0)
(1.00023 3.13234e-05 0)
(1.00024 2.77193e-05 0)
(1.00025 2.44275e-05 0)
(1.00026 2.14468e-05 0)
(1.00026 1.87682e-05 0)
(1.00027 1.63766e-05 0)
(1.00027 1.42533e-05 0)
(1.00027 1.23775e-05 0)
(1.00028 1.07275e-05 0)
(1.00028 9.28145e-06 0)
(1.00028 8.01825e-06 0)
(1.00028 6.91788e-06 0)
(1.00029 5.9617e-06 0)
(1.00029 5.13257e-06 0)
(1.00029 4.41492e-06 0)
(1.00029 3.79476e-06 0)
(1.00029 3.25959e-06 0)
(1.00029 2.79831e-06 0)
(1.00029 2.40113e-06 0)
(1.00029 2.05944e-06 0)
(1.00029 1.76573e-06 0)
(1.00029 1.51343e-06 0)
(1.00029 1.29682e-06 0)
(1.00029 1.11095e-06 0)
(1.00029 9.51524e-07 0)
(1.00029 8.14832e-07 0)
(1.00029 6.97669e-07 0)
(1.00029 5.97274e-07 0)
(1.00029 5.11268e-07 0)
(1.00029 4.37603e-07 0)
(1.00029 3.74521e-07 0)
(1.00029 3.20508e-07 0)
(1.00029 2.74268e-07 0)
(1.00029 2.34686e-07 0)
(1.00029 2.00807e-07 0)
(1.00029 1.71811e-07 0)
(1.00029 1.46998e-07 0)
(1.00029 1.25764e-07 0)
(1.00029 1.07595e-07 0)
(1.0003 9.20487e-08 0)
(1.0003 7.8747e-08 0)
(1.0003 6.73665e-08 0)
(1.0003 5.76298e-08 0)
(1.0003 4.92997e-08 0)
(1.0003 4.21732e-08 0)
(1.0003 3.60765e-08 0)
(1.0003 3.0861e-08 0)
(1.0003 2.63994e-08 0)
(1.0003 2.25828e-08 0)
(1.0003 1.93179e-08 0)
(1.0003 1.65249e-08 0)
(1.0003 1.41357e-08 0)
(1.0003 1.20918e-08 0)
(1.0003 1.03435e-08 0)
(1.0003 8.84802e-09 0)
(1.0003 7.56881e-09 0)
(1.0003 6.47458e-09 0)
(1.0003 5.53856e-09 0)
(1.0003 4.73785e-09 0)
(1.0003 4.05285e-09 0)
(1.0003 3.46685e-09 0)
(1.0003 2.96555e-09 0)
(1.0003 2.53674e-09 0)
(1.0003 2.16997e-09 0)
(1.0003 1.85628e-09 0)
(1.0003 1.58801e-09 0)
(1.0003 1.35855e-09 0)
(1.0003 1.16225e-09 0)
(1.0003 9.9429e-10 0)
(1.0003 8.5057e-10 0)
(1.0003 7.27571e-10 0)
(1.0003 6.22321e-10 0)
(1.0003 5.32265e-10 0)
(1.0003 4.55224e-10 0)
(1.0003 3.89342e-10 0)
(1.0003 3.33013e-10 0)
(1.0003 2.8487e-10 0)
(1.0003 2.43741e-10 0)
(1.0003 2.08579e-10 0)
(1.0003 1.78516e-10 0)
(1.0003 1.52775e-10 0)
(1.0003 1.30712e-10 0)
(1.0003 1.11811e-10 0)
(1.0003 9.5643e-11 0)
(1.0003 8.18683e-11 0)
(1.0003 7.0143e-11 0)
(1.0003 6.01946e-11 0)
(1.0003 5.1767e-11 0)
(1.0003 4.4563e-11 0)
(1.0003 3.83708e-11 0)
(1.0003 3.3012e-11 0)
(1.0003 2.83643e-11 0)
(1.0003 2.43474e-11 0)
(1.0003 2.08911e-11 0)
(1.0003 1.79744e-11 0)
(1.0003 1.55113e-11 0)
(1.0003 1.34433e-11 0)
(1.0003 1.16836e-11 0)
(1.0003 1.01397e-11 0)
(1.0003 8.75872e-12 0)
(1.0003 7.50372e-12 0)
(1.0003 6.35104e-12 0)
(1.0003 5.30311e-12 0)
(1.0003 4.37322e-12 0)
(1.0003 3.56665e-12 0)
(1.0003 2.8979e-12 0)
(1.0003 2.34488e-12 0)
(1.0003 1.92447e-12 0)
(1.0003 1.59668e-12 0)
(1.0003 1.34608e-12 0)
(1.0003 1.15641e-12 0)
(1.0003 1.01637e-12 0)
(1.0003 9.33464e-13 0)
(1.0003 8.8065e-13 0)
(1.0003 8.848e-13 0)
(1.0003 9.43961e-13 0)
(1.0003 1.0254e-12 0)
(1.0003 1.13653e-12 0)
(1.0003 1.25324e-12 0)
(1.0003 1.3774e-12 0)
(1.0003 1.49292e-12 0)
(1.0003 1.57228e-12 0)
(1.0003 1.62423e-12 0)
(1.0003 1.65485e-12 0)
(1.0003 1.67556e-12 0)
(1.0003 1.67459e-12 0)
(1.0003 1.64599e-12 0)
(1.0003 1.61203e-12 0)
(1.0003 1.556e-12 0)
(1.0003 1.49124e-12 0)
(1.0003 1.42253e-12 0)
(1.0003 1.32858e-12 0)
(1.0003 1.24244e-12 0)
(1.0003 1.1337e-12 0)
(1.0003 1.02894e-12 0)
(1.0003 9.37433e-13 0)
(1.0003 8.4639e-13 0)
(1.0003 7.55035e-13 0)
(1.0003 6.84079e-13 0)
(1.0003 6.20926e-13 0)
(1.0003 5.42703e-13 0)
(1.0003 4.58351e-13 0)
(1.0003 3.66594e-13 0)
(1.0003 2.65997e-13 0)
(1.0003 1.58703e-13 0)
(1.0003 2.3678e-14 0)
(1.0003 -1.26857e-13 0)
(1.0003 -2.71805e-13 0)
(1.0003 -4.18113e-13 0)
(1.0003 -5.73928e-13 0)
(1.0003 -7.11165e-13 0)
(1.0003 -8.27631e-13 0)
(1.0003 -9.66862e-13 0)
(1.0003 -1.08977e-12 0)
(1.0003 -1.16346e-12 0)
(1.0003 -1.27969e-12 0)
(1.0003 -1.36779e-12 0)
(1.0003 -1.4155e-12 0)
(1.0003 -1.48553e-12 0)
(1.0003 -1.52122e-12 0)
(1.0003 -1.57458e-12 0)
(1.0003 -1.57846e-12 0)
(1.0003 -1.59394e-12 0)
(1.0003 -1.63173e-12 0)
(1.0003 -1.63199e-12 0)
(1.0003 -1.65233e-12 0)
(1.0003 -1.62826e-12 0)
(1.0003 -1.64712e-12 0)
(1.0003 -1.64813e-12 0)
(1.0003 -1.60653e-12 0)
(1.0003 -1.62529e-12 0)
(1.0003 -1.52416e-12 0)
(1.0003 -1.46542e-12 0)
(1.0003 -1.45538e-12 0)
(1.0003 -1.30271e-12 0)
(1.0003 -1.1938e-12 0)
(1.0003 -1.08068e-12 0)
(1.0003 -8.71538e-13 0)
(1.0003 -7.43439e-13 0)
(1.0003 -5.46459e-13 0)
(1.0003 -3.56024e-13 0)
(1.0003 -1.61182e-13 0)
(1 2.89466e-06 0)
(1 9.16257e-06 0)
(1.00001 1.50459e-05 0)
(1.00001 2.00243e-05 0)
(1.00002 2.49795e-05 0)
(1.00003 3.07188e-05 0)
(1.00005 3.67913e-05 0)
(1.00006 4.19536e-05 0)
(1.00008 4.52124e-05 0)
(1.0001 4.63174e-05 0)
(1.00012 4.56076e-05 0)
(1.00014 4.36411e-05 0)
(1.00016 4.09303e-05 0)
(1.00017 3.78461e-05 0)
(1.00019 3.46264e-05 0)
(1.0002 3.14164e-05 0)
(1.00021 2.83047e-05 0)
(1.00022 2.53461e-05 0)
(1.00023 2.25746e-05 0)
(1.00024 2.00097e-05 0)
(1.00025 1.76601e-05 0)
(1.00025 1.5527e-05 0)
(1.00026 1.36052e-05 0)
(1.00026 1.18855e-05 0)
(1.00027 1.03555e-05 0)
(1.00027 9.00129e-06 0)
(1.00028 7.80805e-06 0)
(1.00028 6.76073e-06 0)
(1.00028 5.84459e-06 0)
(1.00028 5.04558e-06 0)
(1.00028 4.35051e-06 0)
(1.00029 3.74722e-06 0)
(1.00029 3.22462e-06 0)
(1.00029 2.77267e-06 0)
(1.00029 2.3824e-06 0)
(1.00029 2.04582e-06 0)
(1.00029 1.75587e-06 0)
(1.00029 1.50633e-06 0)
(1.00029 1.29174e-06 0)
(1.00029 1.10734e-06 0)
(1.00029 9.48987e-07 0)
(1.00029 8.13068e-07 0)
(1.00029 6.96462e-07 0)
(1.00029 5.96465e-07 0)
(1.00029 5.10741e-07 0)
(1.00029 4.37275e-07 0)
(1.00029 3.7433e-07 0)
(1.00029 3.20412e-07 0)
(1.00029 2.74235e-07 0)
(1.00029 2.34694e-07 0)
(1.00029 2.00841e-07 0)
(1.00029 1.7186e-07 0)
(1.00029 1.47054e-07 0)
(1.00029 1.25823e-07 0)
(1.00029 1.07654e-07 0)
(1.00029 9.21046e-08 0)
(1.00029 7.87992e-08 0)
(1.0003 6.74143e-08 0)
(1.0003 5.76731e-08 0)
(1.0003 4.93386e-08 0)
(1.0003 4.22078e-08 0)
(1.0003 3.61071e-08 0)
(1.0003 3.08877e-08 0)
(1.0003 2.64226e-08 0)
(1.0003 2.26029e-08 0)
(1.0003 1.93353e-08 0)
(1.0003 1.654e-08 0)
(1.0003 1.41488e-08 0)
(1.0003 1.21031e-08 0)
(1.0003 1.03533e-08 0)
(1.0003 8.85637e-09 0)
(1.0003 7.57592e-09 0)
(1.0003 6.48064e-09 0)
(1.0003 5.54373e-09 0)
(1.0003 4.74229e-09 0)
(1.0003 4.05671e-09 0)
(1.0003 3.47024e-09 0)
(1.0003 2.96855e-09 0)
(1.0003 2.53936e-09 0)
(1.0003 2.17221e-09 0)
(1.0003 1.85817e-09 0)
(1.0003 1.58956e-09 0)
(1.0003 1.35983e-09 0)
(1.0003 1.16335e-09 0)
(1.0003 9.95284e-10 0)
(1.0003 8.51507e-10 0)
(1.0003 7.28484e-10 0)
(1.0003 6.23219e-10 0)
(1.0003 5.33133e-10 0)
(1.0003 4.56036e-10 0)
(1.0003 3.90076e-10 0)
(1.0003 3.3365e-10 0)
(1.0003 2.8539e-10 0)
(1.0003 2.44131e-10 0)
(1.0003 2.08872e-10 0)
(1.0003 1.78741e-10 0)
(1.0003 1.52975e-10 0)
(1.0003 1.30923e-10 0)
(1.0003 1.12033e-10 0)
(1.0003 9.58517e-11 0)
(1.0003 8.19995e-11 0)
(1.0003 7.01616e-11 0)
(1.0003 6.00746e-11 0)
(1.0003 5.15096e-11 0)
(1.0003 4.42353e-11 0)
(1.0003 3.80398e-11 0)
(1.0003 3.27412e-11 0)
(1.0003 2.8164e-11 0)
(1.0003 2.42063e-11 0)
(1.0003 2.07518e-11 0)
(1.0003 1.77786e-11 0)
(1.0003 1.52385e-11 0)
(1.0003 1.30822e-11 0)
(1.0003 1.12786e-11 0)
(1.0003 9.76143e-12 0)
(1.0003 8.46875e-12 0)
(1.0003 7.33292e-12 0)
(1.0003 6.3131e-12 0)
(1.0003 5.38002e-12 0)
(1.0003 4.51858e-12 0)
(1.0003 3.73043e-12 0)
(1.0003 3.04039e-12 0)
(1.0003 2.44886e-12 0)
(1.0003 1.97307e-12 0)
(1.0003 1.60209e-12 0)
(1.0003 1.31824e-12 0)
(1.0003 1.10255e-12 0)
(1.0003 9.30415e-13 0)
(1.0003 7.93823e-13 0)
(1.0003 6.70007e-13 0)
(1.0003 6.00404e-13 0)
(1.0003 5.63519e-13 0)
(1.0003 5.59565e-13 0)
(1.0003 6.00998e-13 0)
(1.0003 6.59031e-13 0)
(1.0003 7.43127e-13 0)
(1.0003 8.41138e-13 0)
(1.0003 9.26744e-13 0)
(1.0003 9.97772e-13 0)
(1.0003 1.03451e-12 0)
(1.0003 1.05575e-12 0)
(1.0003 1.05749e-12 0)
(1.0003 1.05616e-12 0)
(1.0003 1.04726e-12 0)
(1.0003 1.02827e-12 0)
(1.0003 1.00935e-12 0)
(1.0003 9.72217e-13 0)
(1.0003 9.65177e-13 0)
(1.0003 9.25915e-13 0)
(1.0003 8.73454e-13 0)
(1.0003 8.2256e-13 0)
(1.0003 7.65419e-13 0)
(1.0003 6.97974e-13 0)
(1.0003 6.32608e-13 0)
(1.0003 5.75431e-13 0)
(1.0003 5.26453e-13 0)
(1.0003 4.7218e-13 0)
(1.0003 4.16965e-13 0)
(1.0003 3.72118e-13 0)
(1.0003 2.9581e-13 0)
(1.0003 2.19132e-13 0)
(1.0003 1.31585e-13 0)
(1.0003 3.85762e-14 0)
(1.0003 -5.86336e-14 0)
(1.0003 -1.74479e-13 0)
(1.0003 -2.85675e-13 0)
(1.0003 -3.94842e-13 0)
(1.0003 -4.98937e-13 0)
(1.0003 -6.0608e-13 0)
(1.0003 -6.85283e-13 0)
(1.0003 -7.68729e-13 0)
(1.0003 -8.61706e-13 0)
(1.0003 -8.86012e-13 0)
(1.0003 -9.34815e-13 0)
(1.0003 -9.81465e-13 0)
(1.0003 -9.87637e-13 0)
(1.0003 -1.03583e-12 0)
(1.0003 -1.04834e-12 0)
(1.0003 -1.07656e-12 0)
(1.0003 -1.09222e-12 0)
(1.0003 -1.08956e-12 0)
(1.0003 -1.10822e-12 0)
(1.0003 -1.13892e-12 0)
(1.0003 -1.15533e-12 0)
(1.0003 -1.17753e-12 0)
(1.0003 -1.16108e-12 0)
(1.0003 -1.19015e-12 0)
(1.0003 -1.21167e-12 0)
(1.0003 -1.18593e-12 0)
(1.0003 -1.20896e-12 0)
(1.0003 -1.13166e-12 0)
(1.0003 -1.10171e-12 0)
(1.0003 -1.04955e-12 0)
(1.0003 -9.57479e-13 0)
(1.0003 -8.99129e-13 0)
(1.0003 -7.20253e-13 0)
(1.0003 -5.94998e-13 0)
(1.0003 -4.60761e-13 0)
(1.0003 -3.10831e-13 0)
(1.0003 -1.362e-13 0)
(1 1.72163e-06 0)
(1 5.45018e-06 0)
(1.00001 8.95165e-06 0)
(1.00001 1.19174e-05 0)
(1.00002 1.48726e-05 0)
(1.00003 1.82982e-05 0)
(1.00005 2.19263e-05 0)
(1.00006 2.50173e-05 0)
(1.00008 2.6979e-05 0)
(1.0001 2.76608e-05 0)
(1.00012 2.72624e-05 0)
(1.00014 2.61146e-05 0)
(1.00015 2.45207e-05 0)
(1.00017 2.27008e-05 0)
(1.00018 2.07956e-05 0)
(1.0002 1.88915e-05 0)
(1.00021 1.70414e-05 0)
(1.00022 1.52784e-05 0)
(1.00023 1.36232e-05 0)
(1.00024 1.20883e-05 0)
(1.00025 1.06797e-05 0)
(1.00025 9.39844e-06 0)
(1.00026 8.24225e-06 0)
(1.00026 7.20602e-06 0)
(1.00027 6.28287e-06 0)
(1.00027 5.46476e-06 0)
(1.00027 4.74307e-06 0)
(1.00028 4.10897e-06 0)
(1.00028 3.5538e-06 0)
(1.00028 3.06921e-06 0)
(1.00028 2.64736e-06 0)
(1.00029 2.28098e-06 0)
(1.00029 1.96341e-06 0)
(1.00029 1.68864e-06 0)
(1.00029 1.45127e-06 0)
(1.00029 1.24647e-06 0)
(1.00029 1.06999e-06 0)
(1.00029 9.18055e-07 0)
(1.00029 7.87368e-07 0)
(1.00029 6.75044e-07 0)
(1.00029 5.78563e-07 0)
(1.00029 4.95739e-07 0)
(1.00029 4.24673e-07 0)
(1.00029 3.63721e-07 0)
(1.00029 3.11463e-07 0)
(1.00029 2.66674e-07 0)
(1.00029 2.28296e-07 0)
(1.00029 1.95419e-07 0)
(1.00029 1.67261e-07 0)
(1.00029 1.43148e-07 0)
(1.00029 1.22502e-07 0)
(1.00029 1.04828e-07 0)
(1.00029 8.96986e-08 0)
(1.00029 7.67495e-08 0)
(1.00029 6.56671e-08 0)
(1.00029 5.6183e-08 0)
(1.00029 4.80671e-08 0)
(1.00029 4.11226e-08 0)
(1.0003 3.51807e-08 0)
(1.0003 3.00968e-08 0)
(1.0003 2.57471e-08 0)
(1.0003 2.20257e-08 0)
(1.0003 1.88419e-08 0)
(1.0003 1.61182e-08 0)
(1.0003 1.37882e-08 0)
(1.0003 1.1795e-08 0)
(1.0003 1.00898e-08 0)
(1.0003 8.63111e-09 0)
(1.0003 7.38322e-09 0)
(1.0003 6.31576e-09 0)
(1.0003 5.40264e-09 0)
(1.0003 4.6216e-09 0)
(1.0003 3.95352e-09 0)
(1.0003 3.38204e-09 0)
(1.0003 2.89317e-09 0)
(1.0003 2.47493e-09 0)
(1.0003 2.11713e-09 0)
(1.0003 1.81106e-09 0)
(1.0003 1.54927e-09 0)
(1.0003 1.32535e-09 0)
(1.0003 1.13386e-09 0)
(1.0003 9.70086e-10 0)
(1.0003 8.29999e-10 0)
(1.0003 7.10136e-10 0)
(1.0003 6.07556e-10 0)
(1.0003 5.19785e-10 0)
(1.0003 4.4468e-10 0)
(1.0003 3.80443e-10 0)
(1.0003 3.25501e-10 0)
(1.0003 2.78516e-10 0)
(1.0003 2.38321e-10 0)
(1.0003 2.03931e-10 0)
(1.0003 1.74502e-10 0)
(1.0003 1.49314e-10 0)
(1.0003 1.27783e-10 0)
(1.0003 1.09373e-10 0)
(1.0003 9.36321e-11 0)
(1.0003 8.01593e-11 0)
(1.0003 6.86111e-11 0)
(1.0003 5.87066e-11 0)
(1.0003 5.02339e-11 0)
(1.0003 4.30113e-11 0)
(1.0003 3.68475e-11 0)
(1.0003 3.16229e-11 0)
(1.0003 2.71968e-11 0)
(1.0003 2.34001e-11 0)
(1.0003 2.0135e-11 0)
(1.0003 1.72803e-11 0)
(1.0003 1.48004e-11 0)
(1.0003 1.26359e-11 0)
(1.0003 1.07644e-11 0)
(1.0003 9.18777e-12 0)
(1.0003 7.85526e-12 0)
(1.0003 6.76259e-12 0)
(1.0003 5.84208e-12 0)
(1.0003 5.04353e-12 0)
(1.0003 4.33036e-12 0)
(1.0003 3.68034e-12 0)
(1.0003 3.06653e-12 0)
(1.0003 2.50263e-12 0)
(1.0003 2.00569e-12 0)
(1.0003 1.58927e-12 0)
(1.0003 1.26948e-12 0)
(1.0003 1.02777e-12 0)
(1.0003 8.65827e-13 0)
(1.0003 7.48404e-13 0)
(1.0003 6.52633e-13 0)
(1.0003 5.49593e-13 0)
(1.0003 4.49661e-13 0)
(1.0003 3.46891e-13 0)
(1.0003 2.38686e-13 0)
(1.0003 1.56414e-13 0)
(1.0003 1.33134e-13 0)
(1.0003 1.55935e-13 0)
(1.0003 2.09025e-13 0)
(1.0003 2.86146e-13 0)
(1.0003 3.67432e-13 0)
(1.0003 4.33826e-13 0)
(1.0003 4.63397e-13 0)
(1.0003 4.72252e-13 0)
(1.0003 4.64617e-13 0)
(1.0003 4.25045e-13 0)
(1.0003 3.78399e-13 0)
(1.0003 3.21282e-13 0)
(1.0003 2.78439e-13 0)
(1.0003 2.66185e-13 0)
(1.0003 2.47262e-13 0)
(1.0003 2.63927e-13 0)
(1.0003 2.63231e-13 0)
(1.0003 2.52569e-13 0)
(1.0003 2.50739e-13 0)
(1.0003 2.39193e-13 0)
(1.0003 2.42143e-13 0)
(1.0003 2.51992e-13 0)
(1.0003 2.50365e-13 0)
(1.0003 2.67413e-13 0)
(1.0003 2.80954e-13 0)
(1.0003 2.61058e-13 0)
(1.0003 2.56581e-13 0)
(1.0003 2.32551e-13 0)
(1.0003 1.74249e-13 0)
(1.0003 1.10005e-13 0)
(1.0003 3.41645e-14 0)
(1.0003 -5.59725e-14 0)
(1.0003 -1.41133e-13 0)
(1.0003 -2.25954e-13 0)
(1.0003 -3.19166e-13 0)
(1.0003 -3.92229e-13 0)
(1.0003 -4.71688e-13 0)
(1.0003 -5.30606e-13 0)
(1.0003 -5.61668e-13 0)
(1.0003 -6.12571e-13 0)
(1.0003 -6.18679e-13 0)
(1.0003 -6.05622e-13 0)
(1.0003 -6.09649e-13 0)
(1.0003 -5.77131e-13 0)
(1.0003 -5.59346e-13 0)
(1.0003 -5.46272e-13 0)
(1.0003 -5.16177e-13 0)
(1.0003 -5.19538e-13 0)
(1.0003 -5.21569e-13 0)
(1.0003 -5.22732e-13 0)
(1.0003 -5.56183e-13 0)
(1.0003 -5.77376e-13 0)
(1.0003 -6.50457e-13 0)
(1.0003 -6.95693e-13 0)
(1.0003 -7.1668e-13 0)
(1.0003 -8.09058e-13 0)
(1.0003 -8.25366e-13 0)
(1.0003 -8.48242e-13 0)
(1.0003 -9.00752e-13 0)
(1.0003 -8.77326e-13 0)
(1.0003 -8.11896e-13 0)
(1.0003 -7.74555e-13 0)
(1.0003 -7.43069e-13 0)
(1.0003 -5.82914e-13 0)
(1.0003 -4.80629e-13 0)
(1.0003 -3.98482e-13 0)
(1.0003 -2.81162e-13 0)
(1.0003 -1.2172e-13 0)
(1 5.71391e-07 0)
(1 1.80896e-06 0)
(1.00001 2.97143e-06 0)
(1.00001 3.9565e-06 0)
(1.00002 4.93861e-06 0)
(1.00003 6.07747e-06 0)
(1.00005 7.28428e-06 0)
(1.00006 8.31348e-06 0)
(1.00008 8.9684e-06 0)
(1.0001 9.19871e-06 0)
(1.00012 9.07044e-06 0)
(1.00014 8.69307e-06 0)
(1.00015 8.16718e-06 0)
(1.00017 7.56557e-06 0)
(1.00018 6.93494e-06 0)
(1.0002 6.30389e-06 0)
(1.00021 5.69e-06 0)
(1.00022 5.10436e-06 0)
(1.00023 4.55398e-06 0)
(1.00024 4.04305e-06 0)
(1.00024 3.5737e-06 0)
(1.00025 3.14643e-06 0)
(1.00026 2.76053e-06 0)
(1.00026 2.41442e-06 0)
(1.00027 2.10586e-06 0)
(1.00027 1.83224e-06 0)
(1.00027 1.59073e-06 0)
(1.00028 1.37842e-06 0)
(1.00028 1.19246e-06 0)
(1.00028 1.03007e-06 0)
(1.00028 8.88648e-07 0)
(1.00029 7.65785e-07 0)
(1.00029 6.59262e-07 0)
(1.00029 5.67072e-07 0)
(1.00029 4.87412e-07 0)
(1.00029 4.18671e-07 0)
(1.00029 3.59422e-07 0)
(1.00029 3.08408e-07 0)
(1.00029 2.64522e-07 0)
(1.00029 2.26798e-07 0)
(1.00029 1.94393e-07 0)
(1.00029 1.66571e-07 0)
(1.00029 1.42698e-07 0)
(1.00029 1.2222e-07 0)
(1.00029 1.04663e-07 0)
(1.00029 8.96144e-08 0)
(1.00029 7.67193e-08 0)
(1.00029 6.56721e-08 0)
(1.00029 5.62101e-08 0)
(1.00029 4.81071e-08 0)
(1.00029 4.11692e-08 0)
(1.00029 3.52298e-08 0)
(1.00029 3.01456e-08 0)
(1.00029 2.57939e-08 0)
(1.00029 2.20695e-08 0)
(1.00029 1.88821e-08 0)
(1.00029 1.61545e-08 0)
(1.00029 1.38206e-08 0)
(1.0003 1.18236e-08 0)
(1.0003 1.0115e-08 0)
(1.0003 8.65322e-09 0)
(1.0003 7.40253e-09 0)
(1.0003 6.33253e-09 0)
(1.0003 5.41716e-09 0)
(1.0003 4.63408e-09 0)
(1.0003 3.9642e-09 0)
(1.0003 3.39113e-09 0)
(1.0003 2.90087e-09 0)
(1.0003 2.48145e-09 0)
(1.0003 2.12267e-09 0)
(1.0003 1.81578e-09 0)
(1.0003 1.5533e-09 0)
(1.0003 1.32879e-09 0)
(1.0003 1.13676e-09 0)
(1.0003 9.72479e-10 0)
(1.0003 8.31917e-10 0)
(1.0003 7.11648e-10 0)
(1.0003 6.08758e-10 0)
(1.0003 5.20764e-10 0)
(1.0003 4.45526e-10 0)
(1.0003 3.81206e-10 0)
(1.0003 3.26212e-10 0)
(1.0003 2.79169e-10 0)
(1.0003 2.38893e-10 0)
(1.0003 2.04391e-10 0)
(1.0003 1.74852e-10 0)
(1.0003 1.49577e-10 0)
(1.0003 1.27962e-10 0)
(1.0003 1.09498e-10 0)
(1.0003 9.37317e-11 0)
(1.0003 8.02527e-11 0)
(1.0003 6.8716e-11 0)
(1.0003 5.88289e-11 0)
(1.0003 5.03619e-11 0)
(1.0003 4.31149e-11 0)
(1.0003 3.69093e-11 0)
(1.0003 3.16055e-11 0)
(1.0003 2.70711e-11 0)
(1.0003 2.3191e-11 0)
(1.0003 1.98581e-11 0)
(1.0003 1.69994e-11 0)
(1.0003 1.45625e-11 0)
(1.0003 1.24864e-11 0)
(1.0003 1.07269e-11 0)
(1.0003 9.23888e-12 0)
(1.0003 7.95661e-12 0)
(1.0003 6.84866e-12 0)
(1.0003 5.86676e-12 0)
(1.0003 5.00311e-12 0)
(1.0003 4.24032e-12 0)
(1.0003 3.58043e-12 0)
(1.0003 3.03121e-12 0)
(1.0003 2.57371e-12 0)
(1.0003 2.21083e-12 0)
(1.0003 1.91059e-12 0)
(1.0003 1.64809e-12 0)
(1.0003 1.40189e-12 0)
(1.0003 1.16542e-12 0)
(1.0003 9.28558e-13 0)
(1.0003 7.07134e-13 0)
(1.0003 5.2123e-13 0)
(1.0003 3.84496e-13 0)
(1.0003 3.04219e-13 0)
(1.0003 2.61113e-13 0)
(1.0003 2.45149e-13 0)
(1.0003 2.40836e-13 0)
(1.0003 2.28631e-13 0)
(1.0003 1.93351e-13 0)
(1.0003 1.45019e-13 0)
(1.0003 8.87602e-14 0)
(1.0003 1.22538e-14 0)
(1.0003 -5.90013e-14 0)
(1.0003 -8.11874e-14 0)
(1.0003 -6.76316e-14 0)
(1.0003 -3.38073e-14 0)
(1.0003 5.98582e-15 0)
(1.0003 4.69582e-14 0)
(1.0003 8.17496e-14 0)
(1.0003 9.24914e-14 0)
(1.0003 9.15258e-14 0)
(1.0003 7.6995e-14 0)
(1.0003 4.31184e-14 0)
(1.0003 -7.37017e-16 0)
(1.0003 -5.48212e-14 0)
(1.0003 -9.04849e-14 0)
(1.0003 -1.02939e-13 0)
(1.0003 -1.11556e-13 0)
(1.0003 -1.06178e-13 0)
(1.0003 -9.46075e-14 0)
(1.0003 -8.59481e-14 0)
(1.0003 -7.15804e-14 0)
(1.0003 -5.85477e-14 0)
(1.0003 -3.11707e-14 0)
(1.0003 5.79182e-15 0)
(1.0003 3.04396e-14 0)
(1.0003 6.49981e-14 0)
(1.0003 1.03875e-13 0)
(1.0003 1.16639e-13 0)
(1.0003 1.29347e-13 0)
(1.0003 1.37086e-13 0)
(1.0003 1.25989e-13 0)
(1.0003 1.08933e-13 0)
(1.0003 7.07688e-14 0)
(1.0003 1.91303e-14 0)
(1.0003 -1.78749e-14 0)
(1.0003 -6.45015e-14 0)
(1.0003 -1.21034e-13 0)
(1.0003 -1.6274e-13 0)
(1.0003 -1.99374e-13 0)
(1.0003 -2.29907e-13 0)
(1.0003 -2.382e-13 0)
(1.0003 -2.4889e-13 0)
(1.0003 -2.45945e-13 0)
(1.0003 -2.30991e-13 0)
(1.0003 -2.19996e-13 0)
(1.0003 -1.95042e-13 0)
(1.0003 -1.65455e-13 0)
(1.0003 -1.46839e-13 0)
(1.0003 -1.14463e-13 0)
(1.0003 -9.55147e-14 0)
(1.0003 -9.15885e-14 0)
(1.0003 -1.05694e-13 0)
(1.0003 -1.16077e-13 0)
(1.0003 -1.33297e-13 0)
(1.0003 -1.73738e-13 0)
(1.0003 -2.47709e-13 0)
(1.0003 -2.4659e-13 0)
(1.0003 -2.64624e-13 0)
(1.0003 -3.49842e-13 0)
(1.0003 -3.2357e-13 0)
(1.0003 -3.61059e-13 0)
(1.0003 -4.19162e-13 0)
(1.0003 -3.92173e-13 0)
(1.0003 -3.63465e-13 0)
(1.0003 -3.8628e-13 0)
(1.0003 -3.6891e-13 0)
(1.0003 -2.62659e-13 0)
(1.0003 -1.71297e-13 0)
(1.0003 -8.97886e-14 0)
(1.0003 -2.91405e-14 0)
)
;

boundaryField
{
    inlet
    {
        type            fixedValue;
        value           uniform (1 0 0);
    }
    outlet
    {
        type            zeroGradient;
    }
    top
    {
        type            slip;
    }
    bottom
    {
        type            noSlip;
    }
    frontAndBack
    {
        type            empty;
    }
}


// ************************************************************************* //
