/*--------------------------------*- C++ -*----------------------------------*\
  =========                 |
  \\      /  F ield         | OpenFOAM: The Open Source CFD Toolbox
   \\    /   O peration     | Website:  https://openfoam.org
    \\  /    A nd           | Version:  dev
     \\/     M anipulation  |
\*---------------------------------------------------------------------------*/
FoamFile
{
    format      ascii;
    class       volScalarField;
    location    "0.1";
    object      p;
}
// * * * * * * * * * * * * * * * * * * * * * * * * * * * * * * * * * * * * * //

dimensions      [0 2 -2 0 0 0 0];

internalField   nonuniform List<scalar> 
4000
(
0.00687348
0.00653174
0.00625956
0.00612374
0.00603671
0.00595874
0.00588991
0.00583018
0.00577692
0.00572828
0.00568315
0.0056408
0.00560065
0.00556228
0.00552534
0.00548959
0.00545481
0.00542085
0.00538757
0.00535486
0.00532262
0.00529078
0.00525929
0.00522808
0.00519712
0.00516636
0.00513578
0.00510535
0.00507504
0.00504484
0.00501474
0.00498471
0.00495475
0.00492485
0.00489499
0.00486518
0.00483541
0.00480566
0.00477594
0.00474624
0.00471656
0.0046869
0.00465725
0.00462762
0.00459799
0.00456837
0.00453876
0.00450916
0.00447956
0.00444997
0.00442038
0.00439079
0.00436121
0.00433163
0.00430205
0.00427247
0.00424289
0.00421332
0.00418375
0.00415418
0.0041246
0.00409503
0.00406546
0.00403589
0.00400633
0.00397676
0.00394719
0.00391762
0.00388806
0.00385849
0.00382892
0.00379935
0.00376979
0.00374022
0.00371065
0.00368109
0.00365152
0.00362196
0.00359239
0.00356282
0.00353326
0.00350369
0.00347413
0.00344456
0.003415
0.00338543
0.00335587
0.0033263
0.00329674
0.00326717
0.0032376
0.00320804
0.00317847
0.00314891
0.00311934
0.00308978
0.00306021
0.00303065
0.00300108
0.00297151
0.00294195
0.00291238
0.00288282
0.00285325
0.00282368
0.00279412
0.00276455
0.00273499
0.00270542
0.00267585
0.00264629
0.00261672
0.00258715
0.00255759
0.00252802
0.00249845
0.00246888
0.00243932
0.00240975
0.00238018
0.00235062
0.00232105
0.00229148
0.00226191
0.00223235
0.00220278
0.00217321
0.00214364
0.00211408
0.00208451
0.00205494
0.00202538
0.00199581
0.00196624
0.00193667
0.00190711
0.00187754
0.00184797
0.00181841
0.00178884
0.00175927
0.00172971
0.00170014
0.00167057
0.001641
0.00161144
0.00158187
0.0015523
0.00152274
0.00149317
0.0014636
0.00143404
0.00140447
0.0013749
0.00134533
0.00131577
0.0012862
0.00125663
0.00122707
0.0011975
0.00116793
0.00113836
0.0011088
0.00107923
0.00104966
0.00102009
0.000990526
0.000960959
0.000931392
0.000901824
0.000872257
0.000842689
0.000813122
0.000783554
0.000753986
0.000724419
0.000694851
0.000665283
0.000635715
0.000606147
0.00057658
0.000547012
0.000517444
0.000487876
0.000458308
0.00042874
0.000399171
0.000369603
0.000340035
0.000310467
0.000280899
0.00025133
0.000221762
0.000192194
0.000162626
0.000133057
0.000103489
7.39207e-05
4.43524e-05
1.47841e-05
0.00640319
0.00630493
0.00618282
0.00608458
0.00600846
0.00594094
0.00587906
0.00582297
0.0057718
0.00572448
0.00568026
0.00563853
0.00559884
0.00556081
0.00552414
0.0054886
0.00545399
0.00542017
0.005387
0.00535438
0.00532221
0.00529044
0.005259
0.00522784
0.00519691
0.00516618
0.00513563
0.00510522
0.00507493
0.00504475
0.00501466
0.00498464
0.00495469
0.0049248
0.00489495
0.00486515
0.00483538
0.00480563
0.00477592
0.00474622
0.00471655
0.00468689
0.00465724
0.00462761
0.00459798
0.00456837
0.00453876
0.00450915
0.00447956
0.00444996
0.00442037
0.00439079
0.0043612
0.00433162
0.00430205
0.00427247
0.00424289
0.00421332
0.00418375
0.00415418
0.0041246
0.00409503
0.00406546
0.00403589
0.00400633
0.00397676
0.00394719
0.00391762
0.00388805
0.00385849
0.00382892
0.00379935
0.00376979
0.00374022
0.00371065
0.00368109
0.00365152
0.00362196
0.00359239
0.00356282
0.00353326
0.00350369
0.00347413
0.00344456
0.003415
0.00338543
0.00335587
0.0033263
0.00329674
0.00326717
0.0032376
0.00320804
0.00317847
0.00314891
0.00311934
0.00308978
0.00306021
0.00303065
0.00300108
0.00297151
0.00294195
0.00291238
0.00288282
0.00285325
0.00282368
0.00279412
0.00276455
0.00273499
0.00270542
0.00267585
0.00264629
0.00261672
0.00258715
0.00255759
0.00252802
0.00249845
0.00246888
0.00243932
0.00240975
0.00238018
0.00235062
0.00232105
0.00229148
0.00226191
0.00223235
0.00220278
0.00217321
0.00214364
0.00211408
0.00208451
0.00205494
0.00202538
0.00199581
0.00196624
0.00193667
0.00190711
0.00187754
0.00184797
0.00181841
0.00178884
0.00175927
0.00172971
0.00170014
0.00167057
0.001641
0.00161144
0.00158187
0.0015523
0.00152274
0.00149317
0.0014636
0.00143404
0.00140447
0.0013749
0.00134533
0.00131577
0.0012862
0.00125663
0.00122707
0.0011975
0.00116793
0.00113836
0.0011088
0.00107923
0.00104966
0.00102009
0.000990526
0.000960959
0.000931392
0.000901824
0.000872257
0.000842689
0.000813122
0.000783554
0.000753986
0.000724419
0.000694851
0.000665283
0.000635715
0.000606147
0.00057658
0.000547012
0.000517444
0.000487876
0.000458308
0.00042874
0.000399171
0.000369603
0.000340035
0.000310467
0.000280899
0.00025133
0.000221762
0.000192194
0.000162626
0.000133057
0.000103489
7.39207e-05
4.43524e-05
1.47841e-05
0.00629193
0.00623229
0.006142
0.00605617
0.00598471
0.00592189
0.00586452
0.00581182
0.00576312
0.00571767
0.00567486
0.00563421
0.00559534
0.00555795
0.00552179
0.00548666
0.00545238
0.00541882
0.00538587
0.00535343
0.00532142
0.00528977
0.00525843
0.00522735
0.0051965
0.00516584
0.00513533
0.00510497
0.00507472
0.00504457
0.0050145
0.00498451
0.00495458
0.0049247
0.00489487
0.00486508
0.00483532
0.00480558
0.00477587
0.00474619
0.00471652
0.00468686
0.00465722
0.00462759
0.00459796
0.00456835
0.00453874
0.00450914
0.00447955
0.00444995
0.00442037
0.00439078
0.0043612
0.00433162
0.00430204
0.00427247
0.00424289
0.00421332
0.00418374
0.00415417
0.0041246
0.00409503
0.00406546
0.00403589
0.00400632
0.00397676
0.00394719
0.00391762
0.00388805
0.00385849
0.00382892
0.00379935
0.00376979
0.00374022
0.00371065
0.00368109
0.00365152
0.00362196
0.00359239
0.00356282
0.00353326
0.00350369
0.00347413
0.00344456
0.003415
0.00338543
0.00335587
0.0033263
0.00329674
0.00326717
0.0032376
0.00320804
0.00317847
0.00314891
0.00311934
0.00308978
0.00306021
0.00303065
0.00300108
0.00297151
0.00294195
0.00291238
0.00288282
0.00285325
0.00282368
0.00279412
0.00276455
0.00273499
0.00270542
0.00267585
0.00264629
0.00261672
0.00258715
0.00255759
0.00252802
0.00249845
0.00246888
0.00243932
0.00240975
0.00238018
0.00235062
0.00232105
0.00229148
0.00226191
0.00223235
0.00220278
0.00217321
0.00214364
0.00211408
0.00208451
0.00205494
0.00202538
0.00199581
0.00196624
0.00193667
0.00190711
0.00187754
0.00184797
0.00181841
0.00178884
0.00175927
0.00172971
0.00170014
0.00167057
0.001641
0.00161144
0.00158187
0.0015523
0.00152274
0.00149317
0.0014636
0.00143404
0.00140447
0.0013749
0.00134533
0.00131577
0.0012862
0.00125663
0.00122707
0.0011975
0.00116793
0.00113836
0.0011088
0.00107923
0.00104966
0.00102009
0.000990526
0.000960959
0.000931392
0.000901824
0.000872257
0.000842689
0.000813122
0.000783554
0.000753986
0.000724419
0.000694851
0.000665283
0.000635715
0.000606147
0.00057658
0.000547012
0.000517444
0.000487876
0.000458308
0.00042874
0.000399171
0.000369603
0.000340035
0.000310467
0.000280899
0.00025133
0.000221762
0.000192194
0.000162626
0.000133057
0.000103489
7.39207e-05
4.43524e-05
1.47841e-05
0.00614772
0.00611466
0.00606167
0.00600308
0.00594704
0.00589415
0.00584384
0.00579614
0.00575099
0.00570812
0.00566724
0.00562807
0.00559035
0.00555386
0.00551841
0.00548386
0.00545005
0.00541687
0.00538423
0.00535205
0.00532025
0.00528878
0.0052576
0.00522665
0.0051959
0.00516533
0.0051349
0.0051046
0.0050744
0.0050443
0.00501427
0.00498431
0.00495441
0.00492456
0.00489475
0.00486497
0.00483523
0.00480551
0.00477581
0.00474613
0.00471647
0.00468682
0.00465718
0.00462756
0.00459794
0.00456833
0.00453873
0.00450913
0.00447953
0.00444994
0.00442036
0.00439077
0.00436119
0.00433161
0.00430204
0.00427246
0.00424289
0.00421331
0.00418374
0.00415417
0.0041246
0.00409503
0.00406546
0.00403589
0.00400632
0.00397676
0.00394719
0.00391762
0.00388805
0.00385849
0.00382892
0.00379935
0.00376979
0.00374022
0.00371065
0.00368109
0.00365152
0.00362196
0.00359239
0.00356282
0.00353326
0.00350369
0.00347413
0.00344456
0.003415
0.00338543
0.00335587
0.0033263
0.00329674
0.00326717
0.0032376
0.00320804
0.00317847
0.00314891
0.00311934
0.00308978
0.00306021
0.00303065
0.00300108
0.00297151
0.00294195
0.00291238
0.00288282
0.00285325
0.00282368
0.00279412
0.00276455
0.00273499
0.00270542
0.00267585
0.00264629
0.00261672
0.00258715
0.00255759
0.00252802
0.00249845
0.00246888
0.00243932
0.00240975
0.00238018
0.00235062
0.00232105
0.00229148
0.00226191
0.00223235
0.00220278
0.00217321
0.00214364
0.00211408
0.00208451
0.00205494
0.00202538
0.00199581
0.00196624
0.00193667
0.00190711
0.00187754
0.00184797
0.00181841
0.00178884
0.00175927
0.00172971
0.00170014
0.00167057
0.001641
0.00161144
0.00158187
0.0015523
0.00152274
0.00149317
0.0014636
0.00143404
0.00140447
0.0013749
0.00134533
0.00131577
0.0012862
0.00125663
0.00122707
0.0011975
0.00116793
0.00113836
0.0011088
0.00107923
0.00104966
0.00102009
0.000990526
0.000960959
0.000931392
0.000901824
0.000872257
0.000842689
0.000813121
0.000783554
0.000753986
0.000724419
0.000694851
0.000665283
0.000635715
0.000606147
0.00057658
0.000547012
0.000517444
0.000487876
0.000458308
0.00042874
0.000399171
0.000369603
0.000340035
0.000310467
0.000280899
0.00025133
0.000221762
0.000192194
0.000162626
0.000133057
0.000103489
7.39207e-05
4.43524e-05
1.47841e-05
0.00605808
0.0060379
0.00600161
0.00595726
0.00591125
0.00586579
0.00582138
0.00577831
0.00573674
0.00569665
0.00565794
0.00562048
0.00558411
0.00554871
0.00551415
0.0054803
0.00544707
0.00541437
0.00538213
0.00535028
0.00531875
0.00528752
0.00525652
0.00522574
0.00519513
0.00516467
0.00513434
0.00510412
0.00507399
0.00504395
0.00501398
0.00498406
0.0049542
0.00492438
0.00489459
0.00486484
0.00483511
0.00480541
0.00477573
0.00474606
0.00471641
0.00468677
0.00465714
0.00462752
0.00459791
0.0045683
0.0045387
0.00450911
0.00447952
0.00444993
0.00442034
0.00439076
0.00436118
0.00433161
0.00430203
0.00427245
0.00424288
0.00421331
0.00418374
0.00415417
0.0041246
0.00409503
0.00406546
0.00403589
0.00400632
0.00397675
0.00394719
0.00391762
0.00388805
0.00385849
0.00382892
0.00379935
0.00376979
0.00374022
0.00371065
0.00368109
0.00365152
0.00362196
0.00359239
0.00356282
0.00353326
0.00350369
0.00347413
0.00344456
0.003415
0.00338543
0.00335587
0.0033263
0.00329674
0.00326717
0.0032376
0.00320804
0.00317847
0.00314891
0.00311934
0.00308978
0.00306021
0.00303065
0.00300108
0.00297151
0.00294195
0.00291238
0.00288282
0.00285325
0.00282368
0.00279412
0.00276455
0.00273499
0.00270542
0.00267585
0.00264629
0.00261672
0.00258715
0.00255759
0.00252802
0.00249845
0.00246888
0.00243932
0.00240975
0.00238018
0.00235062
0.00232105
0.00229148
0.00226191
0.00223235
0.00220278
0.00217321
0.00214364
0.00211408
0.00208451
0.00205494
0.00202538
0.00199581
0.00196624
0.00193667
0.00190711
0.00187754
0.00184797
0.00181841
0.00178884
0.00175927
0.00172971
0.00170014
0.00167057
0.001641
0.00161144
0.00158187
0.0015523
0.00152274
0.00149317
0.0014636
0.00143404
0.00140447
0.0013749
0.00134533
0.00131577
0.0012862
0.00125663
0.00122707
0.0011975
0.00116793
0.00113836
0.0011088
0.00107923
0.00104966
0.00102009
0.000990526
0.000960959
0.000931392
0.000901824
0.000872257
0.000842689
0.000813121
0.000783554
0.000753986
0.000724419
0.000694851
0.000665283
0.000635715
0.000606147
0.00057658
0.000547012
0.000517444
0.000487876
0.000458308
0.00042874
0.000399171
0.000369603
0.000340035
0.000310467
0.000280899
0.00025133
0.000221762
0.000192194
0.000162626
0.000133057
0.000103489
7.39207e-05
4.43524e-05
1.47841e-05
0.00598455
0.00597089
0.00594544
0.00591198
0.00587483
0.00583636
0.00579757
0.00575902
0.00572105
0.00568383
0.00564742
0.0056118
0.00557692
0.00554273
0.00550916
0.00547612
0.00544356
0.00541142
0.00537964
0.00534817
0.00531697
0.00528601
0.00525524
0.00522465
0.0051942
0.00516388
0.00513367
0.00510355
0.00507351
0.00504354
0.00501362
0.00498376
0.00495394
0.00492415
0.0048944
0.00486468
0.00483497
0.00480529
0.00477562
0.00474597
0.00471633
0.0046867
0.00465708
0.00462747
0.00459787
0.00456827
0.00453867
0.00450908
0.00447949
0.00444991
0.00442033
0.00439075
0.00436117
0.0043316
0.00430202
0.00427245
0.00424288
0.0042133
0.00418373
0.00415416
0.00412459
0.00409503
0.00406546
0.00403589
0.00400632
0.00397675
0.00394719
0.00391762
0.00388805
0.00385849
0.00382892
0.00379935
0.00376979
0.00374022
0.00371065
0.00368109
0.00365152
0.00362196
0.00359239
0.00356282
0.00353326
0.00350369
0.00347413
0.00344456
0.003415
0.00338543
0.00335587
0.0033263
0.00329674
0.00326717
0.0032376
0.00320804
0.00317847
0.00314891
0.00311934
0.00308978
0.00306021
0.00303065
0.00300108
0.00297151
0.00294195
0.00291238
0.00288282
0.00285325
0.00282368
0.00279412
0.00276455
0.00273499
0.00270542
0.00267585
0.00264629
0.00261672
0.00258715
0.00255759
0.00252802
0.00249845
0.00246888
0.00243932
0.00240975
0.00238018
0.00235062
0.00232105
0.00229148
0.00226191
0.00223235
0.00220278
0.00217321
0.00214365
0.00211408
0.00208451
0.00205494
0.00202538
0.00199581
0.00196624
0.00193667
0.00190711
0.00187754
0.00184797
0.00181841
0.00178884
0.00175927
0.00172971
0.00170014
0.00167057
0.001641
0.00161144
0.00158187
0.0015523
0.00152274
0.00149317
0.0014636
0.00143404
0.00140447
0.0013749
0.00134533
0.00131577
0.0012862
0.00125663
0.00122707
0.0011975
0.00116793
0.00113836
0.0011088
0.00107923
0.00104966
0.00102009
0.000990526
0.000960959
0.000931392
0.000901824
0.000872257
0.000842689
0.000813121
0.000783554
0.000753986
0.000724419
0.000694851
0.000665283
0.000635715
0.000606147
0.00057658
0.000547012
0.000517444
0.000487876
0.000458308
0.000428739
0.000399171
0.000369603
0.000340035
0.000310467
0.000280899
0.00025133
0.000221762
0.000192194
0.000162626
0.000133057
0.000103489
7.39207e-05
4.43524e-05
1.47841e-05
0.00592536
0.00591543
0.0058965
0.00587056
0.00584028
0.00580763
0.00577374
0.00573928
0.00570469
0.00567026
0.00563613
0.00560239
0.00556906
0.00553615
0.00550363
0.00547147
0.00543964
0.00540811
0.00537684
0.0053458
0.00531496
0.0052843
0.00525379
0.00522341
0.00519314
0.00516298
0.0051329
0.00510289
0.00507295
0.00504306
0.00501322
0.00498341
0.00495364
0.0049239
0.00489419
0.00486449
0.00483482
0.00480516
0.00477551
0.00474587
0.00471625
0.00468663
0.00465702
0.00462742
0.00459782
0.00456823
0.00453864
0.00450905
0.00447947
0.00444989
0.00442031
0.00439073
0.00436116
0.00433158
0.00430201
0.00427244
0.00424287
0.0042133
0.00418373
0.00415416
0.00412459
0.00409502
0.00406545
0.00403589
0.00400632
0.00397675
0.00394718
0.00391762
0.00388805
0.00385848
0.00382892
0.00379935
0.00376978
0.00374022
0.00371065
0.00368109
0.00365152
0.00362196
0.00359239
0.00356282
0.00353326
0.00350369
0.00347413
0.00344456
0.003415
0.00338543
0.00335587
0.0033263
0.00329674
0.00326717
0.0032376
0.00320804
0.00317847
0.00314891
0.00311934
0.00308978
0.00306021
0.00303065
0.00300108
0.00297151
0.00294195
0.00291238
0.00288282
0.00285325
0.00282368
0.00279412
0.00276455
0.00273499
0.00270542
0.00267585
0.00264629
0.00261672
0.00258715
0.00255759
0.00252802
0.00249845
0.00246888
0.00243932
0.00240975
0.00238018
0.00235062
0.00232105
0.00229148
0.00226191
0.00223235
0.00220278
0.00217321
0.00214365
0.00211408
0.00208451
0.00205494
0.00202538
0.00199581
0.00196624
0.00193667
0.00190711
0.00187754
0.00184797
0.00181841
0.00178884
0.00175927
0.00172971
0.00170014
0.00167057
0.001641
0.00161144
0.00158187
0.0015523
0.00152274
0.00149317
0.0014636
0.00143404
0.00140447
0.0013749
0.00134533
0.00131577
0.0012862
0.00125663
0.00122707
0.0011975
0.00116793
0.00113836
0.0011088
0.00107923
0.00104966
0.00102009
0.000990526
0.000960959
0.000931392
0.000901824
0.000872257
0.000842689
0.000813121
0.000783554
0.000753986
0.000724418
0.000694851
0.000665283
0.000635715
0.000606147
0.000576579
0.000547012
0.000517444
0.000487876
0.000458308
0.000428739
0.000399171
0.000369603
0.000340035
0.000310467
0.000280899
0.00025133
0.000221762
0.000192194
0.000162625
0.000133057
0.000103489
7.39207e-05
4.43524e-05
1.47841e-05
0.0058763
0.00586867
0.00585394
0.00583322
0.00580818
0.0057803
0.00575059
0.00571974
0.00568824
0.00565642
0.00562449
0.00559259
0.0055608
0.00552918
0.00549774
0.00546649
0.00543542
0.00540453
0.0053738
0.00534322
0.00531277
0.00528243
0.0052522
0.00522206
0.00519199
0.005162
0.00513206
0.00510218
0.00507234
0.00504254
0.00501277
0.00498303
0.00495332
0.00492362
0.00489395
0.00486429
0.00483464
0.00480501
0.00477538
0.00474577
0.00471616
0.00468655
0.00465696
0.00462736
0.00459777
0.00456819
0.0045386
0.00450902
0.00447944
0.00444987
0.00442029
0.00439072
0.00436114
0.00433157
0.004302
0.00427243
0.00424286
0.00421329
0.00418372
0.00415415
0.00412459
0.00409502
0.00406545
0.00403588
0.00400632
0.00397675
0.00394718
0.00391762
0.00388805
0.00385848
0.00382892
0.00379935
0.00376978
0.00374022
0.00371065
0.00368109
0.00365152
0.00362195
0.00359239
0.00356282
0.00353326
0.00350369
0.00347413
0.00344456
0.003415
0.00338543
0.00335587
0.0033263
0.00329674
0.00326717
0.0032376
0.00320804
0.00317847
0.00314891
0.00311934
0.00308978
0.00306021
0.00303065
0.00300108
0.00297151
0.00294195
0.00291238
0.00288282
0.00285325
0.00282368
0.00279412
0.00276455
0.00273499
0.00270542
0.00267585
0.00264629
0.00261672
0.00258715
0.00255759
0.00252802
0.00249845
0.00246888
0.00243932
0.00240975
0.00238018
0.00235062
0.00232105
0.00229148
0.00226191
0.00223235
0.00220278
0.00217321
0.00214365
0.00211408
0.00208451
0.00205494
0.00202538
0.00199581
0.00196624
0.00193667
0.00190711
0.00187754
0.00184797
0.00181841
0.00178884
0.00175927
0.00172971
0.00170014
0.00167057
0.001641
0.00161144
0.00158187
0.0015523
0.00152274
0.00149317
0.0014636
0.00143404
0.00140447
0.0013749
0.00134533
0.00131577
0.0012862
0.00125663
0.00122707
0.0011975
0.00116793
0.00113836
0.0011088
0.00107923
0.00104966
0.00102009
0.000990526
0.000960959
0.000931392
0.000901824
0.000872257
0.000842689
0.000813121
0.000783554
0.000753986
0.000724418
0.000694851
0.000665283
0.000635715
0.000606147
0.000576579
0.000547012
0.000517444
0.000487876
0.000458308
0.000428739
0.000399171
0.000369603
0.000340035
0.000310467
0.000280898
0.00025133
0.000221762
0.000192194
0.000162625
0.000133057
0.000103489
7.39207e-05
4.43524e-05
1.47841e-05
0.00583505
0.00582893
0.00581702
0.00579999
0.00577891
0.00575484
0.00572863
0.00570092
0.00567217
0.00564272
0.00561284
0.00558269
0.00555239
0.00552203
0.00549167
0.00546133
0.00543103
0.0054008
0.00537062
0.00534051
0.00531046
0.00528046
0.00525052
0.00522062
0.00519077
0.00516095
0.00513117
0.00510142
0.00507169
0.00504198
0.0050123
0.00498263
0.00495297
0.00492333
0.0048937
0.00486407
0.00483446
0.00480485
0.00477525
0.00474565
0.00471606
0.00468647
0.00465688
0.0046273
0.00459772
0.00456814
0.00453856
0.00450899
0.00447942
0.00444984
0.00442027
0.0043907
0.00436113
0.00433156
0.00430199
0.00427242
0.00424285
0.00421328
0.00418372
0.00415415
0.00412458
0.00409501
0.00406545
0.00403588
0.00400631
0.00397675
0.00394718
0.00391761
0.00388805
0.00385848
0.00382892
0.00379935
0.00376978
0.00374022
0.00371065
0.00368109
0.00365152
0.00362195
0.00359239
0.00356282
0.00353326
0.00350369
0.00347413
0.00344456
0.003415
0.00338543
0.00335587
0.0033263
0.00329674
0.00326717
0.0032376
0.00320804
0.00317847
0.00314891
0.00311934
0.00308978
0.00306021
0.00303065
0.00300108
0.00297151
0.00294195
0.00291238
0.00288282
0.00285325
0.00282368
0.00279412
0.00276455
0.00273499
0.00270542
0.00267585
0.00264629
0.00261672
0.00258715
0.00255759
0.00252802
0.00249845
0.00246888
0.00243932
0.00240975
0.00238018
0.00235062
0.00232105
0.00229148
0.00226191
0.00223235
0.00220278
0.00217321
0.00214365
0.00211408
0.00208451
0.00205494
0.00202538
0.00199581
0.00196624
0.00193667
0.00190711
0.00187754
0.00184797
0.00181841
0.00178884
0.00175927
0.00172971
0.00170014
0.00167057
0.001641
0.00161144
0.00158187
0.0015523
0.00152274
0.00149317
0.0014636
0.00143404
0.00140447
0.0013749
0.00134533
0.00131577
0.0012862
0.00125663
0.00122707
0.0011975
0.00116793
0.00113836
0.0011088
0.00107923
0.00104966
0.00102009
0.000990526
0.000960959
0.000931392
0.000901824
0.000872256
0.000842689
0.000813121
0.000783554
0.000753986
0.000724418
0.000694851
0.000665283
0.000635715
0.000606147
0.000576579
0.000547011
0.000517444
0.000487876
0.000458307
0.000428739
0.000399171
0.000369603
0.000340035
0.000310467
0.000280898
0.00025133
0.000221762
0.000192194
0.000162625
0.000133057
0.000103489
7.39207e-05
4.43524e-05
1.47841e-05
0.00580003
0.00579496
0.00578502
0.00577066
0.00575258
0.00573154
0.00570822
0.00568317
0.00565681
0.0056295
0.00560148
0.00557295
0.00554406
0.00551491
0.00548558
0.00545612
0.00542659
0.005397
0.00536738
0.00533774
0.00530809
0.00527844
0.0052488
0.00521915
0.00518951
0.00515988
0.00513025
0.00510063
0.00507102
0.00504141
0.00501181
0.00498221
0.00495261
0.00492302
0.00489343
0.00486385
0.00483427
0.00480469
0.00477511
0.00474553
0.00471595
0.00468638
0.00465681
0.00462724
0.00459766
0.00456809
0.00453852
0.00450895
0.00447939
0.00444982
0.00442025
0.00439068
0.00436111
0.00433155
0.00430198
0.00427241
0.00424284
0.00421328
0.00418371
0.00415414
0.00412458
0.00409501
0.00406544
0.00403588
0.00400631
0.00397675
0.00394718
0.00391761
0.00388805
0.00385848
0.00382891
0.00379935
0.00376978
0.00374022
0.00371065
0.00368109
0.00365152
0.00362195
0.00359239
0.00356282
0.00353326
0.00350369
0.00347413
0.00344456
0.003415
0.00338543
0.00335587
0.0033263
0.00329673
0.00326717
0.0032376
0.00320804
0.00317847
0.00314891
0.00311934
0.00308978
0.00306021
0.00303065
0.00300108
0.00297151
0.00294195
0.00291238
0.00288282
0.00285325
0.00282368
0.00279412
0.00276455
0.00273499
0.00270542
0.00267585
0.00264629
0.00261672
0.00258715
0.00255759
0.00252802
0.00249845
0.00246888
0.00243932
0.00240975
0.00238018
0.00235062
0.00232105
0.00229148
0.00226191
0.00223235
0.00220278
0.00217321
0.00214365
0.00211408
0.00208451
0.00205494
0.00202538
0.00199581
0.00196624
0.00193667
0.00190711
0.00187754
0.00184797
0.00181841
0.00178884
0.00175927
0.00172971
0.00170014
0.00167057
0.001641
0.00161144
0.00158187
0.0015523
0.00152274
0.00149317
0.0014636
0.00143404
0.00140447
0.0013749
0.00134533
0.00131577
0.0012862
0.00125663
0.00122707
0.0011975
0.00116793
0.00113836
0.0011088
0.00107923
0.00104966
0.00102009
0.000990526
0.000960959
0.000931391
0.000901824
0.000872256
0.000842689
0.000813121
0.000783554
0.000753986
0.000724418
0.000694851
0.000665283
0.000635715
0.000606147
0.000576579
0.000547011
0.000517443
0.000487875
0.000458307
0.000428739
0.000399171
0.000369603
0.000340035
0.000310467
0.000280898
0.00025133
0.000221762
0.000192194
0.000162625
0.000133057
0.000103489
7.39207e-05
4.43524e-05
1.47841e-05
0.00577017
0.00576585
0.00575734
0.00574494
0.00572915
0.00571051
0.00568955
0.00566673
0.00564244
0.005617
0.00559065
0.00556359
0.00553599
0.00550797
0.00547962
0.00545101
0.0054222
0.00539324
0.00536416
0.00533499
0.00530573
0.00527642
0.00524707
0.00521767
0.00518825
0.0051588
0.00512933
0.00509984
0.00507034
0.00504083
0.00501131
0.00498178
0.00495225
0.00492271
0.00489317
0.00486362
0.00483407
0.00480452
0.00477496
0.00474541
0.00471585
0.00468629
0.00465673
0.00462717
0.00459761
0.00456805
0.00453848
0.00450892
0.00447936
0.00444979
0.00442023
0.00439066
0.0043611
0.00433153
0.00430197
0.0042724
0.00424284
0.00421327
0.0041837
0.00415414
0.00412457
0.00409501
0.00406544
0.00403588
0.00400631
0.00397674
0.00394718
0.00391761
0.00388805
0.00385848
0.00382891
0.00379935
0.00376978
0.00374022
0.00371065
0.00368109
0.00365152
0.00362195
0.00359239
0.00356282
0.00353326
0.00350369
0.00347413
0.00344456
0.003415
0.00338543
0.00335586
0.0033263
0.00329673
0.00326717
0.0032376
0.00320804
0.00317847
0.00314891
0.00311934
0.00308978
0.00306021
0.00303065
0.00300108
0.00297151
0.00294195
0.00291238
0.00288282
0.00285325
0.00282368
0.00279412
0.00276455
0.00273499
0.00270542
0.00267585
0.00264629
0.00261672
0.00258715
0.00255759
0.00252802
0.00249845
0.00246888
0.00243932
0.00240975
0.00238018
0.00235062
0.00232105
0.00229148
0.00226191
0.00223235
0.00220278
0.00217321
0.00214365
0.00211408
0.00208451
0.00205494
0.00202538
0.00199581
0.00196624
0.00193667
0.00190711
0.00187754
0.00184797
0.00181841
0.00178884
0.00175927
0.00172971
0.00170014
0.00167057
0.001641
0.00161144
0.00158187
0.0015523
0.00152274
0.00149317
0.0014636
0.00143404
0.00140447
0.0013749
0.00134533
0.00131577
0.0012862
0.00125663
0.00122707
0.0011975
0.00116793
0.00113836
0.0011088
0.00107923
0.00104966
0.00102009
0.000990526
0.000960959
0.000931391
0.000901824
0.000872256
0.000842689
0.000813121
0.000783554
0.000753986
0.000724418
0.000694851
0.000665283
0.000635715
0.000606147
0.000576579
0.000547011
0.000517443
0.000487875
0.000458307
0.000428739
0.000399171
0.000369603
0.000340035
0.000310467
0.000280898
0.00025133
0.000221762
0.000192194
0.000162625
0.000133057
0.000103489
7.39207e-05
4.43524e-05
1.47841e-05
0.0057447
0.00574092
0.00573348
0.00572255
0.00570852
0.00569177
0.00567273
0.00565178
0.00562924
0.00560541
0.00558053
0.00555479
0.00552836
0.00550136
0.00547391
0.0054461
0.00541797
0.00538961
0.00536104
0.0053323
0.00530344
0.00527445
0.00524538
0.00521622
0.00518701
0.00515773
0.00512842
0.00509906
0.00506967
0.00504026
0.00501082
0.00498137
0.00495189
0.00492241
0.00489291
0.0048634
0.00483388
0.00480436
0.00477482
0.00474529
0.00471575
0.0046862
0.00465666
0.00462711
0.00459755
0.004568
0.00453844
0.00450889
0.00447933
0.00444977
0.00442021
0.00439064
0.00436108
0.00433152
0.00430195
0.00427239
0.00424283
0.00421326
0.0041837
0.00415413
0.00412457
0.004095
0.00406544
0.00403587
0.00400631
0.00397674
0.00394718
0.00391761
0.00388804
0.00385848
0.00382891
0.00379935
0.00376978
0.00374022
0.00371065
0.00368108
0.00365152
0.00362195
0.00359239
0.00356282
0.00353326
0.00350369
0.00347413
0.00344456
0.003415
0.00338543
0.00335586
0.0033263
0.00329673
0.00326717
0.0032376
0.00320804
0.00317847
0.00314891
0.00311934
0.00308978
0.00306021
0.00303065
0.00300108
0.00297151
0.00294195
0.00291238
0.00288282
0.00285325
0.00282368
0.00279412
0.00276455
0.00273499
0.00270542
0.00267585
0.00264629
0.00261672
0.00258715
0.00255759
0.00252802
0.00249845
0.00246888
0.00243932
0.00240975
0.00238018
0.00235062
0.00232105
0.00229148
0.00226191
0.00223235
0.00220278
0.00217321
0.00214365
0.00211408
0.00208451
0.00205494
0.00202538
0.00199581
0.00196624
0.00193667
0.00190711
0.00187754
0.00184797
0.00181841
0.00178884
0.00175927
0.00172971
0.00170014
0.00167057
0.001641
0.00161144
0.00158187
0.0015523
0.00152274
0.00149317
0.0014636
0.00143403
0.00140447
0.0013749
0.00134533
0.00131577
0.0012862
0.00125663
0.00122707
0.0011975
0.00116793
0.00113836
0.0011088
0.00107923
0.00104966
0.00102009
0.000990526
0.000960959
0.000931391
0.000901824
0.000872256
0.000842689
0.000813121
0.000783554
0.000753986
0.000724418
0.000694851
0.000665283
0.000635715
0.000606147
0.000576579
0.000547011
0.000517443
0.000487875
0.000458307
0.000428739
0.000399171
0.000369603
0.000340035
0.000310467
0.000280898
0.00025133
0.000221762
0.000192194
0.000162625
0.000133057
0.000103489
7.39206e-05
4.43524e-05
1.47841e-05
0.00572306
0.00571969
0.00571304
0.00570324
0.00569056
0.00567531
0.00565782
0.0056384
0.00561734
0.00559489
0.00557127
0.00554669
0.00552129
0.00549522
0.00546859
0.00544149
0.00541399
0.00538618
0.00535808
0.00532976
0.00530125
0.00527258
0.00524377
0.00521484
0.00518582
0.00515672
0.00512755
0.00509832
0.00506903
0.00503971
0.00501035
0.00498096
0.00495155
0.00492211
0.00489265
0.00486318
0.0048337
0.0048042
0.00477469
0.00474517
0.00471565
0.00468612
0.00465658
0.00462704
0.0045975
0.00456795
0.0045384
0.00450885
0.0044793
0.00444974
0.00442018
0.00439063
0.00436107
0.00433151
0.00430194
0.00427238
0.00424282
0.00421326
0.00418369
0.00415413
0.00412456
0.004095
0.00406543
0.00403587
0.0040063
0.00397674
0.00394717
0.00391761
0.00388804
0.00385848
0.00382891
0.00379935
0.00376978
0.00374021
0.00371065
0.00368108
0.00365152
0.00362195
0.00359239
0.00356282
0.00353326
0.00350369
0.00347413
0.00344456
0.00341499
0.00338543
0.00335586
0.0033263
0.00329673
0.00326717
0.0032376
0.00320804
0.00317847
0.00314891
0.00311934
0.00308978
0.00306021
0.00303065
0.00300108
0.00297151
0.00294195
0.00291238
0.00288282
0.00285325
0.00282368
0.00279412
0.00276455
0.00273499
0.00270542
0.00267585
0.00264629
0.00261672
0.00258715
0.00255759
0.00252802
0.00249845
0.00246889
0.00243932
0.00240975
0.00238018
0.00235062
0.00232105
0.00229148
0.00226191
0.00223235
0.00220278
0.00217321
0.00214365
0.00211408
0.00208451
0.00205494
0.00202538
0.00199581
0.00196624
0.00193667
0.00190711
0.00187754
0.00184797
0.00181841
0.00178884
0.00175927
0.00172971
0.00170014
0.00167057
0.001641
0.00161144
0.00158187
0.0015523
0.00152274
0.00149317
0.0014636
0.00143403
0.00140447
0.0013749
0.00134533
0.00131577
0.0012862
0.00125663
0.00122707
0.0011975
0.00116793
0.00113836
0.0011088
0.00107923
0.00104966
0.00102009
0.000990526
0.000960959
0.000931391
0.000901824
0.000872256
0.000842689
0.000813121
0.000783554
0.000753986
0.000724418
0.00069485
0.000665283
0.000635715
0.000606147
0.000576579
0.000547011
0.000517443
0.000487875
0.000458307
0.000428739
0.000399171
0.000369603
0.000340035
0.000310467
0.000280898
0.00025133
0.000221762
0.000192194
0.000162625
0.000133057
0.000103489
7.39206e-05
4.43524e-05
1.47841e-05
0.00570482
0.00570176
0.00569571
0.00568677
0.00567515
0.00566108
0.00564484
0.00562666
0.00560682
0.00558553
0.00556299
0.0055394
0.00551491
0.00548965
0.00546374
0.00543727
0.00541034
0.00538302
0.00535536
0.00532741
0.00529923
0.00527084
0.00524227
0.00521356
0.00518472
0.00515577
0.00512673
0.00509762
0.00506844
0.0050392
0.00500992
0.00498059
0.00495123
0.00492184
0.00489242
0.00486298
0.00483352
0.00480405
0.00477456
0.00474507
0.00471556
0.00468604
0.00465652
0.00462699
0.00459745
0.00456791
0.00453837
0.00450882
0.00447927
0.00444972
0.00442016
0.00439061
0.00436105
0.00433149
0.00430193
0.00427237
0.00424281
0.00421325
0.00418369
0.00415412
0.00412456
0.004095
0.00406543
0.00403587
0.0040063
0.00397674
0.00394717
0.00391761
0.00388804
0.00385848
0.00382891
0.00379934
0.00376978
0.00374021
0.00371065
0.00368108
0.00365152
0.00362195
0.00359239
0.00356282
0.00353326
0.00350369
0.00347413
0.00344456
0.00341499
0.00338543
0.00335586
0.0033263
0.00329673
0.00326717
0.0032376
0.00320804
0.00317847
0.00314891
0.00311934
0.00308978
0.00306021
0.00303065
0.00300108
0.00297151
0.00294195
0.00291238
0.00288282
0.00285325
0.00282368
0.00279412
0.00276455
0.00273499
0.00270542
0.00267585
0.00264629
0.00261672
0.00258715
0.00255759
0.00252802
0.00249845
0.00246889
0.00243932
0.00240975
0.00238018
0.00235062
0.00232105
0.00229148
0.00226191
0.00223235
0.00220278
0.00217321
0.00214365
0.00211408
0.00208451
0.00205494
0.00202538
0.00199581
0.00196624
0.00193667
0.00190711
0.00187754
0.00184797
0.00181841
0.00178884
0.00175927
0.00172971
0.00170014
0.00167057
0.001641
0.00161144
0.00158187
0.0015523
0.00152274
0.00149317
0.0014636
0.00143403
0.00140447
0.0013749
0.00134533
0.00131577
0.0012862
0.00125663
0.00122707
0.0011975
0.00116793
0.00113836
0.0011088
0.00107923
0.00104966
0.00102009
0.000990526
0.000960959
0.000931391
0.000901824
0.000872256
0.000842689
0.000813121
0.000783553
0.000753986
0.000724418
0.00069485
0.000665283
0.000635715
0.000606147
0.000576579
0.000547011
0.000517443
0.000487875
0.000458307
0.000428739
0.000399171
0.000369603
0.000340035
0.000310466
0.000280898
0.00025133
0.000221762
0.000192194
0.000162625
0.000133057
0.000103489
7.39206e-05
4.43524e-05
1.47841e-05
0.00568966
0.00568683
0.00568125
0.00567297
0.00566216
0.00564902
0.00563376
0.0056166
0.00559775
0.00557741
0.00555578
0.00553302
0.00550929
0.00548473
0.00545944
0.00543353
0.00540709
0.0053802
0.00535292
0.00532531
0.00529741
0.00526927
0.00524092
0.0052124
0.00518372
0.00515492
0.005126
0.00509699
0.0050679
0.00503874
0.00500952
0.00498025
0.00495094
0.00492159
0.00489221
0.0048628
0.00483337
0.00480392
0.00477445
0.00474497
0.00471547
0.00468597
0.00465646
0.00462693
0.00459741
0.00456787
0.00453834
0.00450879
0.00447925
0.0044497
0.00442015
0.00439059
0.00436104
0.00433148
0.00430192
0.00427236
0.0042428
0.00421324
0.00418368
0.00415412
0.00412456
0.00409499
0.00406543
0.00403586
0.0040063
0.00397674
0.00394717
0.00391761
0.00388804
0.00385847
0.00382891
0.00379934
0.00376978
0.00374021
0.00371065
0.00368108
0.00365152
0.00362195
0.00359239
0.00356282
0.00353326
0.00350369
0.00347413
0.00344456
0.00341499
0.00338543
0.00335586
0.0033263
0.00329673
0.00326717
0.0032376
0.00320804
0.00317847
0.00314891
0.00311934
0.00308978
0.00306021
0.00303065
0.00300108
0.00297151
0.00294195
0.00291238
0.00288282
0.00285325
0.00282368
0.00279412
0.00276455
0.00273499
0.00270542
0.00267585
0.00264629
0.00261672
0.00258715
0.00255759
0.00252802
0.00249845
0.00246889
0.00243932
0.00240975
0.00238018
0.00235062
0.00232105
0.00229148
0.00226191
0.00223235
0.00220278
0.00217321
0.00214365
0.00211408
0.00208451
0.00205494
0.00202538
0.00199581
0.00196624
0.00193667
0.00190711
0.00187754
0.00184797
0.00181841
0.00178884
0.00175927
0.00172971
0.00170014
0.00167057
0.001641
0.00161144
0.00158187
0.0015523
0.00152274
0.00149317
0.0014636
0.00143403
0.00140447
0.0013749
0.00134533
0.00131577
0.0012862
0.00125663
0.00122707
0.0011975
0.00116793
0.00113836
0.0011088
0.00107923
0.00104966
0.00102009
0.000990526
0.000960959
0.000931391
0.000901824
0.000872256
0.000842689
0.000813121
0.000783553
0.000753986
0.000724418
0.00069485
0.000665283
0.000635715
0.000606147
0.000576579
0.000547011
0.000517443
0.000487875
0.000458307
0.000428739
0.000399171
0.000369603
0.000340035
0.000310466
0.000280898
0.00025133
0.000221762
0.000192194
0.000162625
0.000133057
0.000103489
7.39206e-05
4.43524e-05
1.47841e-05
0.00567734
0.00567469
0.00566945
0.00566168
0.0056515
0.00563907
0.00562458
0.00560821
0.00559015
0.00557059
0.00554969
0.00552762
0.00550452
0.00548053
0.00545576
0.00543032
0.0054043
0.00537777
0.00535082
0.00532349
0.00529584
0.00526791
0.00523975
0.00521139
0.00518286
0.00515417
0.00512536
0.00509644
0.00506743
0.00503834
0.00500917
0.00497995
0.00495068
0.00492137
0.00489202
0.00486264
0.00483323
0.0048038
0.00477435
0.00474488
0.0047154
0.00468591
0.0046564
0.00462689
0.00459737
0.00456784
0.00453831
0.00450877
0.00447923
0.00444968
0.00442013
0.00439058
0.00436103
0.00433147
0.00430192
0.00427236
0.0042428
0.00421324
0.00418368
0.00415411
0.00412455
0.00409499
0.00406543
0.00403586
0.0040063
0.00397673
0.00394717
0.0039176
0.00388804
0.00385847
0.00382891
0.00379934
0.00376978
0.00374021
0.00371065
0.00368108
0.00365152
0.00362195
0.00359239
0.00356282
0.00353326
0.00350369
0.00347412
0.00344456
0.00341499
0.00338543
0.00335586
0.0033263
0.00329673
0.00326717
0.0032376
0.00320804
0.00317847
0.00314891
0.00311934
0.00308978
0.00306021
0.00303065
0.00300108
0.00297151
0.00294195
0.00291238
0.00288282
0.00285325
0.00282368
0.00279412
0.00276455
0.00273499
0.00270542
0.00267585
0.00264629
0.00261672
0.00258715
0.00255759
0.00252802
0.00249845
0.00246889
0.00243932
0.00240975
0.00238018
0.00235062
0.00232105
0.00229148
0.00226191
0.00223235
0.00220278
0.00217321
0.00214365
0.00211408
0.00208451
0.00205494
0.00202538
0.00199581
0.00196624
0.00193667
0.00190711
0.00187754
0.00184797
0.00181841
0.00178884
0.00175927
0.00172971
0.00170014
0.00167057
0.001641
0.00161144
0.00158187
0.0015523
0.00152274
0.00149317
0.0014636
0.00143403
0.00140447
0.0013749
0.00134533
0.00131577
0.0012862
0.00125663
0.00122707
0.0011975
0.00116793
0.00113836
0.0011088
0.00107923
0.00104966
0.00102009
0.000990526
0.000960959
0.000931391
0.000901824
0.000872256
0.000842689
0.000813121
0.000783553
0.000753986
0.000724418
0.00069485
0.000665283
0.000635715
0.000606147
0.000576579
0.000547011
0.000517443
0.000487875
0.000458307
0.000428739
0.000399171
0.000369603
0.000340035
0.000310466
0.000280898
0.00025133
0.000221762
0.000192194
0.000162625
0.000133057
0.000103489
7.39206e-05
4.43524e-05
1.47841e-05
0.00566768
0.00566517
0.00566018
0.00565278
0.00564307
0.00563118
0.00561727
0.00560151
0.00558406
0.00556509
0.00554477
0.00552324
0.00550064
0.00547711
0.00545276
0.00542769
0.00540201
0.00537578
0.00534908
0.00532199
0.00529454
0.00526679
0.00523879
0.00521056
0.00518214
0.00515356
0.00512483
0.00509599
0.00506704
0.005038
0.00500889
0.00497971
0.00495047
0.00492119
0.00489187
0.00486251
0.00483312
0.0048037
0.00477427
0.00474481
0.00471534
0.00468585
0.00465636
0.00462685
0.00459733
0.00456781
0.00453828
0.00450875
0.00447921
0.00444967
0.00442012
0.00439057
0.00436102
0.00433146
0.00430191
0.00427235
0.00424279
0.00421323
0.00418367
0.00415411
0.00412455
0.00409499
0.00406542
0.00403586
0.0040063
0.00397673
0.00394717
0.0039176
0.00388804
0.00385847
0.00382891
0.00379934
0.00376978
0.00374021
0.00371065
0.00368108
0.00365152
0.00362195
0.00359239
0.00356282
0.00353326
0.00350369
0.00347412
0.00344456
0.00341499
0.00338543
0.00335586
0.0033263
0.00329673
0.00326717
0.0032376
0.00320804
0.00317847
0.00314891
0.00311934
0.00308978
0.00306021
0.00303065
0.00300108
0.00297151
0.00294195
0.00291238
0.00288282
0.00285325
0.00282368
0.00279412
0.00276455
0.00273499
0.00270542
0.00267585
0.00264629
0.00261672
0.00258715
0.00255759
0.00252802
0.00249845
0.00246889
0.00243932
0.00240975
0.00238018
0.00235062
0.00232105
0.00229148
0.00226191
0.00223235
0.00220278
0.00217321
0.00214365
0.00211408
0.00208451
0.00205494
0.00202538
0.00199581
0.00196624
0.00193667
0.00190711
0.00187754
0.00184797
0.00181841
0.00178884
0.00175927
0.00172971
0.00170014
0.00167057
0.001641
0.00161144
0.00158187
0.0015523
0.00152274
0.00149317
0.0014636
0.00143403
0.00140447
0.0013749
0.00134533
0.00131577
0.0012862
0.00125663
0.00122707
0.0011975
0.00116793
0.00113836
0.0011088
0.00107923
0.00104966
0.00102009
0.000990526
0.000960959
0.000931391
0.000901824
0.000872256
0.000842689
0.000813121
0.000783553
0.000753986
0.000724418
0.00069485
0.000665283
0.000635715
0.000606147
0.000576579
0.000547011
0.000517443
0.000487875
0.000458307
0.000428739
0.000399171
0.000369603
0.000340035
0.000310466
0.000280898
0.00025133
0.000221762
0.000192193
0.000162625
0.000133057
0.000103489
7.39206e-05
4.43524e-05
1.47841e-05
0.00566054
0.00565812
0.00565332
0.00564619
0.00563681
0.0056253
0.00561182
0.00559649
0.00557949
0.00556096
0.00554105
0.00551992
0.0054977
0.00547451
0.00545047
0.00542569
0.00540025
0.00537425
0.00534776
0.00532084
0.00529355
0.00526593
0.00523805
0.00520992
0.00518159
0.00515308
0.00512443
0.00509564
0.00506674
0.00503774
0.00500867
0.00497952
0.00495031
0.00492105
0.00489175
0.0048624
0.00483303
0.00480363
0.0047742
0.00474476
0.00471529
0.00468581
0.00465632
0.00462682
0.00459731
0.00456779
0.00453826
0.00450873
0.00447919
0.00444965
0.00442011
0.00439056
0.00436101
0.00433146
0.0043019
0.00427235
0.00424279
0.00421323
0.00418367
0.00415411
0.00412455
0.00409498
0.00406542
0.00403586
0.0040063
0.00397673
0.00394717
0.0039176
0.00388804
0.00385847
0.00382891
0.00379934
0.00376978
0.00374021
0.00371065
0.00368108
0.00365152
0.00362195
0.00359239
0.00356282
0.00353326
0.00350369
0.00347412
0.00344456
0.00341499
0.00338543
0.00335586
0.0033263
0.00329673
0.00326717
0.0032376
0.00320804
0.00317847
0.00314891
0.00311934
0.00308978
0.00306021
0.00303065
0.00300108
0.00297151
0.00294195
0.00291238
0.00288282
0.00285325
0.00282368
0.00279412
0.00276455
0.00273499
0.00270542
0.00267585
0.00264629
0.00261672
0.00258715
0.00255759
0.00252802
0.00249845
0.00246889
0.00243932
0.00240975
0.00238018
0.00235062
0.00232105
0.00229148
0.00226191
0.00223235
0.00220278
0.00217321
0.00214365
0.00211408
0.00208451
0.00205494
0.00202538
0.00199581
0.00196624
0.00193667
0.00190711
0.00187754
0.00184797
0.00181841
0.00178884
0.00175927
0.00172971
0.00170014
0.00167057
0.001641
0.00161144
0.00158187
0.0015523
0.00152274
0.00149317
0.0014636
0.00143403
0.00140447
0.0013749
0.00134533
0.00131577
0.0012862
0.00125663
0.00122706
0.0011975
0.00116793
0.00113836
0.0011088
0.00107923
0.00104966
0.00102009
0.000990526
0.000960959
0.000931391
0.000901824
0.000872256
0.000842689
0.000813121
0.000783553
0.000753986
0.000724418
0.00069485
0.000665282
0.000635715
0.000606147
0.000576579
0.000547011
0.000517443
0.000487875
0.000458307
0.000428739
0.000399171
0.000369603
0.000340035
0.000310466
0.000280898
0.00025133
0.000221762
0.000192193
0.000162625
0.000133057
0.000103489
7.39206e-05
4.43524e-05
1.47841e-05
0.00565583
0.00565348
0.00564879
0.00564183
0.00563266
0.0056214
0.00560819
0.00559315
0.00557644
0.00555819
0.00553857
0.0055177
0.00549572
0.00547276
0.00544893
0.00542434
0.00539907
0.00537322
0.00534686
0.00532006
0.00529287
0.00526535
0.00523754
0.00520949
0.00518122
0.00515276
0.00512415
0.0050954
0.00506653
0.00503757
0.00500852
0.00497939
0.0049502
0.00492096
0.00489167
0.00486234
0.00483297
0.00480358
0.00477416
0.00474472
0.00471526
0.00468579
0.0046563
0.0046268
0.00459729
0.00456778
0.00453825
0.00450872
0.00447919
0.00444965
0.0044201
0.00439056
0.00436101
0.00433145
0.0043019
0.00427234
0.00424279
0.00421323
0.00418367
0.00415411
0.00412455
0.00409498
0.00406542
0.00403586
0.00400629
0.00397673
0.00394717
0.0039176
0.00388804
0.00385847
0.00382891
0.00379934
0.00376978
0.00374021
0.00371065
0.00368108
0.00365152
0.00362195
0.00359239
0.00356282
0.00353326
0.00350369
0.00347412
0.00344456
0.00341499
0.00338543
0.00335586
0.0033263
0.00329673
0.00326717
0.0032376
0.00320804
0.00317847
0.00314891
0.00311934
0.00308978
0.00306021
0.00303065
0.00300108
0.00297151
0.00294195
0.00291238
0.00288282
0.00285325
0.00282368
0.00279412
0.00276455
0.00273499
0.00270542
0.00267585
0.00264629
0.00261672
0.00258715
0.00255759
0.00252802
0.00249845
0.00246888
0.00243932
0.00240975
0.00238018
0.00235062
0.00232105
0.00229148
0.00226191
0.00223235
0.00220278
0.00217321
0.00214365
0.00211408
0.00208451
0.00205494
0.00202538
0.00199581
0.00196624
0.00193667
0.00190711
0.00187754
0.00184797
0.00181841
0.00178884
0.00175927
0.00172971
0.00170014
0.00167057
0.001641
0.00161144
0.00158187
0.0015523
0.00152274
0.00149317
0.0014636
0.00143403
0.00140447
0.0013749
0.00134533
0.00131577
0.0012862
0.00125663
0.00122706
0.0011975
0.00116793
0.00113836
0.0011088
0.00107923
0.00104966
0.00102009
0.000990526
0.000960959
0.000931391
0.000901824
0.000872256
0.000842689
0.000813121
0.000783553
0.000753986
0.000724418
0.00069485
0.000665282
0.000635715
0.000606147
0.000576579
0.000547011
0.000517443
0.000487875
0.000458307
0.000428739
0.000399171
0.000369603
0.000340035
0.000310466
0.000280898
0.00025133
0.000221762
0.000192193
0.000162625
0.000133057
0.000103489
7.39206e-05
4.43524e-05
1.47841e-05
0.0056535
0.00565117
0.00564654
0.00563966
0.00563059
0.00561946
0.00560638
0.00559148
0.00557491
0.00555681
0.00553732
0.00551658
0.00549473
0.00547188
0.00544816
0.00542366
0.00539848
0.0053727
0.00534641
0.00531967
0.00529253
0.00526506
0.00523729
0.00520927
0.00518103
0.0051526
0.00512401
0.00509528
0.00506643
0.00503748
0.00500844
0.00497932
0.00495014
0.00492091
0.00489162
0.0048623
0.00483294
0.00480355
0.00477414
0.0047447
0.00471524
0.00468577
0.00465629
0.00462679
0.00459728
0.00456777
0.00453824
0.00450872
0.00447918
0.00444964
0.0044201
0.00439055
0.004361
0.00433145
0.0043019
0.00427234
0.00424278
0.00421323
0.00418367
0.00415411
0.00412455
0.00409498
0.00406542
0.00403586
0.00400629
0.00397673
0.00394717
0.0039176
0.00388804
0.00385847
0.00382891
0.00379934
0.00376978
0.00374021
0.00371065
0.00368108
0.00365152
0.00362195
0.00359239
0.00356282
0.00353326
0.00350369
0.00347412
0.00344456
0.00341499
0.00338543
0.00335586
0.0033263
0.00329673
0.00326717
0.0032376
0.00320804
0.00317847
0.00314891
0.00311934
0.00308978
0.00306021
0.00303065
0.00300108
0.00297151
0.00294195
0.00291238
0.00288282
0.00285325
0.00282368
0.00279412
0.00276455
0.00273499
0.00270542
0.00267585
0.00264629
0.00261672
0.00258715
0.00255759
0.00252802
0.00249845
0.00246888
0.00243932
0.00240975
0.00238018
0.00235062
0.00232105
0.00229148
0.00226191
0.00223235
0.00220278
0.00217321
0.00214365
0.00211408
0.00208451
0.00205494
0.00202538
0.00199581
0.00196624
0.00193667
0.00190711
0.00187754
0.00184797
0.00181841
0.00178884
0.00175927
0.00172971
0.00170014
0.00167057
0.001641
0.00161144
0.00158187
0.0015523
0.00152274
0.00149317
0.0014636
0.00143403
0.00140447
0.0013749
0.00134533
0.00131577
0.0012862
0.00125663
0.00122706
0.0011975
0.00116793
0.00113836
0.0011088
0.00107923
0.00104966
0.00102009
0.000990526
0.000960959
0.000931391
0.000901824
0.000872256
0.000842689
0.000813121
0.000783553
0.000753986
0.000724418
0.00069485
0.000665282
0.000635715
0.000606147
0.000576579
0.000547011
0.000517443
0.000487875
0.000458307
0.000428739
0.000399171
0.000369603
0.000340034
0.000310466
0.000280898
0.00025133
0.000221762
0.000192193
0.000162625
0.000133057
0.000103489
7.39206e-05
4.43524e-05
1.47841e-05
)
;

boundaryField
{
    inlet
    {
        type            zeroGradient;
    }
    outlet
    {
        type            fixedValue;
        value           uniform 0;
    }
    top
    {
        type            zeroGradient;
    }
    bottom
    {
        type            zeroGradient;
    }
    frontAndBack
    {
        type            empty;
    }
}


// ************************************************************************* //
