/*--------------------------------*- C++ -*----------------------------------*\
  =========                 |
  \\      /  F ield         | OpenFOAM: The Open Source CFD Toolbox
   \\    /   O peration     | Website:  https://openfoam.org
    \\  /    A nd           | Version:  dev
     \\/     M anipulation  |
\*---------------------------------------------------------------------------*/
FoamFile
{
    format      ascii;
    class       surfaceScalarField;
    location    "0.1";
    object      phi;
}
// * * * * * * * * * * * * * * * * * * * * * * * * * * * * * * * * * * * * * //

dimensions      [0 3 -1 0 0 0 0];

internalField   nonuniform List<scalar> 
7780
(
0.0049988
1.2e-06
0.00499719
1.61397e-06
0.00499612
1.06308e-06
0.00499551
6.12481e-07
0.00499515
3.63769e-07
0.00499493
2.21622e-07
0.00499478
1.40129e-07
0.00499469
9.37146e-08
0.00499463
6.60532e-08
0.00499458
4.85089e-08
0.00499454
3.67762e-08
0.00499451
2.85718e-08
0.00499449
2.26154e-08
0.00499447
1.81587e-08
0.00499446
1.47439e-08
0.00499444
1.20775e-08
0.00499443
9.96393e-09
0.00499443
8.2679e-09
0.00499442
6.89322e-09
0.00499441
5.76976e-09
0.00499441
4.84524e-09
0.0049944
4.08004e-09
0.0049944
3.4436e-09
0.0049944
2.9121e-09
0.0049944
2.46667e-09
0.00499439
2.09228e-09
0.00499439
1.77681e-09
0.00499439
1.51042e-09
0.00499439
1.28507e-09
0.00499439
1.09414e-09
0.00499439
9.32147e-10
0.00499439
7.94562e-10
0.00499438
6.77593e-10
0.00499438
5.78068e-10
0.00499438
4.93325e-10
0.00499438
4.21124e-10
0.00499438
3.59576e-10
0.00499438
3.07088e-10
0.00499438
2.6231e-10
0.00499438
2.24096e-10
0.00499438
1.91473e-10
0.00499438
1.63617e-10
0.00499438
1.39826e-10
0.00499438
1.19505e-10
0.00499438
1.02145e-10
0.00499438
8.73136e-11
0.00499438
7.46398e-11
0.00499438
6.38081e-11
0.00499438
5.45494e-11
0.00499438
4.66349e-11
0.00499438
3.987e-11
0.00499438
3.40878e-11
0.00499438
2.91453e-11
0.00499438
2.492e-11
0.00499438
2.13073e-11
0.00499438
1.8218e-11
0.00499438
1.55765e-11
0.00499438
1.33182e-11
0.00499438
1.1388e-11
0.00499438
9.7384e-12
0.00499438
8.32854e-12
0.00499438
7.12295e-12
0.00499438
6.09133e-12
0.00499438
5.2083e-12
0.00499438
4.45264e-12
0.00499438
3.80631e-12
0.00499438
3.25407e-12
0.00499438
2.78252e-12
0.00499438
2.38004e-12
0.00499438
2.03664e-12
0.00499438
1.74339e-12
0.00499438
1.49252e-12
0.00499438
1.2774e-12
0.00499438
1.09256e-12
0.00499438
9.33763e-13
0.00499438
7.97715e-13
0.00499438
6.81582e-13
0.00499438
5.82529e-13
0.00499438
4.98043e-13
0.00499438
4.25859e-13
0.00499438
3.64143e-13
0.00499438
3.11388e-13
0.00499438
2.664e-13
0.00499438
2.28093e-13
0.00499438
1.95411e-13
0.00499438
1.67294e-13
0.00499438
1.42896e-13
0.00499438
1.21882e-13
0.00499438
1.03881e-13
0.00499438
8.86496e-14
0.00499438
7.60527e-14
0.00499438
6.55472e-14
0.00499438
5.67963e-14
0.00499438
4.92245e-14
0.00499438
4.2581e-14
0.00499438
3.66907e-14
0.00499438
3.13844e-14
0.00499438
2.665e-14
0.00499438
2.25357e-14
0.00499438
1.88882e-14
0.00499438
1.56367e-14
0.00499438
1.27608e-14
0.00499438
1.02106e-14
0.00499438
7.93276e-15
0.00499438
5.9941e-15
0.00499438
4.43818e-15
0.00499438
3.19154e-15
0.00499438
2.29578e-15
0.00499438
1.73929e-15
0.00499438
1.37197e-15
0.00499438
1.11017e-15
0.00499438
8.69609e-16
0.00499438
6.92205e-16
0.00499438
5.51734e-16
0.00499438
3.95043e-16
0.00499438
3.11889e-16
0.00499438
2.33569e-16
0.00499438
1.90694e-16
0.00499438
2.42942e-16
0.00499438
2.75437e-16
0.00499438
3.23591e-16
0.00499438
3.62661e-16
0.00499438
3.96798e-16
0.00499438
3.864e-16
0.00499438
3.5093e-16
0.00499438
3.40513e-16
0.00499438
2.38517e-16
0.00499438
1.98685e-16
0.00499438
1.32759e-16
0.00499438
1.83479e-16
0.00499438
3.17176e-16
0.00499438
4.20046e-16
0.00499438
5.29562e-16
0.00499438
5.41835e-16
0.00499438
4.91289e-16
0.00499438
3.82804e-16
0.00499438
2.86524e-16
0.00499438
1.55009e-16
0.00499438
8.79085e-17
0.00499438
9.37006e-17
0.00499438
1.52023e-16
0.00499438
1.8071e-16
0.00499438
2.86061e-16
0.00499438
4.21612e-16
0.00499438
5.52589e-16
0.00499438
5.82666e-16
0.00499438
5.1645e-16
0.00499438
4.28461e-16
0.00499438
2.56578e-16
0.00499438
1.37469e-16
0.00499438
9.28064e-17
0.00499438
1.06288e-16
0.00499438
1.3757e-16
0.00499438
1.82899e-16
0.00499438
2.98258e-16
0.00499438
4.40327e-16
0.00499438
6.27198e-16
0.00499438
8.03748e-16
0.00499438
9.10357e-16
0.00499438
9.4545e-16
0.00499438
9.10455e-16
0.00499438
8.87059e-16
0.00499438
9.13995e-16
0.00499438
9.17374e-16
0.00499438
7.6178e-16
0.00499438
6.89835e-16
0.00499438
6.03518e-16
0.00499438
5.75106e-16
0.00499438
6.2603e-16
0.00499438
5.82478e-16
0.00499438
5.83488e-16
0.00499438
5.29944e-16
0.00499438
4.15102e-16
0.00499438
3.38945e-16
0.00499438
2.94336e-16
0.00499438
1.52986e-16
0.00499438
-1.98288e-17
0.00499438
-1.60851e-16
0.00499438
-3.13446e-16
0.00499438
-3.90301e-16
0.00499438
-3.919e-16
0.00499438
-4.85818e-16
0.00499438
-5.25427e-16
0.00499438
-5.00152e-16
0.00499438
-4.94607e-16
0.00499438
-3.44375e-16
0.00499438
-1.14435e-16
0.00499438
-2.19637e-17
0.00499438
-5.73367e-18
0.00499438
1.67849e-16
0.00499438
3.18625e-16
0.00499438
4.62215e-16
0.00499438
4.72919e-16
0.00499438
3.56891e-16
0.00499438
2.58616e-16
0.00499438
2.27465e-16
0.00499438
6.54747e-17
0.00499438
-1.22949e-16
0.00499438
-1.41159e-16
4.62338e-17
0.00500048
7.20466e-07
0.00500087
1.22203e-06
0.00500095
9.82811e-07
0.0050009
6.68501e-07
0.00500081
4.53028e-07
0.00500072
3.12836e-07
0.00500064
2.20263e-07
0.00500057
1.59017e-07
0.00500052
1.17927e-07
0.00500048
8.95372e-08
0.00500044
6.93485e-08
0.00500042
5.46163e-08
0.0050004
4.36129e-08
0.00500038
3.5225e-08
0.00500037
2.87178e-08
0.00500035
2.35937e-08
0.00500035
1.95077e-08
0.00500034
1.62145e-08
0.00500033
1.35365e-08
0.00500033
1.13424e-08
0.00500032
9.53309e-09
0.00500032
8.03317e-09
0.00500031
6.78403e-09
0.00500031
5.73969e-09
0.00500031
4.8637e-09
0.00500031
4.12688e-09
0.0050003
3.50563e-09
0.0050003
2.98075e-09
0.0050003
2.53654e-09
0.0050003
2.16002e-09
0.0050003
1.8405e-09
0.0050003
1.56903e-09
0.0050003
1.33819e-09
0.0050003
1.14174e-09
0.0050003
9.74437e-10
0.0050003
8.31875e-10
0.0050003
7.10336e-10
0.0050003
6.06676e-10
0.0050003
5.18233e-10
0.0050003
4.42748e-10
0.0050003
3.78305e-10
0.0050003
3.23276e-10
0.00500029
2.76279e-10
0.00500029
2.36133e-10
0.00500029
2.01836e-10
0.00500029
1.72531e-10
0.00500029
1.47488e-10
0.00500029
1.26084e-10
0.00500029
1.07789e-10
0.00500029
9.21515e-11
0.00500029
7.87851e-11
0.00500029
6.73599e-11
0.00500029
5.75933e-11
0.00500029
4.92437e-11
0.00500029
4.2105e-11
0.00500029
3.60015e-11
0.00500029
3.0783e-11
0.00500029
2.63213e-11
0.00500029
2.25068e-11
0.00500029
1.92456e-11
0.00500029
1.6457e-11
0.00500029
1.40721e-11
0.00500029
1.20321e-11
0.00500029
1.02873e-11
0.00500029
8.79559e-12
0.00500029
7.52069e-12
0.00500029
6.43152e-12
0.00500029
5.50102e-12
0.00500029
4.7058e-12
0.00500029
4.02593e-12
0.00500029
3.44423e-12
0.00500029
2.94614e-12
0.00500029
2.51946e-12
0.00500029
2.15387e-12
0.00500029
1.84085e-12
0.00500029
1.57332e-12
0.00500029
1.34511e-12
0.00500029
1.15051e-12
0.00500029
9.84587e-13
0.00500029
8.4296e-13
0.00500029
7.22066e-13
0.00500029
6.18813e-13
0.00500029
5.30552e-13
0.00500029
4.54917e-13
0.00500029
3.89709e-13
0.00500029
3.33331e-13
0.00500029
2.84482e-13
0.00500029
2.42362e-13
0.00500029
2.06257e-13
0.00500029
1.75556e-13
0.00500029
1.49634e-13
0.00500029
1.27691e-13
0.00500029
1.09106e-13
0.00500029
9.32062e-14
0.00500029
7.95779e-14
0.00500029
6.79141e-14
0.00500029
5.79584e-14
0.00500029
4.95117e-14
0.00500029
4.22814e-14
0.00500029
3.61011e-14
0.00500029
3.07456e-14
0.00500029
2.60837e-14
0.00500029
2.20462e-14
0.00500029
1.85385e-14
0.00500029
1.55564e-14
0.00500029
1.30768e-14
0.00500029
1.10461e-14
0.00500029
9.43776e-15
0.00500029
8.09071e-15
0.00500029
6.91537e-15
0.00500029
5.89051e-15
0.00500029
4.90134e-15
0.00500029
3.99372e-15
0.00500029
3.22311e-15
0.00500029
2.4722e-15
0.00500029
1.93664e-15
0.00500029
1.51788e-15
0.00500029
1.19964e-15
0.00500029
9.05914e-16
0.00500029
6.5108e-16
0.00500029
5.14907e-16
0.00500029
2.80062e-16
0.00500029
1.69886e-16
0.00500029
-1.19722e-17
0.00500029
-1.82024e-16
0.00500029
-3.01906e-16
0.00500029
-5.09232e-16
0.00500029
-5.91169e-16
0.00500029
-6.49292e-16
0.00500029
-6.09335e-16
0.00500029
-4.72406e-16
0.00500029
-3.54467e-16
0.00500029
-2.60593e-16
0.00500029
-2.08106e-16
0.00500029
-1.64079e-16
0.00500029
-1.2212e-16
0.00500029
-2.87259e-17
0.00500029
4.10526e-17
0.00500029
1.72065e-16
0.00500029
2.43934e-16
0.00500029
3.65399e-16
0.00500029
4.82967e-16
0.00500029
6.34095e-16
0.00500029
7.69227e-16
0.00500029
8.34115e-16
0.00500029
8.74887e-16
0.00500029
8.10969e-16
0.00500029
7.90475e-16
0.00500029
7.618e-16
0.00500029
7.56885e-16
0.00500029
7.19194e-16
0.00500029
6.85534e-16
0.00500029
7.02182e-16
0.00500029
6.94745e-16
0.00500029
7.59508e-16
0.00500029
7.97486e-16
0.00500029
7.61036e-16
0.00500029
7.4206e-16
0.00500029
6.46005e-16
0.00500029
5.39951e-16
0.00500029
4.81624e-16
0.00500029
4.05494e-16
0.00500029
3.80146e-16
0.00500029
3.02847e-16
0.00500029
2.26419e-16
0.00500029
2.4809e-16
0.00500029
3.18918e-16
0.00500029
4.14219e-16
0.00500029
5.0068e-16
0.00500029
5.87253e-16
0.00500029
6.12798e-16
0.00500029
7.05124e-16
0.00500029
7.55642e-16
0.00500029
7.91058e-16
0.00500029
8.39391e-16
0.00500029
7.5897e-16
0.00500029
6.10097e-16
0.00500029
6.14914e-16
0.00500029
6.54012e-16
0.00500029
6.30072e-16
0.00500029
5.99989e-16
0.00500029
5.52895e-16
0.00500029
5.6455e-16
0.00500029
6.75941e-16
0.00500029
7.62251e-16
0.00500029
7.55504e-16
0.00500029
7.75483e-16
0.00500029
8.64662e-16
0.00500029
9.20481e-16
0.00500029
9.79956e-16
0.00500029
9.39605e-16
0.00500029
9.22955e-16
0.00500029
9.33863e-16
0.00500029
8.72383e-16
0.00500029
7.43418e-16
0.00500029
6.75235e-16
0.00500029
5.45853e-16
0.00500029
3.65147e-16
0.00500029
3.80809e-16
3.40274e-16
0.00500027
4.48234e-07
0.0050006
8.92297e-07
0.00500073
8.56224e-07
0.00500073
6.68885e-07
0.00500068
4.9712e-07
0.00500063
3.67407e-07
0.00500058
2.7315e-07
0.00500053
2.0567e-07
0.00500049
1.57325e-07
0.00500046
1.22218e-07
0.00500043
9.62812e-08
0.00500041
7.67883e-08
0.00500039
6.18968e-08
0.00500038
5.03476e-08
0.00500036
4.12689e-08
0.00500035
3.40471e-08
0.00500034
2.82426e-08
0.00500034
2.35357e-08
0.00500033
1.96893e-08
0.00500032
1.65255e-08
0.00500032
1.39085e-08
0.00500032
1.17334e-08
0.00500031
9.91813e-09
0.00500031
8.39784e-09
0.00500031
7.1208e-09
0.00500031
6.04532e-09
0.00500031
5.13763e-09
0.0050003
4.3701e-09
0.0050003
3.72005e-09
0.0050003
3.16874e-09
0.0050003
2.70063e-09
0.0050003
2.30277e-09
0.0050003
1.96432e-09
0.0050003
1.67619e-09
0.0050003
1.43075e-09
0.0050003
1.22156e-09
0.0050003
1.04318e-09
0.0050003
8.91016e-10
0.0050003
7.61171e-10
0.0050003
6.50336e-10
0.0050003
5.55705e-10
0.0050003
4.74892e-10
0.0050003
4.05868e-10
0.0050003
3.46903e-10
0.0050003
2.96525e-10
0.0050003
2.53477e-10
0.0050003
2.16688e-10
0.0050003
1.85244e-10
0.0050003
1.58367e-10
0.0050003
1.35394e-10
0.0050003
1.15757e-10
0.0050003
9.89718e-11
0.0050003
8.46223e-11
0.0050003
7.23545e-11
0.0050003
6.1866e-11
0.0050003
5.28985e-11
0.0050003
4.52313e-11
0.0050003
3.86759e-11
0.0050003
3.30709e-11
0.0050003
2.82784e-11
0.0050003
2.41803e-11
0.0050003
2.06753e-11
0.0050003
1.76777e-11
0.0050003
1.51145e-11
0.0050003
1.29235e-11
0.0050003
1.10512e-11
0.0050003
9.45141e-12
0.0050003
8.08422e-12
0.0050003
6.91535e-12
0.0050003
5.9156e-12
0.0050003
5.06013e-12
0.0050003
4.32766e-12
0.0050003
3.70031e-12
0.0050003
3.16318e-12
0.0050003
2.7037e-12
0.0050003
2.31122e-12
0.0050003
1.97634e-12
0.0050003
1.69076e-12
0.0050003
1.4472e-12
0.0050003
1.23941e-12
0.0050003
1.06207e-12
0.0050003
9.10555e-13
0.0050003
7.808e-13
0.0050003
6.69299e-13
0.0050003
5.73133e-13
0.0050003
4.8996e-13
0.0050003
4.18023e-13
0.0050003
3.56048e-13
0.0050003
3.02985e-13
0.0050003
2.57859e-13
0.0050003
2.19573e-13
0.0050003
1.87092e-13
0.0050003
1.59486e-13
0.0050003
1.3593e-13
0.0050003
1.15902e-13
0.0050003
9.88833e-14
0.0050003
8.44354e-14
0.0050003
7.22118e-14
0.0050003
6.18384e-14
0.0050003
5.30088e-14
0.0050003
4.53742e-14
0.0050003
3.87291e-14
0.0050003
3.2956e-14
0.0050003
2.7967e-14
0.0050003
2.37904e-14
0.0050003
2.02666e-14
0.0050003
1.73307e-14
0.0050003
1.4914e-14
0.0050003
1.28252e-14
0.0050003
1.10127e-14
0.0050003
9.32564e-15
0.0050003
7.70759e-15
0.0050003
6.26594e-15
0.0050003
4.99133e-15
0.0050003
3.92842e-15
0.0050003
3.05858e-15
0.0050003
2.38729e-15
0.0050003
1.82724e-15
0.0050003
1.36145e-15
0.0050003
9.74427e-16
0.0050003
6.42353e-16
0.0050003
3.01792e-16
0.0050003
3.82473e-17
0.0050003
-2.50854e-16
0.0050003
-5.19963e-16
0.0050003
-7.37727e-16
0.0050003
-9.43384e-16
0.0050003
-1.02769e-15
0.0050003
-1.06241e-15
0.0050003
-1.00659e-15
0.0050003
-9.0648e-16
0.0050003
-7.97963e-16
0.0050003
-7.14926e-16
0.0050003
-6.1424e-16
0.0050003
-5.04683e-16
0.0050003
-3.2833e-16
0.0050003
-1.42536e-16
0.0050003
4.95851e-17
0.0050003
2.78444e-16
0.0050003
4.41494e-16
0.0050003
6.35485e-16
0.0050003
8.20459e-16
0.0050003
1.00898e-15
0.0050003
1.12478e-15
0.0050003
1.16109e-15
0.0050003
1.17322e-15
0.0050003
1.13188e-15
0.0050003
1.14538e-15
0.0050003
1.16846e-15
0.0050003
1.18271e-15
0.0050003
1.18245e-15
0.0050003
1.16691e-15
0.0050003
1.1505e-15
0.0050003
1.12883e-15
0.0050003
1.14814e-15
0.0050003
1.10723e-15
0.0050003
9.89558e-16
0.0050003
8.45422e-16
0.0050003
6.36715e-16
0.0050003
4.8868e-16
0.0050003
3.73239e-16
0.0050003
2.65203e-16
0.0050003
2.0328e-16
0.0050003
8.72612e-17
0.0050003
8.64065e-17
0.0050003
2.04921e-16
0.0050003
3.4585e-16
0.0050003
5.35045e-16
0.0050003
6.18298e-16
0.0050003
7.34489e-16
0.0050003
8.72786e-16
0.0050003
1.04792e-15
0.0050003
1.17247e-15
0.0050003
1.19042e-15
0.0050003
1.20559e-15
0.0050003
1.18022e-15
0.0050003
1.18343e-15
0.0050003
1.21784e-15
0.0050003
1.23697e-15
0.0050003
1.21729e-15
0.0050003
1.15944e-15
0.0050003
1.15344e-15
0.0050003
1.25756e-15
0.0050003
1.35491e-15
0.0050003
1.4152e-15
0.0050003
1.38161e-15
0.0050003
1.34478e-15
0.0050003
1.43522e-15
0.0050003
1.55281e-15
0.0050003
1.51929e-15
0.0050003
1.34312e-15
0.0050003
1.27832e-15
0.0050003
1.33338e-15
0.0050003
1.32496e-15
0.0050003
1.16257e-15
0.0050003
8.77717e-16
0.0050003
8.06301e-16
0.0050003
7.44141e-16
0.0050003
5.83825e-16
4.65225e-16
0.00500013
3.14724e-07
0.00500034
6.86093e-07
0.00500048
7.20692e-07
0.00500053
6.12637e-07
0.00500054
4.86842e-07
0.00500053
3.80269e-07
0.00500051
2.96319e-07
0.00500048
2.31819e-07
0.00500045
1.82709e-07
0.00500043
1.45253e-07
0.00500041
1.16484e-07
0.00500039
9.41847e-08
0.00500038
7.67297e-08
0.00500037
6.29309e-08
0.00500036
5.19189e-08
0.00500035
4.3054e-08
0.00500034
3.58609e-08
0.00500033
2.99832e-08
0.00500033
2.51506e-08
0.00500032
2.11556e-08
0.00500032
1.78376e-08
0.00500032
1.50706e-08
0.00500031
1.27549e-08
0.00500031
1.0811e-08
0.00500031
9.175e-09
0.00500031
7.795e-09
0.0050003
6.62869e-09
0.0050003
5.64136e-09
0.0050003
4.80434e-09
0.0050003
4.09389e-09
0.0050003
3.49023e-09
0.0050003
2.97685e-09
0.0050003
2.53991e-09
0.0050003
2.16779e-09
0.0050003
1.85067e-09
0.0050003
1.58031e-09
0.0050003
1.34972e-09
0.0050003
1.15296e-09
0.0050003
9.85034e-10
0.0050003
8.41667e-10
0.0050003
7.19243e-10
0.0050003
6.14684e-10
0.0050003
5.25368e-10
0.0050003
4.49061e-10
0.0050003
3.8386e-10
0.0050003
3.28142e-10
0.0050003
2.80523e-10
0.0050003
2.39821e-10
0.0050003
2.0503e-10
0.0050003
1.75292e-10
0.0050003
1.49872e-10
0.0050003
1.28141e-10
0.0050003
1.09563e-10
0.0050003
9.36807e-11
0.0050003
8.01014e-11
0.0050003
6.84913e-11
0.0050003
5.85645e-11
0.0050003
5.00769e-11
0.0050003
4.28198e-11
0.0050003
3.66143e-11
0.0050003
3.13075e-11
0.0050003
2.67691e-11
0.0050003
2.2888e-11
0.0050003
1.95698e-11
0.0050003
1.67337e-11
0.0050003
1.431e-11
0.0050003
1.22388e-11
0.0050003
1.04683e-11
0.0050003
8.95446e-12
0.0050003
7.65947e-12
0.0050003
6.55113e-12
0.0050003
5.60225e-12
0.0050003
4.78984e-12
0.0050003
4.09456e-12
0.0050003
3.49999e-12
0.0050003
2.99223e-12
0.0050003
2.55898e-12
0.0050003
2.18956e-12
0.0050003
1.87448e-12
0.0050003
1.60567e-12
0.0050003
1.37615e-12
0.0050003
1.17988e-12
0.0050003
1.01169e-12
0.0050003
8.66945e-13
0.0050003
7.42046e-13
0.0050003
6.34068e-13
0.0050003
5.40887e-13
0.0050003
4.60803e-13
0.0050003
3.92238e-13
0.0050003
3.33844e-13
0.0050003
2.84172e-13
0.0050003
2.41968e-13
0.0050003
2.06071e-13
0.0050003
1.75509e-13
0.0050003
1.49558e-13
0.0050003
1.27569e-13
0.0050003
1.09017e-13
0.0050003
9.33273e-14
0.0050003
8.00235e-14
0.0050003
6.86393e-14
0.0050003
5.88084e-14
0.0050003
5.0337e-14
0.0050003
4.30134e-14
0.0050003
3.66682e-14
0.0050003
3.12979e-14
0.0050003
2.68297e-14
0.0050003
2.30862e-14
0.0050003
1.99274e-14
0.0050003
1.71244e-14
0.0050003
1.46284e-14
0.0050003
1.23186e-14
0.0050003
1.01584e-14
0.0050003
8.27396e-15
0.0050003
6.56582e-15
0.0050003
5.19969e-15
0.0050003
4.08407e-15
0.0050003
3.2027e-15
0.0050003
2.48024e-15
0.0050003
1.79195e-15
0.0050003
1.27168e-15
0.0050003
7.30952e-16
0.0050003
2.89234e-16
0.0050003
-1.01432e-16
0.0050003
-5.09604e-16
0.0050003
-8.05227e-16
0.0050003
-1.08786e-15
0.0050003
-1.26426e-15
0.0050003
-1.36961e-15
0.0050003
-1.42985e-15
0.0050003
-1.36738e-15
0.0050003
-1.31196e-15
0.0050003
-1.22831e-15
0.0050003
-1.10466e-15
0.0050003
-9.39185e-16
0.0050003
-7.49269e-16
0.0050003
-4.55386e-16
0.0050003
-1.79823e-16
0.0050003
1.13057e-16
0.0050003
3.70089e-16
0.0050003
6.0824e-16
0.0050003
8.82629e-16
0.0050003
1.13535e-15
0.0050003
1.29947e-15
0.0050003
1.37852e-15
0.0050003
1.43079e-15
0.0050003
1.43944e-15
0.0050003
1.47264e-15
0.0050003
1.53573e-15
0.0050003
1.58057e-15
0.0050003
1.59305e-15
0.0050003
1.58883e-15
0.0050003
1.59984e-15
0.0050003
1.57368e-15
0.0050003
1.5521e-15
0.0050003
1.48031e-15
0.0050003
1.34174e-15
0.0050003
1.14126e-15
0.0050003
9.04912e-16
0.0050003
6.57893e-16
0.0050003
4.58352e-16
0.0050003
3.02978e-16
0.0050003
1.45124e-16
0.0050003
5.1272e-17
0.0050003
-1.59473e-17
0.0050003
2.60299e-17
0.0050003
2.38538e-16
0.0050003
3.88419e-16
0.0050003
5.77036e-16
0.0050003
7.51166e-16
0.0050003
9.26177e-16
0.0050003
1.16482e-15
0.0050003
1.37944e-15
0.0050003
1.4855e-15
0.0050003
1.52793e-15
0.0050003
1.56965e-15
0.0050003
1.61424e-15
0.0050003
1.7068e-15
0.0050003
1.75067e-15
0.0050003
1.66095e-15
0.0050003
1.69363e-15
0.0050003
1.79066e-15
0.0050003
1.81145e-15
0.0050003
1.84122e-15
0.0050003
1.8246e-15
0.0050003
1.79006e-15
0.0050003
1.90431e-15
0.0050003
2.04167e-15
0.0050003
1.98799e-15
0.0050003
1.97247e-15
0.0050003
1.91697e-15
0.0050003
1.88191e-15
0.0050003
1.83713e-15
0.0050003
1.65626e-15
0.0050003
1.48456e-15
0.0050003
1.40064e-15
0.0050003
1.22176e-15
0.0050003
1.03075e-15
0.0050003
8.76989e-16
0.0050003
7.11897e-16
5.70833e-16
0.00500008
2.38913e-07
0.00500022
5.42241e-07
0.00500034
6.03368e-07
0.00500041
5.43998e-07
0.00500044
4.55389e-07
0.00500045
3.71742e-07
0.00500044
3.00807e-07
0.00500043
2.42912e-07
0.00500042
1.96492e-07
0.0050004
1.59529e-07
0.00500039
1.30117e-07
0.00500038
1.06648e-07
0.00500036
8.78376e-08
0.00500036
7.26766e-08
0.00500035
6.03856e-08
0.00500034
5.03632e-08
0.00500033
4.21454e-08
0.00500033
3.53727e-08
0.00500032
2.97649e-08
0.00500032
2.51022e-08
0.00500032
2.12109e-08
0.00500031
1.79528e-08
0.00500031
1.52171e-08
0.00500031
1.29143e-08
0.00500031
1.09717e-08
0.0050003
9.32978e-09
0.0050003
7.93986e-09
0.0050003
6.76158e-09
0.0050003
5.7615e-09
0.0050003
4.91178e-09
0.0050003
4.18918e-09
0.0050003
3.5742e-09
0.0050003
3.05045e-09
0.0050003
2.60416e-09
0.0050003
2.22368e-09
0.0050003
1.89917e-09
0.0050003
1.62229e-09
0.0050003
1.38599e-09
0.0050003
1.18425e-09
0.0050003
1.01199e-09
0.0050003
8.64862e-10
0.0050003
7.39187e-10
0.0050003
6.31818e-10
0.0050003
5.40078e-10
0.0050003
4.61682e-10
0.0050003
3.94682e-10
0.0050003
3.37416e-10
0.0050003
2.88468e-10
0.0050003
2.46627e-10
0.0050003
2.10861e-10
0.0050003
1.80286e-10
0.0050003
1.54148e-10
0.0050003
1.31802e-10
0.0050003
1.12697e-10
0.0050003
9.63618e-11
0.0050003
8.23954e-11
0.0050003
7.04539e-11
0.0050003
6.02436e-11
0.0050003
5.15132e-11
0.0050003
4.40477e-11
0.0050003
3.76633e-11
0.0050003
3.22034e-11
0.0050003
2.75348e-11
0.0050003
2.35435e-11
0.0050003
2.01322e-11
0.0050003
1.72167e-11
0.0050003
1.47249e-11
0.0050003
1.25946e-11
0.0050003
1.07728e-11
0.0050003
9.2143e-12
0.0050003
7.88049e-12
0.0050003
6.73861e-12
0.0050003
5.76112e-12
0.0050003
4.92481e-12
0.0050003
4.20995e-12
0.0050003
3.5996e-12
0.0050003
3.07883e-12
0.0050003
2.6347e-12
0.0050003
2.25589e-12
0.0050003
1.93265e-12
0.0050003
1.65654e-12
0.0050003
1.42022e-12
0.0050003
1.21744e-12
0.0050003
1.04288e-12
0.0050003
8.92308e-13
0.0050003
7.62313e-13
0.0050003
6.5032e-13
0.0050003
5.54143e-13
0.0050003
4.71841e-13
0.0050003
4.01665e-13
0.0050003
3.41863e-13
0.0050003
2.90969e-13
0.0050003
2.47626e-13
0.0050003
2.10806e-13
0.0050003
1.79636e-13
0.0050003
1.53247e-13
0.0050003
1.30982e-13
0.0050003
1.12146e-13
0.0050003
9.61885e-14
0.0050003
8.25722e-14
0.0050003
7.08296e-14
0.0050003
6.0666e-14
0.0050003
5.19016e-14
0.0050003
4.44252e-14
0.0050003
3.81035e-14
0.0050003
3.27678e-14
0.0050003
2.82654e-14
0.0050003
2.43711e-14
0.0050003
2.09319e-14
0.0050003
1.78282e-14
0.0050003
1.49539e-14
0.0050003
1.23087e-14
0.0050003
9.99722e-15
0.0050003
8.03754e-15
0.0050003
6.41509e-15
0.0050003
5.07396e-15
0.0050003
3.98565e-15
0.0050003
3.06431e-15
0.0050003
2.20469e-15
0.0050003
1.49292e-15
0.0050003
7.99724e-16
0.0050003
2.2625e-16
0.0050003
-2.58519e-16
0.0050003
-7.32217e-16
0.0050003
-1.05565e-15
0.0050003
-1.37732e-15
0.0050003
-1.55323e-15
0.0050003
-1.65466e-15
0.0050003
-1.71778e-15
0.0050003
-1.71314e-15
0.0050003
-1.67544e-15
0.0050003
-1.60828e-15
0.0050003
-1.46196e-15
0.0050003
-1.23257e-15
0.0050003
-9.19072e-16
0.0050003
-5.567e-16
0.0050003
-2.35364e-16
0.0050003
1.49072e-16
0.0050003
4.70757e-16
0.0050003
8.07324e-16
0.0050003
1.08568e-15
0.0050003
1.35553e-15
0.0050003
1.5293e-15
0.0050003
1.58377e-15
0.0050003
1.6656e-15
0.0050003
1.70155e-15
0.0050003
1.80619e-15
0.0050003
1.89354e-15
0.0050003
1.93907e-15
0.0050003
1.95482e-15
0.0050003
1.96237e-15
0.0050003
1.97256e-15
0.0050003
1.95456e-15
0.0050003
1.90215e-15
0.0050003
1.76947e-15
0.0050003
1.52128e-15
0.0050003
1.24899e-15
0.0050003
9.65285e-16
0.0050003
6.83445e-16
0.0050003
4.4665e-16
0.0050003
1.80578e-16
0.0050003
1.90072e-17
0.0050003
-8.65805e-17
0.0050003
-8.48097e-17
0.0050003
5.25525e-17
0.0050003
2.23658e-16
0.0050003
4.20485e-16
0.0050003
5.9773e-16
0.0050003
8.85574e-16
0.0050003
1.16889e-15
0.0050003
1.40533e-15
0.0050003
1.60904e-15
0.0050003
1.71111e-15
0.0050003
1.85222e-15
0.0050003
1.97859e-15
0.0050003
2.05654e-15
0.0050003
2.09706e-15
0.0050003
2.11601e-15
0.0050003
2.09096e-15
0.0050003
2.15958e-15
0.0050003
2.32023e-15
0.0050003
2.30937e-15
0.0050003
2.26706e-15
0.0050003
2.36481e-15
0.0050003
2.42027e-15
0.0050003
2.43954e-15
0.0050003
2.44009e-15
0.0050003
2.35661e-15
0.0050003
2.36536e-15
0.0050003
2.3442e-15
0.0050003
2.31848e-15
0.0050003
2.15877e-15
0.0050003
1.91537e-15
0.0050003
1.82563e-15
0.0050003
1.74142e-15
0.0050003
1.59953e-15
0.0050003
1.17865e-15
0.0050003
8.78279e-16
0.0050003
9.4306e-16
7.68331e-16
0.00500005
1.90576e-07
0.00500015
4.41243e-07
0.00500025
5.07123e-07
0.00500031
4.76175e-07
0.00500035
4.14694e-07
0.00500038
3.50656e-07
0.00500038
2.92675e-07
0.00500038
2.42778e-07
0.00500038
2.00911e-07
0.00500037
1.6626e-07
0.00500036
1.37773e-07
0.00500036
1.14413e-07
0.00500035
9.52563e-08
0.00500034
7.95193e-08
0.00500034
6.65575e-08
0.00500033
5.58479e-08
0.00500033
4.69699e-08
0.00500032
3.9586e-08
0.00500032
3.34256e-08
0.00500032
2.82709e-08
0.00500031
2.39462e-08
0.00500031
2.03091e-08
0.00500031
1.72437e-08
0.00500031
1.46553e-08
0.0050003
1.24659e-08
0.0050003
1.06113e-08
0.0050003
9.03838e-09
0.0050003
7.70279e-09
0.0050003
6.56764e-09
0.0050003
5.60204e-09
0.0050003
4.78008e-09
0.0050003
4.07995e-09
0.0050003
3.48326e-09
0.0050003
2.97449e-09
0.0050003
2.54053e-09
0.0050003
2.17023e-09
0.0050003
1.85417e-09
0.0050003
1.58433e-09
0.0050003
1.3539e-09
0.0050003
1.15709e-09
0.0050003
9.88966e-10
0.0050003
8.45326e-10
0.0050003
7.22591e-10
0.0050003
6.17707e-10
0.0050003
5.28069e-10
0.0050003
4.51454e-10
0.0050003
3.85966e-10
0.0050003
3.29986e-10
0.0050003
2.82133e-10
0.0050003
2.41224e-10
0.0050003
2.06252e-10
0.0050003
1.76353e-10
0.0050003
1.5079e-10
0.0050003
1.28933e-10
0.0050003
1.10246e-10
0.0050003
9.42682e-11
0.0050003
8.06066e-11
0.0050003
6.89254e-11
0.0050003
5.89371e-11
0.0050003
5.03957e-11
0.0050003
4.30913e-11
0.0050003
3.68448e-11
0.0050003
3.15039e-11
0.0050003
2.6938e-11
0.0050003
2.30353e-11
0.0050003
1.96996e-11
0.0050003
1.68482e-11
0.0050003
1.44104e-11
0.0050003
1.23255e-11
0.0050003
1.05419e-11
0.0050003
9.01532e-12
0.0050003
7.70856e-12
0.0050003
6.59023e-12
0.0050003
5.63366e-12
0.0050003
4.81625e-12
0.0050003
4.11838e-12
0.0050003
3.52303e-12
0.0050003
3.01527e-12
0.0050003
2.58209e-12
0.0050003
2.21229e-12
0.0050003
1.89616e-12
0.0050003
1.62544e-12
0.0050003
1.39296e-12
0.0050003
1.19285e-12
0.0050003
1.02034e-12
0.0050003
8.71607e-13
0.0050003
7.43681e-13
0.0050003
6.3384e-13
0.0050003
5.3987e-13
0.0050003
4.59614e-13
0.0050003
3.91141e-13
0.0050003
3.32834e-13
0.0050003
2.83189e-13
0.0050003
2.4103e-13
0.0050003
2.0533e-13
0.0050003
1.75158e-13
0.0050003
1.49785e-13
0.0050003
1.28298e-13
0.0050003
1.09997e-13
0.0050003
9.44051e-14
0.0050003
8.09916e-14
0.0050003
6.94974e-14
0.0050003
5.9568e-14
0.0050003
5.11116e-14
0.0050003
4.39453e-14
0.0050003
3.78659e-14
0.0050003
3.27482e-14
0.0050003
2.82146e-14
0.0050003
2.4166e-14
0.0050003
2.04847e-14
0.0050003
1.71199e-14
0.0050003
1.41778e-14
0.0050003
1.15394e-14
0.0050003
9.34182e-15
0.0050003
7.52499e-15
0.0050003
6.00041e-15
0.0050003
4.73727e-15
0.0050003
3.57215e-15
0.0050003
2.55301e-15
0.0050003
1.65997e-15
0.0050003
8.31377e-16
0.0050003
1.42767e-16
0.0050003
-4.41078e-16
0.0050003
-9.11605e-16
0.0050003
-1.26921e-15
0.0050003
-1.57291e-15
0.0050003
-1.74505e-15
0.0050003
-1.9047e-15
0.0050003
-1.96985e-15
0.0050003
-2.02571e-15
0.0050003
-2.02356e-15
0.0050003
-1.93611e-15
0.0050003
-1.71086e-15
0.0050003
-1.46039e-15
0.0050003
-1.07888e-15
0.0050003
-6.53782e-16
0.0050003
-2.64847e-16
0.0050003
1.82227e-16
0.0050003
5.46589e-16
0.0050003
9.44187e-16
0.0050003
1.26999e-15
0.0050003
1.52157e-15
0.0050003
1.68466e-15
0.0050003
1.77211e-15
0.0050003
1.88285e-15
0.0050003
1.97001e-15
0.0050003
2.0786e-15
0.0050003
2.17595e-15
0.0050003
2.2098e-15
0.0050003
2.2511e-15
0.0050003
2.30557e-15
0.0050003
2.34059e-15
0.0050003
2.29313e-15
0.0050003
2.15324e-15
0.0050003
1.94757e-15
0.0050003
1.66439e-15
0.0050003
1.36485e-15
0.0050003
1.03112e-15
0.0050003
6.8088e-16
0.0050003
3.88801e-16
0.0050003
6.12068e-17
0.0050003
-1.00136e-16
0.0050003
-1.43531e-16
0.0050003
-1.37445e-16
0.0050003
4.73088e-17
0.0050003
1.45095e-16
0.0050003
4.02887e-16
0.0050003
7.05989e-16
0.0050003
1.03765e-15
0.0050003
1.33922e-15
0.0050003
1.55951e-15
0.0050003
1.77833e-15
0.0050003
1.9567e-15
0.0050003
2.18502e-15
0.0050003
2.29676e-15
0.0050003
2.32377e-15
0.0050003
2.41077e-15
0.0050003
2.49323e-15
0.0050003
2.54698e-15
0.0050003
2.62685e-15
0.0050003
2.68064e-15
0.0050003
2.71789e-15
0.0050003
2.66745e-15
0.0050003
2.76066e-15
0.0050003
2.88864e-15
0.0050003
2.88904e-15
0.0050003
2.74919e-15
0.0050003
2.71756e-15
0.0050003
2.8255e-15
0.0050003
2.75619e-15
0.0050003
2.60174e-15
0.0050003
2.47549e-15
0.0050003
2.25679e-15
0.0050003
2.14131e-15
0.0050003
1.82417e-15
0.0050003
1.61473e-15
0.0050003
1.47308e-15
0.0050003
1.23852e-15
0.0050003
9.7093e-16
7.15243e-16
0.00500003
1.56696e-07
0.00500011
3.66564e-07
0.00500019
4.2963e-07
0.00500025
4.14469e-07
0.00500029
3.71808e-07
0.00500032
3.23327e-07
0.00500033
2.76824e-07
0.00500034
2.34893e-07
0.00500034
1.98272e-07
0.00500034
1.66894e-07
0.00500034
1.40321e-07
0.00500034
1.17971e-07
0.00500033
9.92412e-08
0.00500033
8.35707e-08
0.00500033
7.04617e-08
0.00500032
5.94876e-08
0.00500032
5.02891e-08
0.00500032
4.25671e-08
0.00500031
3.60737e-08
0.00500031
3.06042e-08
0.00500031
2.59896e-08
0.00500031
2.20903e-08
0.00500031
1.87908e-08
0.0050003
1.59951e-08
0.0050003
1.36237e-08
0.0050003
1.161e-08
0.0050003
9.89849e-09
0.0050003
8.4427e-09
0.0050003
7.20354e-09
0.0050003
6.14812e-09
0.0050003
5.2487e-09
0.0050003
4.48187e-09
0.0050003
3.82782e-09
0.0050003
3.26977e-09
0.0050003
2.79349e-09
0.0050003
2.38688e-09
0.0050003
2.03967e-09
0.0050003
1.74313e-09
0.0050003
1.48983e-09
0.0050003
1.27342e-09
0.0050003
1.08851e-09
0.0050003
9.30496e-10
0.0050003
7.95458e-10
0.0050003
6.80043e-10
0.0050003
5.81392e-10
0.0050003
4.97065e-10
0.0050003
4.24979e-10
0.0050003
3.63355e-10
0.0050003
3.10673e-10
0.0050003
2.65635e-10
0.0050003
2.27129e-10
0.0050003
1.94207e-10
0.0050003
1.66059e-10
0.0050003
1.41991e-10
0.0050003
1.21413e-10
0.0050003
1.03817e-10
0.0050003
8.87725e-11
0.0050003
7.59086e-11
0.0050003
6.49088e-11
0.0050003
5.55023e-11
0.0050003
4.74581e-11
0.0050003
4.05793e-11
0.0050003
3.46977e-11
0.0050003
2.96696e-11
0.0050003
2.53714e-11
0.0050003
2.16973e-11
0.0050003
1.85565e-11
0.0050003
1.5871e-11
0.0050003
1.35743e-11
0.0050003
1.16094e-11
0.0050003
9.92774e-12
0.0050003
8.48836e-12
0.0050003
7.25677e-12
0.0050003
6.20362e-12
0.0050003
5.30397e-12
0.0050003
4.53601e-12
0.0050003
3.88083e-12
0.0050003
3.32189e-12
0.0050003
2.84488e-12
0.0050003
2.43751e-12
0.0050003
2.08902e-12
0.0050003
1.79042e-12
0.0050003
1.53391e-12
0.0050003
1.31321e-12
0.0050003
1.1231e-12
0.0050003
9.59385e-13
0.0050003
8.1868e-13
0.0050003
6.97952e-13
0.0050003
5.94603e-13
0.0050003
5.06261e-13
0.0050003
4.3083e-13
0.0050003
3.66517e-13
0.0050003
3.11786e-13
0.0050003
2.65349e-13
0.0050003
2.2608e-13
0.0050003
1.92906e-13
0.0050003
1.64902e-13
0.0050003
1.41224e-13
0.0050003
1.21114e-13
0.0050003
1.03946e-13
0.0050003
8.9195e-14
0.0050003
7.65545e-14
0.0050003
6.57272e-14
0.0050003
5.65413e-14
0.0050003
4.87359e-14
0.0050003
4.20678e-14
0.0050003
3.63355e-14
0.0050003
3.12711e-14
0.0050003
2.67252e-14
0.0050003
2.26471e-14
0.0050003
1.88851e-14
0.0050003
1.56393e-14
0.0050003
1.28552e-14
0.0050003
1.04949e-14
0.0050003
8.5246e-15
0.0050003
6.83129e-15
0.0050003
5.3655e-15
0.0050003
4.01337e-15
0.0050003
2.83042e-15
0.0050003
1.7628e-15
0.0050003
7.9792e-16
0.0050003
4.68868e-17
0.0050003
-5.90456e-16
0.0050003
-1.04398e-15
0.0050003
-1.41629e-15
0.0050003
-1.70511e-15
0.0050003
-1.89058e-15
0.0050003
-2.07271e-15
0.0050003
-2.19743e-15
0.0050003
-2.26789e-15
0.0050003
-2.27471e-15
0.0050003
-2.19123e-15
0.0050003
-1.95425e-15
0.0050003
-1.6093e-15
0.0050003
-1.17663e-15
0.0050003
-7.42342e-16
0.0050003
-3.0253e-16
0.0050003
1.87163e-16
0.0050003
6.57867e-16
0.0050003
1.04573e-15
0.0050003
1.36488e-15
0.0050003
1.62018e-15
0.0050003
1.83299e-15
0.0050003
1.92028e-15
0.0050003
2.06139e-15
0.0050003
2.17464e-15
0.0050003
2.27893e-15
0.0050003
2.38581e-15
0.0050003
2.45659e-15
0.0050003
2.51586e-15
0.0050003
2.5833e-15
0.0050003
2.59763e-15
0.0050003
2.53483e-15
0.0050003
2.35649e-15
0.0050003
2.09112e-15
0.0050003
1.76658e-15
0.0050003
1.4303e-15
0.0050003
1.05486e-15
0.0050003
6.41899e-16
0.0050003
3.04642e-16
0.0050003
-1.38789e-17
0.0050003
-1.79362e-16
0.0050003
-2.0087e-16
0.0050003
-1.76516e-16
0.0050003
-4.37543e-17
0.0050003
1.36504e-16
0.0050003
4.06066e-16
0.0050003
8.0872e-16
0.0050003
1.14127e-15
0.0050003
1.42122e-15
0.0050003
1.70005e-15
0.0050003
1.94144e-15
0.0050003
2.15259e-15
0.0050003
2.38459e-15
0.0050003
2.55988e-15
0.0050003
2.57643e-15
0.0050003
2.65276e-15
0.0050003
2.82163e-15
0.0050003
2.92767e-15
0.0050003
2.90878e-15
0.0050003
2.91202e-15
0.0050003
3.08261e-15
0.0050003
3.17751e-15
0.0050003
3.1157e-15
0.0050003
3.13532e-15
0.0050003
3.29169e-15
0.0050003
3.24206e-15
0.0050003
3.08369e-15
0.0050003
2.99761e-15
0.0050003
2.93368e-15
0.0050003
2.86705e-15
0.0050003
2.79362e-15
0.0050003
2.49849e-15
0.0050003
2.2275e-15
0.0050003
2.02989e-15
0.0050003
1.83695e-15
0.0050003
1.49381e-15
0.0050003
1.15212e-15
0.0050003
1.15427e-15
9.20512e-16
0.00500003
1.31253e-07
0.00500008
3.08867e-07
0.00500015
3.66482e-07
0.0050002
3.60124e-07
0.00500024
3.30158e-07
0.00500027
2.93522e-07
0.00500029
2.56589e-07
0.00500031
2.21906e-07
0.00500031
1.9053e-07
0.00500032
1.62805e-07
0.00500032
1.38686e-07
0.00500032
1.17923e-07
0.00500032
1.0017e-07
0.00500032
8.50566e-08
0.00500031
7.22244e-08
0.00500031
6.13444e-08
0.00500031
5.21251e-08
0.00500031
4.43136e-08
0.00500031
3.76928e-08
0.00500031
3.20783e-08
0.0050003
2.73142e-08
0.0050003
2.32689e-08
0.0050003
1.98316e-08
0.0050003
1.69089e-08
0.0050003
1.44221e-08
0.0050003
1.23051e-08
0.0050003
1.05019e-08
0.0050003
8.96517e-09
0.0050003
7.65502e-09
0.0050003
6.53761e-09
0.0050003
5.58426e-09
0.0050003
4.77063e-09
0.0050003
4.07607e-09
0.0050003
3.48302e-09
0.0050003
2.97654e-09
0.0050003
2.54393e-09
0.0050003
2.17435e-09
0.0050003
1.85857e-09
0.0050003
1.58874e-09
0.0050003
1.35815e-09
0.0050003
1.16107e-09
0.0050003
9.92624e-10
0.0050003
8.48641e-10
0.0050003
7.25562e-10
0.0050003
6.20347e-10
0.0050003
5.30398e-10
0.0050003
4.535e-10
0.0050003
3.87757e-10
0.0050003
3.31549e-10
0.0050003
2.83493e-10
0.0050003
2.42405e-10
0.0050003
2.07274e-10
0.0050003
1.77234e-10
0.0050003
1.51549e-10
0.0050003
1.29586e-10
0.0050003
1.10807e-10
0.0050003
9.47508e-11
0.0050003
8.10216e-11
0.0050003
6.92816e-11
0.0050003
5.9242e-11
0.0050003
5.06566e-11
0.0050003
4.33149e-11
0.0050003
3.70376e-11
0.0050003
3.16708e-11
0.0050003
2.70827e-11
0.0050003
2.31605e-11
0.0050003
1.98075e-11
0.0050003
1.69405e-11
0.0050003
1.44885e-11
0.0050003
1.23906e-11
0.0050003
1.05952e-11
0.0050003
9.05876e-12
0.0050003
7.74444e-12
0.0050003
6.62093e-12
0.0050003
5.66129e-12
0.0050003
4.84217e-12
0.0050003
4.14327e-12
0.0050003
3.54689e-12
0.0050003
3.03774e-12
0.0050003
2.60262e-12
0.0050003
2.23028e-12
0.0050003
1.91106e-12
0.0050003
1.63689e-12
0.0050003
1.40109e-12
0.0050003
1.19811e-12
0.0050003
1.02353e-12
0.0050003
8.73523e-13
0.0050003
7.44867e-13
0.0050003
6.34701e-13
0.0050003
5.40386e-13
0.0050003
4.59864e-13
0.0050003
3.91205e-13
0.0050003
3.3279e-13
0.0050003
2.8325e-13
0.0050003
2.41294e-13
0.0050003
2.05913e-13
0.0050003
1.76034e-13
0.0050003
1.50741e-13
0.0050003
1.2924e-13
0.0050003
1.1085e-13
0.0050003
9.51862e-14
0.0050003
8.17612e-14
0.0050003
7.03011e-14
0.0050003
6.05859e-14
0.0050003
5.2253e-14
0.0050003
4.51842e-14
0.0050003
3.90119e-14
0.0050003
3.35175e-14
0.0050003
2.85793e-14
0.0050003
2.41335e-14
0.0050003
2.02452e-14
0.0050003
1.6813e-14
0.0050003
1.39104e-14
0.0050003
1.14626e-14
0.0050003
9.3667e-15
0.0050003
7.54588e-15
0.0050003
5.88201e-15
0.0050003
4.34672e-15
0.0050003
3.00773e-15
0.0050003
1.78861e-15
0.0050003
7.70098e-16
0.0050003
-3.61725e-17
0.0050003
-6.92772e-16
0.0050003
-1.13987e-15
0.0050003
-1.50118e-15
0.0050003
-1.74358e-15
0.0050003
-1.97447e-15
0.0050003
-2.17805e-15
0.0050003
-2.37501e-15
0.0050003
-2.48574e-15
0.0050003
-2.49861e-15
0.0050003
-2.33517e-15
0.0050003
-2.09401e-15
0.0050003
-1.75152e-15
0.0050003
-1.26861e-15
0.0050003
-8.13814e-16
0.0050003
-2.77403e-16
0.0050003
1.9663e-16
0.0050003
6.92964e-16
0.0050003
1.10348e-15
0.0050003
1.4336e-15
0.0050003
1.68619e-15
0.0050003
1.82446e-15
0.0050003
2.04217e-15
0.0050003
2.19799e-15
0.0050003
2.32299e-15
0.0050003
2.43395e-15
0.0050003
2.51336e-15
0.0050003
2.62302e-15
0.0050003
2.7384e-15
0.0050003
2.81989e-15
0.0050003
2.79973e-15
0.0050003
2.64811e-15
0.0050003
2.45614e-15
0.0050003
2.19362e-15
0.0050003
1.84842e-15
0.0050003
1.45763e-15
0.0050003
9.90869e-16
0.0050003
6.06989e-16
0.0050003
2.03525e-16
0.0050003
-7.54048e-17
0.0050003
-2.06229e-16
0.0050003
-2.94904e-16
0.0050003
-2.16764e-16
0.0050003
-1.29509e-16
0.0050003
1.38415e-16
0.0050003
4.61556e-16
0.0050003
8.41436e-16
0.0050003
1.17199e-15
0.0050003
1.43488e-15
0.0050003
1.80371e-15
0.0050003
2.08481e-15
0.0050003
2.3107e-15
0.0050003
2.46915e-15
0.0050003
2.6491e-15
0.0050003
2.80109e-15
0.0050003
2.90075e-15
0.0050003
2.98894e-15
0.0050003
3.13873e-15
0.0050003
3.20458e-15
0.0050003
3.22376e-15
0.0050003
3.34475e-15
0.0050003
3.475e-15
0.0050003
3.41804e-15
0.0050003
3.3451e-15
0.0050003
3.44273e-15
0.0050003
3.48316e-15
0.0050003
3.41049e-15
0.0050003
3.26767e-15
0.0050003
3.15894e-15
0.0050003
3.05078e-15
0.0050003
2.81561e-15
0.0050003
2.70811e-15
0.0050003
2.46626e-15
0.0050003
2.10979e-15
0.0050003
1.8709e-15
0.0050003
1.62581e-15
0.0050003
1.33621e-15
0.0050003
1.11604e-15
8.74937e-16
0.00500002
1.11155e-07
0.00500007
2.62531e-07
0.00500012
3.14027e-07
0.00500017
3.12575e-07
0.00500021
2.91183e-07
0.00500024
2.63369e-07
0.00500026
2.34153e-07
0.00500027
2.05744e-07
0.00500029
1.79244e-07
0.00500029
1.55182e-07
0.0050003
1.33742e-07
0.0050003
1.1489e-07
0.0050003
9.84706e-08
0.0050003
8.42656e-08
0.0050003
7.20346e-08
0.0050003
6.1538e-08
0.0050003
5.25501e-08
0.0050003
4.48658e-08
0.0050003
3.83021e-08
0.0050003
3.2699e-08
0.0050003
2.79174e-08
0.0050003
2.38373e-08
0.0050003
2.03559e-08
0.0050003
1.7385e-08
0.0050003
1.48496e-08
0.0050003
1.26854e-08
0.0050003
1.08378e-08
0.0050003
9.26028e-09
0.0050003
7.91311e-09
0.0050003
6.7625e-09
0.0050003
5.77962e-09
0.0050003
4.93993e-09
0.0050003
4.22248e-09
0.0050003
3.60942e-09
0.0050003
3.08551e-09
0.0050003
2.63775e-09
0.0050003
2.25504e-09
0.0050003
1.92792e-09
0.0050003
1.6483e-09
0.0050003
1.40926e-09
0.0050003
1.20491e-09
0.0050003
1.03021e-09
0.0050003
8.80858e-10
0.0050003
7.53164e-10
0.0050003
6.43988e-10
0.0050003
5.50643e-10
0.0050003
4.70833e-10
0.0050003
4.02595e-10
0.0050003
3.4425e-10
0.0050003
2.94363e-10
0.0050003
2.51706e-10
0.0050003
2.15231e-10
0.0050003
1.84041e-10
0.0050003
1.57371e-10
0.0050003
1.34567e-10
0.0050003
1.15068e-10
0.0050003
9.8395e-11
0.0050003
8.41388e-11
0.0050003
7.19481e-11
0.0050003
6.15231e-11
0.0050003
5.2608e-11
0.0050003
4.49843e-11
0.0050003
3.84656e-11
0.0050003
3.2892e-11
0.0050003
2.81269e-11
0.0050003
2.40532e-11
0.0050003
2.05705e-11
0.0050003
1.75925e-11
0.0050003
1.50454e-11
0.0050003
1.28663e-11
0.0050003
1.10015e-11
0.0050003
9.40593e-12
0.0050003
8.0414e-12
0.0050003
6.87529e-12
0.0050003
5.87943e-12
0.0050003
5.02938e-12
0.0050003
4.30389e-12
0.0050003
3.68457e-12
0.0050003
3.15569e-12
0.0050003
2.70349e-12
0.0050003
2.31643e-12
0.0050003
1.9845e-12
0.0050003
1.69945e-12
0.0050003
1.45442e-12
0.0050003
1.24363e-12
0.0050003
1.06246e-12
0.0050003
9.06861e-13
0.0050003
7.73386e-13
0.0050003
6.59056e-13
0.0050003
5.61198e-13
0.0050003
4.7759e-13
0.0050003
4.06292e-13
0.0050003
3.45627e-13
0.0050003
2.94233e-13
0.0050003
2.5071e-13
0.0050003
2.13938e-13
0.0050003
1.82842e-13
0.0050003
1.56507e-13
0.0050003
1.34184e-13
0.0050003
1.15075e-13
0.0050003
9.88122e-14
0.0050003
8.4906e-14
0.0050003
7.31083e-14
0.0050003
6.31361e-14
0.0050003
5.45292e-14
0.0050003
4.71245e-14
0.0050003
4.06345e-14
0.0050003
3.48354e-14
0.0050003
2.97432e-14
0.0050003
2.5084e-14
0.0050003
2.10818e-14
0.0050003
1.76394e-14
0.0050003
1.47199e-14
0.0050003
1.22404e-14
0.0050003
1.00136e-14
0.0050003
8.07203e-15
0.0050003
6.26179e-15
0.0050003
4.56487e-15
0.0050003
3.09983e-15
0.0050003
1.77904e-15
0.0050003
7.08469e-16
0.0050003
-1.15161e-16
0.0050003
-7.33664e-16
0.0050003
-1.12064e-15
0.0050003
-1.47958e-15
0.0050003
-1.73488e-15
0.0050003
-2.02153e-15
0.0050003
-2.28994e-15
0.0050003
-2.50194e-15
0.0050003
-2.58509e-15
0.0050003
-2.61546e-15
0.0050003
-2.46551e-15
0.0050003
-2.18715e-15
0.0050003
-1.79828e-15
0.0050003
-1.30685e-15
0.0050003
-8.56363e-16
0.0050003
-3.01741e-16
0.0050003
2.26635e-16
0.0050003
7.10389e-16
0.0050003
1.09382e-15
0.0050003
1.41717e-15
0.0050003
1.70364e-15
0.0050003
1.85221e-15
0.0050003
2.10994e-15
0.0050003
2.28002e-15
0.0050003
2.36539e-15
0.0050003
2.48911e-15
0.0050003
2.61796e-15
0.0050003
2.76441e-15
0.0050003
2.88957e-15
0.0050003
2.9169e-15
0.0050003
2.86611e-15
0.0050003
2.73018e-15
0.0050003
2.53965e-15
0.0050003
2.23055e-15
0.0050003
1.85434e-15
0.0050003
1.44324e-15
0.0050003
9.26948e-16
0.0050003
5.50381e-16
0.0050003
1.65428e-16
0.0050003
-1.44909e-16
0.0050003
-2.50813e-16
0.0050003
-3.92512e-16
0.0050003
-2.84001e-16
0.0050003
-1.0759e-16
0.0050003
1.41443e-16
0.0050003
4.59025e-16
0.0050003
8.13597e-16
0.0050003
1.1682e-15
0.0050003
1.50685e-15
0.0050003
1.86182e-15
0.0050003
2.11027e-15
0.0050003
2.31288e-15
0.0050003
2.54233e-15
0.0050003
2.74072e-15
0.0050003
2.93765e-15
0.0050003
3.05332e-15
0.0050003
3.0634e-15
0.0050003
3.24529e-15
0.0050003
3.42328e-15
0.0050003
3.43185e-15
0.0050003
3.41824e-15
0.0050003
3.58476e-15
0.0050003
3.69815e-15
0.0050003
3.66072e-15
0.0050003
3.62973e-15
0.0050003
3.58722e-15
0.0050003
3.58401e-15
0.0050003
3.45815e-15
0.0050003
3.22131e-15
0.0050003
3.1804e-15
0.0050003
3.00355e-15
0.0050003
2.74327e-15
0.0050003
2.44681e-15
0.0050003
2.27729e-15
0.0050003
1.96876e-15
0.0050003
1.53501e-15
0.0050003
1.30205e-15
0.0050003
1.10146e-15
8.71557e-16
0.00500002
9.46477e-08
0.00500005
2.2409e-07
0.0050001
2.6953e-07
0.00500014
2.7076e-07
0.00500018
2.55255e-07
0.00500021
2.33971e-07
0.00500023
2.10871e-07
0.00500025
1.87742e-07
0.00500026
1.65591e-07
0.00500027
1.44995e-07
0.00500028
1.26249e-07
0.00500028
1.09451e-07
0.00500029
9.45724e-08
0.00500029
8.1509e-08
0.00500029
7.01142e-08
0.00500029
6.02238e-08
0.0050003
5.1671e-08
0.0050003
4.42957e-08
0.0050003
3.79491e-08
0.0050003
3.24964e-08
0.0050003
2.78172e-08
0.0050003
2.38053e-08
0.0050003
2.0368e-08
0.0050003
1.74244e-08
0.0050003
1.49046e-08
0.0050003
1.2748e-08
0.0050003
1.09029e-08
0.0050003
9.32431e-09
0.0050003
7.97404e-09
0.0050003
6.81912e-09
0.0050003
5.83136e-09
0.0050003
4.98661e-09
0.0050003
4.26419e-09
0.0050003
3.6464e-09
0.0050003
3.11809e-09
0.0050003
2.66632e-09
0.0050003
2.27999e-09
0.0050003
1.94964e-09
0.0050003
1.66714e-09
0.0050003
1.42558e-09
0.0050003
1.21902e-09
0.0050003
1.04239e-09
0.0050003
8.91348e-10
0.0050003
7.62194e-10
0.0050003
6.51753e-10
0.0050003
5.57315e-10
0.0050003
4.76563e-10
0.0050003
4.07512e-10
0.0050003
3.48468e-10
0.0050003
2.97979e-10
0.0050003
2.54805e-10
0.0050003
2.17885e-10
0.0050003
1.86314e-10
0.0050003
1.59317e-10
0.0050003
1.36232e-10
0.0050003
1.16493e-10
0.0050003
9.96158e-11
0.0050003
8.51841e-11
0.0050003
7.28431e-11
0.0050003
6.22895e-11
0.0050003
5.32642e-11
0.0050003
4.55461e-11
0.0050003
3.89462e-11
0.0050003
3.3303e-11
0.0050003
2.84782e-11
0.0050003
2.43533e-11
0.0050003
2.08267e-11
0.0050003
1.7811e-11
0.0050003
1.52316e-11
0.0050003
1.30248e-11
0.0050003
1.11366e-11
0.0050003
9.52144e-12
0.0050003
8.1405e-12
0.0050003
6.96061e-12
0.0050003
5.953e-12
0.0050003
5.09283e-12
0.0050003
4.35852e-12
0.0050003
3.73149e-12
0.0050003
3.19577e-12
0.0050003
2.73762e-12
0.0050003
2.34535e-12
0.0050003
2.00896e-12
0.0050003
1.72014e-12
0.0050003
1.4719e-12
0.0050003
1.25853e-12
0.0050003
1.07521e-12
0.0050003
9.17814e-13
0.0050003
7.82839e-13
0.0050003
6.67138e-13
0.0050003
5.68135e-13
0.0050003
4.83542e-13
0.0050003
4.11437e-13
0.0050003
3.50099e-13
0.0050003
2.98047e-13
0.0050003
2.53962e-13
0.0050003
2.16704e-13
0.0050003
1.85213e-13
0.0050003
1.58484e-13
0.0050003
1.35744e-13
0.0050003
1.16425e-13
0.0050003
1.00007e-13
0.0050003
8.60305e-14
0.0050003
7.4153e-14
0.0050003
6.40282e-14
0.0050003
5.53586e-14
0.0050003
4.78478e-14
0.0050003
4.12463e-14
0.0050003
3.53182e-14
0.0050003
3.00665e-14
0.0050003
2.55035e-14
0.0050003
2.15199e-14
0.0050003
1.81088e-14
0.0050003
1.52148e-14
0.0050003
1.27351e-14
0.0050003
1.04946e-14
0.0050003
8.41954e-15
0.0050003
6.45803e-15
0.0050003
4.66338e-15
0.0050003
3.07366e-15
0.0050003
1.73086e-15
0.0050003
6.68197e-16
0.0050003
-1.3791e-16
0.0050003
-6.84313e-16
0.0050003
-1.08171e-15
0.0050003
-1.40347e-15
0.0050003
-1.71452e-15
0.0050003
-2.01007e-15
0.0050003
-2.29704e-15
0.0050003
-2.53377e-15
0.0050003
-2.67795e-15
0.0050003
-2.63245e-15
0.0050003
-2.4665e-15
0.0050003
-2.22018e-15
0.0050003
-1.84213e-15
0.0050003
-1.35348e-15
0.0050003
-8.26445e-16
0.0050003
-3.19398e-16
0.0050003
1.85621e-16
0.0050003
6.54924e-16
0.0050003
1.06902e-15
0.0050003
1.37493e-15
0.0050003
1.65915e-15
0.0050003
1.88123e-15
0.0050003
2.07204e-15
0.0050003
2.24685e-15
0.0050003
2.38131e-15
0.0050003
2.51875e-15
0.0050003
2.66922e-15
0.0050003
2.79469e-15
0.0050003
2.91574e-15
0.0050003
2.95307e-15
0.0050003
2.86061e-15
0.0050003
2.70766e-15
0.0050003
2.5226e-15
0.0050003
2.21957e-15
0.0050003
1.81151e-15
0.0050003
1.34981e-15
0.0050003
8.8011e-16
0.0050003
4.72061e-16
0.0050003
1.09704e-16
0.0050003
-1.73799e-16
0.0050003
-3.6599e-16
0.0050003
-4.07982e-16
0.0050003
-3.2983e-16
0.0050003
-1.10342e-16
0.0050003
1.33073e-16
0.0050003
4.34798e-16
0.0050003
8.04926e-16
0.0050003
1.14338e-15
0.0050003
1.49464e-15
0.0050003
1.79496e-15
0.0050003
2.06747e-15
0.0050003
2.32512e-15
0.0050003
2.55284e-15
0.0050003
2.71666e-15
0.0050003
2.92925e-15
0.0050003
3.11529e-15
0.0050003
3.15193e-15
0.0050003
3.26045e-15
0.0050003
3.48756e-15
0.0050003
3.5829e-15
0.0050003
3.59256e-15
0.0050003
3.65729e-15
0.0050003
3.69657e-15
0.0050003
3.74981e-15
0.0050003
3.73285e-15
0.0050003
3.69554e-15
0.0050003
3.62333e-15
0.0050003
3.53198e-15
0.0050003
3.43276e-15
0.0050003
3.16448e-15
0.0050003
2.8726e-15
0.0050003
2.74654e-15
0.0050003
2.54487e-15
0.0050003
2.18681e-15
0.0050003
1.91514e-15
0.0050003
1.67585e-15
0.0050003
1.32454e-15
0.0050003
1.14875e-15
8.99558e-16
0.00500001
8.06652e-08
0.00500005
1.91309e-07
0.00500009
2.31008e-07
0.00500012
2.33624e-07
0.00500016
2.22234e-07
0.00500018
2.05821e-07
0.00500021
1.87538e-07
0.00500023
1.68788e-07
0.00500024
1.50426e-07
0.00500025
1.33e-07
0.00500026
1.1684e-07
0.00500027
1.02115e-07
0.00500028
8.88747e-08
0.00500028
7.70937e-08
0.00500028
6.66952e-08
0.00500029
5.7575e-08
0.00500029
4.96158e-08
0.00500029
4.26971e-08
0.00500029
3.67016e-08
0.00500029
3.15192e-08
0.00500029
2.70485e-08
0.00500029
2.31978e-08
0.00500029
1.98854e-08
0.00500029
1.70391e-08
0.00500029
1.45953e-08
0.00500029
1.24985e-08
0.00500029
1.07005e-08
0.0050003
9.15945e-09
0.0050003
7.83906e-09
0.0050003
6.70812e-09
0.0050003
5.73969e-09
0.0050003
4.91062e-09
0.0050003
4.20096e-09
0.0050003
3.59363e-09
0.0050003
3.07392e-09
0.0050003
2.62924e-09
0.0050003
2.2488e-09
0.0050003
1.92334e-09
0.0050003
1.64494e-09
0.0050003
1.4068e-09
0.0050003
1.20311e-09
0.0050003
1.02889e-09
0.0050003
8.7989e-10
0.0050003
7.52454e-10
0.0050003
6.43468e-10
0.0050003
5.50263e-10
0.0050003
4.70557e-10
0.0050003
4.02395e-10
0.0050003
3.44105e-10
0.0050003
2.94257e-10
0.0050003
2.51628e-10
0.0050003
2.15173e-10
0.0050003
1.83998e-10
0.0050003
1.57339e-10
0.0050003
1.34543e-10
0.0050003
1.15051e-10
0.0050003
9.83841e-11
0.0050003
8.41322e-11
0.0050003
7.19447e-11
0.0050003
6.15222e-11
0.0050003
5.26087e-11
0.0050003
4.4986e-11
0.0050003
3.84675e-11
0.0050003
3.28936e-11
0.0050003
2.8128e-11
0.0050003
2.40536e-11
0.0050003
2.05699e-11
0.0050003
1.75908e-11
0.0050003
1.50426e-11
0.0050003
1.28625e-11
0.0050003
1.09975e-11
0.0050003
9.40264e-12
0.0050003
8.03938e-12
0.0050003
6.87474e-12
0.0050003
5.88014e-12
0.0050003
5.0309e-12
0.0050003
4.30569e-12
0.0050003
3.68631e-12
0.0050003
3.15697e-12
0.0050003
2.7042e-12
0.0050003
2.31643e-12
0.0050003
1.98386e-12
0.0050003
1.6984e-12
0.0050003
1.45313e-12
0.0050003
1.24242e-12
0.0050003
1.06147e-12
0.0050003
9.06091e-13
0.0050003
7.72896e-13
0.0050003
6.58769e-13
0.0050003
5.61109e-13
0.0050003
4.77682e-13
0.0050003
4.06479e-13
0.0050003
3.45998e-13
0.0050003
2.94613e-13
0.0050003
2.5108e-13
0.0050003
2.14213e-13
0.0050003
1.82949e-13
0.0050003
1.56522e-13
0.0050003
1.34032e-13
0.0050003
1.14937e-13
0.0050003
9.87057e-14
0.0050003
8.49155e-14
0.0050003
7.33175e-14
0.0050003
6.33762e-14
0.0050003
5.48134e-14
0.0050003
4.73463e-14
0.0050003
4.07179e-14
0.0050003
3.49347e-14
0.0050003
2.97619e-14
0.0050003
2.52958e-14
0.0050003
2.14806e-14
0.0050003
1.82212e-14
0.0050003
1.5452e-14
0.0050003
1.29623e-14
0.0050003
1.06777e-14
0.0050003
8.55253e-15
0.0050003
6.48969e-15
0.0050003
4.66146e-15
0.0050003
3.01924e-15
0.0050003
1.67289e-15
0.0050003
6.60683e-16
0.0050003
-1.141e-16
0.0050003
-5.85214e-16
0.0050003
-9.69907e-16
0.0050003
-1.27536e-15
0.0050003
-1.62419e-15
0.0050003
-1.97824e-15
0.0050003
-2.3139e-15
0.0050003
-2.50286e-15
0.0050003
-2.63278e-15
0.0050003
-2.61237e-15
0.0050003
-2.44996e-15
0.0050003
-2.18329e-15
0.0050003
-1.76555e-15
0.0050003
-1.3541e-15
0.0050003
-8.30697e-16
0.0050003
-3.31196e-16
0.0050003
1.60744e-16
0.0050003
5.95943e-16
0.0050003
9.46611e-16
0.0050003
1.3073e-15
0.0050003
1.57096e-15
0.0050003
1.79861e-15
0.0050003
2.02569e-15
0.0050003
2.15111e-15
0.0050003
2.31173e-15
0.0050003
2.47202e-15
0.0050003
2.64241e-15
0.0050003
2.77638e-15
0.0050003
2.83367e-15
0.0050003
2.85388e-15
0.0050003
2.78517e-15
0.0050003
2.67226e-15
0.0050003
2.44932e-15
0.0050003
2.08069e-15
0.0050003
1.72709e-15
0.0050003
1.23517e-15
0.0050003
8.18516e-16
0.0050003
4.25507e-16
0.0050003
-1.09785e-17
0.0050003
-2.11945e-16
0.0050003
-4.28733e-16
0.0050003
-4.17337e-16
0.0050003
-3.2672e-16
0.0050003
-1.59112e-16
0.0050003
6.5827e-17
0.0050003
3.74131e-16
0.0050003
7.6055e-16
0.0050003
1.06576e-15
0.0050003
1.42743e-15
0.0050003
1.71387e-15
0.0050003
1.94941e-15
0.0050003
2.25506e-15
0.0050003
2.51277e-15
0.0050003
2.60773e-15
0.0050003
2.80449e-15
0.0050003
3.05032e-15
0.0050003
3.15728e-15
0.0050003
3.20128e-15
0.0050003
3.41861e-15
0.0050003
3.56729e-15
0.0050003
3.63125e-15
0.0050003
3.67824e-15
0.0050003
3.72463e-15
0.0050003
3.83677e-15
0.0050003
3.69913e-15
0.0050003
3.64431e-15
0.0050003
3.69367e-15
0.0050003
3.46354e-15
0.0050003
3.33928e-15
0.0050003
3.17357e-15
0.0050003
2.97978e-15
0.0050003
2.64628e-15
0.0050003
2.34528e-15
0.0050003
2.13973e-15
0.0050003
1.84856e-15
0.0050003
1.55607e-15
0.0050003
1.19151e-15
0.0050003
1.03657e-15
8.26407e-16
0.00500001
6.85146e-08
0.00500004
1.62693e-07
0.00500007
1.97016e-07
0.00500011
2.00243e-07
0.00500014
1.91789e-07
0.00500017
1.79063e-07
0.00500019
1.64584e-07
0.00500021
1.49448e-07
0.00500022
1.34347e-07
0.00500024
1.19763e-07
0.00500025
1.0602e-07
0.00500026
9.33111e-08
0.00500026
8.17322e-08
0.00500027
7.13057e-08
0.00500027
6.20045e-08
0.00500028
5.37693e-08
0.00500028
4.65223e-08
0.00500028
4.01762e-08
0.00500029
3.46415e-08
0.00500029
2.98302e-08
0.00500029
2.56592e-08
0.00500029
2.20512e-08
0.00500029
1.89361e-08
0.00500029
1.62505e-08
0.00500029
1.39383e-08
0.00500029
1.19496e-08
0.00500029
1.02407e-08
0.00500029
8.77336e-09
0.00500029
7.51416e-09
0.00500029
6.43417e-09
0.00500029
5.50831e-09
0.00500029
4.71488e-09
0.00500029
4.03515e-09
0.0050003
3.45299e-09
0.0050003
2.95451e-09
0.0050003
2.52776e-09
0.0050003
2.16248e-09
0.0050003
1.84987e-09
0.0050003
1.58236e-09
0.0050003
1.35347e-09
0.0050003
1.15764e-09
0.0050003
9.90112e-10
0.0050003
8.46801e-10
0.0050003
7.24213e-10
0.0050003
6.19359e-10
0.0050003
5.29676e-10
0.0050003
4.52974e-10
0.0050003
3.87375e-10
0.0050003
3.31273e-10
0.0050003
2.83292e-10
0.0050003
2.42257e-10
0.0050003
2.07164e-10
0.0050003
1.77152e-10
0.0050003
1.51487e-10
0.0050003
1.29542e-10
0.0050003
1.10776e-10
0.0050003
9.47305e-11
0.0050003
8.10091e-11
0.0050003
6.92749e-11
0.0050003
5.92398e-11
0.0050003
5.06575e-11
0.0050003
4.33178e-11
0.0050003
3.70412e-11
0.0050003
3.1674e-11
0.0050003
2.7085e-11
0.0050003
2.31615e-11
0.0050003
1.98066e-11
0.0050003
1.69373e-11
0.0050003
1.4483e-11
0.0050003
1.23835e-11
0.0050003
1.05878e-11
0.0050003
9.05258e-12
0.0050003
7.74059e-12
0.0050003
6.61977e-12
0.0050003
5.66249e-12
0.0050003
4.84498e-12
0.0050003
4.1467e-12
0.0050003
3.5502e-12
0.0050003
3.04026e-12
0.0050003
2.60403e-12
0.0050003
2.23036e-12
0.0050003
1.90988e-12
0.0050003
1.63481e-12
0.0050003
1.39853e-12
0.0050003
1.19563e-12
0.0050003
1.02145e-12
0.0050003
8.72031e-13
0.0050003
7.43925e-13
0.0050003
6.34206e-13
0.0050003
5.40296e-13
0.0050003
4.601e-13
0.0050003
3.91692e-13
0.0050003
3.33465e-13
0.0050003
2.83979e-13
0.0050003
2.42007e-13
0.0050003
2.06461e-13
0.0050003
1.76279e-13
0.0050003
1.50689e-13
0.0050003
1.28944e-13
0.0050003
1.10543e-13
0.0050003
9.49703e-14
0.0050003
8.17632e-14
0.0050003
7.06001e-14
0.0050003
6.10456e-14
0.0050003
5.28107e-14
0.0050003
4.56706e-14
0.0050003
3.92708e-14
0.0050003
3.36565e-14
0.0050003
2.87757e-14
0.0050003
2.45791e-14
0.0050003
2.10433e-14
0.0050003
1.79544e-14
0.0050003
1.53049e-14
0.0050003
1.29024e-14
0.0050003
1.0618e-14
0.0050003
8.46529e-15
0.0050003
6.4023e-15
0.0050003
4.52752e-15
0.0050003
2.9138e-15
0.0050003
1.61826e-15
0.0050003
6.84343e-16
0.0050003
1.12873e-17
0.0050003
-4.28342e-16
0.0050003
-8.09816e-16
0.0050003
-1.16549e-15
0.0050003
-1.5291e-15
0.0050003
-1.89639e-15
0.0050003
-2.21799e-15
0.0050003
-2.44367e-15
0.0050003
-2.54122e-15
0.0050003
-2.48707e-15
0.0050003
-2.30096e-15
0.0050003
-2.09154e-15
0.0050003
-1.71172e-15
0.0050003
-1.26962e-15
0.0050003
-8.0846e-16
0.0050003
-3.63119e-16
0.0050003
5.64778e-17
0.0050003
4.95395e-16
0.0050003
8.47942e-16
0.0050003
1.19903e-15
0.0050003
1.44862e-15
0.0050003
1.65736e-15
0.0050003
1.87864e-15
0.0050003
2.04101e-15
0.0050003
2.21626e-15
0.0050003
2.37393e-15
0.0050003
2.50578e-15
0.0050003
2.61828e-15
0.0050003
2.68923e-15
0.0050003
2.72907e-15
0.0050003
2.64098e-15
0.0050003
2.50597e-15
0.0050003
2.28209e-15
0.0050003
1.93527e-15
0.0050003
1.5933e-15
0.0050003
1.12095e-15
0.0050003
7.11567e-16
0.0050003
3.24173e-16
0.0050003
-6.59855e-17
0.0050003
-2.54169e-16
0.0050003
-3.98566e-16
0.0050003
-4.46675e-16
0.0050003
-3.88661e-16
0.0050003
-2.14536e-16
0.0050003
3.85307e-17
0.0050003
3.37617e-16
0.0050003
6.59387e-16
0.0050003
9.39736e-16
0.0050003
1.28984e-15
0.0050003
1.60895e-15
0.0050003
1.81556e-15
0.0050003
2.06791e-15
0.0050003
2.31453e-15
0.0050003
2.51069e-15
0.0050003
2.66677e-15
0.0050003
2.85583e-15
0.0050003
3.0494e-15
0.0050003
3.12972e-15
0.0050003
3.29523e-15
0.0050003
3.46454e-15
0.0050003
3.57187e-15
0.0050003
3.63743e-15
0.0050003
3.63261e-15
0.0050003
3.7227e-15
0.0050003
3.70482e-15
0.0050003
3.54311e-15
0.0050003
3.47678e-15
0.0050003
3.36799e-15
0.0050003
3.29061e-15
0.0050003
3.00052e-15
0.0050003
2.79089e-15
0.0050003
2.57336e-15
0.0050003
2.32761e-15
0.0050003
2.05058e-15
0.0050003
1.70565e-15
0.0050003
1.46924e-15
0.0050003
1.0816e-15
0.0050003
9.43222e-16
7.18779e-16
0.00500001
5.77235e-08
0.00500004
1.37193e-07
0.00500007
1.66491e-07
0.0050001
1.69855e-07
0.00500013
1.63539e-07
0.00500015
1.53655e-07
0.00500017
1.4221e-07
0.00500019
1.30064e-07
0.00500021
1.17759e-07
0.00500022
1.057e-07
0.00500024
9.41802e-08
0.00500025
8.33919e-08
0.00500025
7.34487e-08
0.00500026
6.44012e-08
0.00500027
5.6254e-08
0.00500027
4.89798e-08
0.00500027
4.25306e-08
0.00500028
3.68458e-08
0.00500028
3.18588e-08
0.00500028
2.75014e-08
0.00500029
2.37068e-08
0.00500029
2.04116e-08
0.00500029
1.75567e-08
0.00500029
1.50882e-08
0.00500029
1.29573e-08
0.00500029
1.11204e-08
0.00500029
9.53893e-09
0.00500029
8.17864e-09
0.00500029
7.00964e-09
0.00500029
6.00574e-09
0.00500029
5.14418e-09
0.00500029
4.40515e-09
0.00500029
3.77151e-09
0.00500029
3.22845e-09
0.00500029
2.76316e-09
0.00500029
2.36463e-09
0.0050003
2.02335e-09
0.0050003
1.73116e-09
0.0050003
1.48105e-09
0.0050003
1.26698e-09
0.0050003
1.0838e-09
0.0050003
9.27044e-10
0.0050003
7.92928e-10
0.0050003
6.78189e-10
0.0050003
5.80034e-10
0.0050003
4.96073e-10
0.0050003
4.24257e-10
0.0050003
3.62831e-10
0.0050003
3.10294e-10
0.0050003
2.65358e-10
0.0050003
2.26926e-10
0.0050003
1.94057e-10
0.0050003
1.65947e-10
0.0050003
1.41908e-10
0.0050003
1.21353e-10
0.0050003
1.03776e-10
0.0050003
8.87453e-11
0.0050003
7.58917e-11
0.0050003
6.48994e-11
0.0050003
5.54985e-11
0.0050003
4.74585e-11
0.0050003
4.05825e-11
0.0050003
3.47024e-11
0.0050003
2.96743e-11
0.0050003
2.53751e-11
0.0050003
2.16991e-11
0.0050003
1.85555e-11
0.0050003
1.58668e-11
0.0050003
1.35669e-11
0.0050003
1.15998e-11
0.0050003
9.91773e-12
0.0050003
8.47995e-12
0.0050003
7.25141e-12
0.0050003
6.20187e-12
0.0050003
5.30538e-12
0.0050003
4.53959e-12
0.0050003
3.88542e-12
0.0050003
3.32647e-12
0.0050003
2.84856e-12
0.0050003
2.43964e-12
0.0050003
2.08926e-12
0.0050003
1.78875e-12
0.0050003
1.53081e-12
0.0050003
1.30937e-12
0.0050003
1.11933e-12
0.0050003
9.56267e-13
0.0050003
8.16459e-13
0.0050003
6.96645e-13
0.0050003
5.94092e-13
0.0050003
5.06321e-13
0.0050003
4.313e-13
0.0050003
3.67312e-13
0.0050003
3.12825e-13
0.0050003
2.66423e-13
0.0050003
2.27089e-13
0.0050003
1.93555e-13
0.0050003
1.65181e-13
0.0050003
1.41111e-13
0.0050003
1.20705e-13
0.0050003
1.0342e-13
0.0050003
8.8791e-14
0.0050003
7.65035e-14
0.0050003
6.61003e-14
0.0050003
5.72397e-14
0.0050003
4.9528e-14
0.0050003
4.27565e-14
0.0050003
3.68467e-14
0.0050003
3.16531e-14
0.0050003
2.71759e-14
0.0050003
2.33504e-14
0.0050003
2.01048e-14
0.0050003
1.73409e-14
0.0050003
1.48257e-14
0.0050003
1.25121e-14
0.0050003
1.03101e-14
0.0050003
8.13994e-15
0.0050003
6.15215e-15
0.0050003
4.31524e-15
0.0050003
2.78285e-15
0.0050003
1.61688e-15
0.0050003
7.66903e-16
0.0050003
1.97206e-16
0.0050003
-2.48729e-16
0.0050003
-6.17301e-16
0.0050003
-1.00471e-15
0.0050003
-1.40321e-15
0.0050003
-1.80781e-15
0.0050003
-2.086e-15
0.0050003
-2.28183e-15
0.0050003
-2.3781e-15
0.0050003
-2.31863e-15
0.0050003
-2.15483e-15
0.0050003
-1.88219e-15
0.0050003
-1.58561e-15
0.0050003
-1.21455e-15
0.0050003
-8.13825e-16
0.0050003
-4.0095e-16
0.0050003
-1.52983e-17
0.0050003
3.52178e-16
0.0050003
7.09539e-16
0.0050003
1.02578e-15
0.0050003
1.3021e-15
0.0050003
1.49158e-15
0.0050003
1.68673e-15
0.0050003
1.86243e-15
0.0050003
2.02507e-15
0.0050003
2.19406e-15
0.0050003
2.31314e-15
0.0050003
2.39546e-15
0.0050003
2.45489e-15
0.0050003
2.48087e-15
0.0050003
2.43543e-15
0.0050003
2.30038e-15
0.0050003
2.01581e-15
0.0050003
1.73666e-15
0.0050003
1.40073e-15
0.0050003
9.82105e-16
0.0050003
6.09083e-16
0.0050003
2.00661e-16
0.0050003
-6.79842e-17
0.0050003
-2.99337e-16
0.0050003
-4.51836e-16
0.0050003
-5.07412e-16
0.0050003
-3.98941e-16
0.0050003
-2.25933e-16
0.0050003
-1.78562e-17
0.0050003
2.67728e-16
0.0050003
5.06683e-16
0.0050003
8.04255e-16
0.0050003
1.12401e-15
0.0050003
1.3896e-15
0.0050003
1.595e-15
0.0050003
1.83557e-15
0.0050003
2.07139e-15
0.0050003
2.28867e-15
0.0050003
2.42703e-15
0.0050003
2.60191e-15
0.0050003
2.85581e-15
0.0050003
3.01586e-15
0.0050003
3.07713e-15
0.0050003
3.23195e-15
0.0050003
3.39076e-15
0.0050003
3.43528e-15
0.0050003
3.48793e-15
0.0050003
3.48253e-15
0.0050003
3.52819e-15
0.0050003
3.54121e-15
0.0050003
3.33839e-15
0.0050003
3.16647e-15
0.0050003
3.00678e-15
0.0050003
2.89162e-15
0.0050003
2.69023e-15
0.0050003
2.3186e-15
0.0050003
2.06796e-15
0.0050003
1.78671e-15
0.0050003
1.53252e-15
0.0050003
1.39092e-15
0.0050003
1.06993e-15
0.0050003
7.43596e-16
5.54814e-16
0.00500001
4.79552e-08
0.00500003
1.14054e-07
0.00500006
1.38633e-07
0.00500009
1.41838e-07
0.00500012
1.37115e-07
0.00500014
1.29462e-07
0.00500016
1.20478e-07
0.00500018
1.10826e-07
0.0050002
1.00926e-07
0.00500021
9.11072e-08
0.00500022
8.16187e-08
0.00500024
7.26377e-08
0.00500024
6.42783e-08
0.00500025
5.66034e-08
0.00500026
4.9636e-08
0.00500026
4.33696e-08
0.00500027
3.77775e-08
0.00500027
3.28195e-08
0.00500028
2.84476e-08
0.00500028
2.46104e-08
0.00500028
2.12553e-08
0.00500028
1.83316e-08
0.00500029
1.57908e-08
0.00500029
1.35879e-08
0.00500029
1.16819e-08
0.00500029
1.00355e-08
0.00500029
8.61554e-09
0.00500029
7.39231e-09
0.00500029
6.33968e-09
0.00500029
5.43469e-09
0.00500029
4.65723e-09
0.00500029
3.98978e-09
0.00500029
3.41708e-09
0.00500029
2.92594e-09
0.00500029
2.5049e-09
0.00500029
2.14409e-09
0.00500029
1.835e-09
0.00500029
1.57027e-09
0.0050003
1.3436e-09
0.0050003
1.14954e-09
0.0050003
9.83436e-10
0.0050003
8.41276e-10
0.0050003
7.19624e-10
0.0050003
6.15533e-10
0.0050003
5.26478e-10
0.0050003
4.50292e-10
0.0050003
3.8512e-10
0.0050003
3.29372e-10
0.0050003
2.81688e-10
0.0050003
2.409e-10
0.0050003
2.06014e-10
0.0050003
1.76177e-10
0.0050003
1.5066e-10
0.0050003
1.28839e-10
0.0050003
1.10179e-10
0.0050003
9.42216e-11
0.0050003
8.05758e-11
0.0050003
6.8906e-11
0.0050003
5.89259e-11
0.0050003
5.03904e-11
0.0050003
4.30906e-11
0.0050003
3.68476e-11
0.0050003
3.1509e-11
0.0050003
2.69438e-11
0.0050003
2.30403e-11
0.0050003
1.97023e-11
0.0050003
1.68475e-11
0.0050003
1.44055e-11
0.0050003
1.23169e-11
0.0050003
1.05307e-11
0.0050003
9.0038e-12
0.0050003
7.69884e-12
0.0050003
6.58387e-12
0.0050003
5.63126e-12
0.0050003
4.81749e-12
0.0050003
4.12227e-12
0.0050003
3.52833e-12
0.0050003
3.02071e-12
0.0050003
2.5866e-12
0.0050003
2.21502e-12
0.0050003
1.89652e-12
0.0050003
1.62338e-12
0.0050003
1.38899e-12
0.0050003
1.18785e-12
0.0050003
1.01537e-12
0.0050003
8.67502e-13
0.0050003
7.4083e-13
0.0050003
6.3235e-13
0.0050003
5.39417e-13
0.0050003
4.59983e-13
0.0050003
3.92087e-13
0.0050003
3.34044e-13
0.0050003
2.84523e-13
0.0050003
2.42331e-13
0.0050003
2.0648e-13
0.0050003
1.75936e-13
0.0050003
1.50028e-13
0.0050003
1.27998e-13
0.0050003
1.09348e-13
0.0050003
9.36799e-14
0.0050003
8.04251e-14
0.0050003
6.93311e-14
0.0050003
5.99479e-14
0.0050003
5.18724e-14
0.0050003
4.49927e-14
0.0050003
3.89092e-14
0.0050003
3.35668e-14
0.0050003
2.89445e-14
0.0050003
2.49619e-14
0.0050003
2.16735e-14
0.0050003
1.87741e-14
0.0050003
1.62793e-14
0.0050003
1.40259e-14
0.0050003
1.17923e-14
0.0050003
9.70434e-15
0.0050003
7.65161e-15
0.0050003
5.74978e-15
0.0050003
4.06587e-15
0.0050003
2.66062e-15
0.0050003
1.66558e-15
0.0050003
9.15553e-16
0.0050003
3.99466e-16
0.0050003
-2.09133e-17
0.0050003
-4.39437e-16
0.0050003
-8.68536e-16
0.0050003
-1.27002e-15
0.0050003
-1.64861e-15
0.0050003
-1.91414e-15
0.0050003
-2.07645e-15
0.0050003
-2.1328e-15
0.0050003
-2.02938e-15
0.0050003
-1.92886e-15
0.0050003
-1.70177e-15
0.0050003
-1.41599e-15
0.0050003
-1.09495e-15
0.0050003
-7.98096e-16
0.0050003
-4.84995e-16
0.0050003
-1.00956e-16
0.0050003
1.94962e-16
0.0050003
5.30021e-16
0.0050003
8.30859e-16
0.0050003
1.04742e-15
0.0050003
1.27439e-15
0.0050003
1.46918e-15
0.0050003
1.65753e-15
0.0050003
1.79691e-15
0.0050003
1.90045e-15
0.0050003
2.02002e-15
0.0050003
2.10607e-15
0.0050003
2.19778e-15
0.0050003
2.1903e-15
0.0050003
2.10519e-15
0.0050003
1.98865e-15
0.0050003
1.72174e-15
0.0050003
1.50596e-15
0.0050003
1.18429e-15
0.0050003
8.02384e-16
0.0050003
5.00803e-16
0.0050003
1.1181e-16
0.0050003
-1.29761e-16
0.0050003
-3.11028e-16
0.0050003
-4.50108e-16
0.0050003
-5.15232e-16
0.0050003
-4.33526e-16
0.0050003
-2.68379e-16
0.0050003
-1.03504e-16
0.0050003
1.47219e-16
0.0050003
3.91914e-16
0.0050003
6.0807e-16
0.0050003
8.74727e-16
0.0050003
1.12008e-15
0.0050003
1.34767e-15
0.0050003
1.54884e-15
0.0050003
1.74373e-15
0.0050003
1.992e-15
0.0050003
2.14661e-15
0.0050003
2.27962e-15
0.0050003
2.51463e-15
0.0050003
2.71002e-15
0.0050003
2.82552e-15
0.0050003
2.95675e-15
0.0050003
3.1854e-15
0.0050003
3.25113e-15
0.0050003
3.26173e-15
0.0050003
3.27073e-15
0.0050003
3.26554e-15
0.0050003
3.28539e-15
0.0050003
3.06097e-15
0.0050003
2.92518e-15
0.0050003
2.75292e-15
0.0050003
2.52554e-15
0.0050003
2.35533e-15
0.0050003
2.16593e-15
0.0050003
1.91376e-15
0.0050003
1.61657e-15
0.0050003
1.3908e-15
0.0050003
1.08431e-15
0.0050003
9.19779e-16
0.0050003
8.46684e-16
5.48709e-16
0.00500001
3.89604e-08
0.00500003
9.27088e-08
0.00500006
1.12824e-07
0.00500008
1.15681e-07
0.00500011
1.12174e-07
0.00500013
1.06318e-07
0.00500015
9.93647e-08
0.00500017
9.18215e-08
0.00500019
8.40104e-08
0.0050002
7.61869e-08
0.00500022
6.85556e-08
0.00500023
6.12685e-08
0.00500024
5.44299e-08
0.00500025
4.81039e-08
0.00500025
4.23215e-08
0.00500026
3.70887e-08
0.00500026
3.2393e-08
0.00500027
2.82089e-08
0.00500027
2.45032e-08
0.00500028
2.12379e-08
0.00500028
1.83731e-08
0.00500028
1.58689e-08
0.00500028
1.36869e-08
0.00500029
1.17907e-08
0.00500029
1.01466e-08
0.00500029
8.72404e-09
0.00500029
7.49514e-09
0.00500029
6.43509e-09
0.00500029
5.52183e-09
0.00500029
4.73586e-09
0.00500029
4.06006e-09
0.00500029
3.47943e-09
0.00500029
2.98092e-09
0.00500029
2.55314e-09
0.00500029
2.18625e-09
0.00500029
1.87172e-09
0.00500029
1.60216e-09
0.00500029
1.37123e-09
0.00500029
1.17344e-09
0.00500029
1.00407e-09
0.0050003
8.59063e-10
0.0050003
7.34941e-10
0.0050003
6.28709e-10
0.0050003
5.37802e-10
0.0050003
4.60016e-10
0.0050003
3.93465e-10
0.0050003
3.36531e-10
0.0050003
2.87826e-10
0.0050003
2.46162e-10
0.0050003
2.10523e-10
0.0050003
1.80039e-10
0.0050003
1.53967e-10
0.0050003
1.31669e-10
0.0050003
1.12601e-10
0.0050003
9.62942e-11
0.0050003
8.2349e-11
0.0050003
7.04232e-11
0.0050003
6.0224e-11
0.0050003
5.15014e-11
0.0050003
4.40415e-11
0.0050003
3.76615e-11
0.0050003
3.22053e-11
0.0050003
2.75396e-11
0.0050003
2.35499e-11
0.0050003
2.01382e-11
0.0050003
1.72204e-11
0.0050003
1.47246e-11
0.0050003
1.25898e-11
0.0050003
1.07639e-11
0.0050003
9.20287e-12
0.0050003
7.86858e-12
0.0050003
6.72844e-12
0.0050003
5.75427e-12
0.0050003
4.92197e-12
0.0050003
4.21091e-12
0.0050003
3.60336e-12
0.0050003
3.08426e-12
0.0050003
2.64044e-12
0.0050003
2.26077e-12
0.0050003
1.93563e-12
0.0050003
1.65688e-12
0.0050003
1.4178e-12
0.0050003
1.21272e-12
0.0050003
1.03694e-12
0.0050003
8.86362e-13
0.0050003
7.57423e-13
0.0050003
6.47031e-13
0.0050003
5.52591e-13
0.0050003
4.71719e-13
0.0050003
4.02513e-13
0.0050003
3.43285e-13
0.0050003
2.9258e-13
0.0050003
2.49289e-13
0.0050003
2.12352e-13
0.0050003
1.80776e-13
0.0050003
1.53886e-13
0.0050003
1.31049e-13
0.0050003
1.11662e-13
0.0050003
9.53272e-14
0.0050003
8.15599e-14
0.0050003
6.99915e-14
0.0050003
6.03728e-14
0.0050003
5.22783e-14
0.0050003
4.53217e-14
0.0050003
3.92988e-14
0.0050003
3.40729e-14
0.0050003
2.9536e-14
0.0050003
2.56342e-14
0.0050003
2.2283e-14
0.0050003
1.94672e-14
0.0050003
1.7067e-14
0.0050003
1.48693e-14
0.0050003
1.28426e-14
0.0050003
1.0838e-14
0.0050003
8.85727e-15
0.0050003
7.00132e-15
0.0050003
5.25481e-15
0.0050003
3.77087e-15
0.0050003
2.58551e-15
0.0050003
1.7192e-15
0.0050003
1.11772e-15
0.0050003
6.29975e-16
0.0050003
1.99699e-16
0.0050003
-2.49335e-16
0.0050003
-6.96656e-16
0.0050003
-1.14026e-15
0.0050003
-1.46254e-15
0.0050003
-1.67718e-15
0.0050003
-1.80932e-15
0.0050003
-1.84298e-15
0.0050003
-1.75023e-15
0.0050003
-1.59509e-15
0.0050003
-1.4259e-15
0.0050003
-1.23507e-15
0.0050003
-1.04027e-15
0.0050003
-7.70168e-16
0.0050003
-5.23763e-16
0.0050003
-2.31129e-16
0.0050003
4.20747e-17
0.0050003
3.22233e-16
0.0050003
5.88662e-16
0.0050003
8.06289e-16
0.0050003
1.03222e-15
0.0050003
1.22224e-15
0.0050003
1.35875e-15
0.0050003
1.47589e-15
0.0050003
1.59128e-15
0.0050003
1.69716e-15
0.0050003
1.7463e-15
0.0050003
1.80279e-15
0.0050003
1.8053e-15
0.0050003
1.75335e-15
0.0050003
1.63978e-15
0.0050003
1.41941e-15
0.0050003
1.21915e-15
0.0050003
9.26363e-16
0.0050003
6.33268e-16
0.0050003
3.4164e-16
0.0050003
6.10038e-17
0.0050003
-1.67624e-16
0.0050003
-3.63581e-16
0.0050003
-5.00054e-16
0.0050003
-5.08154e-16
0.0050003
-4.20226e-16
0.0050003
-3.44373e-16
0.0050003
-1.92268e-16
0.0050003
-3.81495e-18
0.0050003
2.01955e-16
0.0050003
4.12833e-16
0.0050003
6.11582e-16
0.0050003
8.15951e-16
0.0050003
1.06476e-15
0.0050003
1.21653e-15
0.0050003
1.33342e-15
0.0050003
1.58441e-15
0.0050003
1.7862e-15
0.0050003
1.93135e-15
0.0050003
2.18442e-15
0.0050003
2.41727e-15
0.0050003
2.54275e-15
0.0050003
2.65525e-15
0.0050003
2.79367e-15
0.0050003
2.94528e-15
0.0050003
2.99631e-15
0.0050003
2.93787e-15
0.0050003
2.88954e-15
0.0050003
2.91326e-15
0.0050003
2.81807e-15
0.0050003
2.64853e-15
0.0050003
2.4499e-15
0.0050003
2.23748e-15
0.0050003
2.0141e-15
0.0050003
1.80836e-15
0.0050003
1.58535e-15
0.0050003
1.31624e-15
0.0050003
1.07546e-15
0.0050003
8.38706e-16
0.0050003
7.09324e-16
0.0050003
5.98942e-16
4.75714e-16
0.00500001
3.05475e-08
0.00500003
7.27173e-08
0.00500005
8.85749e-08
0.00500008
9.09647e-08
0.0050001
8.84117e-08
0.00500012
8.4038e-08
0.00500014
7.88008e-08
0.00500016
7.30759e-08
0.00500018
6.71033e-08
0.00500019
6.10754e-08
0.00500021
5.51517e-08
0.00500022
4.9455e-08
0.00500023
4.40736e-08
0.00500024
3.9065e-08
0.00500025
3.44612e-08
0.00500025
3.02739e-08
0.00500026
2.6499e-08
0.00500027
2.31218e-08
0.00500027
2.01197e-08
0.00500027
1.74658e-08
0.00500028
1.51306e-08
0.00500028
1.30843e-08
0.00500028
1.12972e-08
0.00500028
9.74121e-09
0.00500029
8.38981e-09
0.00500029
7.21868e-09
0.00500029
6.20569e-09
0.00500029
5.33089e-09
0.00500029
4.57648e-09
0.00500029
3.92666e-09
0.00500029
3.36752e-09
0.00500029
2.88681e-09
0.00500029
2.47385e-09
0.00500029
2.11933e-09
0.00500029
1.81513e-09
0.00500029
1.55425e-09
0.00500029
1.33061e-09
0.00500029
1.13896e-09
0.00500029
9.7478e-10
0.00500029
8.34161e-10
0.00500029
7.13751e-10
0.0050003
6.10666e-10
0.0050003
5.22429e-10
0.0050003
4.46911e-10
0.0050003
3.82289e-10
0.0050003
3.26996e-10
0.0050003
2.79688e-10
0.0050003
2.39215e-10
0.0050003
2.04592e-10
0.0050003
1.74975e-10
0.0050003
1.49641e-10
0.0050003
1.27973e-10
0.0050003
1.09442e-10
0.0050003
9.35943e-11
0.0050003
8.00411e-11
0.0050003
6.84503e-11
0.0050003
5.85374e-11
0.0050003
5.00596e-11
0.0050003
4.2809e-11
0.0050003
3.6608e-11
0.0050003
3.13049e-11
0.0050003
2.677e-11
0.0050003
2.28921e-11
0.0050003
1.9576e-11
0.0050003
1.674e-11
0.0050003
1.43143e-11
0.0050003
1.22392e-11
0.0050003
1.04642e-11
0.0050003
8.94632e-12
0.0050003
7.64877e-12
0.0050003
6.5399e-12
0.0050003
5.59253e-12
0.0050003
4.78306e-12
0.0050003
4.09147e-12
0.0050003
3.50057e-12
0.0050003
2.99565e-12
0.0050003
2.56415e-12
0.0050003
2.19503e-12
0.0050003
1.87908e-12
0.0050003
1.60828e-12
0.0050003
1.37611e-12
0.0050003
1.17703e-12
0.0050003
1.00643e-12
0.0050003
8.60434e-13
0.0050003
7.35537e-13
0.0050003
6.28764e-13
0.0050003
5.37485e-13
0.0050003
4.59393e-13
0.0050003
3.92535e-13
0.0050003
3.35274e-13
0.0050003
2.86182e-13
0.0050003
2.44054e-13
0.0050003
2.07935e-13
0.0050003
1.77042e-13
0.0050003
1.50596e-13
0.0050003
1.28033e-13
0.0050003
1.08814e-13
0.0050003
9.24741e-14
0.0050003
7.88016e-14
0.0050003
6.73506e-14
0.0050003
5.78257e-14
0.0050003
4.9907e-14
0.0050003
4.32131e-14
0.0050003
3.75956e-14
0.0050003
3.27358e-14
0.0050003
2.85175e-14
0.0050003
2.48343e-14
0.0050003
2.17549e-14
0.0050003
1.91719e-14
0.0050003
1.68941e-14
0.0050003
1.4916e-14
0.0050003
1.31441e-14
0.0050003
1.13428e-14
0.0050003
9.59777e-15
0.0050003
7.82157e-15
0.0050003
6.20505e-15
0.0050003
4.72961e-15
0.0050003
3.46645e-15
0.0050003
2.53214e-15
0.0050003
1.82287e-15
0.0050003
1.3167e-15
0.0050003
8.58996e-16
0.0050003
4.08916e-16
0.0050003
-8.63225e-17
0.0050003
-5.40747e-16
0.0050003
-9.47944e-16
0.0050003
-1.2348e-15
0.0050003
-1.4071e-15
0.0050003
-1.49504e-15
0.0050003
-1.45873e-15
0.0050003
-1.39771e-15
0.0050003
-1.28585e-15
0.0050003
-1.16475e-15
0.0050003
-1.03463e-15
0.0050003
-9.35352e-16
0.0050003
-7.95326e-16
0.0050003
-5.76667e-16
0.0050003
-3.48415e-16
0.0050003
-1.35165e-16
0.0050003
9.92549e-17
0.0050003
3.22745e-16
0.0050003
5.49891e-16
0.0050003
7.46745e-16
0.0050003
9.29694e-16
0.0050003
1.03831e-15
0.0050003
1.11716e-15
0.0050003
1.20681e-15
0.0050003
1.27701e-15
0.0050003
1.34805e-15
0.0050003
1.39303e-15
0.0050003
1.33808e-15
0.0050003
1.33583e-15
0.0050003
1.24609e-15
0.0050003
1.06664e-15
0.0050003
9.02644e-16
0.0050003
6.42726e-16
0.0050003
4.79483e-16
0.0050003
2.20554e-16
0.0050003
-4.9191e-17
0.0050003
-2.66509e-16
0.0050003
-3.7524e-16
0.0050003
-4.89933e-16
0.0050003
-5.05963e-16
0.0050003
-4.59621e-16
0.0050003
-4.45402e-16
0.0050003
-3.02604e-16
0.0050003
-1.48416e-16
0.0050003
-3.02287e-17
0.0050003
1.52244e-16
0.0050003
3.39131e-16
0.0050003
4.7287e-16
0.0050003
6.64885e-16
0.0050003
8.49498e-16
0.0050003
9.50513e-16
0.0050003
1.13448e-15
0.0050003
1.38757e-15
0.0050003
1.51595e-15
0.0050003
1.69668e-15
0.0050003
1.97289e-15
0.0050003
2.12362e-15
0.0050003
2.28561e-15
0.0050003
2.36989e-15
0.0050003
2.55071e-15
0.0050003
2.72018e-15
0.0050003
2.63751e-15
0.0050003
2.58124e-15
0.0050003
2.49351e-15
0.0050003
2.45326e-15
0.0050003
2.32034e-15
0.0050003
2.04479e-15
0.0050003
1.86117e-15
0.0050003
1.60634e-15
0.0050003
1.44735e-15
0.0050003
1.23206e-15
0.0050003
1.06959e-15
0.0050003
9.684e-16
0.0050003
7.3117e-16
0.0050003
4.93769e-16
0.0050003
4.04393e-16
3.01457e-16
0.00500001
2.25636e-08
0.00500003
5.37268e-08
0.00500005
6.54858e-08
0.00500007
6.73315e-08
0.0050001
6.55523e-08
0.00500012
6.24416e-08
0.00500014
5.86926e-08
0.00500016
5.45714e-08
0.00500017
5.02478e-08
0.00500019
4.58594e-08
0.0050002
4.15223e-08
0.00500021
3.73289e-08
0.00500023
3.33474e-08
0.00500023
2.96243e-08
0.00500024
2.61873e-08
0.00500025
2.30488e-08
0.00500026
2.02095e-08
0.00500026
1.7661e-08
0.00500027
1.53891e-08
0.00500027
1.33756e-08
0.00500027
1.15999e-08
0.00500028
1.00407e-08
0.00500028
8.67671e-09
0.00500028
7.48718e-09
0.00500028
6.45267e-09
0.00500029
5.5551e-09
0.00500029
4.77792e-09
0.00500029
4.10616e-09
0.00500029
3.52639e-09
0.00500029
3.02666e-09
0.00500029
2.5964e-09
0.00500029
2.22631e-09
0.00500029
1.90824e-09
0.00500029
1.63507e-09
0.00500029
1.4006e-09
0.00500029
1.19946e-09
0.00500029
1.02699e-09
0.00500029
8.79164e-10
0.00500029
7.52496e-10
0.00500029
6.4399e-10
0.00500029
5.51066e-10
0.0050003
4.71503e-10
0.0050003
4.03393e-10
0.0050003
3.45097e-10
0.0050003
2.95207e-10
0.0050003
2.52517e-10
0.0050003
2.1599e-10
0.0050003
1.84738e-10
0.0050003
1.58002e-10
0.0050003
1.35131e-10
0.0050003
1.15568e-10
0.0050003
9.88354e-11
0.0050003
8.45252e-11
0.0050003
7.22866e-11
0.0050003
6.18196e-11
0.0050003
5.28676e-11
0.0050003
4.52113e-11
0.0050003
3.86631e-11
0.0050003
3.30628e-11
0.0050003
2.82735e-11
0.0050003
2.41777e-11
0.0050003
2.06755e-11
0.0050003
1.76809e-11
0.0050003
1.512e-11
0.0050003
1.29296e-11
0.0050003
1.10557e-11
0.0050003
9.45259e-12
0.0050003
8.08129e-12
0.0050003
6.90878e-12
0.0050003
5.90666e-12
0.0050003
5.05045e-12
0.0050003
4.31898e-12
0.0050003
3.69409e-12
0.0050003
3.16024e-12
0.0050003
2.70405e-12
0.0050003
2.31419e-12
0.0050003
1.98078e-12
0.0050003
1.69536e-12
0.0050003
1.4508e-12
0.0050003
1.24105e-12
0.0050003
1.06117e-12
0.0050003
9.07041e-13
0.0050003
7.75219e-13
0.0050003
6.62719e-13
0.0050003
5.66678e-13
0.0050003
4.84721e-13
0.0050003
4.14862e-13
0.0050003
3.5509e-13
0.0050003
3.03873e-13
0.0050003
2.59916e-13
0.0050003
2.22097e-13
0.0050003
1.89521e-13
0.0050003
1.6151e-13
0.0050003
1.37424e-13
0.0050003
1.16655e-13
0.0050003
9.88883e-14
0.0050003
8.37764e-14
0.0050003
7.09589e-14
0.0050003
6.02914e-14
0.0050003
5.14385e-14
0.0050003
4.41055e-14
0.0050003
3.81334e-14
0.0050003
3.31627e-14
0.0050003
2.89499e-14
0.0050003
2.53525e-14
0.0050003
2.22813e-14
0.0050003
1.97094e-14
0.0050003
1.74692e-14
0.0050003
1.55968e-14
0.0050003
1.39703e-14
0.0050003
1.2491e-14
0.0050003
1.10602e-14
0.0050003
9.57309e-15
0.0050003
8.09519e-15
0.0050003
6.69509e-15
0.0050003
5.34105e-15
0.0050003
4.1629e-15
0.0050003
3.18318e-15
0.0050003
2.48887e-15
0.0050003
1.95277e-15
0.0050003
1.50027e-15
0.0050003
1.05805e-15
0.0050003
5.74186e-16
0.0050003
7.9678e-17
0.0050003
-3.77935e-16
0.0050003
-7.54258e-16
0.0050003
-9.84283e-16
0.0050003
-1.07016e-15
0.0050003
-1.10226e-15
0.0050003
-1.06975e-15
0.0050003
-1.00684e-15
0.0050003
-9.11726e-16
0.0050003
-8.79689e-16
0.0050003
-8.79725e-16
0.0050003
-8.25726e-16
0.0050003
-7.71598e-16
0.0050003
-6.26662e-16
0.0050003
-4.85635e-16
0.0050003
-3.44081e-16
0.0050003
-1.51041e-16
0.0050003
6.24578e-17
0.0050003
2.85178e-16
0.0050003
4.59946e-16
0.0050003
5.81145e-16
0.0050003
6.47212e-16
0.0050003
7.07226e-16
0.0050003
8.14543e-16
0.0050003
8.56371e-16
0.0050003
8.73474e-16
0.0050003
8.74632e-16
0.0050003
8.72187e-16
0.0050003
9.05196e-16
0.0050003
7.81378e-16
0.0050003
6.79439e-16
0.0050003
5.88039e-16
0.0050003
4.18001e-16
0.0050003
2.50154e-16
0.0050003
3.99453e-17
0.0050003
-1.46196e-16
0.0050003
-2.93264e-16
0.0050003
-3.89748e-16
0.0050003
-4.88095e-16
0.0050003
-5.11005e-16
0.0050003
-4.93932e-16
0.0050003
-4.72264e-16
0.0050003
-4.35497e-16
0.0050003
-3.26322e-16
0.0050003
-2.4147e-16
0.0050003
-1.22461e-16
0.0050003
-2.08716e-17
0.0050003
6.00778e-17
0.0050003
2.1046e-16
0.0050003
3.96265e-16
0.0050003
5.22975e-16
0.0050003
6.42186e-16
0.0050003
9.10467e-16
0.0050003
1.09919e-15
0.0050003
1.23096e-15
0.0050003
1.49164e-15
0.0050003
1.71853e-15
0.0050003
1.92594e-15
0.0050003
2.00285e-15
0.0050003
2.04046e-15
0.0050003
2.21329e-15
0.0050003
2.22409e-15
0.0050003
2.1668e-15
0.0050003
2.03863e-15
0.0050003
1.93807e-15
0.0050003
1.88901e-15
0.0050003
1.72905e-15
0.0050003
1.56731e-15
0.0050003
1.28394e-15
0.0050003
1.10467e-15
0.0050003
9.56922e-16
0.0050003
6.85383e-16
0.0050003
5.25691e-16
0.0050003
3.84493e-16
0.0050003
2.92034e-16
0.0050003
3.26174e-16
2.1652e-16
0.00500001
1.48823e-08
0.00500003
3.54433e-08
0.00500005
4.32196e-08
0.00500007
4.44731e-08
0.00500009
4.33478e-08
0.00500011
4.13506e-08
0.00500013
3.89327e-08
0.00500015
3.62646e-08
0.00500017
3.34545e-08
0.00500018
3.0591e-08
0.0050002
2.77499e-08
0.00500021
2.49924e-08
0.00500022
2.23649e-08
0.00500023
1.98997e-08
0.00500024
1.76169e-08
0.00500025
1.55264e-08
0.00500025
1.36304e-08
0.00500026
1.19248e-08
0.00500026
1.04011e-08
0.00500027
9.04819e-09
0.00500027
7.85316e-09
0.00500028
6.80231e-09
0.00500028
5.88181e-09
0.00500028
5.07818e-09
0.00500028
4.37859e-09
0.00500029
3.77107e-09
0.00500029
3.24465e-09
0.00500029
2.78934e-09
0.00500029
2.39615e-09
0.00500029
2.05707e-09
0.00500029
1.76501e-09
0.00500029
1.51369e-09
0.00500029
1.29763e-09
0.00500029
1.11202e-09
0.00500029
9.52666e-10
0.00500029
8.15937e-10
0.00500029
6.98675e-10
0.00500029
5.98148e-10
0.00500029
5.12e-10
0.00500029
4.38196e-10
0.00500029
3.74984e-10
0.00500029
3.20856e-10
0.0050003
2.74517e-10
0.0050003
2.34853e-10
0.0050003
2.00907e-10
0.0050003
1.71857e-10
0.0050003
1.47e-10
0.0050003
1.25731e-10
0.0050003
1.07536e-10
0.0050003
9.19707e-11
0.0050003
7.8657e-11
0.0050003
6.727e-11
0.0050003
5.75311e-11
0.0050003
4.92018e-11
0.0050003
4.20777e-11
0.0050003
3.59844e-11
0.0050003
3.07727e-11
0.0050003
2.63152e-11
0.0050003
2.25029e-11
0.0050003
1.92428e-11
0.0050003
1.64553e-11
0.0050003
1.40721e-11
0.0050003
1.20344e-11
0.0050003
1.02916e-11
0.0050003
8.80073e-12
0.0050003
7.52499e-12
0.0050003
6.4334e-12
0.0050003
5.49963e-12
0.0050003
4.7014e-12
0.0050003
4.01928e-12
0.0050003
3.43672e-12
0.0050003
2.93917e-12
0.0050003
2.51421e-12
0.0050003
2.15122e-12
0.0050003
1.84093e-12
0.0050003
1.57567e-12
0.0050003
1.34851e-12
0.0050003
1.15374e-12
0.0050003
9.86513e-13
0.0050003
8.42919e-13
0.0050003
7.19811e-13
0.0050003
6.14541e-13
0.0050003
5.24951e-13
0.0050003
4.48699e-13
0.0050003
3.8394e-13
0.0050003
3.2898e-13
0.0050003
2.822e-13
0.0050003
2.4217e-13
0.0050003
2.07835e-13
0.0050003
1.7825e-13
0.0050003
1.52623e-13
0.0050003
1.30394e-13
0.0050003
1.11064e-13
0.0050003
9.4306e-14
0.0050003
7.97978e-14
0.0050003
6.72974e-14
0.0050003
5.65942e-14
0.0050003
4.76024e-14
0.0050003
4.01892e-14
0.0050003
3.41668e-14
0.0050003
2.93188e-14
0.0050003
2.53976e-14
0.0050003
2.22314e-14
0.0050003
1.96219e-14
0.0050003
1.74681e-14
0.0050003
1.56414e-14
0.0050003
1.40883e-14
0.0050003
1.28316e-14
0.0050003
1.17172e-14
0.0050003
1.0715e-14
0.0050003
9.75137e-15
0.0050003
8.71004e-15
0.0050003
7.65248e-15
0.0050003
6.4833e-15
0.0050003
5.42784e-15
0.0050003
4.42837e-15
0.0050003
3.56565e-15
0.0050003
2.94377e-15
0.0050003
2.46267e-15
0.0050003
2.04899e-15
0.0050003
1.63903e-15
0.0050003
1.22061e-15
0.0050003
7.37473e-16
0.0050003
2.56566e-16
0.0050003
-2.0255e-16
0.0050003
-5.10092e-16
0.0050003
-6.81208e-16
0.0050003
-7.47588e-16
0.0050003
-7.18216e-16
0.0050003
-6.50678e-16
0.0050003
-5.75147e-16
0.0050003
-5.83366e-16
0.0050003
-5.94183e-16
0.0050003
-6.57342e-16
0.0050003
-7.27549e-16
0.0050003
-7.68176e-16
0.0050003
-7.14973e-16
0.0050003
-6.46801e-16
0.0050003
-5.44664e-16
0.0050003
-3.74433e-16
0.0050003
-1.92975e-16
0.0050003
-1.37022e-17
0.0050003
1.1353e-16
0.0050003
1.88491e-16
0.0050003
2.52398e-16
0.0050003
3.05323e-16
0.0050003
3.57085e-16
0.0050003
3.51921e-16
0.0050003
3.86576e-16
0.0050003
3.72685e-16
0.0050003
3.72983e-16
0.0050003
4.00565e-16
0.0050003
3.19106e-16
0.0050003
3.16807e-16
0.0050003
2.38294e-16
0.0050003
1.35954e-16
0.0050003
6.25184e-17
0.0050003
-9.24132e-17
0.0050003
-2.3321e-16
0.0050003
-3.26419e-16
0.0050003
-4.24769e-16
0.0050003
-5.13041e-16
0.0050003
-5.02232e-16
0.0050003
-5.70722e-16
0.0050003
-6.0885e-16
0.0050003
-5.80172e-16
0.0050003
-5.25124e-16
0.0050003
-4.93435e-16
0.0050003
-4.16921e-16
0.0050003
-3.54664e-16
0.0050003
-3.15697e-16
0.0050003
-2.20212e-16
0.0050003
-9.27214e-17
0.0050003
6.43579e-17
0.0050003
1.92042e-16
0.0050003
3.63056e-16
0.0050003
5.89821e-16
0.0050003
8.11624e-16
0.0050003
9.82074e-16
0.0050003
1.2161e-15
0.0050003
1.44483e-15
0.0050003
1.58212e-15
0.0050003
1.64177e-15
0.0050003
1.69501e-15
0.0050003
1.77302e-15
0.0050003
1.80631e-15
0.0050003
1.64169e-15
0.0050003
1.48405e-15
0.0050003
1.36446e-15
0.0050003
1.22467e-15
0.0050003
9.95659e-16
0.0050003
8.63036e-16
0.0050003
6.75248e-16
0.0050003
4.17868e-16
0.0050003
3.65609e-16
0.0050003
4.66477e-16
0.0050003
3.10758e-16
0.0050003
1.59816e-17
0.0050003
9.45578e-17
1.06353e-16
0.00500001
7.39414e-09
0.00500003
1.76115e-08
0.00500005
2.1481e-08
0.00500007
2.21142e-08
0.00500009
2.1569e-08
0.00500011
2.05926e-08
0.00500013
1.94074e-08
0.00500015
1.80966e-08
0.00500017
1.67129e-08
0.00500018
1.52996e-08
0.0050002
1.38941e-08
0.00500021
1.25269e-08
0.00500022
1.12213e-08
0.00500023
9.99389e-09
0.00500024
8.85523e-09
0.00500025
7.81078e-09
0.00500025
6.86201e-09
0.00500026
6.00731e-09
0.00500026
5.24286e-09
0.00500027
4.56333e-09
0.00500027
3.96251e-09
0.00500028
3.43372e-09
0.00500028
2.97016e-09
0.00500028
2.56518e-09
0.00500028
2.21242e-09
0.00500028
1.90594e-09
0.00500029
1.64024e-09
0.00500029
1.41033e-09
0.00500029
1.21173e-09
0.00500029
1.04041e-09
0.00500029
8.92804e-10
0.00500029
7.65762e-10
0.00500029
6.56519e-10
0.00500029
5.62656e-10
0.00500029
4.82061e-10
0.00500029
4.129e-10
0.00500029
3.53579e-10
0.00500029
3.02718e-10
0.00500029
2.59128e-10
0.00500029
2.21781e-10
0.00500029
1.89793e-10
0.00500029
1.62401e-10
0.0050003
1.3895e-10
0.0050003
1.18876e-10
0.0050003
1.01695e-10
0.0050003
8.69913e-11
0.0050003
7.44091e-11
0.0050003
6.36433e-11
0.0050003
5.44328e-11
0.0050003
4.65542e-11
0.0050003
3.98155e-11
0.0050003
3.40522e-11
0.0050003
2.91232e-11
0.0050003
2.49074e-11
0.0050003
2.13011e-11
0.0050003
1.82162e-11
0.0050003
1.55771e-11
0.0050003
1.33196e-11
0.0050003
1.13891e-11
0.0050003
9.73866e-12
0.0050003
8.32799e-12
0.0050003
7.12234e-12
0.0050003
6.09159e-12
0.0050003
5.20989e-12
0.0050003
4.4552e-12
0.0050003
3.80903e-12
0.0050003
3.25591e-12
0.0050003
2.78269e-12
0.0050003
2.37833e-12
0.0050003
2.03304e-12
0.0050003
1.73839e-12
0.0050003
1.48699e-12
0.0050003
1.27241e-12
0.0050003
1.08921e-12
0.0050003
9.32502e-13
0.0050003
7.98257e-13
0.0050003
6.82841e-13
0.0050003
5.83391e-13
0.0050003
4.97636e-13
0.0050003
4.23814e-13
0.0050003
3.60614e-13
0.0050003
3.0691e-13
0.0050003
2.61675e-13
0.0050003
2.23717e-13
0.0050003
1.91952e-13
0.0050003
1.65263e-13
0.0050003
1.42714e-13
0.0050003
1.23424e-13
0.0050003
1.06754e-13
0.0050003
9.2246e-14
0.0050003
7.94264e-14
0.0050003
6.80488e-14
0.0050003
5.79279e-14
0.0050003
4.8886e-14
0.0050003
4.08535e-14
0.0050003
3.38833e-14
0.0050003
2.79022e-14
0.0050003
2.29818e-14
0.0050003
1.90783e-14
0.0050003
1.60136e-14
0.0050003
1.3709e-14
0.0050003
1.20219e-14
0.0050003
1.07876e-14
0.0050003
9.81672e-15
0.0050003
9.13592e-15
0.0050003
8.70916e-15
0.0050003
8.32516e-15
0.0050003
7.96985e-15
0.0050003
7.60876e-15
0.0050003
7.21446e-15
0.0050003
6.78897e-15
0.0050003
6.17054e-15
0.0050003
5.50901e-15
0.0050003
4.76712e-15
0.0050003
4.18218e-15
0.0050003
3.57248e-15
0.0050003
3.07301e-15
0.0050003
2.72347e-15
0.0050003
2.41297e-15
0.0050003
2.06587e-15
0.0050003
1.68699e-15
0.0050003
1.28648e-15
0.0050003
8.34116e-16
0.0050003
4.21476e-16
0.0050003
2.97261e-17
0.0050003
-2.60781e-16
0.0050003
-3.01516e-16
0.0050003
-3.2006e-16
0.0050003
-2.88057e-16
0.0050003
-2.50134e-16
0.0050003
-1.84199e-16
0.0050003
-2.15529e-16
0.0050003
-3.61971e-16
0.0050003
-5.18856e-16
0.0050003
-6.51246e-16
0.0050003
-7.68825e-16
0.0050003
-8.10095e-16
0.0050003
-7.99151e-16
0.0050003
-7.27782e-16
0.0050003
-5.78448e-16
0.0050003
-4.19788e-16
0.0050003
-3.00349e-16
0.0050003
-2.35398e-16
0.0050003
-1.88823e-16
0.0050003
-1.92064e-16
0.0050003
-1.79558e-16
0.0050003
-1.1909e-16
0.0050003
-1.53973e-16
0.0050003
-1.62346e-16
0.0050003
-1.62678e-16
0.0050003
-1.39075e-16
0.0050003
-6.1343e-17
0.0050003
-1.20884e-16
0.0050003
-7.86566e-17
0.0050003
-4.15852e-17
0.0050003
-1.36896e-16
0.0050003
-2.12052e-16
0.0050003
-2.3776e-16
0.0050003
-3.43918e-16
0.0050003
-4.06731e-16
0.0050003
-4.65385e-16
0.0050003
-5.42039e-16
0.0050003
-5.38014e-16
0.0050003
-5.77124e-16
0.0050003
-6.74099e-16
0.0050003
-7.10753e-16
0.0050003
-7.26873e-16
0.0050003
-7.9555e-16
0.0050003
-7.92248e-16
0.0050003
-7.20738e-16
0.0050003
-7.14291e-16
0.0050003
-6.51207e-16
0.0050003
-5.34018e-16
0.0050003
-4.41806e-16
0.0050003
-3.08427e-16
0.0050003
-1.59855e-16
0.0050003
3.9166e-17
0.0050003
3.25806e-16
0.0050003
5.23293e-16
0.0050003
7.16438e-16
0.0050003
9.58631e-16
0.0050003
1.13422e-15
0.0050003
1.23832e-15
0.0050003
1.22207e-15
0.0050003
1.20364e-15
0.0050003
1.23134e-15
0.0050003
1.21577e-15
0.0050003
1.03334e-15
0.0050003
8.04745e-16
0.0050003
7.4727e-16
0.0050003
5.99037e-16
0.0050003
4.14782e-16
0.0050003
4.48127e-16
0.0050003
2.44668e-16
0.0050003
-1.44362e-16
0.0050003
3.90126e-18
0.0050003
1.70008e-16
0.0050003
-1.47823e-17
0.0050003
-5.81512e-17
7.86895e-17
0.00500001
0.00500003
0.00500005
0.00500007
0.00500009
0.00500011
0.00500013
0.00500015
0.00500016
0.00500018
0.00500019
0.00500021
0.00500022
0.00500023
0.00500024
0.00500024
0.00500025
0.00500026
0.00500026
0.00500027
0.00500027
0.00500027
0.00500028
0.00500028
0.00500028
0.00500028
0.00500029
0.00500029
0.00500029
0.00500029
0.00500029
0.00500029
0.00500029
0.00500029
0.00500029
0.00500029
0.00500029
0.00500029
0.00500029
0.00500029
0.00500029
0.00500029
0.0050003
0.0050003
0.0050003
0.0050003
0.0050003
0.0050003
0.0050003
0.0050003
0.0050003
0.0050003
0.0050003
0.0050003
0.0050003
0.0050003
0.0050003
0.0050003
0.0050003
0.0050003
0.0050003
0.0050003
0.0050003
0.0050003
0.0050003
0.0050003
0.0050003
0.0050003
0.0050003
0.0050003
0.0050003
0.0050003
0.0050003
0.0050003
0.0050003
0.0050003
0.0050003
0.0050003
0.0050003
0.0050003
0.0050003
0.0050003
0.0050003
0.0050003
0.0050003
0.0050003
0.0050003
0.0050003
0.0050003
0.0050003
0.0050003
0.0050003
0.0050003
0.0050003
0.0050003
0.0050003
0.0050003
0.0050003
0.0050003
0.0050003
0.0050003
0.0050003
0.0050003
0.0050003
0.0050003
0.0050003
0.0050003
0.0050003
0.0050003
0.0050003
0.0050003
0.0050003
0.0050003
0.0050003
0.0050003
0.0050003
0.0050003
0.0050003
0.0050003
0.0050003
0.0050003
0.0050003
0.0050003
0.0050003
0.0050003
0.0050003
0.0050003
0.0050003
0.0050003
0.0050003
0.0050003
0.0050003
0.0050003
0.0050003
0.0050003
0.0050003
0.0050003
0.0050003
0.0050003
0.0050003
0.0050003
0.0050003
0.0050003
0.0050003
0.0050003
0.0050003
0.0050003
0.0050003
0.0050003
0.0050003
0.0050003
0.0050003
0.0050003
0.0050003
0.0050003
0.0050003
0.0050003
0.0050003
0.0050003
0.0050003
0.0050003
0.0050003
0.0050003
0.0050003
0.0050003
0.0050003
0.0050003
0.0050003
0.0050003
0.0050003
0.0050003
0.0050003
0.0050003
0.0050003
0.0050003
0.0050003
0.0050003
0.0050003
0.0050003
0.0050003
0.0050003
0.0050003
0.0050003
0.0050003
0.0050003
0.0050003
0.0050003
0.0050003
0.0050003
0.0050003
0.0050003
0.0050003
0.0050003
0.0050003
0.0050003
0.0050003
0.0050003
0.0050003
0.0050003
)
;

boundaryField
{
    inlet
    {
        type            calculated;
        value           nonuniform List<scalar> 
20
(
-0.005
-0.005
-0.005
-0.005
-0.005
-0.005
-0.005
-0.005
-0.005
-0.005
-0.005
-0.005
-0.005
-0.005
-0.005
-0.005
-0.005
-0.005
-0.005
-0.005
)
;
    }
    outlet
    {
        type            calculated;
        value           nonuniform List<scalar> 
20
(
0.00499438
0.00500029
0.0050003
0.0050003
0.0050003
0.0050003
0.0050003
0.0050003
0.0050003
0.0050003
0.0050003
0.0050003
0.0050003
0.0050003
0.0050003
0.0050003
0.0050003
0.0050003
0.0050003
0.0050003
)
;
    }
    top
    {
        type            calculated;
        value           uniform 0;
    }
    bottom
    {
        type            calculated;
        value           uniform 0;
    }
    frontAndBack
    {
        type            empty;
    }
}


// ************************************************************************* //
