/*--------------------------------*- C++ -*----------------------------------*\
  =========                 |
  \\      /  F ield         | OpenFOAM: The Open Source CFD Toolbox
   \\    /   O peration     | Website:  https://openfoam.org
    \\  /    A nd           | Version:  dev
     \\/     M anipulation  |
\*---------------------------------------------------------------------------*/
FoamFile
{
    format      ascii;
    class       volVectorField;
    location    "0.1";
    object      U;
}
// * * * * * * * * * * * * * * * * * * * * * * * * * * * * * * * * * * * * * //

dimensions      [0 1 -1 0 0 0 0];

internalField   nonuniform List<vector> 
4000
(
(0.999668 0.000188933 0)
(0.999517 0.000257772 0)
(0.999349 0.000164379 0)
(0.999167 8.8396e-05 0)
(0.999059 4.84426e-05 0)
(0.999003 2.73755e-05 0)
(0.99897 1.61881e-05 0)
(0.998947 1.02737e-05 0)
(0.998931 6.99021e-06 0)
(0.99892 5.02377e-06 0)
(0.998912 3.76088e-06 0)
(0.998905 2.90071e-06 0)
(0.9989 2.28627e-06 0)
(0.998896 1.83101e-06 0)
(0.998893 1.48423e-06 0)
(0.99889 1.21446e-06 0)
(0.998888 1.00114e-06 0)
(0.998886 8.30247e-07 0)
(0.998884 6.91899e-07 0)
(0.998883 5.78934e-07 0)
(0.998882 4.86037e-07 0)
(0.998881 4.09189e-07 0)
(0.99888 3.453e-07 0)
(0.99888 2.91962e-07 0)
(0.998879 2.47275e-07 0)
(0.998879 2.09723e-07 0)
(0.998878 1.78086e-07 0)
(0.998878 1.51377e-07 0)
(0.998878 1.28784e-07 0)
(0.998878 1.09644e-07 0)
(0.998877 9.34073e-08 0)
(0.998877 7.96177e-08 0)
(0.998877 6.7895e-08 0)
(0.998877 5.79211e-08 0)
(0.998877 4.9429e-08 0)
(0.998877 4.21939e-08 0)
(0.998877 3.60267e-08 0)
(0.998877 3.07674e-08 0)
(0.998877 2.62808e-08 0)
(0.998876 2.24519e-08 0)
(0.998876 1.91833e-08 0)
(0.998876 1.63922e-08 0)
(0.998876 1.40087e-08 0)
(0.998876 1.19728e-08 0)
(0.998876 1.02335e-08 0)
(0.998876 8.74754e-09 0)
(0.998876 7.47774e-09 0)
(0.998876 6.39255e-09 0)
(0.998876 5.46499e-09 0)
(0.998876 4.6721e-09 0)
(0.998876 3.99434e-09 0)
(0.998876 3.41503e-09 0)
(0.998876 2.91989e-09 0)
(0.998876 2.4966e-09 0)
(0.998876 2.13464e-09 0)
(0.998876 1.82513e-09 0)
(0.998876 1.56048e-09 0)
(0.998876 1.33425e-09 0)
(0.998876 1.14088e-09 0)
(0.998876 9.75634e-10 0)
(0.998876 8.34395e-10 0)
(0.998876 7.13614e-10 0)
(0.998876 6.10262e-10 0)
(0.998876 5.21794e-10 0)
(0.998876 4.46065e-10 0)
(0.998876 3.81299e-10 0)
(0.998876 3.25991e-10 0)
(0.998876 2.7877e-10 0)
(0.998876 2.38472e-10 0)
(0.998876 2.0408e-10 0)
(0.998876 1.74672e-10 0)
(0.998876 1.49516e-10 0)
(0.998876 1.27977e-10 0)
(0.998876 1.09479e-10 0)
(0.998876 9.35698e-11 0)
(0.998876 7.99215e-11 0)
(0.998876 6.82624e-11 0)
(0.998876 5.83323e-11 0)
(0.998876 4.98947e-11 0)
(0.998876 4.26988e-11 0)
(0.998876 3.65356e-11 0)
(0.998876 3.12522e-11 0)
(0.998876 2.67311e-11 0)
(0.998876 2.28596e-11 0)
(0.998876 1.95485e-11 0)
(0.998876 1.6725e-11 0)
(0.998876 1.4308e-11 0)
(0.998876 1.22385e-11 0)
(0.998876 1.04494e-11 0)
(0.998876 8.92082e-12 0)
(0.998876 7.63702e-12 0)
(0.998876 6.56492e-12 0)
(0.998876 5.67793e-12 0)
(0.998876 4.93264e-12 0)
(0.998876 4.29126e-12 0)
(0.998876 3.71893e-12 0)
(0.998876 3.19773e-12 0)
(0.998876 2.71974e-12 0)
(0.998876 2.27709e-12 0)
(0.998876 1.88991e-12 0)
(0.998876 1.56168e-12 0)
(0.998876 1.28721e-12 0)
(0.998876 1.05282e-12 0)
(0.998876 8.38456e-13 0)
(0.998876 6.43576e-13 0)
(0.998876 4.78775e-13 0)
(0.998876 3.36702e-13 0)
(0.998876 2.14872e-13 0)
(0.998876 1.20576e-13 0)
(0.998876 6.59196e-14 0)
(0.998876 4.08414e-14 0)
(0.998876 3.62287e-14 0)
(0.998876 4.60226e-14 0)
(0.998876 4.49863e-14 0)
(0.998876 4.02867e-14 0)
(0.998876 4.39566e-14 0)
(0.998876 3.25647e-14 0)
(0.998876 1.83912e-14 0)
(0.998876 5.59013e-15 0)
(0.998876 -1.52425e-15 0)
(0.998876 -1.03231e-14 0)
(0.998876 -8.42879e-15 0)
(0.998876 1.04735e-14 0)
(0.998876 1.29426e-14 0)
(0.998876 1.86381e-14 0)
(0.998876 1.02328e-14 0)
(0.998876 -7.9688e-15 0)
(0.998876 -2.15822e-14 0)
(0.998876 -3.7565e-14 0)
(0.998876 -2.8622e-14 0)
(0.998876 -1.00044e-14 0)
(0.998876 1.67006e-14 0)
(0.998876 5.24285e-14 0)
(0.998876 7.14738e-14 0)
(0.998876 7.15213e-14 0)
(0.998876 5.93029e-14 0)
(0.998876 4.34053e-14 0)
(0.998876 1.96416e-14 0)
(0.998876 -8.09219e-15 0)
(0.998876 -3.7107e-14 0)
(0.998876 -4.70945e-14 0)
(0.998876 -4.63894e-14 0)
(0.998876 -4.13557e-14 0)
(0.998876 -1.91755e-14 0)
(0.998876 4.68773e-15 0)
(0.998876 1.68727e-14 0)
(0.998876 2.62262e-14 0)
(0.998876 2.85932e-14 0)
(0.998876 1.54095e-14 0)
(0.998876 5.74146e-16 0)
(0.998876 -1.50135e-14 0)
(0.998876 -2.24972e-14 0)
(0.998876 -2.06773e-14 0)
(0.998876 -1.24911e-14 0)
(0.998876 8.65122e-15 0)
(0.998876 3.66829e-14 0)
(0.998876 7.80615e-14 0)
(0.998876 1.19042e-13 0)
(0.998876 1.52713e-13 0)
(0.998876 1.73559e-13 0)
(0.998876 1.80336e-13 0)
(0.998876 1.76295e-13 0)
(0.998876 1.6756e-13 0)
(0.998876 1.58178e-13 0)
(0.998876 1.44937e-13 0)
(0.998876 1.23736e-13 0)
(0.998876 1.04165e-13 0)
(0.998876 9.5385e-14 0)
(0.998876 8.8367e-14 0)
(0.998876 8.37663e-14 0)
(0.998876 9.16924e-14 0)
(0.998876 8.29677e-14 0)
(0.998876 6.9831e-14 0)
(0.998876 6.75279e-14 0)
(0.998876 5.74639e-14 0)
(0.998876 4.08561e-14 0)
(0.998876 2.86692e-14 0)
(0.998876 5.86954e-15 0)
(0.998876 -2.92098e-14 0)
(0.998876 -3.84741e-14 0)
(0.998876 -4.13909e-14 0)
(0.998876 -5.59102e-14 0)
(0.998876 -6.23323e-14 0)
(0.998876 -7.32528e-14 0)
(0.998876 -7.96962e-14 0)
(0.998876 -5.36397e-14 0)
(0.998876 -1.82712e-14 0)
(0.998876 -3.43773e-15 0)
(0.998876 1.44564e-15 0)
(0.998876 1.47506e-14 0)
(0.998876 3.00985e-14 0)
(0.998876 4.5864e-14 0)
(0.998876 4.73776e-14 0)
(0.998876 3.98445e-14 0)
(0.998876 3.54216e-14 0)
(0.998876 3.44963e-14 0)
(0.998876 2.83043e-14 0)
(0.998876 2.0514e-14 0)
(0.998876 -1.48696e-14 0)
(0.998876 -7.22363e-15 0)
(1.00001 0.000230557 0)
(1.00012 0.000340038 0)
(1.00019 0.000240521 0)
(1.00019 0.000146528 0)
(1.00017 9.09537e-05 0)
(1.00015 5.79763e-05 0)
(1.00013 3.81833e-05 0)
(1.00012 2.63168e-05 0)
(1.00011 1.89324e-05 0)
(1.0001 1.40934e-05 0)
(1.00009 1.07771e-05 0)
(1.00009 8.41754e-06 0)
(1.00008 6.68491e-06 0)
(1.00008 5.37909e-06 0)
(1.00007 4.37388e-06 0)
(1.00007 3.58659e-06 0)
(1.00007 2.9612e-06 0)
(1.00007 2.45861e-06 0)
(1.00007 2.05079e-06 0)
(1.00007 1.7172e-06 0)
(1.00006 1.44249e-06 0)
(1.00006 1.21499e-06 0)
(1.00006 1.02569e-06 0)
(1.00006 8.67529e-07 0)
(1.00006 7.34944e-07 0)
(1.00006 6.23473e-07 0)
(1.00006 5.29524e-07 0)
(1.00006 4.50176e-07 0)
(1.00006 3.83039e-07 0)
(1.00006 3.26148e-07 0)
(1.00006 2.77877e-07 0)
(1.00006 2.36874e-07 0)
(1.00006 2.02011e-07 0)
(1.00006 1.72346e-07 0)
(1.00006 1.47085e-07 0)
(1.00006 1.25561e-07 0)
(1.00006 1.07212e-07 0)
(1.00006 9.15641e-08 0)
(1.00006 7.82138e-08 0)
(1.00006 6.682e-08 0)
(1.00006 5.70931e-08 0)
(1.00006 4.87875e-08 0)
(1.00006 4.16942e-08 0)
(1.00006 3.56352e-08 0)
(1.00006 3.0459e-08 0)
(1.00006 2.60363e-08 0)
(1.00006 2.2257e-08 0)
(1.00006 1.90271e-08 0)
(1.00006 1.62662e-08 0)
(1.00006 1.39062e-08 0)
(1.00006 1.18891e-08 0)
(1.00006 1.01649e-08 0)
(1.00006 8.69107e-09 0)
(1.00006 7.43109e-09 0)
(1.00006 6.35377e-09 0)
(1.00006 5.43265e-09 0)
(1.00006 4.64511e-09 0)
(1.00006 3.9718e-09 0)
(1.00006 3.39621e-09 0)
(1.00006 2.90415e-09 0)
(1.00006 2.48346e-09 0)
(1.00006 2.12369e-09 0)
(1.00006 1.81592e-09 0)
(1.00006 1.55261e-09 0)
(1.00006 1.32743e-09 0)
(1.00006 1.13492e-09 0)
(1.00006 9.70482e-10 0)
(1.00006 8.30025e-10 0)
(1.00006 7.10008e-10 0)
(1.00006 6.07463e-10 0)
(1.00006 5.19785e-10 0)
(1.00006 4.4474e-10 0)
(1.00006 3.80434e-10 0)
(1.00006 3.25289e-10 0)
(1.00006 2.78022e-10 0)
(1.00006 2.37576e-10 0)
(1.00006 2.03065e-10 0)
(1.00006 1.73642e-10 0)
(1.00006 1.48573e-10 0)
(1.00006 1.2717e-10 0)
(1.00006 1.08883e-10 0)
(1.00006 9.32382e-11 0)
(1.00006 7.98612e-11 0)
(1.00006 6.8423e-11 0)
(1.00006 5.86004e-11 0)
(1.00006 5.01539e-11 0)
(1.00006 4.28408e-11 0)
(1.00006 3.6533e-11 0)
(1.00006 3.1116e-11 0)
(1.00006 2.65034e-11 0)
(1.00006 2.2627e-11 0)
(1.00006 1.93632e-11 0)
(1.00006 1.66224e-11 0)
(1.00006 1.42896e-11 0)
(1.00006 1.22816e-11 0)
(1.00006 1.0535e-11 0)
(1.00006 9.00137e-12 0)
(1.00006 7.66594e-12 0)
(1.00006 6.49823e-12 0)
(1.00006 5.50222e-12 0)
(1.00006 4.64612e-12 0)
(1.00006 3.89808e-12 0)
(1.00006 3.24667e-12 0)
(1.00006 2.67918e-12 0)
(1.00006 2.18526e-12 0)
(1.00006 1.76365e-12 0)
(1.00006 1.41295e-12 0)
(1.00006 1.13981e-12 0)
(1.00006 9.27367e-13 0)
(1.00006 7.7284e-13 0)
(1.00006 6.62802e-13 0)
(1.00006 5.57444e-13 0)
(1.00006 4.67612e-13 0)
(1.00006 3.90894e-13 0)
(1.00006 3.02709e-13 0)
(1.00006 2.34018e-13 0)
(1.00006 1.7195e-13 0)
(1.00006 1.26919e-13 0)
(1.00006 8.9279e-14 0)
(1.00006 6.75982e-14 0)
(1.00006 5.95667e-14 0)
(1.00006 3.79866e-14 0)
(1.00006 4.26271e-14 0)
(1.00006 2.71175e-14 0)
(1.00006 6.9636e-15 0)
(1.00006 -7.69864e-15 0)
(1.00006 -4.36965e-14 0)
(1.00006 -5.12854e-14 0)
(1.00006 -6.44765e-14 0)
(1.00006 -5.54746e-14 0)
(1.00006 -2.55484e-14 0)
(1.00006 -4.14424e-15 0)
(1.00006 1.75618e-14 0)
(1.00006 2.57162e-14 0)
(1.00006 2.18992e-14 0)
(1.00006 1.32136e-14 0)
(1.00006 1.10283e-14 0)
(1.00006 4.53747e-15 0)
(1.00006 1.74638e-14 0)
(1.00006 1.98089e-14 0)
(1.00006 3.31657e-14 0)
(1.00006 6.41053e-14 0)
(1.00006 9.34825e-14 0)
(1.00006 1.13686e-13 0)
(1.00006 1.30665e-13 0)
(1.00006 1.31202e-13 0)
(1.00006 1.09182e-13 0)
(1.00006 9.20972e-14 0)
(1.00006 7.32065e-14 0)
(1.00006 6.64129e-14 0)
(1.00006 6.90504e-14 0)
(1.00006 7.70274e-14 0)
(1.00006 8.63053e-14 0)
(1.00006 9.34029e-14 0)
(1.00006 1.1593e-13 0)
(1.00006 1.36912e-13 0)
(1.00006 1.73084e-13 0)
(1.00006 2.01857e-13 0)
(1.00006 2.06143e-13 0)
(1.00006 1.96703e-13 0)
(1.00006 1.79973e-13 0)
(1.00006 1.63248e-13 0)
(1.00006 1.51762e-13 0)
(1.00006 1.38579e-13 0)
(1.00006 1.20384e-13 0)
(1.00006 1.07432e-13 0)
(1.00006 1.05549e-13 0)
(1.00006 1.14986e-13 0)
(1.00006 1.40351e-13 0)
(1.00006 1.46603e-13 0)
(1.00006 1.4651e-13 0)
(1.00006 1.4351e-13 0)
(1.00006 1.34251e-13 0)
(1.00006 1.27288e-13 0)
(1.00006 1.33191e-13 0)
(1.00006 1.17286e-13 0)
(1.00006 7.31097e-14 0)
(1.00006 5.59592e-14 0)
(1.00006 4.40326e-14 0)
(1.00006 2.81986e-14 0)
(1.00006 2.70608e-14 0)
(1.00006 1.12605e-14 0)
(1.00006 4.08085e-15 0)
(1.00006 1.99427e-14 0)
(1.00006 2.84554e-14 0)
(1.00006 3.82316e-14 0)
(1.00006 5.96791e-14 0)
(1.00006 6.67811e-14 0)
(1.00006 6.4616e-14 0)
(1.00006 9.25673e-14 0)
(1.00006 1.15246e-13 0)
(1.00006 1.38691e-13 0)
(1.00006 1.37435e-13 0)
(1.00006 1.04499e-13 0)
(1.00006 7.99683e-14 0)
(1.00006 8.07458e-14 0)
(1.00006 4.5215e-14 0)
(1.00006 3.74921e-15 0)
(1.00006 8.70636e-15 0)
(1.00006 2.73679e-14 0)
(1 8.97062e-05 0)
(1.00008 0.000178456 0)
(1.00014 0.000167875 0)
(1.00015 0.000128802 0)
(1.00014 9.42714e-05 0)
(1.00013 6.84558e-05 0)
(1.00012 4.99474e-05 0)
(1.00011 3.69892e-05 0)
(1.0001 2.79077e-05 0)
(1.00009 2.14393e-05 0)
(1.00009 1.6741e-05 0)
(1.00008 1.32605e-05 0)
(1.00008 1.06328e-05 0)
(1.00008 8.61407e-06 0)
(1.00007 7.03888e-06 0)
(1.00007 5.79312e-06 0)
(1.00007 4.79641e-06 0)
(1.00007 3.99105e-06 0)
(1.00007 3.3348e-06 0)
(1.00007 2.79624e-06 0)
(1.00006 2.35156e-06 0)
(1.00006 1.98252e-06 0)
(1.00006 1.67491e-06 0)
(1.00006 1.41754e-06 0)
(1.00006 1.20153e-06 0)
(1.00006 1.01975e-06 0)
(1.00006 8.66406e-07 0)
(1.00006 7.36808e-07 0)
(1.00006 6.27091e-07 0)
(1.00006 5.34073e-07 0)
(1.00006 4.55115e-07 0)
(1.00006 3.88022e-07 0)
(1.00006 3.3096e-07 0)
(1.00006 2.82391e-07 0)
(1.00006 2.41024e-07 0)
(1.00006 2.05772e-07 0)
(1.00006 1.75715e-07 0)
(1.00006 1.50078e-07 0)
(1.00006 1.28203e-07 0)
(1.00006 1.09531e-07 0)
(1.00006 9.35908e-08 0)
(1.00006 7.99785e-08 0)
(1.00006 6.83525e-08 0)
(1.00006 5.84211e-08 0)
(1.00006 4.99362e-08 0)
(1.00006 4.26862e-08 0)
(1.00006 3.64905e-08 0)
(1.00006 3.11952e-08 0)
(1.00006 2.66689e-08 0)
(1.00006 2.28e-08 0)
(1.00006 1.9493e-08 0)
(1.00006 1.66663e-08 0)
(1.00006 1.42499e-08 0)
(1.00006 1.2184e-08 0)
(1.00006 1.04177e-08 0)
(1.00006 8.90766e-09 0)
(1.00006 7.61657e-09 0)
(1.00006 6.51268e-09 0)
(1.00006 5.56885e-09 0)
(1.00006 4.76184e-09 0)
(1.00006 4.07176e-09 0)
(1.00006 3.4816e-09 0)
(1.00006 2.97686e-09 0)
(1.00006 2.54522e-09 0)
(1.00006 2.17624e-09 0)
(1.00006 1.86091e-09 0)
(1.00006 1.59146e-09 0)
(1.00006 1.36122e-09 0)
(1.00006 1.16441e-09 0)
(1.00006 9.96102e-10 0)
(1.00006 8.52101e-10 0)
(1.00006 7.28814e-10 0)
(1.00006 6.23208e-10 0)
(1.00006 5.32752e-10 0)
(1.00006 4.55351e-10 0)
(1.00006 3.89226e-10 0)
(1.00006 3.32819e-10 0)
(1.00006 2.84717e-10 0)
(1.00006 2.43686e-10 0)
(1.00006 2.0865e-10 0)
(1.00006 1.7874e-10 0)
(1.00006 1.53203e-10 0)
(1.00006 1.31361e-10 0)
(1.00006 1.12632e-10 0)
(1.00006 9.64833e-11 0)
(1.00006 8.25164e-11 0)
(1.00006 7.0416e-11 0)
(1.00006 5.99702e-11 0)
(1.00006 5.10253e-11 0)
(1.00006 4.34206e-11 0)
(1.00006 3.6991e-11 0)
(1.00006 3.15488e-11 0)
(1.00006 2.69291e-11 0)
(1.00006 2.29751e-11 0)
(1.00006 1.95947e-11 0)
(1.00006 1.67128e-11 0)
(1.00006 1.42613e-11 0)
(1.00006 1.21896e-11 0)
(1.00006 1.04226e-11 0)
(1.00006 8.91605e-12 0)
(1.00006 7.62018e-12 0)
(1.00006 6.49731e-12 0)
(1.00006 5.51302e-12 0)
(1.00006 4.65442e-12 0)
(1.00006 3.9271e-12 0)
(1.00006 3.32085e-12 0)
(1.00006 2.8246e-12 0)
(1.00006 2.42861e-12 0)
(1.00006 2.09864e-12 0)
(1.00006 1.81166e-12 0)
(1.00006 1.55372e-12 0)
(1.00006 1.30526e-12 0)
(1.00006 1.05848e-12 0)
(1.00006 8.38851e-13 0)
(1.00006 6.49992e-13 0)
(1.00006 4.94281e-13 0)
(1.00006 3.72967e-13 0)
(1.00006 2.88816e-13 0)
(1.00006 2.25585e-13 0)
(1.00006 1.6895e-13 0)
(1.00006 1.32682e-13 0)
(1.00006 7.84381e-14 0)
(1.00006 3.37416e-14 0)
(1.00006 -1.22467e-14 0)
(1.00006 -6.43645e-14 0)
(1.00006 -9.01307e-14 0)
(1.00006 -1.2914e-13 0)
(1.00006 -1.40105e-13 0)
(1.00006 -1.42239e-13 0)
(1.00006 -1.39546e-13 0)
(1.00006 -1.25044e-13 0)
(1.00006 -1.13205e-13 0)
(1.00006 -1.09747e-13 0)
(1.00006 -1.08459e-13 0)
(1.00006 -9.96587e-14 0)
(1.00006 -7.55383e-14 0)
(1.00006 -3.85891e-14 0)
(1.00006 -2.94512e-15 0)
(1.00006 4.72031e-14 0)
(1.00006 9.24066e-14 0)
(1.00006 1.38834e-13 0)
(1.00006 1.74658e-13 0)
(1.00006 2.11441e-13 0)
(1.00006 2.30392e-13 0)
(1.00006 2.29372e-13 0)
(1.00006 2.2273e-13 0)
(1.00006 1.97279e-13 0)
(1.00006 1.88536e-13 0)
(1.00006 1.87106e-13 0)
(1.00006 1.97234e-13 0)
(1.00006 2.12077e-13 0)
(1.00006 2.1772e-13 0)
(1.00006 2.17948e-13 0)
(1.00006 2.08408e-13 0)
(1.00006 2.0518e-13 0)
(1.00006 1.98481e-13 0)
(1.00006 1.80586e-13 0)
(1.00006 1.50867e-13 0)
(1.00006 1.07383e-13 0)
(1.00006 6.89109e-14 0)
(1.00006 4.18547e-14 0)
(1.00006 2.47549e-14 0)
(1.00006 1.88627e-14 0)
(1.00006 3.2937e-15 0)
(1.00006 -2.54371e-15 0)
(1.00006 8.89391e-15 0)
(1.00006 4.1469e-14 0)
(1.00006 8.49233e-14 0)
(1.00006 1.14652e-13 0)
(1.00006 1.36405e-13 0)
(1.00006 1.39906e-13 0)
(1.00006 1.58944e-13 0)
(1.00006 1.85836e-13 0)
(1.00006 1.8832e-13 0)
(1.00006 1.88368e-13 0)
(1.00006 1.82244e-13 0)
(1.00006 1.6825e-13 0)
(1.00006 1.72955e-13 0)
(1.00006 1.9379e-13 0)
(1.00006 1.91709e-13 0)
(1.00006 1.76778e-13 0)
(1.00006 1.70189e-13 0)
(1.00006 1.82938e-13 0)
(1.00006 2.19574e-13 0)
(1.00006 2.49077e-13 0)
(1.00006 2.28419e-13 0)
(1.00006 2.10597e-13 0)
(1.00006 2.43739e-13 0)
(1.00006 2.72763e-13 0)
(1.00006 2.7305e-13 0)
(1.00006 2.27586e-13 0)
(1.00006 1.96892e-13 0)
(1.00006 2.12487e-13 0)
(1.00006 2.30001e-13 0)
(1.00006 2.07436e-13 0)
(1.00006 1.62442e-13 0)
(1.00006 1.34302e-13 0)
(1.00006 1.04427e-13 0)
(1.00006 1.20161e-13 0)
(1.00006 1.00603e-13 0)
(1 7.81432e-05 0)
(1.00004 0.000162299 0)
(1.00008 0.000162153 0)
(1.0001 0.000131204 0)
(1.00011 0.000100294 0)
(1.00011 7.59859e-05 0)
(1.0001 5.77629e-05 0)
(1.0001 4.43039e-05 0)
(1.00009 3.43824e-05 0)
(1.00009 2.70075e-05 0)
(1.00008 2.1457e-05 0)
(1.00008 1.72238e-05 0)
(1.00008 1.39524e-05 0)
(1.00007 1.13925e-05 0)
(1.00007 9.36599e-06 0)
(1.00007 7.7451e-06 0)
(1.00007 6.43668e-06 0)
(1.00007 5.37198e-06 0)
(1.00007 4.49952e-06 0)
(1.00006 3.78027e-06 0)
(1.00006 3.18423e-06 0)
(1.00006 2.68807e-06 0)
(1.00006 2.27348e-06 0)
(1.00006 1.92591e-06 0)
(1.00006 1.63368e-06 0)
(1.00006 1.38741e-06 0)
(1.00006 1.17942e-06 0)
(1.00006 1.00346e-06 0)
(1.00006 8.5437e-07 0)
(1.00006 7.27878e-07 0)
(1.00006 6.20442e-07 0)
(1.00006 5.29102e-07 0)
(1.00006 4.51384e-07 0)
(1.00006 3.8521e-07 0)
(1.00006 3.28829e-07 0)
(1.00006 2.80769e-07 0)
(1.00006 2.39784e-07 0)
(1.00006 2.04818e-07 0)
(1.00006 1.74977e-07 0)
(1.00006 1.49504e-07 0)
(1.00006 1.27754e-07 0)
(1.00006 1.09178e-07 0)
(1.00006 9.33114e-08 0)
(1.00006 7.97566e-08 0)
(1.00006 6.81752e-08 0)
(1.00006 5.82786e-08 0)
(1.00006 4.98207e-08 0)
(1.00006 4.25915e-08 0)
(1.00006 3.64123e-08 0)
(1.00006 3.11306e-08 0)
(1.00006 2.66159e-08 0)
(1.00006 2.27566e-08 0)
(1.00006 1.94572e-08 0)
(1.00006 1.66365e-08 0)
(1.00006 1.4225e-08 0)
(1.00006 1.21631e-08 0)
(1.00006 1.04003e-08 0)
(1.00006 8.89295e-09 0)
(1.00006 7.60413e-09 0)
(1.00006 6.50212e-09 0)
(1.00006 5.55976e-09 0)
(1.00006 4.75384e-09 0)
(1.00006 4.06464e-09 0)
(1.00006 3.47535e-09 0)
(1.00006 2.97163e-09 0)
(1.00006 2.54116e-09 0)
(1.00006 2.17332e-09 0)
(1.00006 1.85892e-09 0)
(1.00006 1.59011e-09 0)
(1.00006 1.3602e-09 0)
(1.00006 1.16343e-09 0)
(1.00006 9.94956e-10 0)
(1.00006 8.50694e-10 0)
(1.00006 7.27215e-10 0)
(1.00006 6.21603e-10 0)
(1.00006 5.31407e-10 0)
(1.00006 4.54444e-10 0)
(1.00006 3.88806e-10 0)
(1.00006 3.32818e-10 0)
(1.00006 2.85056e-10 0)
(1.00006 2.44283e-10 0)
(1.00006 2.09442e-10 0)
(1.00006 1.79601e-10 0)
(1.00006 1.53933e-10 0)
(1.00006 1.31789e-10 0)
(1.00006 1.12628e-10 0)
(1.00006 9.60813e-11 0)
(1.00006 8.18501e-11 0)
(1.00006 6.96619e-11 0)
(1.00006 5.9295e-11 0)
(1.00006 5.04814e-11 0)
(1.00006 4.29951e-11 0)
(1.00006 3.66276e-11 0)
(1.00006 3.12009e-11 0)
(1.00006 2.65956e-11 0)
(1.00006 2.26892e-11 0)
(1.00006 1.9382e-11 0)
(1.00006 1.6587e-11 0)
(1.00006 1.42148e-11 0)
(1.00006 1.219e-11 0)
(1.00006 1.04421e-11 0)
(1.00006 8.92942e-12 0)
(1.00006 7.62357e-12 0)
(1.00006 6.49119e-12 0)
(1.00006 5.53282e-12 0)
(1.00006 4.72241e-12 0)
(1.00006 4.05051e-12 0)
(1.00006 3.48862e-12 0)
(1.00006 2.99753e-12 0)
(1.00006 2.57447e-12 0)
(1.00006 2.1714e-12 0)
(1.00006 1.79269e-12 0)
(1.00006 1.46564e-12 0)
(1.00006 1.15936e-12 0)
(1.00006 9.11922e-13 0)
(1.00006 7.08791e-13 0)
(1.00006 5.53022e-13 0)
(1.00006 4.2436e-13 0)
(1.00006 3.12451e-13 0)
(1.00006 2.24771e-13 0)
(1.00006 1.3367e-13 0)
(1.00006 5.90839e-14 0)
(1.00006 -5.84111e-15 0)
(1.00006 -7.30435e-14 0)
(1.00006 -1.2966e-13 0)
(1.00006 -1.86759e-13 0)
(1.00006 -2.20418e-13 0)
(1.00006 -2.43412e-13 0)
(1.00006 -2.5988e-13 0)
(1.00006 -2.44993e-13 0)
(1.00006 -2.30612e-13 0)
(1.00006 -2.1326e-13 0)
(1.00006 -1.88302e-13 0)
(1.00006 -1.54151e-13 0)
(1.00006 -1.19864e-13 0)
(1.00006 -7.189e-14 0)
(1.00006 -2.89017e-14 0)
(1.00006 2.04957e-14 0)
(1.00006 6.50328e-14 0)
(1.00006 9.50893e-14 0)
(1.00006 1.37293e-13 0)
(1.00006 1.78549e-13 0)
(1.00006 2.12871e-13 0)
(1.00006 2.36752e-13 0)
(1.00006 2.48822e-13 0)
(1.00006 2.54489e-13 0)
(1.00006 2.61787e-13 0)
(1.00006 2.78797e-13 0)
(1.00006 2.88348e-13 0)
(1.00006 2.89638e-13 0)
(1.00006 2.82681e-13 0)
(1.00006 2.71643e-13 0)
(1.00006 2.6308e-13 0)
(1.00006 2.61856e-13 0)
(1.00006 2.50299e-13 0)
(1.00006 2.32418e-13 0)
(1.00006 2.01207e-13 0)
(1.00006 1.59604e-13 0)
(1.00006 1.19526e-13 0)
(1.00006 9.36753e-14 0)
(1.00006 7.59353e-14 0)
(1.00006 5.15913e-14 0)
(1.00006 3.76789e-14 0)
(1.00006 1.4109e-14 0)
(1.00006 1.65602e-14 0)
(1.00006 5.36037e-14 0)
(1.00006 7.84398e-14 0)
(1.00006 1.18256e-13 0)
(1.00006 1.34405e-13 0)
(1.00006 1.59914e-13 0)
(1.00006 2.0329e-13 0)
(1.00006 2.44516e-13 0)
(1.00006 2.66081e-13 0)
(1.00006 2.71559e-13 0)
(1.00006 2.73187e-13 0)
(1.00006 2.65892e-13 0)
(1.00006 2.89326e-13 0)
(1.00006 3.03378e-13 0)
(1.00006 2.87215e-13 0)
(1.00006 2.8536e-13 0)
(1.00006 2.84757e-13 0)
(1.00006 2.89893e-13 0)
(1.00006 3.18117e-13 0)
(1.00006 3.20913e-13 0)
(1.00006 3.17829e-13 0)
(1.00006 3.30331e-13 0)
(1.00006 3.34238e-13 0)
(1.00006 3.37364e-13 0)
(1.00006 3.54357e-13 0)
(1.00006 3.37542e-13 0)
(1.00006 3.15038e-13 0)
(1.00006 3.2106e-13 0)
(1.00006 3.19628e-13 0)
(1.00006 2.95023e-13 0)
(1.00006 2.55372e-13 0)
(1.00006 1.85723e-13 0)
(1.00006 1.85966e-13 0)
(1.00006 1.9441e-13 0)
(1.00006 1.19168e-13 0)
(1.00006 8.97603e-14 0)
(1 5.39172e-05 0)
(1.00003 0.000119949 0)
(1.00005 0.000130263 0)
(1.00007 0.000114674 0)
(1.00009 9.40384e-05 0)
(1.00009 7.53796e-05 0)
(1.00009 6.00034e-05 0)
(1.00009 4.77637e-05 0)
(1.00008 3.81681e-05 0)
(1.00008 3.0675e-05 0)
(1.00008 2.48109e-05 0)
(1.00008 2.01973e-05 0)
(1.00007 1.65424e-05 0)
(1.00007 1.36253e-05 0)
(1.00007 1.12794e-05 0)
(1.00007 9.37911e-06 0)
(1.00007 7.82947e-06 0)
(1.00007 6.55805e-06 0)
(1.00007 5.5092e-06 0)
(1.00006 4.63979e-06 0)
(1.00006 3.91606e-06 0)
(1.00006 3.31138e-06 0)
(1.00006 2.80454e-06 0)
(1.00006 2.37853e-06 0)
(1.00006 2.0196e-06 0)
(1.00006 1.71655e-06 0)
(1.00006 1.46024e-06 0)
(1.00006 1.24311e-06 0)
(1.00006 1.05894e-06 0)
(1.00006 9.02545e-07 0)
(1.00006 7.69604e-07 0)
(1.00006 6.56506e-07 0)
(1.00006 5.60221e-07 0)
(1.00006 4.78196e-07 0)
(1.00006 4.08284e-07 0)
(1.00006 3.48668e-07 0)
(1.00006 2.97812e-07 0)
(1.00006 2.54415e-07 0)
(1.00006 2.17371e-07 0)
(1.00006 1.85742e-07 0)
(1.00006 1.58731e-07 0)
(1.00006 1.3566e-07 0)
(1.00006 1.15952e-07 0)
(1.00006 9.91126e-08 0)
(1.00006 8.47239e-08 0)
(1.00006 7.24272e-08 0)
(1.00006 6.19175e-08 0)
(1.00006 5.29344e-08 0)
(1.00006 4.52559e-08 0)
(1.00006 3.86923e-08 0)
(1.00006 3.30816e-08 0)
(1.00006 2.82852e-08 0)
(1.00006 2.41846e-08 0)
(1.00006 2.06788e-08 0)
(1.00006 1.76814e-08 0)
(1.00006 1.51187e-08 0)
(1.00006 1.29275e-08 0)
(1.00006 1.1054e-08 0)
(1.00006 9.452e-09 0)
(1.00006 8.08217e-09 0)
(1.00006 6.91076e-09 0)
(1.00006 5.90899e-09 0)
(1.00006 5.05231e-09 0)
(1.00006 4.31991e-09 0)
(1.00006 3.69391e-09 0)
(1.00006 3.15891e-09 0)
(1.00006 2.7017e-09 0)
(1.00006 2.31086e-09 0)
(1.00006 1.97664e-09 0)
(1.00006 1.69072e-09 0)
(1.00006 1.44602e-09 0)
(1.00006 1.23653e-09 0)
(1.00006 1.05719e-09 0)
(1.00006 9.03727e-10 0)
(1.00006 7.72529e-10 0)
(1.00006 6.60498e-10 0)
(1.00006 5.64899e-10 0)
(1.00006 4.83378e-10 0)
(1.00006 4.13842e-10 0)
(1.00006 3.54515e-10 0)
(1.00006 3.03859e-10 0)
(1.00006 2.60519e-10 0)
(1.00006 2.23357e-10 0)
(1.00006 1.91361e-10 0)
(1.00006 1.6376e-10 0)
(1.00006 1.3992e-10 0)
(1.00006 1.19357e-10 0)
(1.00006 1.01698e-10 0)
(1.00006 8.65828e-11 0)
(1.00006 7.3701e-11 0)
(1.00006 6.27322e-11 0)
(1.00006 5.34012e-11 0)
(1.00006 4.54609e-11 0)
(1.00006 3.87097e-11 0)
(1.00006 3.29845e-11 0)
(1.00006 2.81379e-11 0)
(1.00006 2.40503e-11 0)
(1.00006 2.05933e-11 0)
(1.00006 1.7655e-11 0)
(1.00006 1.51482e-11 0)
(1.00006 1.29978e-11 0)
(1.00006 1.11338e-11 0)
(1.00006 9.52091e-12 0)
(1.00006 8.13175e-12 0)
(1.00006 6.95584e-12 0)
(1.00006 5.96322e-12 0)
(1.00006 5.13148e-12 0)
(1.00006 4.42803e-12 0)
(1.00006 3.80172e-12 0)
(1.00006 3.24394e-12 0)
(1.00006 2.74082e-12 0)
(1.00006 2.25811e-12 0)
(1.00006 1.83662e-12 0)
(1.00006 1.46976e-12 0)
(1.00006 1.16441e-12 0)
(1.00006 9.12498e-13 0)
(1.00006 7.08494e-13 0)
(1.00006 5.44822e-13 0)
(1.00006 3.8892e-13 0)
(1.00006 2.70497e-13 0)
(1.00006 1.51125e-13 0)
(1.00006 5.03029e-14 0)
(1.00006 -3.53152e-14 0)
(1.00006 -1.25787e-13 0)
(1.00006 -1.81884e-13 0)
(1.00006 -2.45058e-13 0)
(1.00006 -2.83553e-13 0)
(1.00006 -2.97899e-13 0)
(1.00006 -3.11031e-13 0)
(1.00006 -3.06203e-13 0)
(1.00006 -2.94083e-13 0)
(1.00006 -2.77068e-13 0)
(1.00006 -2.53576e-13 0)
(1.00006 -2.16364e-13 0)
(1.00006 -1.68725e-13 0)
(1.00006 -1.00188e-13 0)
(1.00006 -4.0849e-14 0)
(1.00006 1.99007e-14 0)
(1.00006 7.90155e-14 0)
(1.00006 1.41241e-13 0)
(1.00006 1.96355e-13 0)
(1.00006 2.52943e-13 0)
(1.00006 2.90784e-13 0)
(1.00006 3.05553e-13 0)
(1.00006 3.16239e-13 0)
(1.00006 3.1817e-13 0)
(1.00006 3.29233e-13 0)
(1.00006 3.41414e-13 0)
(1.00006 3.5058e-13 0)
(1.00006 3.52083e-13 0)
(1.00006 3.51745e-13 0)
(1.00006 3.55428e-13 0)
(1.00006 3.47429e-13 0)
(1.00006 3.43597e-13 0)
(1.00006 3.28988e-13 0)
(1.00006 2.89182e-13 0)
(1.00006 2.40427e-13 0)
(1.00006 1.89722e-13 0)
(1.00006 1.39045e-13 0)
(1.00006 9.23759e-14 0)
(1.00006 5.28642e-14 0)
(1.00006 1.4631e-14 0)
(1.00006 -9.75176e-15 0)
(1.00006 -1.19911e-14 0)
(1.00006 2.79841e-15 0)
(1.00006 4.97822e-14 0)
(1.00006 8.49447e-14 0)
(1.00006 1.14523e-13 0)
(1.00006 1.6427e-13 0)
(1.00006 2.09651e-13 0)
(1.00006 2.58856e-13 0)
(1.00006 3.06067e-13 0)
(1.00006 3.22074e-13 0)
(1.00006 3.27968e-13 0)
(1.00006 3.50178e-13 0)
(1.00006 3.73911e-13 0)
(1.00006 3.81553e-13 0)
(1.00006 3.85924e-13 0)
(1.00006 3.70588e-13 0)
(1.00006 3.82384e-13 0)
(1.00006 4.22372e-13 0)
(1.00006 4.23326e-13 0)
(1.00006 4.14905e-13 0)
(1.00006 4.13608e-13 0)
(1.00006 4.03319e-13 0)
(1.00006 4.28979e-13 0)
(1.00006 4.68184e-13 0)
(1.00006 4.42416e-13 0)
(1.00006 4.2285e-13 0)
(1.00006 4.224e-13 0)
(1.00006 4.31729e-13 0)
(1.00006 4.10216e-13 0)
(1.00006 3.51585e-13 0)
(1.00006 3.10518e-13 0)
(1.00006 3.14868e-13 0)
(1.00006 3.05725e-13 0)
(1.00006 2.11309e-13 0)
(1.00006 1.37068e-13 0)
(1.00006 1.5812e-13 0)
(1.00006 1.4103e-13 0)
(1 4.28873e-05 0)
(1.00002 9.77241e-05 0)
(1.00004 0.000110295 0)
(1.00006 0.000101568 0)
(1.00007 8.6893e-05 0)
(1.00007 7.23137e-05 0)
(1.00008 5.95037e-05 0)
(1.00008 4.87456e-05 0)
(1.00008 3.99069e-05 0)
(1.00008 3.27228e-05 0)
(1.00007 2.69076e-05 0)
(1.00007 2.22015e-05 0)
(1.00007 1.83849e-05 0)
(1.00007 1.52791e-05 0)
(1.00007 1.27411e-05 0)
(1.00007 1.0658e-05 0)
(1.00007 8.94074e-06 0)
(1.00006 7.51913e-06 0)
(1.00006 6.33768e-06 0)
(1.00006 5.35232e-06 0)
(1.00006 4.52788e-06 0)
(1.00006 3.83612e-06 0)
(1.00006 3.25422e-06 0)
(1.00006 2.76366e-06 0)
(1.00006 2.3493e-06 0)
(1.00006 1.99872e-06 0)
(1.00006 1.70167e-06 0)
(1.00006 1.44966e-06 0)
(1.00006 1.23562e-06 0)
(1.00006 1.05366e-06 0)
(1.00006 8.98843e-07 0)
(1.00006 7.67034e-07 0)
(1.00006 6.54742e-07 0)
(1.00006 5.59027e-07 0)
(1.00006 4.77406e-07 0)
(1.00006 4.07777e-07 0)
(1.00006 3.48358e-07 0)
(1.00006 2.97637e-07 0)
(1.00006 2.54331e-07 0)
(1.00006 2.17347e-07 0)
(1.00006 1.85757e-07 0)
(1.00006 1.5877e-07 0)
(1.00006 1.35713e-07 0)
(1.00006 1.16011e-07 0)
(1.00006 9.91734e-08 0)
(1.00006 8.47829e-08 0)
(1.00006 7.24827e-08 0)
(1.00006 6.19688e-08 0)
(1.00006 5.29814e-08 0)
(1.00006 4.52987e-08 0)
(1.00006 3.87308e-08 0)
(1.00006 3.31159e-08 0)
(1.00006 2.83154e-08 0)
(1.00006 2.42111e-08 0)
(1.00006 2.07019e-08 0)
(1.00006 1.77015e-08 0)
(1.00006 1.5136e-08 0)
(1.00006 1.29425e-08 0)
(1.00006 1.10669e-08 0)
(1.00006 9.4631e-09 0)
(1.00006 8.09152e-09 0)
(1.00006 6.91857e-09 0)
(1.00006 5.91561e-09 0)
(1.00006 5.05817e-09 0)
(1.00006 4.32529e-09 0)
(1.00006 3.69894e-09 0)
(1.00006 3.16356e-09 0)
(1.00006 2.70585e-09 0)
(1.00006 2.31442e-09 0)
(1.00006 1.97954e-09 0)
(1.00006 1.69293e-09 0)
(1.00006 1.44758e-09 0)
(1.00006 1.23759e-09 0)
(1.00006 1.05794e-09 0)
(1.00006 9.04409e-10 0)
(1.00006 7.73325e-10 0)
(1.00006 6.61486e-10 0)
(1.00006 5.66101e-10 0)
(1.00006 4.84747e-10 0)
(1.00006 4.15307e-10 0)
(1.00006 3.5597e-10 0)
(1.00006 3.05169e-10 0)
(1.00006 2.61558e-10 0)
(1.00006 2.24022e-10 0)
(1.00006 1.91641e-10 0)
(1.00006 1.63711e-10 0)
(1.00006 1.39676e-10 0)
(1.00006 1.19033e-10 0)
(1.00006 1.01376e-10 0)
(1.00006 8.63039e-11 0)
(1.00006 7.3449e-11 0)
(1.00006 6.25065e-11 0)
(1.00006 5.31847e-11 0)
(1.00006 4.52734e-11 0)
(1.00006 3.85767e-11 0)
(1.00006 3.29075e-11 0)
(1.00006 2.81339e-11 0)
(1.00006 2.40935e-11 0)
(1.00006 2.06687e-11 0)
(1.00006 1.77388e-11 0)
(1.00006 1.52145e-11 0)
(1.00006 1.30509e-11 0)
(1.00006 1.11799e-11 0)
(1.00006 9.57896e-12 0)
(1.00006 8.21552e-12 0)
(1.00006 7.0674e-12 0)
(1.00006 6.10183e-12 0)
(1.00006 5.25587e-12 0)
(1.00006 4.51787e-12 0)
(1.00006 3.84035e-12 0)
(1.00006 3.21673e-12 0)
(1.00006 2.66905e-12 0)
(1.00006 2.17028e-12 0)
(1.00006 1.74622e-12 0)
(1.00006 1.38846e-12 0)
(1.00006 1.10313e-12 0)
(1.00006 8.62203e-13 0)
(1.00006 6.51617e-13 0)
(1.00006 4.70584e-13 0)
(1.00006 3.11895e-13 0)
(1.00006 1.62241e-13 0)
(1.00006 3.80912e-14 0)
(1.00006 -6.71764e-14 0)
(1.00006 -1.60417e-13 0)
(1.00006 -2.32508e-13 0)
(1.00006 -2.92515e-13 0)
(1.00006 -3.29334e-13 0)
(1.00006 -3.59711e-13 0)
(1.00006 -3.65098e-13 0)
(1.00006 -3.68336e-13 0)
(1.00006 -3.68972e-13 0)
(1.00006 -3.55551e-13 0)
(1.00006 -3.16588e-13 0)
(1.00006 -2.69452e-13 0)
(1.00006 -2.01151e-13 0)
(1.00006 -1.28186e-13 0)
(1.00006 -5.57183e-14 0)
(1.00006 3.44755e-14 0)
(1.00006 1.0012e-13 0)
(1.00006 1.73377e-13 0)
(1.00006 2.40078e-13 0)
(1.00006 2.94309e-13 0)
(1.00006 3.28544e-13 0)
(1.00006 3.4235e-13 0)
(1.00006 3.56682e-13 0)
(1.00006 3.65436e-13 0)
(1.00006 3.89443e-13 0)
(1.00006 4.0896e-13 0)
(1.00006 4.16492e-13 0)
(1.00006 4.20231e-13 0)
(1.00006 4.22506e-13 0)
(1.00006 4.29446e-13 0)
(1.00006 4.28258e-13 0)
(1.00006 4.06763e-13 0)
(1.00006 3.69943e-13 0)
(1.00006 3.19463e-13 0)
(1.00006 2.61353e-13 0)
(1.00006 2.0005e-13 0)
(1.00006 1.42434e-13 0)
(1.00006 8.68104e-14 0)
(1.00006 2.10119e-14 0)
(1.00006 -8.70487e-15 0)
(1.00006 -2.89915e-14 0)
(1.00006 -2.32472e-14 0)
(1.00006 1.85937e-14 0)
(1.00006 3.4602e-14 0)
(1.00006 8.19684e-14 0)
(1.00006 1.30525e-13 0)
(1.00006 1.95521e-13 0)
(1.00006 2.58956e-13 0)
(1.00006 3.02103e-13 0)
(1.00006 3.34056e-13 0)
(1.00006 3.62394e-13 0)
(1.00006 4.11094e-13 0)
(1.00006 4.30515e-13 0)
(1.00006 4.40343e-13 0)
(1.00006 4.52759e-13 0)
(1.00006 4.54133e-13 0)
(1.00006 4.57581e-13 0)
(1.00006 4.79112e-13 0)
(1.00006 5.03527e-13 0)
(1.00006 5.0194e-13 0)
(1.00006 4.87475e-13 0)
(1.00006 5.2039e-13 0)
(1.00006 5.50914e-13 0)
(1.00006 5.32726e-13 0)
(1.00006 5.05861e-13 0)
(1.00006 5.06186e-13 0)
(1.00006 5.30394e-13 0)
(1.00006 5.20377e-13 0)
(1.00006 4.92559e-13 0)
(1.00006 4.45419e-13 0)
(1.00006 4.06648e-13 0)
(1.00006 4.11242e-13 0)
(1.00006 3.62792e-13 0)
(1.00006 3.1565e-13 0)
(1.00006 2.74138e-13 0)
(1.00006 2.32438e-13 0)
(1.00006 2.09605e-13 0)
(1.00006 1.5473e-13 0)
(1 3.47297e-05 0)
(1.00001 8.04094e-05 0)
(1.00003 9.31821e-05 0)
(1.00004 8.86753e-05 0)
(1.00005 7.84413e-05 0)
(1.00006 6.7341e-05 0)
(1.00007 5.69845e-05 0)
(1.00007 4.78473e-05 0)
(1.00007 4.00143e-05 0)
(1.00007 3.34104e-05 0)
(1.00007 2.78954e-05 0)
(1.00007 2.33126e-05 0)
(1.00007 1.9512e-05 0)
(1.00007 1.63604e-05 0)
(1.00007 1.3744e-05 0)
(1.00006 1.15678e-05 0)
(1.00006 9.75382e-06 0)
(1.00006 8.23808e-06 0)
(1.00006 6.96853e-06 0)
(1.00006 5.90276e-06 0)
(1.00006 5.00612e-06 0)
(1.00006 4.2503e-06 0)
(1.00006 3.61203e-06 0)
(1.00006 3.07217e-06 0)
(1.00006 2.6149e-06 0)
(1.00006 2.22711e-06 0)
(1.00006 1.89786e-06 0)
(1.00006 1.61806e-06 0)
(1.00006 1.38008e-06 0)
(1.00006 1.17751e-06 0)
(1.00006 1.00499e-06 0)
(1.00006 8.57971e-07 0)
(1.00006 7.32625e-07 0)
(1.00006 6.25714e-07 0)
(1.00006 5.34495e-07 0)
(1.00006 4.56641e-07 0)
(1.00006 3.90176e-07 0)
(1.00006 3.33421e-07 0)
(1.00006 2.84948e-07 0)
(1.00006 2.43541e-07 0)
(1.00006 2.08165e-07 0)
(1.00006 1.77939e-07 0)
(1.00006 1.52109e-07 0)
(1.00006 1.30035e-07 0)
(1.00006 1.11168e-07 0)
(1.00006 9.50414e-08 0)
(1.00006 8.12563e-08 0)
(1.00006 6.94724e-08 0)
(1.00006 5.93988e-08 0)
(1.00006 5.07869e-08 0)
(1.00006 4.34244e-08 0)
(1.00006 3.71297e-08 0)
(1.00006 3.17479e-08 0)
(1.00006 2.71463e-08 0)
(1.00006 2.32119e-08 0)
(1.00006 1.98479e-08 0)
(1.00006 1.69715e-08 0)
(1.00006 1.45121e-08 0)
(1.00006 1.24092e-08 0)
(1.00006 1.06109e-08 0)
(1.00006 9.07297e-09 0)
(1.00006 7.7578e-09 0)
(1.00006 6.63328e-09 0)
(1.00006 5.67197e-09 0)
(1.00006 4.85025e-09 0)
(1.00006 4.1479e-09 0)
(1.00006 3.5475e-09 0)
(1.00006 3.03417e-09 0)
(1.00006 2.59513e-09 0)
(1.00006 2.21951e-09 0)
(1.00006 1.89806e-09 0)
(1.00006 1.6229e-09 0)
(1.00006 1.38744e-09 0)
(1.00006 1.18607e-09 0)
(1.00006 1.01402e-09 0)
(1.00006 8.67141e-10 0)
(1.00006 7.41846e-10 0)
(1.00006 6.34964e-10 0)
(1.00006 5.43765e-10 0)
(1.00006 4.65901e-10 0)
(1.00006 3.99309e-10 0)
(1.00006 3.4227e-10 0)
(1.00006 2.93265e-10 0)
(1.00006 2.51096e-10 0)
(1.00006 2.14764e-10 0)
(1.00006 1.83454e-10 0)
(1.00006 1.56544e-10 0)
(1.00006 1.33446e-10 0)
(1.00006 1.13674e-10 0)
(1.00006 9.67798e-11 0)
(1.00006 8.23561e-11 0)
(1.00006 7.00721e-11 0)
(1.00006 5.96185e-11 0)
(1.00006 5.07404e-11 0)
(1.00006 4.32323e-11 0)
(1.00006 3.6887e-11 0)
(1.00006 3.15402e-11 0)
(1.00006 2.70096e-11 0)
(1.00006 2.31598e-11 0)
(1.00006 1.98816e-11 0)
(1.00006 1.70586e-11 0)
(1.00006 1.46395e-11 0)
(1.00006 1.25532e-11 0)
(1.00006 1.07818e-11 0)
(1.00006 9.27952e-12 0)
(1.00006 7.99596e-12 0)
(1.00006 6.91608e-12 0)
(1.00006 5.95437e-12 0)
(1.00006 5.09237e-12 0)
(1.00006 4.33291e-12 0)
(1.00006 3.6186e-12 0)
(1.00006 2.99511e-12 0)
(1.00006 2.44665e-12 0)
(1.00006 1.99087e-12 0)
(1.00006 1.60672e-12 0)
(1.00006 1.26986e-12 0)
(1.00006 1.00437e-12 0)
(1.00006 7.53319e-13 0)
(1.00006 5.34306e-13 0)
(1.00006 3.44972e-13 0)
(1.00006 1.68097e-13 0)
(1.00006 2.63803e-14 0)
(1.00006 -1.01444e-13 0)
(1.00006 -1.9145e-13 0)
(1.00006 -2.6689e-13 0)
(1.00006 -3.33296e-13 0)
(1.00006 -3.60822e-13 0)
(1.00006 -3.93077e-13 0)
(1.00006 -4.15029e-13 0)
(1.00006 -4.29109e-13 0)
(1.00006 -4.26107e-13 0)
(1.00006 -4.12647e-13 0)
(1.00006 -3.68868e-13 0)
(1.00006 -3.12153e-13 0)
(1.00006 -2.27987e-13 0)
(1.00006 -1.35891e-13 0)
(1.00006 -6.03271e-14 0)
(1.00006 3.26057e-14 0)
(1.00006 1.2212e-13 0)
(1.00006 2.01936e-13 0)
(1.00006 2.6345e-13 0)
(1.00006 3.12647e-13 0)
(1.00006 3.44563e-13 0)
(1.00006 3.62962e-13 0)
(1.00006 3.93569e-13 0)
(1.00006 4.17389e-13 0)
(1.00006 4.38861e-13 0)
(1.00006 4.58206e-13 0)
(1.00006 4.63555e-13 0)
(1.00006 4.72752e-13 0)
(1.00006 4.89306e-13 0)
(1.00006 4.91401e-13 0)
(1.00006 4.81622e-13 0)
(1.00006 4.53895e-13 0)
(1.00006 4.0704e-13 0)
(1.00006 3.41974e-13 0)
(1.00006 2.81865e-13 0)
(1.00006 2.12242e-13 0)
(1.00006 1.30313e-13 0)
(1.00006 7.30465e-14 0)
(1.00006 6.95983e-16 0)
(1.00006 -3.30982e-14 0)
(1.00006 -2.87949e-14 0)
(1.00006 -3.28501e-14 0)
(1.00006 2.22516e-15 0)
(1.00006 2.71516e-14 0)
(1.00006 7.49098e-14 0)
(1.00006 1.46398e-13 0)
(1.00006 2.18344e-13 0)
(1.00006 2.73313e-13 0)
(1.00006 3.21281e-13 0)
(1.00006 3.7292e-13 0)
(1.00006 4.07838e-13 0)
(1.00006 4.56632e-13 0)
(1.00006 4.93764e-13 0)
(1.00006 4.87554e-13 0)
(1.00006 5.02791e-13 0)
(1.00006 5.37275e-13 0)
(1.00006 5.55942e-13 0)
(1.00006 5.57445e-13 0)
(1.00006 5.52523e-13 0)
(1.00006 5.71644e-13 0)
(1.00006 5.77561e-13 0)
(1.00006 5.80891e-13 0)
(1.00006 6.02562e-13 0)
(1.00006 6.21087e-13 0)
(1.00006 5.91619e-13 0)
(1.00006 5.66551e-13 0)
(1.00006 5.78654e-13 0)
(1.00006 5.60439e-13 0)
(1.00006 5.44179e-13 0)
(1.00006 5.48895e-13 0)
(1.00006 4.88026e-13 0)
(1.00006 4.27915e-13 0)
(1.00006 3.79393e-13 0)
(1.00006 3.44064e-13 0)
(1.00006 2.95347e-13 0)
(1.00006 2.36465e-13 0)
(1.00006 1.88501e-13 0)
(1.00006 1.42619e-13 0)
(1 2.8845e-05 0)
(1.00001 6.73678e-05 0)
(1.00002 7.93141e-05 0)
(1.00003 7.71962e-05 0)
(1.00004 7.00139e-05 0)
(1.00005 6.15939e-05 0)
(1.00006 5.33209e-05 0)
(1.00006 4.57042e-05 0)
(1.00006 3.89282e-05 0)
(1.00006 3.30274e-05 0)
(1.00006 2.79591e-05 0)
(1.00006 2.36439e-05 0)
(1.00006 1.99898e-05 0)
(1.00006 1.6905e-05 0)
(1.00006 1.43047e-05 0)
(1.00006 1.21136e-05 0)
(1.00006 1.02669e-05 0)
(1.00006 8.70939e-06 0)
(1.00006 7.39444e-06 0)
(1.00006 6.2831e-06 0)
(1.00006 5.34279e-06 0)
(1.00006 4.5463e-06 0)
(1.00006 3.87093e-06 0)
(1.00006 3.2977e-06 0)
(1.00006 2.81072e-06 0)
(1.00006 2.39668e-06 0)
(1.00006 2.0444e-06 0)
(1.00006 1.74448e-06 0)
(1.00006 1.48898e-06 0)
(1.00006 1.27122e-06 0)
(1.00006 1.08554e-06 0)
(1.00006 9.27156e-07 0)
(1.00006 7.92009e-07 0)
(1.00006 6.76657e-07 0)
(1.00006 5.78176e-07 0)
(1.00006 4.9408e-07 0)
(1.00006 4.22253e-07 0)
(1.00006 3.60897e-07 0)
(1.00006 3.08476e-07 0)
(1.00006 2.63685e-07 0)
(1.00006 2.25409e-07 0)
(1.00006 1.92697e-07 0)
(1.00006 1.64739e-07 0)
(1.00006 1.40841e-07 0)
(1.00006 1.20414e-07 0)
(1.00006 1.02951e-07 0)
(1.00006 8.80229e-08 0)
(1.00006 7.52608e-08 0)
(1.00006 6.43502e-08 0)
(1.00006 5.50221e-08 0)
(1.00006 4.70468e-08 0)
(1.00006 4.02279e-08 0)
(1.00006 3.43976e-08 0)
(1.00006 2.94123e-08 0)
(1.00006 2.51497e-08 0)
(1.00006 2.15051e-08 0)
(1.00006 1.83887e-08 0)
(1.00006 1.57242e-08 0)
(1.00006 1.34457e-08 0)
(1.00006 1.14973e-08 0)
(1.00006 9.83096e-09 0)
(1.00006 8.40606e-09 0)
(1.00006 7.18772e-09 0)
(1.00006 6.14617e-09 0)
(1.00006 5.25582e-09 0)
(1.00006 4.49471e-09 0)
(1.00006 3.84402e-09 0)
(1.00006 3.28766e-09 0)
(1.00006 2.81184e-09 0)
(1.00006 2.40475e-09 0)
(1.00006 2.05635e-09 0)
(1.00006 1.75819e-09 0)
(1.00006 1.50309e-09 0)
(1.00006 1.28499e-09 0)
(1.00006 1.09869e-09 0)
(1.00006 9.39666e-10 0)
(1.00006 8.03988e-10 0)
(1.00006 6.88237e-10 0)
(1.00006 5.89432e-10 0)
(1.00006 5.05019e-10 0)
(1.00006 4.32788e-10 0)
(1.00006 3.70877e-10 0)
(1.00006 3.17704e-10 0)
(1.00006 2.71958e-10 0)
(1.00006 2.32572e-10 0)
(1.00006 1.98682e-10 0)
(1.00006 1.69552e-10 0)
(1.00006 1.44566e-10 0)
(1.00006 1.23171e-10 0)
(1.00006 1.04868e-10 0)
(1.00006 8.92452e-11 0)
(1.00006 7.59205e-11 0)
(1.00006 6.4592e-11 0)
(1.00006 5.49812e-11 0)
(1.00006 4.68416e-11 0)
(1.00006 3.99689e-11 0)
(1.00006 3.41631e-11 0)
(1.00006 2.92617e-11 0)
(1.00006 2.50891e-11 0)
(1.00006 2.15224e-11 0)
(1.00006 1.84732e-11 0)
(1.00006 1.58619e-11 0)
(1.00006 1.3631e-11 0)
(1.00006 1.17287e-11 0)
(1.00006 1.01102e-11 0)
(1.00006 8.73233e-12 0)
(1.00006 7.53802e-12 0)
(1.00006 6.49545e-12 0)
(1.00006 5.54684e-12 0)
(1.00006 4.69061e-12 0)
(1.00006 3.92946e-12 0)
(1.00006 3.26134e-12 0)
(1.00006 2.6877e-12 0)
(1.00006 2.19295e-12 0)
(1.00006 1.78836e-12 0)
(1.00006 1.43137e-12 0)
(1.00006 1.11863e-12 0)
(1.00006 8.3901e-13 0)
(1.00006 5.91222e-13 0)
(1.00006 3.61833e-13 0)
(1.00006 1.61041e-13 0)
(1.00006 5.79471e-15 0)
(1.00006 -1.24943e-13 0)
(1.00006 -2.20934e-13 0)
(1.00006 -2.90939e-13 0)
(1.00006 -3.41402e-13 0)
(1.00006 -3.87977e-13 0)
(1.00006 -4.23723e-13 0)
(1.00006 -4.51651e-13 0)
(1.00006 -4.73544e-13 0)
(1.00006 -4.79868e-13 0)
(1.00006 -4.54049e-13 0)
(1.00006 -4.04008e-13 0)
(1.00006 -3.32549e-13 0)
(1.00006 -2.49751e-13 0)
(1.00006 -1.61466e-13 0)
(1.00006 -5.56618e-14 0)
(1.00006 3.73366e-14 0)
(1.00006 1.30406e-13 0)
(1.00006 2.13529e-13 0)
(1.00006 2.83375e-13 0)
(1.00006 3.31012e-13 0)
(1.00006 3.62913e-13 0)
(1.00006 3.99908e-13 0)
(1.00006 4.27873e-13 0)
(1.00006 4.52703e-13 0)
(1.00006 4.71054e-13 0)
(1.00006 4.88534e-13 0)
(1.00006 5.0788e-13 0)
(1.00006 5.2101e-13 0)
(1.00006 5.38199e-13 0)
(1.00006 5.43338e-13 0)
(1.00006 5.19963e-13 0)
(1.00006 4.76957e-13 0)
(1.00006 4.27677e-13 0)
(1.00006 3.63401e-13 0)
(1.00006 2.8888e-13 0)
(1.00006 2.11604e-13 0)
(1.00006 1.2515e-13 0)
(1.00006 4.41088e-14 0)
(1.00006 -5.57271e-15 0)
(1.00006 -3.98504e-14 0)
(1.00006 -4.82198e-14 0)
(1.00006 -3.29592e-14 0)
(1.00006 -2.37292e-14 0)
(1.00006 2.31506e-14 0)
(1.00006 8.49334e-14 0)
(1.00006 1.62783e-13 0)
(1.00006 2.3219e-13 0)
(1.00006 2.85909e-13 0)
(1.00006 3.45409e-13 0)
(1.00006 3.99574e-13 0)
(1.00006 4.54535e-13 0)
(1.00006 4.85026e-13 0)
(1.00006 5.11237e-13 0)
(1.00006 5.31403e-13 0)
(1.00006 5.51654e-13 0)
(1.00006 5.83791e-13 0)
(1.00006 6.08968e-13 0)
(1.00006 6.08331e-13 0)
(1.00006 6.1634e-13 0)
(1.00006 6.56546e-13 0)
(1.00006 6.76978e-13 0)
(1.00006 6.49262e-13 0)
(1.00006 6.3282e-13 0)
(1.00006 6.77743e-13 0)
(1.00006 7.01045e-13 0)
(1.00006 6.69373e-13 0)
(1.00006 6.29581e-13 0)
(1.00006 6.25034e-13 0)
(1.00006 5.99428e-13 0)
(1.00006 5.47562e-13 0)
(1.00006 5.15354e-13 0)
(1.00006 4.75585e-13 0)
(1.00006 4.11389e-13 0)
(1.00006 3.71635e-13 0)
(1.00006 3.16228e-13 0)
(1.00006 2.4003e-13 0)
(1.00006 2.59231e-13 0)
(1.00006 2.13359e-13 0)
(1 2.42974e-05 0)
(1.00001 5.70539e-05 0)
(1.00002 6.7866e-05 0)
(1.00003 6.70905e-05 0)
(1.00004 6.19938e-05 0)
(1.00004 5.55981e-05 0)
(1.00005 4.90311e-05 0)
(1.00005 4.27584e-05 0)
(1.00006 3.69946e-05 0)
(1.00006 3.18294e-05 0)
(1.00006 2.72795e-05 0)
(1.00006 2.33192e-05 0)
(1.00006 1.99004e-05 0)
(1.00006 1.69655e-05 0)
(1.00006 1.44556e-05 0)
(1.00006 1.23142e-05 0)
(1.00006 1.049e-05 0)
(1.00006 8.93719e-06 0)
(1.00006 7.61592e-06 0)
(1.00006 6.49171e-06 0)
(1.00006 5.53502e-06 0)
(1.00006 4.72068e-06 0)
(1.00006 4.02727e-06 0)
(1.00006 3.43662e-06 0)
(1.00006 2.9333e-06 0)
(1.00006 2.50426e-06 0)
(1.00006 2.13839e-06 0)
(1.00006 1.8263e-06 0)
(1.00006 1.56001e-06 0)
(1.00006 1.33273e-06 0)
(1.00006 1.1387e-06 0)
(1.00006 9.73027e-07 0)
(1.00006 8.31534e-07 0)
(1.00006 7.10675e-07 0)
(1.00006 6.07426e-07 0)
(1.00006 5.19209e-07 0)
(1.00006 4.43828e-07 0)
(1.00006 3.79408e-07 0)
(1.00006 3.24352e-07 0)
(1.00006 2.77294e-07 0)
(1.00006 2.37071e-07 0)
(1.00006 2.02687e-07 0)
(1.00006 1.73295e-07 0)
(1.00006 1.48167e-07 0)
(1.00006 1.26685e-07 0)
(1.00006 1.08319e-07 0)
(1.00006 9.26172e-08 0)
(1.00006 7.91924e-08 0)
(1.00006 6.77143e-08 0)
(1.00006 5.79005e-08 0)
(1.00006 4.95093e-08 0)
(1.00006 4.23344e-08 0)
(1.00006 3.61993e-08 0)
(1.00006 3.09534e-08 0)
(1.00006 2.64677e-08 0)
(1.00006 2.26323e-08 0)
(1.00006 1.93529e-08 0)
(1.00006 1.65489e-08 0)
(1.00006 1.4151e-08 0)
(1.00006 1.21005e-08 0)
(1.00006 1.03469e-08 0)
(1.00006 8.8474e-09 0)
(1.00006 7.56526e-09 0)
(1.00006 6.46908e-09 0)
(1.00006 5.53192e-09 0)
(1.00006 4.73076e-09 0)
(1.00006 4.04582e-09 0)
(1.00006 3.46014e-09 0)
(1.00006 2.95923e-09 0)
(1.00006 2.53069e-09 0)
(1.00006 2.16395e-09 0)
(1.00006 1.85013e-09 0)
(1.00006 1.58171e-09 0)
(1.00006 1.35229e-09 0)
(1.00006 1.15634e-09 0)
(1.00006 9.89105e-10 0)
(1.00006 8.46392e-10 0)
(1.00006 7.24583e-10 0)
(1.00006 6.20576e-10 0)
(1.00006 5.31663e-10 0)
(1.00006 4.55573e-10 0)
(1.00006 3.90321e-10 0)
(1.00006 3.34283e-10 0)
(1.00006 2.86111e-10 0)
(1.00006 2.44649e-10 0)
(1.00006 2.09009e-10 0)
(1.00006 1.78389e-10 0)
(1.00006 1.52122e-10 0)
(1.00006 1.29629e-10 0)
(1.00006 1.10369e-10 0)
(1.00006 9.39302e-11 0)
(1.00006 7.99145e-11 0)
(1.00006 6.79821e-11 0)
(1.00006 5.78741e-11 0)
(1.00006 4.93079e-11 0)
(1.00006 4.2082e-11 0)
(1.00006 3.59649e-11 0)
(1.00006 3.07815e-11 0)
(1.00006 2.63937e-11 0)
(1.00006 2.26392e-11 0)
(1.00006 1.9444e-11 0)
(1.00006 1.66972e-11 0)
(1.00006 1.4362e-11 0)
(1.00006 1.23888e-11 0)
(1.00006 1.06864e-11 0)
(1.00006 9.24707e-12 0)
(1.00006 7.97938e-12 0)
(1.00006 6.84513e-12 0)
(1.00006 5.85396e-12 0)
(1.00006 4.94398e-12 0)
(1.00006 4.15022e-12 0)
(1.00006 3.45022e-12 0)
(1.00006 2.86793e-12 0)
(1.00006 2.376e-12 0)
(1.00006 1.93167e-12 0)
(1.00006 1.56193e-12 0)
(1.00006 1.21885e-12 0)
(1.00006 8.94448e-13 0)
(1.00006 6.18115e-13 0)
(1.00006 3.62503e-13 0)
(1.00006 1.55275e-13 0)
(1.00006 -1.23647e-14 0)
(1.00006 -1.4045e-13 0)
(1.00006 -2.22768e-13 0)
(1.00006 -3.03735e-13 0)
(1.00006 -3.488e-13 0)
(1.00006 -3.96026e-13 0)
(1.00006 -4.44512e-13 0)
(1.00006 -4.89435e-13 0)
(1.00006 -5.04705e-13 0)
(1.00006 -5.0863e-13 0)
(1.00006 -4.78293e-13 0)
(1.00006 -4.32664e-13 0)
(1.00006 -3.58858e-13 0)
(1.00006 -2.53299e-13 0)
(1.00006 -1.71201e-13 0)
(1.00006 -6.3366e-14 0)
(1.00006 4.30343e-14 0)
(1.00006 1.47439e-13 0)
(1.00006 2.2219e-13 0)
(1.00006 2.88082e-13 0)
(1.00006 3.46853e-13 0)
(1.00006 3.81402e-13 0)
(1.00006 4.21806e-13 0)
(1.00006 4.51274e-13 0)
(1.00006 4.70521e-13 0)
(1.00006 4.94045e-13 0)
(1.00006 5.0892e-13 0)
(1.00006 5.35757e-13 0)
(1.00006 5.66967e-13 0)
(1.00006 5.75932e-13 0)
(1.00006 5.63733e-13 0)
(1.00006 5.37165e-13 0)
(1.00006 5.00809e-13 0)
(1.00006 4.38711e-13 0)
(1.00006 3.73533e-13 0)
(1.00006 2.9297e-13 0)
(1.00006 1.85588e-13 0)
(1.00006 1.19449e-13 0)
(1.00006 3.55091e-14 0)
(1.00006 -2.36168e-14 0)
(1.00006 -3.57162e-14 0)
(1.00006 -7.44232e-14 0)
(1.00006 -5.58015e-14 0)
(1.00006 -2.73086e-14 0)
(1.00006 2.71048e-14 0)
(1.00006 9.54037e-14 0)
(1.00006 1.68948e-13 0)
(1.00006 2.31513e-13 0)
(1.00006 2.88444e-13 0)
(1.00006 3.75523e-13 0)
(1.00006 4.2511e-13 0)
(1.00006 4.58458e-13 0)
(1.00006 5.01484e-13 0)
(1.00006 5.38185e-13 0)
(1.00006 5.76199e-13 0)
(1.00006 5.95289e-13 0)
(1.00006 5.96828e-13 0)
(1.00006 6.31635e-13 0)
(1.00006 6.56081e-13 0)
(1.00006 6.58646e-13 0)
(1.00006 6.70328e-13 0)
(1.00006 7.07163e-13 0)
(1.00006 7.1855e-13 0)
(1.00006 6.97934e-13 0)
(1.00006 6.8789e-13 0)
(1.00006 6.7819e-13 0)
(1.00006 6.87248e-13 0)
(1.00006 6.57791e-13 0)
(1.00006 6.11208e-13 0)
(1.00006 6.14688e-13 0)
(1.00006 5.89222e-13 0)
(1.00006 5.47506e-13 0)
(1.00006 4.85442e-13 0)
(1.00006 4.41639e-13 0)
(1.00006 3.80991e-13 0)
(1.00006 3.13827e-13 0)
(1.00006 2.77586e-13 0)
(1.00006 1.94298e-13 0)
(1.00006 1.45893e-13 0)
(1 2.06325e-05 0)
(1.00001 4.86214e-05 0)
(1.00002 5.82383e-05 0)
(1.00002 5.821e-05 0)
(1.00003 5.45411e-05 0)
(1.00004 4.96571e-05 0)
(1.00004 4.44548e-05 0)
(1.00005 3.93277e-05 0)
(1.00005 3.44828e-05 0)
(1.00005 3.00307e-05 0)
(1.00006 2.602e-05 0)
(1.00006 2.24589e-05 0)
(1.00006 1.93302e-05 0)
(1.00006 1.66027e-05 0)
(1.00006 1.42385e-05 0)
(1.00006 1.21977e-05 0)
(1.00006 1.04413e-05 0)
(1.00006 8.93303e-06 0)
(1.00006 7.63985e-06 0)
(1.00006 6.53231e-06 0)
(1.00006 5.58447e-06 0)
(1.00006 4.77374e-06 0)
(1.00006 4.08052e-06 0)
(1.00006 3.48791e-06 0)
(1.00006 2.98137e-06 0)
(1.00006 2.54844e-06 0)
(1.00006 2.17842e-06 0)
(1.00006 1.86218e-06 0)
(1.00006 1.5919e-06 0)
(1.00006 1.36088e-06 0)
(1.00006 1.16342e-06 0)
(1.00006 9.94638e-07 0)
(1.00006 8.50362e-07 0)
(1.00006 7.2703e-07 0)
(1.00006 6.21597e-07 0)
(1.00006 5.31464e-07 0)
(1.00006 4.54407e-07 0)
(1.00006 3.88528e-07 0)
(1.00006 3.32204e-07 0)
(1.00006 2.84048e-07 0)
(1.00006 2.42875e-07 0)
(1.00006 2.07672e-07 0)
(1.00006 1.77573e-07 0)
(1.00006 1.51837e-07 0)
(1.00006 1.29832e-07 0)
(1.00006 1.11016e-07 0)
(1.00006 9.49278e-08 0)
(1.00006 8.11717e-08 0)
(1.00006 6.94094e-08 0)
(1.00006 5.93518e-08 0)
(1.00006 5.07517e-08 0)
(1.00006 4.33976e-08 0)
(1.00006 3.7109e-08 0)
(1.00006 3.17317e-08 0)
(1.00006 2.71336e-08 0)
(1.00006 2.32021e-08 0)
(1.00006 1.98404e-08 0)
(1.00006 1.69659e-08 0)
(1.00006 1.45079e-08 0)
(1.00006 1.24058e-08 0)
(1.00006 1.06082e-08 0)
(1.00006 9.07097e-09 0)
(1.00006 7.75652e-09 0)
(1.00006 6.63265e-09 0)
(1.00006 5.67177e-09 0)
(1.00006 4.85026e-09 0)
(1.00006 4.14791e-09 0)
(1.00006 3.54736e-09 0)
(1.00006 3.03369e-09 0)
(1.00006 2.59424e-09 0)
(1.00006 2.2182e-09 0)
(1.00006 1.89649e-09 0)
(1.00006 1.62139e-09 0)
(1.00006 1.38633e-09 0)
(1.00006 1.18559e-09 0)
(1.00006 1.01422e-09 0)
(1.00006 8.67961e-10 0)
(1.00006 7.43082e-10 0)
(1.00006 6.36411e-10 0)
(1.00006 5.45185e-10 0)
(1.00006 4.67093e-10 0)
(1.00006 4.0013e-10 0)
(1.00006 3.42625e-10 0)
(1.00006 2.93204e-10 0)
(1.00006 2.50709e-10 0)
(1.00006 2.14188e-10 0)
(1.00006 1.82825e-10 0)
(1.00006 1.55922e-10 0)
(1.00006 1.32873e-10 0)
(1.00006 1.13153e-10 0)
(1.00006 9.62996e-11 0)
(1.00006 8.19413e-11 0)
(1.00006 6.97243e-11 0)
(1.00006 5.93605e-11 0)
(1.00006 5.05774e-11 0)
(1.00006 4.31497e-11 0)
(1.00006 3.68807e-11 0)
(1.00006 3.1564e-11 0)
(1.00006 2.70492e-11 0)
(1.00006 2.31921e-11 0)
(1.00006 1.99162e-11 0)
(1.00006 1.71251e-11 0)
(1.00006 1.47456e-11 0)
(1.00006 1.27335e-11 0)
(1.00006 1.10039e-11 0)
(1.00006 9.50709e-12 0)
(1.00006 8.21317e-12 0)
(1.00006 7.04159e-12 0)
(1.00006 6.00268e-12 0)
(1.00006 5.07473e-12 0)
(1.00006 4.27284e-12 0)
(1.00006 3.58934e-12 0)
(1.00006 2.99032e-12 0)
(1.00006 2.497e-12 0)
(1.00006 2.05266e-12 0)
(1.00006 1.64607e-12 0)
(1.00006 1.2767e-12 0)
(1.00006 9.30102e-13 0)
(1.00006 6.25592e-13 0)
(1.00006 3.57019e-13 0)
(1.00006 1.43369e-13 0)
(1.00006 -2.16022e-14 0)
(1.00006 -1.47381e-13 0)
(1.00006 -2.23456e-13 0)
(1.00006 -2.86325e-13 0)
(1.00006 -3.44429e-13 0)
(1.00006 -4.03893e-13 0)
(1.00006 -4.5524e-13 0)
(1.00006 -4.99361e-13 0)
(1.00006 -5.26414e-13 0)
(1.00006 -5.28148e-13 0)
(1.00006 -4.94692e-13 0)
(1.00006 -4.35457e-13 0)
(1.00006 -3.68113e-13 0)
(1.00006 -2.72122e-13 0)
(1.00006 -1.66013e-13 0)
(1.00006 -5.76864e-14 0)
(1.00006 4.1218e-14 0)
(1.00006 1.34844e-13 0)
(1.00006 2.2067e-13 0)
(1.00006 2.77525e-13 0)
(1.00006 3.32379e-13 0)
(1.00006 3.7606e-13 0)
(1.00006 4.16185e-13 0)
(1.00006 4.55402e-13 0)
(1.00006 4.7404e-13 0)
(1.00006 4.99215e-13 0)
(1.00006 5.30538e-13 0)
(1.00006 5.54489e-13 0)
(1.00006 5.77971e-13 0)
(1.00006 5.88784e-13 0)
(1.00006 5.7564e-13 0)
(1.00006 5.41199e-13 0)
(1.00006 5.07645e-13 0)
(1.00006 4.49681e-13 0)
(1.00006 3.65338e-13 0)
(1.00006 2.85134e-13 0)
(1.00006 1.77935e-13 0)
(1.00006 9.76723e-14 0)
(1.00006 3.62336e-14 0)
(1.00006 -3.34646e-14 0)
(1.00006 -6.52257e-14 0)
(1.00006 -8.0096e-14 0)
(1.00006 -6.23602e-14 0)
(1.00006 -1.78584e-14 0)
(1.00006 3.11419e-14 0)
(1.00006 8.88647e-14 0)
(1.00006 1.56473e-13 0)
(1.00006 2.33242e-13 0)
(1.00006 3.02745e-13 0)
(1.00006 3.61556e-13 0)
(1.00006 4.2034e-13 0)
(1.00006 4.64491e-13 0)
(1.00006 5.09333e-13 0)
(1.00006 5.5032e-13 0)
(1.00006 5.94071e-13 0)
(1.00006 6.2154e-13 0)
(1.00006 6.25818e-13 0)
(1.00006 6.60475e-13 0)
(1.00006 7.03551e-13 0)
(1.00006 7.02228e-13 0)
(1.00006 6.87996e-13 0)
(1.00006 7.12138e-13 0)
(1.00006 7.37087e-13 0)
(1.00006 7.42288e-13 0)
(1.00006 7.47851e-13 0)
(1.00006 7.37183e-13 0)
(1.00006 7.19152e-13 0)
(1.00006 7.16134e-13 0)
(1.00006 6.84673e-13 0)
(1.00006 6.37944e-13 0)
(1.00006 5.84369e-13 0)
(1.00006 5.55057e-13 0)
(1.00006 5.05336e-13 0)
(1.00006 4.52555e-13 0)
(1.00006 3.97037e-13 0)
(1.00006 3.12946e-13 0)
(1.00006 2.50157e-13 0)
(1.00006 2.39608e-13 0)
(1.00006 1.95241e-13 0)
(1 1.75763e-05 0)
(1.00001 4.15221e-05 0)
(1.00001 4.99775e-05 0)
(1.00002 5.03525e-05 0)
(1.00003 4.76735e-05 0)
(1.00003 4.39188e-05 0)
(1.00004 3.97973e-05 0)
(1.00004 3.56275e-05 0)
(1.00005 3.15918e-05 0)
(1.00005 2.78015e-05 0)
(1.00005 2.4319e-05 0)
(1.00005 2.11716e-05 0)
(1.00005 1.83624e-05 0)
(1.00006 1.58788e-05 0)
(1.00006 1.36992e-05 0)
(1.00006 1.17972e-05 0)
(1.00006 1.01446e-05 0)
(1.00006 8.7137e-06 0)
(1.00006 7.47795e-06 0)
(1.00006 6.41294e-06 0)
(1.00006 5.49654e-06 0)
(1.00006 4.70902e-06 0)
(1.00006 4.03291e-06 0)
(1.00006 3.4529e-06 0)
(1.00006 2.95564e-06 0)
(1.00006 2.52953e-06 0)
(1.00006 2.16453e-06 0)
(1.00006 1.85198e-06 0)
(1.00006 1.5844e-06 0)
(1.00006 1.35538e-06 0)
(1.00006 1.15938e-06 0)
(1.00006 9.91671e-07 0)
(1.00006 8.48184e-07 0)
(1.00006 7.25431e-07 0)
(1.00006 6.20424e-07 0)
(1.00006 5.30603e-07 0)
(1.00006 4.53776e-07 0)
(1.00006 3.88065e-07 0)
(1.00006 3.31864e-07 0)
(1.00006 2.83799e-07 0)
(1.00006 2.42693e-07 0)
(1.00006 2.07539e-07 0)
(1.00006 1.77475e-07 0)
(1.00006 1.51765e-07 0)
(1.00006 1.29779e-07 0)
(1.00006 1.10978e-07 0)
(1.00006 9.48998e-08 0)
(1.00006 8.11514e-08 0)
(1.00006 6.93947e-08 0)
(1.00006 5.93411e-08 0)
(1.00006 5.07438e-08 0)
(1.00006 4.33917e-08 0)
(1.00006 3.71046e-08 0)
(1.00006 3.17284e-08 0)
(1.00006 2.71312e-08 0)
(1.00006 2.32004e-08 0)
(1.00006 1.98393e-08 0)
(1.00006 1.69652e-08 0)
(1.00006 1.45075e-08 0)
(1.00006 1.24057e-08 0)
(1.00006 1.06083e-08 0)
(1.00006 9.07116e-09 0)
(1.00006 7.75675e-09 0)
(1.00006 6.63282e-09 0)
(1.00006 5.67185e-09 0)
(1.00006 4.85028e-09 0)
(1.00006 4.14785e-09 0)
(1.00006 3.54718e-09 0)
(1.00006 3.03342e-09 0)
(1.00006 2.59386e-09 0)
(1.00006 2.21781e-09 0)
(1.00006 1.89616e-09 0)
(1.00006 1.6212e-09 0)
(1.00006 1.38627e-09 0)
(1.00006 1.18566e-09 0)
(1.00006 1.01439e-09 0)
(1.00006 8.68145e-10 0)
(1.00006 7.43253e-10 0)
(1.00006 6.36529e-10 0)
(1.00006 5.45253e-10 0)
(1.00006 4.6709e-10 0)
(1.00006 4.00061e-10 0)
(1.00006 3.42527e-10 0)
(1.00006 2.93078e-10 0)
(1.00006 2.50587e-10 0)
(1.00006 2.14085e-10 0)
(1.00006 1.82741e-10 0)
(1.00006 1.55873e-10 0)
(1.00006 1.32842e-10 0)
(1.00006 1.13147e-10 0)
(1.00006 9.6321e-11 0)
(1.00006 8.1965e-11 0)
(1.00006 6.97581e-11 0)
(1.00006 5.9388e-11 0)
(1.00006 5.0612e-11 0)
(1.00006 4.31811e-11 0)
(1.00006 3.6886e-11 0)
(1.00006 3.15575e-11 0)
(1.00006 2.70266e-11 0)
(1.00006 2.31842e-11 0)
(1.00006 1.9907e-11 0)
(1.00006 1.71226e-11 0)
(1.00006 1.47721e-11 0)
(1.00006 1.27535e-11 0)
(1.00006 1.10411e-11 0)
(1.00006 9.54432e-12 0)
(1.00006 8.21523e-12 0)
(1.00006 7.04847e-12 0)
(1.00006 6.00594e-12 0)
(1.00006 5.10265e-12 0)
(1.00006 4.30388e-12 0)
(1.00006 3.63579e-12 0)
(1.00006 3.07436e-12 0)
(1.00006 2.56502e-12 0)
(1.00006 2.1188e-12 0)
(1.00006 1.7037e-12 0)
(1.00006 1.30075e-12 0)
(1.00006 9.43268e-13 0)
(1.00006 6.16054e-13 0)
(1.00006 3.45923e-13 0)
(1.00006 1.32473e-13 0)
(1.00006 -2.96588e-14 0)
(1.00006 -1.25621e-13 0)
(1.00006 -2.08368e-13 0)
(1.00006 -2.69677e-13 0)
(1.00006 -3.32398e-13 0)
(1.00006 -3.96157e-13 0)
(1.00006 -4.63312e-13 0)
(1.00006 -5.03961e-13 0)
(1.00006 -5.29169e-13 0)
(1.00006 -5.19457e-13 0)
(1.00006 -4.95532e-13 0)
(1.00006 -4.45216e-13 0)
(1.00006 -3.55486e-13 0)
(1.00006 -2.70794e-13 0)
(1.00006 -1.71144e-13 0)
(1.00006 -6.88765e-14 0)
(1.00006 3.90483e-14 0)
(1.00006 1.24344e-13 0)
(1.00006 1.99656e-13 0)
(1.00006 2.68487e-13 0)
(1.00006 3.1741e-13 0)
(1.00006 3.69236e-13 0)
(1.00006 4.10685e-13 0)
(1.00006 4.38332e-13 0)
(1.00006 4.68986e-13 0)
(1.00006 4.95121e-13 0)
(1.00006 5.2873e-13 0)
(1.00006 5.61212e-13 0)
(1.00006 5.78686e-13 0)
(1.00006 5.77017e-13 0)
(1.00006 5.62e-13 0)
(1.00006 5.39827e-13 0)
(1.00006 4.97746e-13 0)
(1.00006 4.34665e-13 0)
(1.00006 3.54943e-13 0)
(1.00006 2.53085e-13 0)
(1.00006 1.76554e-13 0)
(1.00006 8.96433e-14 0)
(1.00006 4.73191e-15 0)
(1.00006 -3.55838e-14 0)
(1.00006 -8.5758e-14 0)
(1.00006 -8.54673e-14 0)
(1.00006 -6.59724e-14 0)
(1.00006 -2.61554e-14 0)
(1.00006 1.76123e-14 0)
(1.00006 8.07268e-14 0)
(1.00006 1.58815e-13 0)
(1.00006 2.18047e-13 0)
(1.00006 2.97081e-13 0)
(1.00006 3.49861e-13 0)
(1.00006 3.95301e-13 0)
(1.00006 4.64237e-13 0)
(1.00006 5.13008e-13 0)
(1.00006 5.28062e-13 0)
(1.00006 5.6807e-13 0)
(1.00006 6.15403e-13 0)
(1.00006 6.29545e-13 0)
(1.00006 6.4212e-13 0)
(1.00006 6.90865e-13 0)
(1.00006 7.28663e-13 0)
(1.00006 7.44586e-13 0)
(1.00006 7.4397e-13 0)
(1.00006 7.44298e-13 0)
(1.00006 7.61409e-13 0)
(1.00006 7.42185e-13 0)
(1.00006 7.4723e-13 0)
(1.00006 7.43876e-13 0)
(1.00006 6.94812e-13 0)
(1.00006 6.73744e-13 0)
(1.00006 6.34473e-13 0)
(1.00006 5.78467e-13 0)
(1.00006 5.29835e-13 0)
(1.00006 4.9012e-13 0)
(1.00006 4.24709e-13 0)
(1.00006 3.66815e-13 0)
(1.00006 3.40335e-13 0)
(1.00006 2.68158e-13 0)
(1.00006 2.15985e-13 0)
(1.00006 1.66804e-13 0)
(1 1.49554e-05 0)
(1 3.5394e-05 0)
(1.00001 4.27517e-05 0)
(1.00002 4.33262e-05 0)
(1.00002 4.13467e-05 0)
(1.00003 3.84422e-05 0)
(1.00004 3.51757e-05 0)
(1.00004 3.17987e-05 0)
(1.00004 2.84636e-05 0)
(1.00005 2.52722e-05 0)
(1.00005 2.22892e-05 0)
(1.00005 1.95508e-05 0)
(1.00005 1.70721e-05 0)
(1.00005 1.4853e-05 0)
(1.00005 1.28837e-05 0)
(1.00006 1.1148e-05 0)
(1.00006 9.62674e-06 0)
(1.00006 8.29937e-06 0)
(1.00006 7.14531e-06 0)
(1.00006 6.14485e-06 0)
(1.00006 5.2796e-06 0)
(1.00006 4.53271e-06 0)
(1.00006 3.88901e-06 0)
(1.00006 3.33497e-06 0)
(1.00006 2.85859e-06 0)
(1.00006 2.44936e-06 0)
(1.00006 2.09806e-06 0)
(1.00006 1.79668e-06 0)
(1.00006 1.53825e-06 0)
(1.00006 1.31675e-06 0)
(1.00006 1.12697e-06 0)
(1.00006 9.64415e-07 0)
(1.00006 8.25213e-07 0)
(1.00006 7.06037e-07 0)
(1.00006 6.04022e-07 0)
(1.00006 5.16711e-07 0)
(1.00006 4.41995e-07 0)
(1.00006 3.78063e-07 0)
(1.00006 3.23365e-07 0)
(1.00006 2.76571e-07 0)
(1.00006 2.36541e-07 0)
(1.00006 2.02299e-07 0)
(1.00006 1.7301e-07 0)
(1.00006 1.47959e-07 0)
(1.00006 1.26533e-07 0)
(1.00006 1.08208e-07 0)
(1.00006 9.2536e-08 0)
(1.00006 7.91335e-08 0)
(1.00006 6.76716e-08 0)
(1.00006 5.78694e-08 0)
(1.00006 4.94865e-08 0)
(1.00006 4.23174e-08 0)
(1.00006 3.61865e-08 0)
(1.00006 3.09438e-08 0)
(1.00006 2.64608e-08 0)
(1.00006 2.26275e-08 0)
(1.00006 1.93498e-08 0)
(1.00006 1.65469e-08 0)
(1.00006 1.41499e-08 0)
(1.00006 1.21001e-08 0)
(1.00006 1.03471e-08 0)
(1.00006 8.84792e-09 0)
(1.00006 7.56586e-09 0)
(1.00006 6.46959e-09 0)
(1.00006 5.53224e-09 0)
(1.00006 4.73084e-09 0)
(1.00006 4.04563e-09 0)
(1.00006 3.45964e-09 0)
(1.00006 2.95842e-09 0)
(1.00006 2.52962e-09 0)
(1.00006 2.16283e-09 0)
(1.00006 1.84918e-09 0)
(1.00006 1.58112e-09 0)
(1.00006 1.35213e-09 0)
(1.00006 1.15656e-09 0)
(1.00006 9.89552e-10 0)
(1.00006 8.46917e-10 0)
(1.00006 7.25083e-10 0)
(1.00006 6.2094e-10 0)
(1.00006 5.31861e-10 0)
(1.00006 4.55573e-10 0)
(1.00006 3.90137e-10 0)
(1.00006 3.33976e-10 0)
(1.00006 2.85728e-10 0)
(1.00006 2.44283e-10 0)
(1.00006 2.08698e-10 0)
(1.00006 1.78153e-10 0)
(1.00006 1.51975e-10 0)
(1.00006 1.29553e-10 0)
(1.00006 1.10359e-10 0)
(1.00006 9.39709e-11 0)
(1.00006 7.99821e-11 0)
(1.00006 6.80904e-11 0)
(1.00006 5.79807e-11 0)
(1.00006 4.94041e-11 0)
(1.00006 4.21471e-11 0)
(1.00006 3.5991e-11 0)
(1.00006 3.07858e-11 0)
(1.00006 2.63482e-11 0)
(1.00006 2.25903e-11 0)
(1.00006 1.94072e-11 0)
(1.00006 1.66931e-11 0)
(1.00006 1.44188e-11 0)
(1.00006 1.24675e-11 0)
(1.00006 1.07774e-11 0)
(1.00006 9.32833e-12 0)
(1.00006 8.02665e-12 0)
(1.00006 6.88674e-12 0)
(1.00006 5.86924e-12 0)
(1.00006 4.99832e-12 0)
(1.00006 4.26409e-12 0)
(1.00006 3.61119e-12 0)
(1.00006 3.07416e-12 0)
(1.00006 2.59068e-12 0)
(1.00006 2.13024e-12 0)
(1.00006 1.71021e-12 0)
(1.00006 1.29566e-12 0)
(1.00006 9.25806e-13 0)
(1.00006 5.97459e-13 0)
(1.00006 3.3034e-13 0)
(1.00006 1.39639e-13 0)
(1.00006 -1.53352e-14 0)
(1.00006 -1.06525e-13 0)
(1.00006 -1.79558e-13 0)
(1.00006 -2.44208e-13 0)
(1.00006 -3.18116e-13 0)
(1.00006 -3.86606e-13 0)
(1.00006 -4.49285e-13 0)
(1.00006 -4.91824e-13 0)
(1.00006 -5.21097e-13 0)
(1.00006 -5.12316e-13 0)
(1.00006 -4.67784e-13 0)
(1.00006 -4.30074e-13 0)
(1.00006 -3.55207e-13 0)
(1.00006 -2.64623e-13 0)
(1.00006 -1.57752e-13 0)
(1.00006 -6.78688e-14 0)
(1.00006 2.17129e-14 0)
(1.00006 1.15985e-13 0)
(1.00006 1.82376e-13 0)
(1.00006 2.56188e-13 0)
(1.00006 3.0632e-13 0)
(1.00006 3.47612e-13 0)
(1.00006 3.9228e-13 0)
(1.00006 4.16487e-13 0)
(1.00006 4.51108e-13 0)
(1.00006 4.87866e-13 0)
(1.00006 5.1695e-13 0)
(1.00006 5.36064e-13 0)
(1.00006 5.49869e-13 0)
(1.00006 5.61004e-13 0)
(1.00006 5.41397e-13 0)
(1.00006 5.19194e-13 0)
(1.00006 4.75499e-13 0)
(1.00006 3.96847e-13 0)
(1.00006 3.37774e-13 0)
(1.00006 2.34564e-13 0)
(1.00006 1.47564e-13 0)
(1.00006 8.32225e-14 0)
(1.00006 -1.02949e-14 0)
(1.00006 -5.26027e-14 0)
(1.00006 -8.32654e-14 0)
(1.00006 -8.44116e-14 0)
(1.00006 -7.13752e-14 0)
(1.00006 -3.84349e-14 0)
(1.00006 8.59033e-15 0)
(1.00006 6.73068e-14 0)
(1.00006 1.43304e-13 0)
(1.00006 1.9954e-13 0)
(1.00006 2.62634e-13 0)
(1.00006 3.30366e-13 0)
(1.00006 3.76054e-13 0)
(1.00006 4.24078e-13 0)
(1.00006 4.73336e-13 0)
(1.00006 5.0505e-13 0)
(1.00006 5.45446e-13 0)
(1.00006 5.93766e-13 0)
(1.00006 6.18701e-13 0)
(1.00006 6.23327e-13 0)
(1.00006 6.60155e-13 0)
(1.00006 6.87823e-13 0)
(1.00006 7.03319e-13 0)
(1.00006 7.21457e-13 0)
(1.00006 7.24022e-13 0)
(1.00006 7.52931e-13 0)
(1.00006 7.25437e-13 0)
(1.00006 6.87551e-13 0)
(1.00006 7.04374e-13 0)
(1.00006 6.83521e-13 0)
(1.00006 6.64751e-13 0)
(1.00006 6.15485e-13 0)
(1.00006 5.86414e-13 0)
(1.00006 5.25807e-13 0)
(1.00006 4.55216e-13 0)
(1.00006 4.25109e-13 0)
(1.00006 3.66835e-13 0)
(1.00006 2.87672e-13 0)
(1.00006 2.14875e-13 0)
(1.00006 2.07802e-13 0)
(1.00006 1.61625e-13 0)
(1 1.26545e-05 0)
(1 2.99882e-05 0)
(1.00001 3.63164e-05 0)
(1.00002 3.69667e-05 0)
(1.00002 3.54917e-05 0)
(1.00003 3.32364e-05 0)
(1.00003 3.06503e-05 0)
(1.00004 2.79292e-05 0)
(1.00004 2.51964e-05 0)
(1.00004 2.25394e-05 0)
(1.00005 2.00191e-05 0)
(1.00005 1.7674e-05 0)
(1.00005 1.5525e-05 0)
(1.00005 1.35796e-05 0)
(1.00005 1.18359e-05 0)
(1.00005 1.02853e-05 0)
(1.00005 8.91557e-06 0)
(1.00006 7.71204e-06 0)
(1.00006 6.65922e-06 0)
(1.00006 5.7416e-06 0)
(1.00006 4.94425e-06 0)
(1.00006 4.25313e-06 0)
(1.00006 3.65537e-06 0)
(1.00006 3.13925e-06 0)
(1.00006 2.69428e-06 0)
(1.00006 2.31114e-06 0)
(1.00006 1.98156e-06 0)
(1.00006 1.69833e-06 0)
(1.00006 1.45509e-06 0)
(1.00006 1.24633e-06 0)
(1.00006 1.06727e-06 0)
(1.00006 9.13744e-07 0)
(1.00006 7.82166e-07 0)
(1.00006 6.69433e-07 0)
(1.00006 5.72875e-07 0)
(1.00006 4.9019e-07 0)
(1.00006 4.19399e-07 0)
(1.00006 3.58803e-07 0)
(1.00006 3.06941e-07 0)
(1.00006 2.6256e-07 0)
(1.00006 2.24585e-07 0)
(1.00006 1.92093e-07 0)
(1.00006 1.64296e-07 0)
(1.00006 1.40517e-07 0)
(1.00006 1.20176e-07 0)
(1.00006 1.02778e-07 0)
(1.00006 8.78967e-08 0)
(1.00006 7.51691e-08 0)
(1.00006 6.42837e-08 0)
(1.00006 5.49737e-08 0)
(1.00006 4.70113e-08 0)
(1.00006 4.02015e-08 0)
(1.00006 3.43778e-08 0)
(1.00006 2.93977e-08 0)
(1.00006 2.51392e-08 0)
(1.00006 2.14978e-08 0)
(1.00006 1.83839e-08 0)
(1.00006 1.57212e-08 0)
(1.00006 1.3444e-08 0)
(1.00006 1.14966e-08 0)
(1.00006 9.83107e-09 0)
(1.00006 8.40671e-09 0)
(1.00006 7.1886e-09 0)
(1.00006 6.14699e-09 0)
(1.00006 5.25639e-09 0)
(1.00006 4.49493e-09 0)
(1.00006 3.8438e-09 0)
(1.00006 3.28692e-09 0)
(1.00006 2.81056e-09 0)
(1.00006 2.40309e-09 0)
(1.00006 2.05462e-09 0)
(1.00006 1.75673e-09 0)
(1.00006 1.50217e-09 0)
(1.00006 1.28471e-09 0)
(1.00006 1.09897e-09 0)
(1.00006 9.40321e-10 0)
(1.00006 8.04801e-10 0)
(1.00006 6.89022e-10 0)
(1.00006 5.9004e-10 0)
(1.00006 5.05356e-10 0)
(1.00006 4.32809e-10 0)
(1.00006 3.70593e-10 0)
(1.00006 3.17186e-10 0)
(1.00006 2.71324e-10 0)
(1.00006 2.31948e-10 0)
(1.00006 1.98155e-10 0)
(1.00006 1.69177e-10 0)
(1.00006 1.44333e-10 0)
(1.00006 1.23073e-10 0)
(1.00006 1.04875e-10 0)
(1.00006 8.93271e-11 0)
(1.00006 7.60553e-11 0)
(1.00006 6.4747e-11 0)
(1.00006 5.51446e-11 0)
(1.00006 4.69904e-11 0)
(1.00006 4.00763e-11 0)
(1.00006 3.42076e-11 0)
(1.00006 2.92349e-11 0)
(1.00006 2.50205e-11 0)
(1.00006 2.14394e-11 0)
(1.00006 1.84116e-11 0)
(1.00006 1.58555e-11 0)
(1.00006 1.36883e-11 0)
(1.00006 1.18557e-11 0)
(1.00006 1.02636e-11 0)
(1.00006 8.86859e-12 0)
(1.00006 7.63706e-12 0)
(1.00006 6.55475e-12 0)
(1.00006 5.62005e-12 0)
(1.00006 4.79759e-12 0)
(1.00006 4.11521e-12 0)
(1.00006 3.53649e-12 0)
(1.00006 3.01146e-12 0)
(1.00006 2.5441e-12 0)
(1.00006 2.09778e-12 0)
(1.00006 1.66693e-12 0)
(1.00006 1.26603e-12 0)
(1.00006 8.90108e-13 0)
(1.00006 5.78108e-13 0)
(1.00006 3.23393e-13 0)
(1.00006 1.38107e-13 0)
(1.00006 1.87708e-14 0)
(1.00006 -7.12424e-14 0)
(1.00006 -1.46638e-13 0)
(1.00006 -2.17181e-13 0)
(1.00006 -2.88983e-13 0)
(1.00006 -3.70216e-13 0)
(1.00006 -4.33117e-13 0)
(1.00006 -4.72258e-13 0)
(1.00006 -4.85277e-13 0)
(1.00006 -4.84917e-13 0)
(1.00006 -4.53136e-13 0)
(1.00006 -3.94282e-13 0)
(1.00006 -3.24243e-13 0)
(1.00006 -2.48228e-13 0)
(1.00006 -1.64256e-13 0)
(1.00006 -6.91169e-14 0)
(1.00006 6.31374e-15 0)
(1.00006 8.57417e-14 0)
(1.00006 1.57253e-13 0)
(1.00006 2.21516e-13 0)
(1.00006 2.75465e-13 0)
(1.00006 3.137e-13 0)
(1.00006 3.53972e-13 0)
(1.00006 3.91772e-13 0)
(1.00006 4.2369e-13 0)
(1.00006 4.54372e-13 0)
(1.00006 4.82003e-13 0)
(1.00006 5.05244e-13 0)
(1.00006 5.12991e-13 0)
(1.00006 5.19121e-13 0)
(1.00006 5.10958e-13 0)
(1.00006 4.8137e-13 0)
(1.00006 4.36151e-13 0)
(1.00006 3.67357e-13 0)
(1.00006 2.95468e-13 0)
(1.00006 2.18499e-13 0)
(1.00006 1.32167e-13 0)
(1.00006 4.42381e-14 0)
(1.00006 -1.3664e-14 0)
(1.00006 -5.38445e-14 0)
(1.00006 -8.06081e-14 0)
(1.00006 -9.2922e-14 0)
(1.00006 -7.85537e-14 0)
(1.00006 -4.74121e-14 0)
(1.00006 3.49638e-15 0)
(1.00006 6.18133e-14 0)
(1.00006 1.05804e-13 0)
(1.00006 1.7999e-13 0)
(1.00006 2.52767e-13 0)
(1.00006 3.05748e-13 0)
(1.00006 3.44132e-13 0)
(1.00006 3.88598e-13 0)
(1.00006 4.38329e-13 0)
(1.00006 4.82921e-13 0)
(1.00006 5.07308e-13 0)
(1.00006 5.41603e-13 0)
(1.00006 5.97015e-13 0)
(1.00006 6.25113e-13 0)
(1.00006 6.4643e-13 0)
(1.00006 6.81946e-13 0)
(1.00006 7.04818e-13 0)
(1.00006 7.21234e-13 0)
(1.00006 7.2981e-13 0)
(1.00006 7.33011e-13 0)
(1.00006 7.50652e-13 0)
(1.00006 7.2981e-13 0)
(1.00006 6.83029e-13 0)
(1.00006 6.45647e-13 0)
(1.00006 6.28485e-13 0)
(1.00006 5.85538e-13 0)
(1.00006 5.39493e-13 0)
(1.00006 4.96302e-13 0)
(1.00006 4.59817e-13 0)
(1.00006 3.87578e-13 0)
(1.00006 3.17151e-13 0)
(1.00006 2.90621e-13 0)
(1.00006 2.09892e-13 0)
(1.00006 1.56557e-13 0)
(1.00006 1.24265e-13 0)
(1 1.05926e-05 0)
(1 2.5127e-05 0)
(1.00001 3.04889e-05 0)
(1.00001 3.11383e-05 0)
(1.00002 3.0035e-05 0)
(1.00003 2.82848e-05 0)
(1.00003 2.62461e-05 0)
(1.00003 2.40706e-05 0)
(1.00004 2.18554e-05 0)
(1.00004 1.9673e-05 0)
(1.00004 1.75769e-05 0)
(1.00005 1.56039e-05 0)
(1.00005 1.37765e-05 0)
(1.00005 1.21063e-05 0)
(1.00005 1.05961e-05 0)
(1.00005 9.24274e-06 0)
(1.00005 8.03881e-06 0)
(1.00005 6.9744e-06 0)
(1.00005 6.03816e-06 0)
(1.00006 5.21821e-06 0)
(1.00006 4.50268e-06 0)
(1.00006 3.88019e-06 0)
(1.00006 3.34002e-06 0)
(1.00006 2.87231e-06 0)
(1.00006 2.46808e-06 0)
(1.00006 2.11926e-06 0)
(1.00006 1.81865e-06 0)
(1.00006 1.55989e-06 0)
(1.00006 1.33737e-06 0)
(1.00006 1.14616e-06 0)
(1.00006 9.81971e-07 0)
(1.00006 8.41074e-07 0)
(1.00006 7.20224e-07 0)
(1.00006 6.16615e-07 0)
(1.00006 5.27818e-07 0)
(1.00006 4.51742e-07 0)
(1.00006 3.86582e-07 0)
(1.00006 3.30785e-07 0)
(1.00006 2.83015e-07 0)
(1.00006 2.42125e-07 0)
(1.00006 2.07128e-07 0)
(1.00006 1.77179e-07 0)
(1.00006 1.51553e-07 0)
(1.00006 1.29627e-07 0)
(1.00006 1.10869e-07 0)
(1.00006 9.48233e-08 0)
(1.00006 8.10976e-08 0)
(1.00006 6.93572e-08 0)
(1.00006 5.93152e-08 0)
(1.00006 5.0726e-08 0)
(1.00006 4.33798e-08 0)
(1.00006 3.70967e-08 0)
(1.00006 3.17234e-08 0)
(1.00006 2.71284e-08 0)
(1.00006 2.3199e-08 0)
(1.00006 1.9839e-08 0)
(1.00006 1.69656e-08 0)
(1.00006 1.45085e-08 0)
(1.00006 1.24071e-08 0)
(1.00006 1.06099e-08 0)
(1.00006 9.07289e-09 0)
(1.00006 7.75838e-09 0)
(1.00006 6.63426e-09 0)
(1.00006 5.67302e-09 0)
(1.00006 4.85111e-09 0)
(1.00006 4.14834e-09 0)
(1.00006 3.54731e-09 0)
(1.00006 3.03324e-09 0)
(1.00006 2.59352e-09 0)
(1.00006 2.21745e-09 0)
(1.00006 1.8959e-09 0)
(1.00006 1.62108e-09 0)
(1.00006 1.38627e-09 0)
(1.00006 1.18566e-09 0)
(1.00006 1.0143e-09 0)
(1.00006 8.67904e-10 0)
(1.00006 7.4284e-10 0)
(1.00006 6.35966e-10 0)
(1.00006 5.44581e-10 0)
(1.00006 4.66384e-10 0)
(1.00006 3.99364e-10 0)
(1.00006 3.41887e-10 0)
(1.00006 2.92555e-10 0)
(1.00006 2.50209e-10 0)
(1.00006 2.13885e-10 0)
(1.00006 1.82727e-10 0)
(1.00006 1.56033e-10 0)
(1.00006 1.33167e-10 0)
(1.00006 1.13581e-10 0)
(1.00006 9.68298e-11 0)
(1.00006 8.24979e-11 0)
(1.00006 7.02692e-11 0)
(1.00006 5.984e-11 0)
(1.00006 5.09662e-11 0)
(1.00006 4.34248e-11 0)
(1.00006 3.70134e-11 0)
(1.00006 3.15864e-11 0)
(1.00006 2.69643e-11 0)
(1.00006 2.30514e-11 0)
(1.00006 1.97574e-11 0)
(1.00006 1.69549e-11 0)
(1.00006 1.46153e-11 0)
(1.00006 1.26372e-11 0)
(1.00006 1.0932e-11 0)
(1.00006 9.47693e-12 0)
(1.00006 8.19344e-12 0)
(1.00006 7.07628e-12 0)
(1.00006 6.07787e-12 0)
(1.00006 5.22553e-12 0)
(1.00006 4.51475e-12 0)
(1.00006 3.88508e-12 0)
(1.00006 3.36085e-12 0)
(1.00006 2.88457e-12 0)
(1.00006 2.42947e-12 0)
(1.00006 2.01155e-12 0)
(1.00006 1.58824e-12 0)
(1.00006 1.20049e-12 0)
(1.00006 8.44318e-13 0)
(1.00006 5.41843e-13 0)
(1.00006 3.3082e-13 0)
(1.00006 1.62605e-13 0)
(1.00006 5.46141e-14 0)
(1.00006 -3.03228e-14 0)
(1.00006 -1.0454e-13 0)
(1.00006 -1.89623e-13 0)
(1.00006 -2.68911e-13 0)
(1.00006 -3.43322e-13 0)
(1.00006 -3.94588e-13 0)
(1.00006 -4.39942e-13 0)
(1.00006 -4.56426e-13 0)
(1.00006 -4.27941e-13 0)
(1.00006 -4.06335e-13 0)
(1.00006 -3.62548e-13 0)
(1.00006 -3.04223e-13 0)
(1.00006 -2.24247e-13 0)
(1.00006 -1.57624e-13 0)
(1.00006 -8.97762e-14 0)
(1.00006 -1.00326e-14 0)
(1.00006 5.34253e-14 0)
(1.00006 1.26588e-13 0)
(1.00006 1.87832e-13 0)
(1.00006 2.30003e-13 0)
(1.00006 2.76257e-13 0)
(1.00006 3.12208e-13 0)
(1.00006 3.48836e-13 0)
(1.00006 3.83154e-13 0)
(1.00006 4.13731e-13 0)
(1.00006 4.31907e-13 0)
(1.00006 4.46042e-13 0)
(1.00006 4.68228e-13 0)
(1.00006 4.68934e-13 0)
(1.00006 4.5561e-13 0)
(1.00006 4.29696e-13 0)
(1.00006 3.70959e-13 0)
(1.00006 3.31116e-13 0)
(1.00006 2.60051e-13 0)
(1.00006 1.7055e-13 0)
(1.00006 1.14196e-13 0)
(1.00006 3.12859e-14 0)
(1.00006 -1.9879e-14 0)
(1.00006 -6.09771e-14 0)
(1.00006 -9.04807e-14 0)
(1.00006 -1.06519e-13 0)
(1.00006 -8.33988e-14 0)
(1.00006 -4.33616e-14 0)
(1.00006 -1.13353e-14 0)
(1.00006 4.94484e-14 0)
(1.00006 9.84465e-14 0)
(1.00006 1.47067e-13 0)
(1.00006 2.07569e-13 0)
(1.00006 2.6034e-13 0)
(1.00006 2.99226e-13 0)
(1.00006 3.47049e-13 0)
(1.00006 3.92601e-13 0)
(1.00006 4.35556e-13 0)
(1.00006 4.62706e-13 0)
(1.00006 4.92206e-13 0)
(1.00006 5.3798e-13 0)
(1.00006 5.75168e-13 0)
(1.00006 5.86813e-13 0)
(1.00006 6.14931e-13 0)
(1.00006 6.58784e-13 0)
(1.00006 6.537e-13 0)
(1.00006 6.55852e-13 0)
(1.00006 6.55108e-13 0)
(1.00006 6.60564e-13 0)
(1.00006 6.81431e-13 0)
(1.00006 6.50859e-13 0)
(1.00006 6.24211e-13 0)
(1.00006 5.82539e-13 0)
(1.00006 5.55757e-13 0)
(1.00006 5.12955e-13 0)
(1.00006 4.2882e-13 0)
(1.00006 3.71527e-13 0)
(1.00006 3.29135e-13 0)
(1.00006 3.04529e-13 0)
(1.00006 2.66651e-13 0)
(1.00006 2.14465e-13 0)
(1.00006 1.5028e-13 0)
(1.00006 9.71031e-14 0)
(1 8.71118e-06 0)
(1 2.06796e-05 0)
(1.00001 2.51294e-05 0)
(1.00001 2.57296e-05 0)
(1.00002 2.49065e-05 0)
(1.00002 2.35577e-05 0)
(1.00003 2.19668e-05 0)
(1.00003 2.025e-05 0)
(1.00004 1.84824e-05 0)
(1.00004 1.6722e-05 0)
(1.00004 1.50136e-05 0)
(1.00004 1.33899e-05 0)
(1.00005 1.18727e-05 0)
(1.00005 1.04744e-05 0)
(1.00005 9.2007e-06 0)
(1.00005 8.05155e-06 0)
(1.00005 7.02313e-06 0)
(1.00005 6.109e-06 0)
(1.00005 5.30109e-06 0)
(1.00005 4.59054e-06 0)
(1.00006 3.96817e-06 0)
(1.00006 3.42494e-06 0)
(1.00006 2.9522e-06 0)
(1.00006 2.54184e-06 0)
(1.00006 2.1864e-06 0)
(1.00006 1.8791e-06 0)
(1.00006 1.61384e-06 0)
(1.00006 1.38517e-06 0)
(1.00006 1.18827e-06 0)
(1.00006 1.0189e-06 0)
(1.00006 8.73333e-07 0)
(1.00006 7.48311e-07 0)
(1.00006 6.41002e-07 0)
(1.00006 5.48945e-07 0)
(1.00006 4.7001e-07 0)
(1.00006 4.02351e-07 0)
(1.00006 3.44378e-07 0)
(1.00006 2.94719e-07 0)
(1.00006 2.52192e-07 0)
(1.00006 2.1578e-07 0)
(1.00006 1.8461e-07 0)
(1.00006 1.5793e-07 0)
(1.00006 1.35098e-07 0)
(1.00006 1.1556e-07 0)
(1.00006 9.88436e-08 0)
(1.00006 8.4542e-08 0)
(1.00006 7.23074e-08 0)
(1.00006 6.18416e-08 0)
(1.00006 5.28892e-08 0)
(1.00006 4.52316e-08 0)
(1.00006 3.86817e-08 0)
(1.00006 3.30798e-08 0)
(1.00006 2.82888e-08 0)
(1.00006 2.41918e-08 0)
(1.00006 2.06882e-08 0)
(1.00006 1.7692e-08 0)
(1.00006 1.51298e-08 0)
(1.00006 1.29386e-08 0)
(1.00006 1.10646e-08 0)
(1.00006 9.46191e-09 0)
(1.00006 8.09122e-09 0)
(1.00006 6.91898e-09 0)
(1.00006 5.91653e-09 0)
(1.00006 5.05936e-09 0)
(1.00006 4.3264e-09 0)
(1.00006 3.6996e-09 0)
(1.00006 3.16348e-09 0)
(1.00006 2.7049e-09 0)
(1.00006 2.31266e-09 0)
(1.00006 1.97727e-09 0)
(1.00006 1.69058e-09 0)
(1.00006 1.44559e-09 0)
(1.00006 1.23626e-09 0)
(1.00006 1.05742e-09 0)
(1.00006 9.04633e-10 0)
(1.00006 7.7409e-10 0)
(1.00006 6.62562e-10 0)
(1.00006 5.67231e-10 0)
(1.00006 4.85692e-10 0)
(1.00006 4.15883e-10 0)
(1.00006 3.56042e-10 0)
(1.00006 3.04717e-10 0)
(1.00006 2.60682e-10 0)
(1.00006 2.22911e-10 0)
(1.00006 1.90545e-10 0)
(1.00006 1.62816e-10 0)
(1.00006 1.39063e-10 0)
(1.00006 1.18735e-10 0)
(1.00006 1.01319e-10 0)
(1.00006 8.6424e-11 0)
(1.00006 7.36735e-11 0)
(1.00006 6.27705e-11 0)
(1.00006 5.34725e-11 0)
(1.00006 4.55398e-11 0)
(1.00006 3.87982e-11 0)
(1.00006 3.30429e-11 0)
(1.00006 2.81637e-11 0)
(1.00006 2.40242e-11 0)
(1.00006 2.05077e-11 0)
(1.00006 1.75566e-11 0)
(1.00006 1.50737e-11 0)
(1.00006 1.29896e-11 0)
(1.00006 1.12465e-11 0)
(1.00006 9.74644e-12 0)
(1.00006 8.45707e-12 0)
(1.00006 7.32062e-12 0)
(1.00006 6.3293e-12 0)
(1.00006 5.48083e-12 0)
(1.00006 4.73247e-12 0)
(1.00006 4.10905e-12 0)
(1.00006 3.58202e-12 0)
(1.00006 3.11068e-12 0)
(1.00006 2.68472e-12 0)
(1.00006 2.26374e-12 0)
(1.00006 1.86189e-12 0)
(1.00006 1.47525e-12 0)
(1.00006 1.10249e-12 0)
(1.00006 7.90828e-13 0)
(1.00006 5.25972e-13 0)
(1.00006 3.34079e-13 0)
(1.00006 1.98481e-13 0)
(1.00006 1.00498e-13 0)
(1.00006 1.35626e-14 0)
(1.00006 -7.11304e-14 0)
(1.00006 -1.53476e-13 0)
(1.00006 -2.38163e-13 0)
(1.00006 -3.14976e-13 0)
(1.00006 -3.61254e-13 0)
(1.00006 -3.8041e-13 0)
(1.00006 -3.97697e-13 0)
(1.00006 -3.85087e-13 0)
(1.00006 -3.55587e-13 0)
(1.00006 -3.0903e-13 0)
(1.00006 -2.66042e-13 0)
(1.00006 -2.17153e-13 0)
(1.00006 -1.50496e-13 0)
(1.00006 -9.69923e-14 0)
(1.00006 -2.87104e-14 0)
(1.00006 2.68828e-14 0)
(1.00006 8.5287e-14 0)
(1.00006 1.42636e-13 0)
(1.00006 1.82698e-13 0)
(1.00006 2.27302e-13 0)
(1.00006 2.69118e-13 0)
(1.00006 3.03196e-13 0)
(1.00006 3.24657e-13 0)
(1.00006 3.4404e-13 0)
(1.00006 3.73543e-13 0)
(1.00006 3.86441e-13 0)
(1.00006 3.98844e-13 0)
(1.00006 4.00647e-13 0)
(1.00006 3.85788e-13 0)
(1.00006 3.68165e-13 0)
(1.00006 3.12732e-13 0)
(1.00006 2.67318e-13 0)
(1.00006 2.15918e-13 0)
(1.00006 1.44456e-13 0)
(1.00006 8.09985e-14 0)
(1.00006 1.90264e-14 0)
(1.00006 -2.52187e-14 0)
(1.00006 -7.07236e-14 0)
(1.00006 -1.02388e-13 0)
(1.00006 -1.11201e-13 0)
(1.00006 -9.8366e-14 0)
(1.00006 -6.89279e-14 0)
(1.00006 -3.8725e-14 0)
(1.00006 -3.5869e-16 0)
(1.00006 5.99645e-14 0)
(1.00006 1.0474e-13 0)
(1.00006 1.38973e-13 0)
(1.00006 1.8095e-13 0)
(1.00006 2.31139e-13 0)
(1.00006 2.62037e-13 0)
(1.00006 2.95124e-13 0)
(1.00006 3.54991e-13 0)
(1.00006 3.89756e-13 0)
(1.00006 4.17988e-13 0)
(1.00006 4.59694e-13 0)
(1.00006 4.98556e-13 0)
(1.00006 5.27614e-13 0)
(1.00006 5.4837e-13 0)
(1.00006 5.94146e-13 0)
(1.00006 6.28646e-13 0)
(1.00006 6.35399e-13 0)
(1.00006 6.36748e-13 0)
(1.00006 6.24896e-13 0)
(1.00006 6.1622e-13 0)
(1.00006 5.62027e-13 0)
(1.00006 5.38932e-13 0)
(1.00006 5.12052e-13 0)
(1.00006 4.65011e-13 0)
(1.00006 4.39808e-13 0)
(1.00006 4.25851e-13 0)
(1.00006 3.85621e-13 0)
(1.00006 3.06641e-13 0)
(1.00006 2.31763e-13 0)
(1.00006 1.63713e-13 0)
(1.00006 1.61521e-13 0)
(1.00006 1.779e-13 0)
(1.00006 1.22279e-13 0)
(1 6.96598e-06 0)
(1 1.6546e-05 0)
(1.00001 2.01285e-05 0)
(1.00001 2.06487e-05 0)
(1.00002 2.00423e-05 0)
(1.00002 1.90205e-05 0)
(1.00003 1.78033e-05 0)
(1.00003 1.64784e-05 0)
(1.00003 1.51022e-05 0)
(1.00004 1.37197e-05 0)
(1.00004 1.23669e-05 0)
(1.00004 1.1071e-05 0)
(1.00005 9.85098e-06 0)
(1.00005 8.71909e-06 0)
(1.00005 7.68162e-06 0)
(1.00005 6.74035e-06 0)
(1.00005 5.89371e-06 0)
(1.00005 5.13775e-06 0)
(1.00005 4.46695e-06 0)
(1.00005 3.87486e-06 0)
(1.00005 3.35461e-06 0)
(1.00006 2.89926e-06 0)
(1.00006 2.50201e-06 0)
(1.00006 2.15645e-06 0)
(1.00006 1.85657e-06 0)
(1.00006 1.59688e-06 0)
(1.00006 1.37239e-06 0)
(1.00006 1.17862e-06 0)
(1.00006 1.01161e-06 0)
(1.00006 8.67803e-07 0)
(1.00006 7.44108e-07 0)
(1.00006 6.37797e-07 0)
(1.00006 5.46492e-07 0)
(1.00006 4.68125e-07 0)
(1.00006 4.00896e-07 0)
(1.00006 3.4325e-07 0)
(1.00006 2.9384e-07 0)
(1.00006 2.51503e-07 0)
(1.00006 2.15237e-07 0)
(1.00006 1.8418e-07 0)
(1.00006 1.57588e-07 0)
(1.00006 1.34824e-07 0)
(1.00006 1.15339e-07 0)
(1.00006 9.86645e-08 0)
(1.00006 8.4396e-08 0)
(1.00006 7.21878e-08 0)
(1.00006 6.17433e-08 0)
(1.00006 5.2808e-08 0)
(1.00006 4.51644e-08 0)
(1.00006 3.86259e-08 0)
(1.00006 3.30332e-08 0)
(1.00006 2.82497e-08 0)
(1.00006 2.41588e-08 0)
(1.00006 2.06603e-08 0)
(1.00006 1.76684e-08 0)
(1.00006 1.51098e-08 0)
(1.00006 1.29216e-08 0)
(1.00006 1.10502e-08 0)
(1.00006 9.44974e-09 0)
(1.00006 8.08093e-09 0)
(1.00006 6.91029e-09 0)
(1.00006 5.9092e-09 0)
(1.00006 5.05314e-09 0)
(1.00006 4.32112e-09 0)
(1.00006 3.69514e-09 0)
(1.00006 3.15974e-09 0)
(1.00006 2.70175e-09 0)
(1.00006 2.30998e-09 0)
(1.00006 1.97493e-09 0)
(1.00006 1.6885e-09 0)
(1.00006 1.44369e-09 0)
(1.00006 1.23454e-09 0)
(1.00006 1.05582e-09 0)
(1.00006 9.03132e-10 0)
(1.00006 7.72677e-10 0)
(1.00006 6.61206e-10 0)
(1.00006 5.65958e-10 0)
(1.00006 4.845e-10 0)
(1.00006 4.14804e-10 0)
(1.00006 3.55092e-10 0)
(1.00006 3.03896e-10 0)
(1.00006 2.59993e-10 0)
(1.00006 2.22349e-10 0)
(1.00006 1.9011e-10 0)
(1.00006 1.62505e-10 0)
(1.00006 1.38896e-10 0)
(1.00006 1.18694e-10 0)
(1.00006 1.01407e-10 0)
(1.00006 8.66019e-11 0)
(1.00006 7.39159e-11 0)
(1.00006 6.30555e-11 0)
(1.00006 5.37564e-11 0)
(1.00006 4.58024e-11 0)
(1.00006 3.8999e-11 0)
(1.00006 3.31932e-11 0)
(1.00006 2.82516e-11 0)
(1.00006 2.40346e-11 0)
(1.00006 2.04543e-11 0)
(1.00006 1.74453e-11 0)
(1.00006 1.49078e-11 0)
(1.00006 1.28043e-11 0)
(1.00006 1.10543e-11 0)
(1.00006 9.56922e-12 0)
(1.00006 8.31029e-12 0)
(1.00006 7.22448e-12 0)
(1.00006 6.28688e-12 0)
(1.00006 5.45491e-12 0)
(1.00006 4.74633e-12 0)
(1.00006 4.15414e-12 0)
(1.00006 3.63379e-12 0)
(1.00006 3.19792e-12 0)
(1.00006 2.79847e-12 0)
(1.00006 2.41717e-12 0)
(1.00006 2.0551e-12 0)
(1.00006 1.67482e-12 0)
(1.00006 1.33045e-12 0)
(1.00006 1.00548e-12 0)
(1.00006 7.22815e-13 0)
(1.00006 5.13695e-13 0)
(1.00006 3.49971e-13 0)
(1.00006 2.35921e-13 0)
(1.00006 1.43925e-13 0)
(1.00006 6.09803e-14 0)
(1.00006 -3.4305e-14 0)
(1.00006 -1.26155e-13 0)
(1.00006 -2.09033e-13 0)
(1.00006 -2.62886e-13 0)
(1.00006 -3.10353e-13 0)
(1.00006 -3.37104e-13 0)
(1.00006 -3.26763e-13 0)
(1.00006 -3.09509e-13 0)
(1.00006 -2.88953e-13 0)
(1.00006 -2.62943e-13 0)
(1.00006 -2.20897e-13 0)
(1.00006 -1.93003e-13 0)
(1.00006 -1.56864e-13 0)
(1.00006 -1.09133e-13 0)
(1.00006 -5.84717e-14 0)
(1.00006 -7.59426e-15 0)
(1.00006 4.32851e-14 0)
(1.00006 8.98623e-14 0)
(1.00006 1.35435e-13 0)
(1.00006 1.77249e-13 0)
(1.00006 2.13049e-13 0)
(1.00006 2.37349e-13 0)
(1.00006 2.60238e-13 0)
(1.00006 2.79457e-13 0)
(1.00006 2.93352e-13 0)
(1.00006 3.09651e-13 0)
(1.00006 3.23327e-13 0)
(1.00006 3.16113e-13 0)
(1.00006 3.07512e-13 0)
(1.00006 2.84017e-13 0)
(1.00006 2.55558e-13 0)
(1.00006 2.18028e-13 0)
(1.00006 1.48469e-13 0)
(1.00006 1.07581e-13 0)
(1.00006 5.60806e-14 0)
(1.00006 -2.40673e-15 0)
(1.00006 -4.52199e-14 0)
(1.00006 -6.87379e-14 0)
(1.00006 -8.95944e-14 0)
(1.00006 -8.69372e-14 0)
(1.00006 -7.70511e-14 0)
(1.00006 -8.21442e-14 0)
(1.00006 -5.13242e-14 0)
(1.00006 -2.24899e-14 0)
(1.00006 4.51413e-15 0)
(1.00006 4.49829e-14 0)
(1.00006 8.87881e-14 0)
(1.00006 1.24121e-13 0)
(1.00006 1.73989e-13 0)
(1.00006 2.08628e-13 0)
(1.00006 2.24767e-13 0)
(1.00006 2.71397e-13 0)
(1.00006 3.19406e-13 0)
(1.00006 3.47277e-13 0)
(1.00006 4.02354e-13 0)
(1.00006 4.54878e-13 0)
(1.00006 4.79651e-13 0)
(1.00006 5.10343e-13 0)
(1.00006 5.24486e-13 0)
(1.00006 5.5351e-13 0)
(1.00006 5.70559e-13 0)
(1.00006 5.47136e-13 0)
(1.00006 5.41971e-13 0)
(1.00006 5.54273e-13 0)
(1.00006 5.51187e-13 0)
(1.00006 5.08694e-13 0)
(1.00006 4.5018e-13 0)
(1.00006 4.06109e-13 0)
(1.00006 3.51378e-13 0)
(1.00006 3.01204e-13 0)
(1.00006 2.50746e-13 0)
(1.00006 2.31541e-13 0)
(1.00006 2.21637e-13 0)
(1.00006 1.72085e-13 0)
(1.00006 1.09432e-13 0)
(1.00006 6.74814e-14 0)
(1.00006 6.51926e-14 0)
(1 5.32241e-06 0)
(1 1.26474e-05 0)
(1.00001 1.53983e-05 0)
(1.00001 1.58185e-05 0)
(1.00002 1.53849e-05 0)
(1.00002 1.46371e-05 0)
(1.00003 1.37397e-05 0)
(1.00003 1.27564e-05 0)
(1.00003 1.17281e-05 0)
(1.00004 1.06883e-05 0)
(1.00004 9.66408e-06 0)
(1.00004 8.67685e-06 0)
(1.00004 7.7421e-06 0)
(1.00005 6.87017e-06 0)
(1.00005 6.06702e-06 0)
(1.00005 5.33509e-06 0)
(1.00005 4.67407e-06 0)
(1.00005 4.08169e-06 0)
(1.00005 3.55434e-06 0)
(1.00005 3.08751e-06 0)
(1.00005 2.67628e-06 0)
(1.00006 2.31552e-06 0)
(1.00006 2.00017e-06 0)
(1.00006 1.72537e-06 0)
(1.00006 1.48653e-06 0)
(1.00006 1.27942e-06 0)
(1.00006 1.10017e-06 0)
(1.00006 9.45304e-07 0)
(1.00006 8.11692e-07 0)
(1.00006 6.96562e-07 0)
(1.00006 5.97465e-07 0)
(1.00006 5.12245e-07 0)
(1.00006 4.39019e-07 0)
(1.00006 3.7614e-07 0)
(1.00006 3.22179e-07 0)
(1.00006 2.75894e-07 0)
(1.00006 2.36211e-07 0)
(1.00006 2.022e-07 0)
(1.00006 1.73061e-07 0)
(1.00006 1.48101e-07 0)
(1.00006 1.26728e-07 0)
(1.00006 1.08428e-07 0)
(1.00006 9.27632e-08 0)
(1.00006 7.9356e-08 0)
(1.00006 6.78826e-08 0)
(1.00006 5.80651e-08 0)
(1.00006 4.96653e-08 0)
(1.00006 4.24789e-08 0)
(1.00006 3.63309e-08 0)
(1.00006 3.10717e-08 0)
(1.00006 2.65732e-08 0)
(1.00006 2.27257e-08 0)
(1.00006 1.94351e-08 0)
(1.00006 1.66209e-08 0)
(1.00006 1.42142e-08 0)
(1.00006 1.21558e-08 0)
(1.00006 1.03954e-08 0)
(1.00006 8.88986e-09 0)
(1.00006 7.60221e-09 0)
(1.00006 6.50099e-09 0)
(1.00006 5.55925e-09 0)
(1.00006 4.75393e-09 0)
(1.00006 4.06533e-09 0)
(1.00006 3.47648e-09 0)
(1.00006 2.97286e-09 0)
(1.00006 2.54205e-09 0)
(1.00006 2.17349e-09 0)
(1.00006 1.85823e-09 0)
(1.00006 1.58864e-09 0)
(1.00006 1.35822e-09 0)
(1.00006 1.16133e-09 0)
(1.00006 9.93116e-10 0)
(1.00006 8.49399e-10 0)
(1.00006 7.26611e-10 0)
(1.00006 6.21692e-10 0)
(1.00006 5.32033e-10 0)
(1.00006 4.55393e-10 0)
(1.00006 3.89811e-10 0)
(1.00006 3.33646e-10 0)
(1.00006 2.85495e-10 0)
(1.00006 2.44207e-10 0)
(1.00006 2.08814e-10 0)
(1.00006 1.78509e-10 0)
(1.00006 1.52605e-10 0)
(1.00006 1.30474e-10 0)
(1.00006 1.11574e-10 0)
(1.00006 9.54306e-11 0)
(1.00006 8.16134e-11 0)
(1.00006 6.97781e-11 0)
(1.00006 5.96279e-11 0)
(1.00006 5.09109e-11 0)
(1.00006 4.34265e-11 0)
(1.00006 3.70023e-11 0)
(1.00006 3.15036e-11 0)
(1.00006 2.67777e-11 0)
(1.00006 2.27411e-11 0)
(1.00006 1.93043e-11 0)
(1.00006 1.63804e-11 0)
(1.00006 1.3943e-11 0)
(1.00006 1.19125e-11 0)
(1.00006 1.02159e-11 0)
(1.00006 8.82447e-12 0)
(1.00006 7.66143e-12 0)
(1.00006 6.68327e-12 0)
(1.00006 5.82803e-12 0)
(1.00006 5.09385e-12 0)
(1.00006 4.47434e-12 0)
(1.00006 3.92324e-12 0)
(1.00006 3.46558e-12 0)
(1.00006 3.07651e-12 0)
(1.00006 2.73058e-12 0)
(1.00006 2.41692e-12 0)
(1.00006 2.09205e-12 0)
(1.00006 1.77537e-12 0)
(1.00006 1.45583e-12 0)
(1.00006 1.14685e-12 0)
(1.00006 8.86963e-13 0)
(1.00006 6.57313e-13 0)
(1.00006 4.91417e-13 0)
(1.00006 3.71626e-13 0)
(1.00006 2.80907e-13 0)
(1.00006 1.90676e-13 0)
(1.00006 9.67324e-14 0)
(1.00006 1.5523e-15 0)
(1.00006 -8.81292e-14 0)
(1.00006 -1.7314e-13 0)
(1.00006 -2.27221e-13 0)
(1.00006 -2.46785e-13 0)
(1.00006 -2.66582e-13 0)
(1.00006 -2.65482e-13 0)
(1.00006 -2.46797e-13 0)
(1.00006 -2.12846e-13 0)
(1.00006 -2.01086e-13 0)
(1.00006 -1.94897e-13 0)
(1.00006 -1.73961e-13 0)
(1.00006 -1.54519e-13 0)
(1.00006 -1.18065e-13 0)
(1.00006 -8.1525e-14 0)
(1.00006 -4.83928e-14 0)
(1.00006 -6.6617e-15 0)
(1.00006 3.49188e-14 0)
(1.00006 7.91969e-14 0)
(1.00006 1.19992e-13 0)
(1.00006 1.52324e-13 0)
(1.00006 1.68072e-13 0)
(1.00006 1.79956e-13 0)
(1.00006 2.06861e-13 0)
(1.00006 2.20174e-13 0)
(1.00006 2.23207e-13 0)
(1.00006 2.27653e-13 0)
(1.00006 2.22163e-13 0)
(1.00006 2.31199e-13 0)
(1.00006 2.09614e-13 0)
(1.00006 1.71925e-13 0)
(1.00006 1.51872e-13 0)
(1.00006 1.1203e-13 0)
(1.00006 7.28575e-14 0)
(1.00006 2.68579e-14 0)
(1.00006 -1.78144e-14 0)
(1.00006 -6.32222e-14 0)
(1.00006 -8.41651e-14 0)
(1.00006 -9.76101e-14 0)
(1.00006 -1.05071e-13 0)
(1.00006 -8.97088e-14 0)
(1.00006 -7.89872e-14 0)
(1.00006 -6.45293e-14 0)
(1.00006 -3.93751e-14 0)
(1.00006 -1.8913e-14 0)
(1.00006 7.0462e-15 0)
(1.00006 3.49312e-14 0)
(1.00006 5.40912e-14 0)
(1.00006 8.53184e-14 0)
(1.00006 1.28864e-13 0)
(1.00006 1.51044e-13 0)
(1.00006 1.72596e-13 0)
(1.00006 2.32763e-13 0)
(1.00006 2.60513e-13 0)
(1.00006 2.8311e-13 0)
(1.00006 3.45022e-13 0)
(1.00006 3.79224e-13 0)
(1.00006 4.10581e-13 0)
(1.00006 4.25147e-13 0)
(1.00006 4.51232e-13 0)
(1.00006 4.98189e-13 0)
(1.00006 4.86983e-13 0)
(1.00006 4.68279e-13 0)
(1.00006 4.37008e-13 0)
(1.00006 4.34564e-13 0)
(1.00006 4.22519e-13 0)
(1.00006 3.81891e-13 0)
(1.00006 3.54591e-13 0)
(1.00006 2.91634e-13 0)
(1.00006 2.66714e-13 0)
(1.00006 2.37173e-13 0)
(1.00006 1.69942e-13 0)
(1.00006 1.31814e-13 0)
(1.00006 1.08899e-13 0)
(1.00006 9.75411e-14 0)
(1.00006 9.41936e-14 0)
(1.00006 6.06624e-14 0)
(1 3.7524e-06 0)
(1 8.91926e-06 0)
(1.00001 1.08655e-05 0)
(1.00001 1.11731e-05 0)
(1.00002 1.08823e-05 0)
(1.00002 1.03719e-05 0)
(1.00002 9.75596e-06 0)
(1.00003 9.07786e-06 0)
(1.00003 8.36536e-06 0)
(1.00004 7.64128e-06 0)
(1.00004 6.9247e-06 0)
(1.00004 6.23081e-06 0)
(1.00004 5.57099e-06 0)
(1.00005 4.95304e-06 0)
(1.00005 4.38175e-06 0)
(1.00005 3.85935e-06 0)
(1.00005 3.38613e-06 0)
(1.00005 2.96089e-06 0)
(1.00005 2.58139e-06 0)
(1.00005 2.24472e-06 0)
(1.00005 1.94756e-06 0)
(1.00005 1.68643e-06 0)
(1.00006 1.45782e-06 0)
(1.00006 1.25834e-06 0)
(1.00006 1.08476e-06 0)
(1.00006 9.34081e-07 0)
(1.00006 8.03561e-07 0)
(1.00006 6.90703e-07 0)
(1.00006 5.93269e-07 0)
(1.00006 5.09264e-07 0)
(1.00006 4.36919e-07 0)
(1.00006 3.74678e-07 0)
(1.00006 3.21176e-07 0)
(1.00006 2.75218e-07 0)
(1.00006 2.35768e-07 0)
(1.00006 2.01921e-07 0)
(1.00006 1.72895e-07 0)
(1.00006 1.48014e-07 0)
(1.00006 1.26693e-07 0)
(1.00006 1.08428e-07 0)
(1.00006 9.27847e-08 0)
(1.00006 7.93902e-08 0)
(1.00006 6.79234e-08 0)
(1.00006 5.81085e-08 0)
(1.00006 4.97086e-08 0)
(1.00006 4.25207e-08 0)
(1.00006 3.63703e-08 0)
(1.00006 3.11081e-08 0)
(1.00006 2.66061e-08 0)
(1.00006 2.27549e-08 0)
(1.00006 1.94608e-08 0)
(1.00006 1.66433e-08 0)
(1.00006 1.42337e-08 0)
(1.00006 1.21729e-08 0)
(1.00006 1.04103e-08 0)
(1.00006 8.90281e-09 0)
(1.00006 7.61345e-09 0)
(1.00006 6.5107e-09 0)
(1.00006 5.56757e-09 0)
(1.00006 4.76102e-09 0)
(1.00006 4.07134e-09 0)
(1.00006 3.48165e-09 0)
(1.00006 2.97742e-09 0)
(1.00006 2.54621e-09 0)
(1.00006 2.17736e-09 0)
(1.00006 1.86177e-09 0)
(1.00006 1.59175e-09 0)
(1.00006 1.36078e-09 0)
(1.00006 1.16331e-09 0)
(1.00006 9.94551e-10 0)
(1.00006 8.50399e-10 0)
(1.00006 7.27256e-10 0)
(1.00006 6.22063e-10 0)
(1.00006 5.322e-10 0)
(1.00006 4.55397e-10 0)
(1.00006 3.89757e-10 0)
(1.00006 3.33586e-10 0)
(1.00006 2.85477e-10 0)
(1.00006 2.44216e-10 0)
(1.00006 2.08809e-10 0)
(1.00006 1.78446e-10 0)
(1.00006 1.52456e-10 0)
(1.00006 1.30262e-10 0)
(1.00006 1.11337e-10 0)
(1.00006 9.52418e-11 0)
(1.00006 8.15344e-11 0)
(1.00006 6.98484e-11 0)
(1.00006 5.98427e-11 0)
(1.00006 5.12627e-11 0)
(1.00006 4.38895e-11 0)
(1.00006 3.75292e-11 0)
(1.00006 3.20429e-11 0)
(1.00006 2.72942e-11 0)
(1.00006 2.31978e-11 0)
(1.00006 1.96677e-11 0)
(1.00006 1.66324e-11 0)
(1.00006 1.40439e-11 0)
(1.00006 1.18671e-11 0)
(1.00006 1.00574e-11 0)
(1.00006 8.57136e-12 0)
(1.00006 7.35794e-12 0)
(1.00006 6.36563e-12 0)
(1.00006 5.55057e-12 0)
(1.00006 4.87561e-12 0)
(1.00006 4.31075e-12 0)
(1.00006 3.81921e-12 0)
(1.00006 3.40217e-12 0)
(1.00006 3.05408e-12 0)
(1.00006 2.74521e-12 0)
(1.00006 2.47851e-12 0)
(1.00006 2.22858e-12 0)
(1.00006 1.98679e-12 0)
(1.00006 1.74599e-12 0)
(1.00006 1.48035e-12 0)
(1.00006 1.24101e-12 0)
(1.00006 1.00499e-12 0)
(1.00006 7.94812e-13 0)
(1.00006 6.30478e-13 0)
(1.00006 5.01469e-13 0)
(1.00006 3.96192e-13 0)
(1.00006 3.04394e-13 0)
(1.00006 2.21333e-13 0)
(1.00006 1.23191e-13 0)
(1.00006 2.70377e-14 0)
(1.00006 -5.50928e-14 0)
(1.00006 -1.13828e-13 0)
(1.00006 -1.58658e-13 0)
(1.00006 -1.78485e-13 0)
(1.00006 -1.77816e-13 0)
(1.00006 -1.71466e-13 0)
(1.00006 -1.70887e-13 0)
(1.00006 -1.67811e-13 0)
(1.00006 -1.56925e-13 0)
(1.00006 -1.62065e-13 0)
(1.00006 -1.64032e-13 0)
(1.00006 -1.57725e-13 0)
(1.00006 -1.28761e-13 0)
(1.00006 -1.04905e-13 0)
(1.00006 -8.0665e-14 0)
(1.00006 -4.43586e-14 0)
(1.00006 -5.63924e-15 0)
(1.00006 3.35839e-14 0)
(1.00006 6.18103e-14 0)
(1.00006 7.74472e-14 0)
(1.00006 8.97729e-14 0)
(1.00006 9.6945e-14 0)
(1.00006 1.06044e-13 0)
(1.00006 1.1465e-13 0)
(1.00006 1.29627e-13 0)
(1.00006 1.29827e-13 0)
(1.00006 1.30158e-13 0)
(1.00006 1.39315e-13 0)
(1.00006 1.20167e-13 0)
(1.00006 1.06196e-13 0)
(1.00006 7.83595e-14 0)
(1.00006 5.8582e-14 0)
(1.00006 3.75432e-14 0)
(1.00006 -8.38475e-15 0)
(1.00006 -4.51695e-14 0)
(1.00006 -6.31702e-14 0)
(1.00006 -9.03116e-14 0)
(1.00006 -1.10802e-13 0)
(1.00006 -1.19292e-13 0)
(1.00006 -1.30453e-13 0)
(1.00006 -1.20547e-13 0)
(1.00006 -1.0569e-13 0)
(1.00006 -8.6649e-14 0)
(1.00006 -7.02844e-14 0)
(1.00006 -4.82491e-14 0)
(1.00006 -3.65183e-14 0)
(1.00006 -2.64999e-14 0)
(1.00006 -4.94315e-15 0)
(1.00006 2.19498e-14 0)
(1.00006 5.74517e-14 0)
(1.00006 8.482e-14 0)
(1.00006 1.25461e-13 0)
(1.00006 1.70393e-13 0)
(1.00006 1.96537e-13 0)
(1.00006 2.34384e-13 0)
(1.00006 2.90538e-13 0)
(1.00006 3.39018e-13 0)
(1.00006 3.60589e-13 0)
(1.00006 3.71074e-13 0)
(1.00006 3.96448e-13 0)
(1.00006 4.15543e-13 0)
(1.00006 4.13566e-13 0)
(1.00006 3.68436e-13 0)
(1.00006 3.3341e-13 0)
(1.00006 3.16693e-13 0)
(1.00006 2.86497e-13 0)
(1.00006 2.51429e-13 0)
(1.00006 2.26192e-13 0)
(1.00006 1.83105e-13 0)
(1.00006 1.48081e-13 0)
(1.00006 1.35721e-13 0)
(1.00006 1.168e-13 0)
(1.00006 6.60181e-14 0)
(1.00006 2.77035e-14 0)
(1.00006 4.75744e-14 0)
(1.00006 2.83027e-14 0)
(1 2.23223e-06 0)
(1 5.30687e-06 0)
(1.00001 6.46726e-06 0)
(1.00001 6.65456e-06 0)
(1.00002 6.48729e-06 0)
(1.00002 6.19012e-06 0)
(1.00002 5.8302e-06 0)
(1.00003 5.43277e-06 0)
(1.00003 5.01387e-06 0)
(1.00003 4.5868e-06 0)
(1.00004 4.16283e-06 0)
(1.00004 3.75106e-06 0)
(1.00004 3.35838e-06 0)
(1.00004 2.98965e-06 0)
(1.00005 2.64792e-06 0)
(1.00005 2.33474e-06 0)
(1.00005 2.05046e-06 0)
(1.00005 1.79455e-06 0)
(1.00005 1.56578e-06 0)
(1.00005 1.36253e-06 0)
(1.00005 1.1829e-06 0)
(1.00005 1.02487e-06 0)
(1.00006 8.86373e-07 0)
(1.00006 7.65415e-07 0)
(1.00006 6.6008e-07 0)
(1.00006 5.68581e-07 0)
(1.00006 4.89274e-07 0)
(1.00006 4.20664e-07 0)
(1.00006 3.61402e-07 0)
(1.00006 3.10288e-07 0)
(1.00006 2.66253e-07 0)
(1.00006 2.28357e-07 0)
(1.00006 1.95772e-07 0)
(1.00006 1.67777e-07 0)
(1.00006 1.43741e-07 0)
(1.00006 1.23115e-07 0)
(1.00006 1.05425e-07 0)
(1.00006 9.02588e-08 0)
(1.00006 7.7261e-08 0)
(1.00006 6.61251e-08 0)
(1.00006 5.65871e-08 0)
(1.00006 4.84197e-08 0)
(1.00006 4.14273e-08 0)
(1.00006 3.5442e-08 0)
(1.00006 3.03194e-08 0)
(1.00006 2.59357e-08 0)
(1.00006 2.21844e-08 0)
(1.00006 1.89748e-08 0)
(1.00006 1.62287e-08 0)
(1.00006 1.38798e-08 0)
(1.00006 1.18706e-08 0)
(1.00006 1.01523e-08 0)
(1.00006 8.68262e-09 0)
(1.00006 7.4256e-09 0)
(1.00006 6.3504e-09 0)
(1.00006 5.43075e-09 0)
(1.00006 4.64413e-09 0)
(1.00006 3.97132e-09 0)
(1.00006 3.39593e-09 0)
(1.00006 2.90391e-09 0)
(1.00006 2.48325e-09 0)
(1.00006 2.12365e-09 0)
(1.00006 1.81619e-09 0)
(1.00006 1.55323e-09 0)
(1.00006 1.32822e-09 0)
(1.00006 1.13564e-09 0)
(1.00006 9.70834e-10 0)
(1.00006 8.29852e-10 0)
(1.00006 7.09367e-10 0)
(1.00006 6.06434e-10 0)
(1.00006 5.18546e-10 0)
(1.00006 4.43504e-10 0)
(1.00006 3.79417e-10 0)
(1.00006 3.24686e-10 0)
(1.00006 2.77889e-10 0)
(1.00006 2.3786e-10 0)
(1.00006 2.03534e-10 0)
(1.00006 1.74054e-10 0)
(1.00006 1.48712e-10 0)
(1.00006 1.26935e-10 0)
(1.00006 1.08271e-10 0)
(1.00006 9.23401e-11 0)
(1.00006 7.88153e-11 0)
(1.00006 6.73672e-11 0)
(1.00006 5.77076e-11 0)
(1.00006 4.95339e-11 0)
(1.00006 4.25927e-11 0)
(1.00006 3.66519e-11 0)
(1.00006 3.15418e-11 0)
(1.00006 2.71182e-11 0)
(1.00006 2.32628e-11 0)
(1.00006 1.98985e-11 0)
(1.00006 1.6955e-11 0)
(1.00006 1.43689e-11 0)
(1.00006 1.21015e-11 0)
(1.00006 1.01426e-11 0)
(1.00006 8.45712e-12 0)
(1.00006 7.05642e-12 0)
(1.00006 5.91837e-12 0)
(1.00006 4.99667e-12 0)
(1.00006 4.27779e-12 0)
(1.00006 3.71963e-12 0)
(1.00006 3.28204e-12 0)
(1.00006 2.91387e-12 0)
(1.00006 2.61857e-12 0)
(1.00006 2.39211e-12 0)
(1.00006 2.20705e-12 0)
(1.00006 2.07557e-12 0)
(1.00006 1.95564e-12 0)
(1.00006 1.83366e-12 0)
(1.00006 1.69845e-12 0)
(1.00006 1.51424e-12 0)
(1.00006 1.3273e-12 0)
(1.00006 1.11278e-12 0)
(1.00006 9.05642e-13 0)
(1.00006 7.5409e-13 0)
(1.00006 6.31426e-13 0)
(1.00006 5.48303e-13 0)
(1.00006 4.90044e-13 0)
(1.00006 4.39998e-13 0)
(1.00006 3.62826e-13 0)
(1.00006 2.67513e-13 0)
(1.00006 1.60894e-13 0)
(1.00006 6.66917e-14 0)
(1.00006 -2.04619e-14 0)
(1.00006 -7.64032e-14 0)
(1.00006 -8.96433e-14 0)
(1.00006 -8.5967e-14 0)
(1.00006 -7.321e-14 0)
(1.00006 -5.25597e-14 0)
(1.00006 -2.62148e-14 0)
(1.00006 -2.76015e-14 0)
(1.00006 -4.68715e-14 0)
(1.00006 -6.90663e-14 0)
(1.00006 -9.35317e-14 0)
(1.00006 -1.18277e-13 0)
(1.00006 -1.21861e-13 0)
(1.00006 -1.18016e-13 0)
(1.00006 -1.03334e-13 0)
(1.00006 -7.38781e-14 0)
(1.00006 -4.09637e-14 0)
(1.00006 -1.05037e-14 0)
(1.00006 9.93819e-15 0)
(1.00006 1.85691e-14 0)
(1.00006 1.41047e-14 0)
(1.00006 1.55e-14 0)
(1.00006 1.65453e-14 0)
(1.00006 -2.06118e-15 0)
(1.00006 -8.10572e-15 0)
(1.00006 -1.46358e-14 0)
(1.00006 -1.17131e-14 0)
(1.00006 1.94625e-15 0)
(1.00006 -1.71981e-14 0)
(1.00006 -3.64392e-15 0)
(1.00006 2.89222e-15 0)
(1.00006 -8.13577e-15 0)
(1.00006 -1.2784e-14 0)
(1.00006 -1.80764e-14 0)
(1.00006 -3.81939e-14 0)
(1.00006 -4.76534e-14 0)
(1.00006 -6.64945e-14 0)
(1.00006 -9.59342e-14 0)
(1.00006 -9.85059e-14 0)
(1.00006 -1.18716e-13 0)
(1.00006 -1.4274e-13 0)
(1.00006 -1.46204e-13 0)
(1.00006 -1.45975e-13 0)
(1.00006 -1.60737e-13 0)
(1.00006 -1.59591e-13 0)
(1.00006 -1.52798e-13 0)
(1.00006 -1.54831e-13 0)
(1.00006 -1.40555e-13 0)
(1.00006 -1.16688e-13 0)
(1.00006 -9.18916e-14 0)
(1.00006 -6.04261e-14 0)
(1.00006 -2.55899e-14 0)
(1.00006 2.98453e-14 0)
(1.00006 9.79506e-14 0)
(1.00006 1.36685e-13 0)
(1.00006 1.81761e-13 0)
(1.00006 2.37561e-13 0)
(1.00006 2.71493e-13 0)
(1.00006 2.85302e-13 0)
(1.00006 2.81394e-13 0)
(1.00006 2.91831e-13 0)
(1.00006 3.0722e-13 0)
(1.00006 3.05369e-13 0)
(1.00006 2.77905e-13 0)
(1.00006 2.45168e-13 0)
(1.00006 2.21933e-13 0)
(1.00006 1.63852e-13 0)
(1.00006 1.18072e-13 0)
(1.00006 8.85913e-14 0)
(1.00006 2.54698e-14 0)
(1.00006 -5.97446e-16 0)
(1.00006 5.19031e-14 0)
(1.00006 5.19582e-14 0)
(1.00006 -1.44631e-14 0)
(1.00006 -1.01152e-14 0)
(1.00006 1.81917e-14 0)
(1 7.40922e-07 0)
(1 1.76162e-06 0)
(1.00001 2.1472e-06 0)
(1.00001 2.21007e-06 0)
(1.00002 2.15547e-06 0)
(1.00002 2.05789e-06 0)
(1.00002 1.93949e-06 0)
(1.00003 1.80856e-06 0)
(1.00003 1.67034e-06 0)
(1.00003 1.52921e-06 0)
(1.00004 1.38888e-06 0)
(1.00004 1.25238e-06 0)
(1.00004 1.12203e-06 0)
(1.00004 9.99471e-07 0)
(1.00005 8.85745e-07 0)
(1.00005 7.81404e-07 0)
(1.00005 6.86597e-07 0)
(1.00005 6.01168e-07 0)
(1.00005 5.24741e-07 0)
(1.00005 4.56788e-07 0)
(1.00005 3.96693e-07 0)
(1.00005 3.43791e-07 0)
(1.00006 2.97407e-07 0)
(1.00006 2.56877e-07 0)
(1.00006 2.21569e-07 0)
(1.00006 1.90887e-07 0)
(1.00006 1.64286e-07 0)
(1.00006 1.41266e-07 0)
(1.00006 1.21379e-07 0)
(1.00006 1.04222e-07 0)
(1.00006 8.94383e-08 0)
(1.00006 7.67139e-08 0)
(1.00006 6.57716e-08 0)
(1.00006 5.63695e-08 0)
(1.00006 4.82961e-08 0)
(1.00006 4.13677e-08 0)
(1.00006 3.54249e-08 0)
(1.00006 3.03296e-08 0)
(1.00006 2.59625e-08 0)
(1.00006 2.22209e-08 0)
(1.00006 1.9016e-08 0)
(1.00006 1.62716e-08 0)
(1.00006 1.3922e-08 0)
(1.00006 1.19108e-08 0)
(1.00006 1.01894e-08 0)
(1.00006 8.71625e-09 0)
(1.00006 7.45557e-09 0)
(1.00006 6.37686e-09 0)
(1.00006 5.45398e-09 0)
(1.00006 4.66456e-09 0)
(1.00006 3.98941e-09 0)
(1.00006 3.41199e-09 0)
(1.00006 2.91813e-09 0)
(1.00006 2.49568e-09 0)
(1.00006 2.1343e-09 0)
(1.00006 1.82516e-09 0)
(1.00006 1.56076e-09 0)
(1.00006 1.3346e-09 0)
(1.00006 1.14118e-09 0)
(1.00006 9.75818e-10 0)
(1.00006 8.34468e-10 0)
(1.00006 7.13657e-10 0)
(1.00006 6.1037e-10 0)
(1.00006 5.22014e-10 0)
(1.00006 4.46388e-10 0)
(1.00006 3.81636e-10 0)
(1.00006 3.26219e-10 0)
(1.00006 2.78809e-10 0)
(1.00006 2.38299e-10 0)
(1.00006 2.03709e-10 0)
(1.00006 1.74189e-10 0)
(1.00006 1.49005e-10 0)
(1.00006 1.27502e-10 0)
(1.00006 1.0914e-10 0)
(1.00006 9.34301e-11 0)
(1.00006 7.99745e-11 0)
(1.00006 6.84174e-11 0)
(1.00006 5.84577e-11 0)
(1.00006 4.9866e-11 0)
(1.00006 4.24709e-11 0)
(1.00006 3.61464e-11 0)
(1.00006 3.07643e-11 0)
(1.00006 2.62279e-11 0)
(1.00006 2.24246e-11 0)
(1.00006 1.92416e-11 0)
(1.00006 1.65725e-11 0)
(1.00006 1.43174e-11 0)
(1.00006 1.23859e-11 0)
(1.00006 1.0718e-11 0)
(1.00006 9.26822e-12 0)
(1.00006 7.98704e-12 0)
(1.00006 6.84111e-12 0)
(1.00006 5.82616e-12 0)
(1.00006 4.92811e-12 0)
(1.00006 4.12849e-12 0)
(1.00006 3.42849e-12 0)
(1.00006 2.81684e-12 0)
(1.00006 2.30394e-12 0)
(1.00006 1.90236e-12 0)
(1.00006 1.59216e-12 0)
(1.00006 1.35188e-12 0)
(1.00006 1.1731e-12 0)
(1.00006 1.04985e-12 0)
(1.00006 9.51082e-13 0)
(1.00006 8.63652e-13 0)
(1.00006 8.04729e-13 0)
(1.00006 7.74858e-13 0)
(1.00006 7.67669e-13 0)
(1.00006 7.60698e-13 0)
(1.00006 7.39631e-13 0)
(1.00006 7.05529e-13 0)
(1.00006 6.31935e-13 0)
(1.00006 5.42176e-13 0)
(1.00006 4.39473e-13 0)
(1.00006 3.31295e-13 0)
(1.00006 2.72058e-13 0)
(1.00006 2.45973e-13 0)
(1.00006 2.34234e-13 0)
(1.00006 2.30568e-13 0)
(1.00006 2.30023e-13 0)
(1.00006 2.07235e-13 0)
(1.00006 1.58234e-13 0)
(1.00006 9.67008e-14 0)
(1.00006 4.487e-14 0)
(1.00006 3.69655e-16 0)
(1.00006 -3.34371e-14 0)
(1.00006 -3.88997e-14 0)
(1.00006 -2.14811e-14 0)
(1.00006 -4.51746e-15 0)
(1.00006 6.16619e-15 0)
(1.00006 2.7458e-14 0)
(1.00006 4.3326e-14 0)
(1.00006 3.03222e-14 0)
(1.00006 6.81216e-15 0)
(1.00006 -1.49343e-14 0)
(1.00006 -3.78977e-14 0)
(1.00006 -5.21363e-14 0)
(1.00006 -5.69774e-14 0)
(1.00006 -5.60367e-14 0)
(1.00006 -4.79987e-14 0)
(1.00006 -3.34427e-14 0)
(1.00006 -2.0725e-14 0)
(1.00006 -9.83756e-15 0)
(1.00006 2.26239e-15 0)
(1.00006 -1.35618e-15 0)
(1.00006 -1.0926e-14 0)
(1.00006 -1.5276e-14 0)
(1.00006 -2.77866e-14 0)
(1.00006 -4.14254e-14 0)
(1.00006 -5.33756e-14 0)
(1.00006 -5.61422e-14 0)
(1.00006 -4.32308e-14 0)
(1.00006 -4.65773e-14 0)
(1.00006 -4.56697e-14 0)
(1.00006 -2.51826e-14 0)
(1.00006 -1.234e-14 0)
(1.00006 -9.91016e-15 0)
(1.00006 -4.59503e-15 0)
(1.00006 -1.21158e-14 0)
(1.00006 -2.06586e-14 0)
(1.00006 -2.39924e-14 0)
(1.00006 -4.23947e-14 0)
(1.00006 -5.47156e-14 0)
(1.00006 -6.23248e-14 0)
(1.00006 -7.35373e-14 0)
(1.00006 -8.18021e-14 0)
(1.00006 -8.96083e-14 0)
(1.00006 -1.03872e-13 0)
(1.00006 -1.11655e-13 0)
(1.00006 -1.14063e-13 0)
(1.00006 -1.24126e-13 0)
(1.00006 -1.24984e-13 0)
(1.00006 -1.12383e-13 0)
(1.00006 -1.04914e-13 0)
(1.00006 -8.91533e-14 0)
(1.00006 -6.89073e-14 0)
(1.00006 -5.00948e-14 0)
(1.00006 -1.2435e-14 0)
(1.00006 2.42603e-14 0)
(1.00006 5.33474e-14 0)
(1.00006 9.00309e-14 0)
(1.00006 1.24962e-13 0)
(1.00006 1.52084e-13 0)
(1.00006 1.5398e-13 0)
(1.00006 1.40126e-13 0)
(1.00006 1.37499e-13 0)
(1.00006 1.36232e-13 0)
(1.00006 9.92373e-14 0)
(1.00006 5.23896e-14 0)
(1.00006 5.58068e-14 0)
(1.00006 6.27683e-14 0)
(1.00006 4.45407e-14 0)
(1.00006 8.12456e-14 0)
(1.00006 7.46851e-14 0)
(1.00006 -1.65576e-14 0)
(1.00006 -3.34381e-14 0)
(1.00006 1.16779e-14 0)
(1.00006 1.14508e-14 0)
(1.00006 -2.87143e-14 0)
(1.00006 -1.75665e-14 0)
)
;

boundaryField
{
    inlet
    {
        type            fixedValue;
        value           uniform (1 0 0);
    }
    outlet
    {
        type            zeroGradient;
    }
    top
    {
        type            slip;
    }
    bottom
    {
        type            noSlip;
    }
    frontAndBack
    {
        type            empty;
    }
}


// ************************************************************************* //
