/*--------------------------------*- C++ -*----------------------------------*\
  =========                 |
  \\      /  F ield         | OpenFOAM: The Open Source CFD Toolbox
   \\    /   O peration     | Website:  https://openfoam.org
    \\  /    A nd           | Version:  dev
     \\/     M anipulation  |
\*---------------------------------------------------------------------------*/
FoamFile
{
    format      ascii;
    class       volScalarField;
    location    "0.8";
    object      p;
}
// * * * * * * * * * * * * * * * * * * * * * * * * * * * * * * * * * * * * * //

dimensions      [0 2 -2 0 0 0 0];

internalField   nonuniform List<scalar> 
4000
(
0.00684738
0.00657643
0.00632241
0.00610655
0.00593715
0.00583217
0.00580376
0.0058074
0.0057743
0.00570137
0.00563345
0.00559095
0.0055588
0.00552231
0.00548241
0.00544444
0.00540945
0.00537593
0.00534302
0.00531068
0.00527893
0.00524764
0.00521667
0.00518594
0.00515543
0.00512509
0.0050949
0.00506483
0.00503487
0.005005
0.0049752
0.00494547
0.0049158
0.00488618
0.00485659
0.00482705
0.00479753
0.00476804
0.00473857
0.00470912
0.00467969
0.00465027
0.00462087
0.00459147
0.00456208
0.0045327
0.00450333
0.00447396
0.0044446
0.00441524
0.00438588
0.00435653
0.00432717
0.00429783
0.00426848
0.00423913
0.00420979
0.00418045
0.00415111
0.00412176
0.00409242
0.00406308
0.00403375
0.00400441
0.00397507
0.00394573
0.00391639
0.00388706
0.00385772
0.00382838
0.00379904
0.00376971
0.00374037
0.00371103
0.0036817
0.00365236
0.00362302
0.00359369
0.00356435
0.00353501
0.00350568
0.00347634
0.00344701
0.00341767
0.00338833
0.003359
0.00332966
0.00330032
0.00327099
0.00324165
0.00321231
0.00318298
0.00315364
0.00312431
0.00309497
0.00306563
0.0030363
0.00300696
0.00297762
0.00294829
0.00291895
0.00288962
0.00286028
0.00283094
0.00280161
0.00277227
0.00274294
0.0027136
0.00268426
0.00265493
0.00262559
0.00259626
0.00256692
0.00253758
0.00250825
0.00247891
0.00244958
0.00242024
0.0023909
0.00236157
0.00233223
0.00230289
0.00227356
0.00224422
0.00221489
0.00218555
0.00215621
0.00212688
0.00209754
0.0020682
0.00203887
0.00200953
0.00198019
0.00195086
0.00192152
0.00189218
0.00186285
0.00183351
0.00180418
0.00177484
0.0017455
0.00171617
0.00168683
0.00165749
0.00162816
0.00159882
0.00156949
0.00154015
0.00151081
0.00148148
0.00145214
0.0014228
0.00139347
0.00136413
0.0013348
0.00130546
0.00127612
0.00124679
0.00121745
0.00118812
0.00115878
0.00112944
0.00110011
0.00107077
0.00104143
0.0010121
0.000982763
0.000953426
0.00092409
0.000894754
0.000865418
0.000836082
0.000806746
0.00077741
0.000748073
0.000718737
0.000689401
0.000660065
0.000630728
0.000601392
0.000572055
0.000542719
0.000513383
0.000484046
0.00045471
0.000425374
0.000396037
0.000366701
0.000337365
0.000308029
0.000278693
0.000249357
0.00022002
0.000190684
0.000161348
0.000132012
0.000102676
7.33401e-05
4.40041e-05
1.4668e-05
0.00636712
0.00629436
0.00619434
0.00607966
0.00595956
0.00584626
0.00577859
0.00576395
0.00575049
0.0056991
0.0056332
0.00558485
0.00555148
0.00551747
0.00547945
0.00544211
0.00540749
0.00537447
0.005342
0.00530997
0.00527842
0.00524727
0.0052164
0.00518575
0.00515528
0.00512497
0.0050948
0.00506475
0.0050348
0.00500494
0.00497515
0.00494543
0.00491576
0.00488614
0.00485657
0.00482702
0.00479751
0.00476802
0.00473856
0.00470911
0.00467968
0.00465026
0.00462086
0.00459146
0.00456208
0.0045327
0.00450332
0.00447396
0.00444459
0.00441523
0.00438588
0.00435652
0.00432717
0.00429782
0.00426848
0.00423913
0.00420979
0.00418045
0.0041511
0.00412176
0.00409242
0.00406308
0.00403375
0.00400441
0.00397507
0.00394573
0.00391639
0.00388706
0.00385772
0.00382838
0.00379904
0.00376971
0.00374037
0.00371103
0.0036817
0.00365236
0.00362302
0.00359369
0.00356435
0.00353501
0.00350568
0.00347634
0.00344701
0.00341767
0.00338833
0.003359
0.00332966
0.00330032
0.00327099
0.00324165
0.00321231
0.00318298
0.00315364
0.00312431
0.00309497
0.00306563
0.0030363
0.00300696
0.00297762
0.00294829
0.00291895
0.00288962
0.00286028
0.00283094
0.00280161
0.00277227
0.00274294
0.0027136
0.00268426
0.00265493
0.00262559
0.00259626
0.00256692
0.00253758
0.00250825
0.00247891
0.00244958
0.00242024
0.0023909
0.00236157
0.00233223
0.00230289
0.00227356
0.00224422
0.00221489
0.00218555
0.00215621
0.00212688
0.00209754
0.0020682
0.00203887
0.00200953
0.00198019
0.00195086
0.00192152
0.00189218
0.00186285
0.00183351
0.00180418
0.00177484
0.0017455
0.00171617
0.00168683
0.00165749
0.00162816
0.00159882
0.00156949
0.00154015
0.00151081
0.00148148
0.00145214
0.0014228
0.00139347
0.00136413
0.0013348
0.00130546
0.00127612
0.00124679
0.00121745
0.00118812
0.00115878
0.00112944
0.00110011
0.00107077
0.00104143
0.0010121
0.000982763
0.000953426
0.00092409
0.000894754
0.000865418
0.000836082
0.000806746
0.00077741
0.000748073
0.000718737
0.000689401
0.000660065
0.000630728
0.000601392
0.000572055
0.000542719
0.000513383
0.000484046
0.00045471
0.000425374
0.000396037
0.000366701
0.000337365
0.000308029
0.000278693
0.000249357
0.00022002
0.000190684
0.000161348
0.000132012
0.000102676
7.33401e-05
4.40041e-05
1.4668e-05
0.00626316
0.00622147
0.00615272
0.00606571
0.00596897
0.00586373
0.00578019
0.00574819
0.00573722
0.00569986
0.00563977
0.00558796
0.0055518
0.00551868
0.00548204
0.00544477
0.00540956
0.005376
0.00534312
0.00531071
0.00527883
0.00524743
0.00521641
0.00518566
0.00515514
0.00512482
0.00509465
0.0050646
0.00503466
0.00500482
0.00497504
0.00494534
0.00491568
0.00488607
0.00485651
0.00482697
0.00479747
0.00476799
0.00473853
0.00470908
0.00467966
0.00465024
0.00462084
0.00459145
0.00456206
0.00453269
0.00450331
0.00447395
0.00444459
0.00441523
0.00438587
0.00435652
0.00432717
0.00429782
0.00426848
0.00423913
0.00420979
0.00418044
0.0041511
0.00412176
0.00409242
0.00406308
0.00403374
0.00400441
0.00397507
0.00394573
0.00391639
0.00388706
0.00385772
0.00382838
0.00379904
0.00376971
0.00374037
0.00371103
0.0036817
0.00365236
0.00362302
0.00359369
0.00356435
0.00353501
0.00350568
0.00347634
0.003447
0.00341767
0.00338833
0.003359
0.00332966
0.00330032
0.00327099
0.00324165
0.00321231
0.00318298
0.00315364
0.00312431
0.00309497
0.00306563
0.0030363
0.00300696
0.00297762
0.00294829
0.00291895
0.00288962
0.00286028
0.00283094
0.00280161
0.00277227
0.00274294
0.0027136
0.00268426
0.00265493
0.00262559
0.00259626
0.00256692
0.00253758
0.00250825
0.00247891
0.00244958
0.00242024
0.0023909
0.00236157
0.00233223
0.00230289
0.00227356
0.00224422
0.00221489
0.00218555
0.00215621
0.00212688
0.00209754
0.0020682
0.00203887
0.00200953
0.00198019
0.00195086
0.00192152
0.00189218
0.00186285
0.00183351
0.00180418
0.00177484
0.0017455
0.00171617
0.00168683
0.00165749
0.00162816
0.00159882
0.00156949
0.00154015
0.00151081
0.00148148
0.00145214
0.0014228
0.00139347
0.00136413
0.0013348
0.00130546
0.00127612
0.00124679
0.00121745
0.00118812
0.00115878
0.00112944
0.00110011
0.00107077
0.00104143
0.0010121
0.000982762
0.000953426
0.00092409
0.000894754
0.000865418
0.000836082
0.000806746
0.00077741
0.000748073
0.000718737
0.000689401
0.000660065
0.000630728
0.000601392
0.000572055
0.000542719
0.000513383
0.000484046
0.00045471
0.000425374
0.000396037
0.000366701
0.000337365
0.000308029
0.000278693
0.000249357
0.000220021
0.000190684
0.000161348
0.000132012
0.000102676
7.33401e-05
4.40041e-05
1.4668e-05
0.00611395
0.0060882
0.00604429
0.00598485
0.00591795
0.00584349
0.00577143
0.00572616
0.00570456
0.00567544
0.00562787
0.00557928
0.00554136
0.00550863
0.00547445
0.00543918
0.00540511
0.00537243
0.00534041
0.00530871
0.00527734
0.00524631
0.00521555
0.005185
0.00515462
0.00512439
0.00509429
0.00506431
0.00503442
0.00500461
0.00497487
0.00494518
0.00491555
0.00488596
0.00485641
0.00482689
0.0047974
0.00476792
0.00473847
0.00470904
0.00467962
0.00465021
0.00462081
0.00459142
0.00456204
0.00453267
0.0045033
0.00447393
0.00444457
0.00441522
0.00438586
0.00435651
0.00432716
0.00429782
0.00426847
0.00423913
0.00420978
0.00418044
0.0041511
0.00412176
0.00409242
0.00406308
0.00403374
0.00400441
0.00397507
0.00394573
0.00391639
0.00388705
0.00385772
0.00382838
0.00379904
0.00376971
0.00374037
0.00371103
0.0036817
0.00365236
0.00362302
0.00359369
0.00356435
0.00353501
0.00350568
0.00347634
0.003447
0.00341767
0.00338833
0.003359
0.00332966
0.00330032
0.00327099
0.00324165
0.00321231
0.00318298
0.00315364
0.00312431
0.00309497
0.00306563
0.0030363
0.00300696
0.00297762
0.00294829
0.00291895
0.00288962
0.00286028
0.00283094
0.00280161
0.00277227
0.00274294
0.0027136
0.00268426
0.00265493
0.00262559
0.00259626
0.00256692
0.00253758
0.00250825
0.00247891
0.00244958
0.00242024
0.0023909
0.00236157
0.00233223
0.00230289
0.00227356
0.00224422
0.00221489
0.00218555
0.00215621
0.00212688
0.00209754
0.0020682
0.00203887
0.00200953
0.00198019
0.00195086
0.00192152
0.00189218
0.00186285
0.00183351
0.00180418
0.00177484
0.0017455
0.00171617
0.00168683
0.00165749
0.00162816
0.00159882
0.00156949
0.00154015
0.00151081
0.00148148
0.00145214
0.0014228
0.00139347
0.00136413
0.0013348
0.00130546
0.00127612
0.00124679
0.00121745
0.00118812
0.00115878
0.00112944
0.00110011
0.00107077
0.00104143
0.0010121
0.000982762
0.000953426
0.00092409
0.000894754
0.000865418
0.000836082
0.000806746
0.00077741
0.000748073
0.000718737
0.000689401
0.000660064
0.000630728
0.000601392
0.000572055
0.000542719
0.000513383
0.000484046
0.00045471
0.000425374
0.000396037
0.000366701
0.000337365
0.000308029
0.000278693
0.000249357
0.000220021
0.000190684
0.000161348
0.000132012
0.000102676
7.33401e-05
4.40041e-05
1.4668e-05
0.00602659
0.00601131
0.0059826
0.00594056
0.0058908
0.00583417
0.00577238
0.00572168
0.00569079
0.00566345
0.00562464
0.00558035
0.00554133
0.0055075
0.00547395
0.00543942
0.00540536
0.00537239
0.00534015
0.00530831
0.00527685
0.00524576
0.00521499
0.00518445
0.00515411
0.00512393
0.00509388
0.00506395
0.0050341
0.00500433
0.00497463
0.00494498
0.00491538
0.00488581
0.00485628
0.00482678
0.0047973
0.00476784
0.0047384
0.00470898
0.00467957
0.00465017
0.00462078
0.00459139
0.00456202
0.00453264
0.00450328
0.00447392
0.00444456
0.00441521
0.00438585
0.0043565
0.00432716
0.00429781
0.00426847
0.00423912
0.00420978
0.00418044
0.0041511
0.00412176
0.00409242
0.00406308
0.00403374
0.0040044
0.00397507
0.00394573
0.00391639
0.00388705
0.00385772
0.00382838
0.00379904
0.00376971
0.00374037
0.00371103
0.0036817
0.00365236
0.00362302
0.00359369
0.00356435
0.00353501
0.00350568
0.00347634
0.003447
0.00341767
0.00338833
0.003359
0.00332966
0.00330032
0.00327099
0.00324165
0.00321231
0.00318298
0.00315364
0.00312431
0.00309497
0.00306563
0.0030363
0.00300696
0.00297762
0.00294829
0.00291895
0.00288962
0.00286028
0.00283094
0.00280161
0.00277227
0.00274294
0.0027136
0.00268426
0.00265493
0.00262559
0.00259626
0.00256692
0.00253758
0.00250825
0.00247891
0.00244958
0.00242024
0.0023909
0.00236157
0.00233223
0.00230289
0.00227356
0.00224422
0.00221489
0.00218555
0.00215621
0.00212688
0.00209754
0.0020682
0.00203887
0.00200953
0.00198019
0.00195086
0.00192152
0.00189218
0.00186285
0.00183351
0.00180418
0.00177484
0.0017455
0.00171617
0.00168683
0.00165749
0.00162816
0.00159882
0.00156949
0.00154015
0.00151081
0.00148148
0.00145214
0.0014228
0.00139347
0.00136413
0.0013348
0.00130546
0.00127612
0.00124679
0.00121745
0.00118812
0.00115878
0.00112944
0.00110011
0.00107077
0.00104143
0.0010121
0.000982762
0.000953426
0.00092409
0.000894754
0.000865418
0.000836082
0.000806746
0.000777409
0.000748073
0.000718737
0.000689401
0.000660064
0.000630728
0.000601392
0.000572055
0.000542719
0.000513383
0.000484046
0.00045471
0.000425374
0.000396038
0.000366701
0.000337365
0.000308029
0.000278693
0.000249357
0.000220021
0.000190684
0.000161348
0.000132012
0.000102676
7.33401e-05
4.40041e-05
1.4668e-05
0.00595263
0.00594085
0.00591882
0.00588634
0.0058464
0.00580126
0.00575162
0.00570539
0.00567085
0.00564222
0.0056084
0.00556931
0.00553189
0.00549834
0.005466
0.00543321
0.00540051
0.0053685
0.00533704
0.00530588
0.00527495
0.00524426
0.00521378
0.00518346
0.0051533
0.00512325
0.00509332
0.00506347
0.00503369
0.00500399
0.00497433
0.00494473
0.00491516
0.00488563
0.00485612
0.00482664
0.00479719
0.00476775
0.00473832
0.00470891
0.00467951
0.00465011
0.00462073
0.00459135
0.00456198
0.00453262
0.00450325
0.0044739
0.00444454
0.00441519
0.00438584
0.00435649
0.00432715
0.0042978
0.00426846
0.00423912
0.00420978
0.00418043
0.00415109
0.00412176
0.00409242
0.00406308
0.00403374
0.0040044
0.00397506
0.00394573
0.00391639
0.00388705
0.00385772
0.00382838
0.00379904
0.00376971
0.00374037
0.00371103
0.0036817
0.00365236
0.00362302
0.00359369
0.00356435
0.00353501
0.00350568
0.00347634
0.003447
0.00341767
0.00338833
0.003359
0.00332966
0.00330032
0.00327099
0.00324165
0.00321231
0.00318298
0.00315364
0.00312431
0.00309497
0.00306563
0.0030363
0.00300696
0.00297762
0.00294829
0.00291895
0.00288962
0.00286028
0.00283094
0.00280161
0.00277227
0.00274294
0.0027136
0.00268426
0.00265493
0.00262559
0.00259626
0.00256692
0.00253758
0.00250825
0.00247891
0.00244958
0.00242024
0.0023909
0.00236157
0.00233223
0.00230289
0.00227356
0.00224422
0.00221488
0.00218555
0.00215621
0.00212688
0.00209754
0.0020682
0.00203887
0.00200953
0.00198019
0.00195086
0.00192152
0.00189218
0.00186285
0.00183351
0.00180418
0.00177484
0.0017455
0.00171617
0.00168683
0.00165749
0.00162816
0.00159882
0.00156949
0.00154015
0.00151081
0.00148148
0.00145214
0.0014228
0.00139347
0.00136413
0.0013348
0.00130546
0.00127612
0.00124679
0.00121745
0.00118812
0.00115878
0.00112944
0.00110011
0.00107077
0.00104143
0.0010121
0.000982762
0.000953426
0.00092409
0.000894754
0.000865418
0.000836082
0.000806746
0.000777409
0.000748073
0.000718737
0.000689401
0.000660064
0.000630728
0.000601392
0.000572055
0.000542719
0.000513383
0.000484046
0.00045471
0.000425374
0.000396038
0.000366701
0.000337365
0.000308029
0.000278693
0.000249357
0.000220021
0.000190684
0.000161348
0.000132012
0.000102676
7.33402e-05
4.40041e-05
1.4668e-05
0.00589225
0.00588328
0.00586645
0.00584154
0.00580989
0.00577388
0.00573415
0.00569387
0.00565887
0.0056289
0.00559769
0.00556279
0.00552748
0.00549426
0.00546227
0.00543022
0.00539813
0.00536642
0.00533516
0.00530421
0.00527349
0.00524297
0.00521265
0.00518248
0.00515245
0.00512252
0.00509268
0.00506292
0.00503323
0.00500359
0.00497399
0.00494444
0.00491491
0.00488541
0.00485594
0.00482649
0.00479705
0.00476763
0.00473822
0.00470882
0.00467943
0.00465005
0.00462068
0.00459131
0.00456194
0.00453258
0.00450323
0.00447387
0.00444452
0.00441517
0.00438583
0.00435648
0.00432714
0.00429779
0.00426845
0.00423911
0.00420977
0.00418043
0.00415109
0.00412175
0.00409241
0.00406308
0.00403374
0.0040044
0.00397506
0.00394573
0.00391639
0.00388705
0.00385772
0.00382838
0.00379904
0.00376971
0.00374037
0.00371103
0.0036817
0.00365236
0.00362302
0.00359369
0.00356435
0.00353501
0.00350568
0.00347634
0.003447
0.00341767
0.00338833
0.003359
0.00332966
0.00330032
0.00327099
0.00324165
0.00321231
0.00318298
0.00315364
0.00312431
0.00309497
0.00306563
0.0030363
0.00300696
0.00297762
0.00294829
0.00291895
0.00288962
0.00286028
0.00283094
0.00280161
0.00277227
0.00274294
0.0027136
0.00268426
0.00265493
0.00262559
0.00259626
0.00256692
0.00253758
0.00250825
0.00247891
0.00244958
0.00242024
0.0023909
0.00236157
0.00233223
0.00230289
0.00227356
0.00224422
0.00221488
0.00218555
0.00215621
0.00212688
0.00209754
0.0020682
0.00203887
0.00200953
0.00198019
0.00195086
0.00192152
0.00189218
0.00186285
0.00183351
0.00180418
0.00177484
0.0017455
0.00171617
0.00168683
0.00165749
0.00162816
0.00159882
0.00156949
0.00154015
0.00151081
0.00148148
0.00145214
0.00142281
0.00139347
0.00136413
0.0013348
0.00130546
0.00127612
0.00124679
0.00121745
0.00118812
0.00115878
0.00112944
0.00110011
0.00107077
0.00104143
0.0010121
0.000982762
0.000953426
0.00092409
0.000894754
0.000865418
0.000836082
0.000806745
0.000777409
0.000748073
0.000718737
0.000689401
0.000660064
0.000630728
0.000601392
0.000572055
0.000542719
0.000513383
0.000484046
0.00045471
0.000425374
0.000396038
0.000366701
0.000337365
0.000308029
0.000278693
0.000249357
0.000220021
0.000190684
0.000161348
0.000132012
0.000102676
7.33402e-05
4.40041e-05
1.4668e-05
0.00584242
0.00583535
0.00582188
0.00580195
0.00577624
0.00574635
0.00571294
0.00567761
0.00564421
0.00561409
0.00558423
0.00555219
0.00551915
0.005487
0.00545581
0.00542479
0.00539371
0.0053628
0.00533215
0.00530172
0.00527142
0.00524126
0.00521122
0.00518128
0.00515143
0.00512166
0.00509196
0.00506231
0.0050327
0.00500314
0.00497361
0.00494411
0.00491463
0.00488518
0.00485574
0.00482631
0.0047969
0.0047675
0.00473811
0.00470873
0.00467935
0.00464998
0.00462062
0.00459126
0.0045619
0.00453255
0.0045032
0.00447385
0.0044445
0.00441515
0.00438581
0.00435647
0.00432712
0.00429778
0.00426844
0.0042391
0.00420976
0.00418042
0.00415109
0.00412175
0.00409241
0.00406307
0.00403374
0.0040044
0.00397506
0.00394572
0.00391639
0.00388705
0.00385771
0.00382838
0.00379904
0.00376971
0.00374037
0.00371103
0.0036817
0.00365236
0.00362302
0.00359369
0.00356435
0.00353501
0.00350568
0.00347634
0.003447
0.00341767
0.00338833
0.003359
0.00332966
0.00330032
0.00327099
0.00324165
0.00321231
0.00318298
0.00315364
0.00312431
0.00309497
0.00306563
0.0030363
0.00300696
0.00297762
0.00294829
0.00291895
0.00288962
0.00286028
0.00283094
0.00280161
0.00277227
0.00274294
0.0027136
0.00268426
0.00265493
0.00262559
0.00259626
0.00256692
0.00253758
0.00250825
0.00247891
0.00244957
0.00242024
0.0023909
0.00236157
0.00233223
0.00230289
0.00227356
0.00224422
0.00221488
0.00218555
0.00215621
0.00212688
0.00209754
0.0020682
0.00203887
0.00200953
0.00198019
0.00195086
0.00192152
0.00189218
0.00186285
0.00183351
0.00180418
0.00177484
0.0017455
0.00171617
0.00168683
0.00165749
0.00162816
0.00159882
0.00156949
0.00154015
0.00151081
0.00148148
0.00145214
0.00142281
0.00139347
0.00136413
0.0013348
0.00130546
0.00127612
0.00124679
0.00121745
0.00118812
0.00115878
0.00112944
0.00110011
0.00107077
0.00104143
0.0010121
0.000982762
0.000953426
0.00092409
0.000894754
0.000865418
0.000836082
0.000806745
0.000777409
0.000748073
0.000718737
0.0006894
0.000660064
0.000630728
0.000601392
0.000572055
0.000542719
0.000513383
0.000484046
0.00045471
0.000425374
0.000396038
0.000366701
0.000337365
0.000308029
0.000278693
0.000249357
0.000220021
0.000190685
0.000161348
0.000132012
0.000102676
7.33402e-05
4.40041e-05
1.4668e-05
0.00580048
0.00579469
0.00578354
0.00576708
0.00574567
0.00572021
0.00569152
0.00566066
0.00562988
0.00560075
0.00557216
0.00554231
0.00551137
0.00548054
0.00545021
0.00542002
0.00538975
0.00535949
0.00532935
0.00529933
0.0052694
0.00523954
0.00520975
0.00518003
0.00515037
0.00512076
0.00509118
0.00506165
0.00503214
0.00500266
0.0049732
0.00494376
0.00491433
0.00488492
0.00485552
0.00482613
0.00479674
0.00476737
0.004738
0.00470863
0.00467927
0.00464991
0.00462056
0.00459121
0.00456186
0.00453251
0.00450316
0.00447382
0.00444447
0.00441513
0.00438579
0.00435645
0.00432711
0.00429777
0.00426843
0.00423909
0.00420976
0.00418042
0.00415108
0.00412174
0.00409241
0.00406307
0.00403373
0.0040044
0.00397506
0.00394572
0.00391639
0.00388705
0.00385771
0.00382838
0.00379904
0.0037697
0.00374037
0.00371103
0.0036817
0.00365236
0.00362302
0.00359369
0.00356435
0.00353501
0.00350568
0.00347634
0.003447
0.00341767
0.00338833
0.003359
0.00332966
0.00330032
0.00327099
0.00324165
0.00321231
0.00318298
0.00315364
0.00312431
0.00309497
0.00306563
0.0030363
0.00300696
0.00297762
0.00294829
0.00291895
0.00288962
0.00286028
0.00283094
0.00280161
0.00277227
0.00274294
0.0027136
0.00268426
0.00265493
0.00262559
0.00259626
0.00256692
0.00253758
0.00250825
0.00247891
0.00244957
0.00242024
0.0023909
0.00236157
0.00233223
0.00230289
0.00227356
0.00224422
0.00221488
0.00218555
0.00215621
0.00212688
0.00209754
0.0020682
0.00203887
0.00200953
0.00198019
0.00195086
0.00192152
0.00189218
0.00186285
0.00183351
0.00180418
0.00177484
0.0017455
0.00171617
0.00168683
0.00165749
0.00162816
0.00159882
0.00156949
0.00154015
0.00151081
0.00148148
0.00145214
0.00142281
0.00139347
0.00136413
0.0013348
0.00130546
0.00127612
0.00124679
0.00121745
0.00118812
0.00115878
0.00112944
0.00110011
0.00107077
0.00104143
0.0010121
0.000982762
0.000953426
0.00092409
0.000894754
0.000865418
0.000836081
0.000806745
0.000777409
0.000748073
0.000718737
0.0006894
0.000660064
0.000630728
0.000601392
0.000572055
0.000542719
0.000513383
0.000484046
0.00045471
0.000425374
0.000396038
0.000366701
0.000337365
0.000308029
0.000278693
0.000249357
0.000220021
0.000190685
0.000161348
0.000132012
0.000102676
7.33402e-05
4.40041e-05
1.4668e-05
0.00576487
0.00575999
0.00575052
0.00573655
0.00571826
0.00569626
0.0056713
0.00564414
0.00561609
0.00558841
0.00556094
0.00553267
0.00550343
0.00547387
0.00544443
0.00541503
0.00538551
0.00535592
0.00532633
0.00529677
0.00526723
0.0052377
0.00520819
0.00517871
0.00514925
0.0051198
0.00509037
0.00506095
0.00503155
0.00500215
0.00497277
0.00494339
0.00491402
0.00488465
0.00485529
0.00482593
0.00479658
0.00476722
0.00473787
0.00470853
0.00467918
0.00464984
0.00462049
0.00459115
0.00456181
0.00453247
0.00450313
0.00447379
0.00444445
0.00441511
0.00438577
0.00435643
0.0043271
0.00429776
0.00426842
0.00423909
0.00420975
0.00418041
0.00415108
0.00412174
0.0040924
0.00406307
0.00403373
0.00400439
0.00397506
0.00394572
0.00391638
0.00388705
0.00385771
0.00382838
0.00379904
0.0037697
0.00374037
0.00371103
0.0036817
0.00365236
0.00362302
0.00359369
0.00356435
0.00353501
0.00350568
0.00347634
0.003447
0.00341767
0.00338833
0.003359
0.00332966
0.00330032
0.00327099
0.00324165
0.00321231
0.00318298
0.00315364
0.00312431
0.00309497
0.00306563
0.0030363
0.00300696
0.00297762
0.00294829
0.00291895
0.00288962
0.00286028
0.00283094
0.00280161
0.00277227
0.00274294
0.0027136
0.00268426
0.00265493
0.00262559
0.00259626
0.00256692
0.00253758
0.00250825
0.00247891
0.00244957
0.00242024
0.0023909
0.00236157
0.00233223
0.00230289
0.00227356
0.00224422
0.00221488
0.00218555
0.00215621
0.00212688
0.00209754
0.0020682
0.00203887
0.00200953
0.00198019
0.00195086
0.00192152
0.00189218
0.00186285
0.00183351
0.00180418
0.00177484
0.0017455
0.00171617
0.00168683
0.00165749
0.00162816
0.00159882
0.00156949
0.00154015
0.00151081
0.00148148
0.00145214
0.00142281
0.00139347
0.00136413
0.0013348
0.00130546
0.00127612
0.00124679
0.00121745
0.00118812
0.00115878
0.00112944
0.00110011
0.00107077
0.00104143
0.0010121
0.000982762
0.000953426
0.00092409
0.000894754
0.000865417
0.000836081
0.000806745
0.000777409
0.000748073
0.000718737
0.0006894
0.000660064
0.000630728
0.000601391
0.000572055
0.000542719
0.000513383
0.000484046
0.00045471
0.000425374
0.000396038
0.000366701
0.000337365
0.000308029
0.000278693
0.000249357
0.000220021
0.000190685
0.000161348
0.000132012
0.000102676
7.33402e-05
4.40041e-05
1.4668e-05
0.0057345
0.00573029
0.00572208
0.00570994
0.00569402
0.00567475
0.00565269
0.0056284
0.00560274
0.00557665
0.00555035
0.0055234
0.00549561
0.00546728
0.00543878
0.00541015
0.00538136
0.0053524
0.00532334
0.00529422
0.00526506
0.00523586
0.00520663
0.00517738
0.00514811
0.00511883
0.00508954
0.00506025
0.00503095
0.00500164
0.00497233
0.00494302
0.0049137
0.00488438
0.00485506
0.00482573
0.00479641
0.00476708
0.00473775
0.00470842
0.00467909
0.00464976
0.00462043
0.00459109
0.00456176
0.00453243
0.00450309
0.00447376
0.00444442
0.00441509
0.00438575
0.00435642
0.00432708
0.00429775
0.00426841
0.00423908
0.00420974
0.00418041
0.00415107
0.00412173
0.0040924
0.00406306
0.00403373
0.00400439
0.00397506
0.00394572
0.00391638
0.00388705
0.00385771
0.00382838
0.00379904
0.0037697
0.00374037
0.00371103
0.00368169
0.00365236
0.00362302
0.00359369
0.00356435
0.00353501
0.00350568
0.00347634
0.003447
0.00341767
0.00338833
0.003359
0.00332966
0.00330032
0.00327099
0.00324165
0.00321231
0.00318298
0.00315364
0.00312431
0.00309497
0.00306563
0.0030363
0.00300696
0.00297762
0.00294829
0.00291895
0.00288962
0.00286028
0.00283094
0.00280161
0.00277227
0.00274294
0.0027136
0.00268426
0.00265493
0.00262559
0.00259626
0.00256692
0.00253758
0.00250825
0.00247891
0.00244957
0.00242024
0.0023909
0.00236157
0.00233223
0.00230289
0.00227356
0.00224422
0.00221488
0.00218555
0.00215621
0.00212688
0.00209754
0.0020682
0.00203887
0.00200953
0.00198019
0.00195086
0.00192152
0.00189218
0.00186285
0.00183351
0.00180418
0.00177484
0.0017455
0.00171617
0.00168683
0.00165749
0.00162816
0.00159882
0.00156949
0.00154015
0.00151081
0.00148148
0.00145214
0.00142281
0.00139347
0.00136413
0.0013348
0.00130546
0.00127613
0.00124679
0.00121745
0.00118812
0.00115878
0.00112944
0.00110011
0.00107077
0.00104143
0.0010121
0.000982762
0.000953426
0.00092409
0.000894754
0.000865417
0.000836081
0.000806745
0.000777409
0.000748073
0.000718736
0.0006894
0.000660064
0.000630728
0.000601391
0.000572055
0.000542719
0.000513383
0.000484046
0.00045471
0.000425374
0.000396038
0.000366702
0.000337365
0.000308029
0.000278693
0.000249357
0.000220021
0.000190685
0.000161348
0.000132012
0.000102676
7.33402e-05
4.40041e-05
1.4668e-05
0.00570861
0.0057049
0.00569765
0.00568691
0.0056728
0.00565563
0.00563579
0.00561377
0.00559017
0.00556566
0.00554057
0.0055148
0.00548822
0.00546099
0.00543337
0.00540549
0.00537735
0.00534897
0.00532042
0.00529173
0.00526293
0.00523404
0.00520508
0.00517606
0.00514698
0.00511787
0.00508873
0.00505955
0.00503035
0.00500113
0.0049719
0.00494264
0.00491338
0.00488411
0.00485482
0.00482553
0.00479624
0.00476693
0.00473763
0.00470831
0.004679
0.00464968
0.00462036
0.00459104
0.00456171
0.00453239
0.00450306
0.00447373
0.0044444
0.00441507
0.00438573
0.0043564
0.00432707
0.00429774
0.0042684
0.00423907
0.00420973
0.0041804
0.00415106
0.00412173
0.00409239
0.00406306
0.00403372
0.00400439
0.00397505
0.00394572
0.00391638
0.00388705
0.00385771
0.00382837
0.00379904
0.0037697
0.00374037
0.00371103
0.00368169
0.00365236
0.00362302
0.00359369
0.00356435
0.00353501
0.00350568
0.00347634
0.003447
0.00341767
0.00338833
0.003359
0.00332966
0.00330032
0.00327099
0.00324165
0.00321231
0.00318298
0.00315364
0.00312431
0.00309497
0.00306563
0.0030363
0.00300696
0.00297763
0.00294829
0.00291895
0.00288962
0.00286028
0.00283094
0.00280161
0.00277227
0.00274294
0.0027136
0.00268426
0.00265493
0.00262559
0.00259626
0.00256692
0.00253758
0.00250825
0.00247891
0.00244957
0.00242024
0.0023909
0.00236157
0.00233223
0.00230289
0.00227356
0.00224422
0.00221488
0.00218555
0.00215621
0.00212688
0.00209754
0.0020682
0.00203887
0.00200953
0.00198019
0.00195086
0.00192152
0.00189218
0.00186285
0.00183351
0.00180418
0.00177484
0.0017455
0.00171617
0.00168683
0.0016575
0.00162816
0.00159882
0.00156949
0.00154015
0.00151081
0.00148148
0.00145214
0.00142281
0.00139347
0.00136413
0.0013348
0.00130546
0.00127613
0.00124679
0.00121745
0.00118812
0.00115878
0.00112944
0.00110011
0.00107077
0.00104143
0.0010121
0.000982762
0.000953426
0.00092409
0.000894753
0.000865417
0.000836081
0.000806745
0.000777409
0.000748073
0.000718736
0.0006894
0.000660064
0.000630728
0.000601391
0.000572055
0.000542719
0.000513383
0.000484046
0.00045471
0.000425374
0.000396038
0.000366702
0.000337365
0.000308029
0.000278693
0.000249357
0.000220021
0.000190685
0.000161349
0.000132012
0.000102676
7.33402e-05
4.40041e-05
1.4668e-05
0.00568662
0.0056833
0.00567678
0.0056671
0.00565438
0.00563883
0.00562076
0.00560055
0.00557867
0.0055556
0.00553166
0.00550692
0.00548137
0.0054551
0.0054283
0.0054011
0.00537357
0.00534573
0.00531764
0.00528935
0.0052609
0.00523231
0.0052036
0.00517479
0.0051459
0.00511695
0.00508794
0.00505888
0.00502978
0.00500064
0.00497148
0.00494229
0.00491308
0.00488385
0.0048546
0.00482534
0.00479607
0.00476679
0.00473751
0.00470821
0.00467891
0.00464961
0.0046203
0.00459098
0.00456167
0.00453235
0.00450302
0.0044737
0.00444437
0.00441505
0.00438572
0.00435639
0.00432706
0.00429773
0.00426839
0.00423906
0.00420973
0.00418039
0.00415106
0.00412173
0.00409239
0.00406306
0.00403372
0.00400439
0.00397505
0.00394572
0.00391638
0.00388704
0.00385771
0.00382837
0.00379904
0.0037697
0.00374037
0.00371103
0.00368169
0.00365236
0.00362302
0.00359369
0.00356435
0.00353501
0.00350568
0.00347634
0.003447
0.00341767
0.00338833
0.003359
0.00332966
0.00330032
0.00327099
0.00324165
0.00321231
0.00318298
0.00315364
0.00312431
0.00309497
0.00306563
0.0030363
0.00300696
0.00297763
0.00294829
0.00291895
0.00288962
0.00286028
0.00283094
0.00280161
0.00277227
0.00274294
0.0027136
0.00268426
0.00265493
0.00262559
0.00259626
0.00256692
0.00253758
0.00250825
0.00247891
0.00244957
0.00242024
0.0023909
0.00236157
0.00233223
0.00230289
0.00227356
0.00224422
0.00221488
0.00218555
0.00215621
0.00212688
0.00209754
0.0020682
0.00203887
0.00200953
0.00198019
0.00195086
0.00192152
0.00189219
0.00186285
0.00183351
0.00180418
0.00177484
0.0017455
0.00171617
0.00168683
0.0016575
0.00162816
0.00159882
0.00156949
0.00154015
0.00151081
0.00148148
0.00145214
0.00142281
0.00139347
0.00136413
0.0013348
0.00130546
0.00127613
0.00124679
0.00121745
0.00118812
0.00115878
0.00112944
0.00110011
0.00107077
0.00104143
0.0010121
0.000982762
0.000953426
0.00092409
0.000894753
0.000865417
0.000836081
0.000806745
0.000777409
0.000748072
0.000718736
0.0006894
0.000660064
0.000630728
0.000601391
0.000572055
0.000542719
0.000513383
0.000484046
0.00045471
0.000425374
0.000396038
0.000366702
0.000337365
0.000308029
0.000278693
0.000249357
0.000220021
0.000190685
0.000161349
0.000132012
0.000102676
7.33402e-05
4.40041e-05
1.4668e-05
0.00566809
0.00566507
0.00565911
0.00565027
0.00563861
0.00562432
0.00560765
0.00558888
0.0055684
0.00554657
0.00552367
0.00549986
0.00547518
0.00544973
0.00542366
0.00539709
0.0053701
0.00534274
0.00531508
0.00528715
0.00525901
0.00523069
0.00520221
0.00517361
0.00514489
0.00511609
0.0050872
0.00505825
0.00502924
0.00500018
0.00497108
0.00494195
0.00491279
0.0048836
0.00485439
0.00482516
0.00479592
0.00476666
0.0047374
0.00470812
0.00467883
0.00464954
0.00462024
0.00459093
0.00456162
0.00453231
0.00450299
0.00447367
0.00444435
0.00441503
0.0043857
0.00435637
0.00432704
0.00429771
0.00426838
0.00423905
0.00420972
0.00418039
0.00415105
0.00412172
0.00409239
0.00406305
0.00403372
0.00400438
0.00397505
0.00394571
0.00391638
0.00388704
0.00385771
0.00382837
0.00379904
0.0037697
0.00374037
0.00371103
0.00368169
0.00365236
0.00362302
0.00359369
0.00356435
0.00353501
0.00350568
0.00347634
0.003447
0.00341767
0.00338833
0.003359
0.00332966
0.00330032
0.00327099
0.00324165
0.00321231
0.00318298
0.00315364
0.00312431
0.00309497
0.00306563
0.0030363
0.00300696
0.00297763
0.00294829
0.00291895
0.00288962
0.00286028
0.00283094
0.00280161
0.00277227
0.00274294
0.0027136
0.00268426
0.00265493
0.00262559
0.00259626
0.00256692
0.00253758
0.00250825
0.00247891
0.00244957
0.00242024
0.0023909
0.00236157
0.00233223
0.00230289
0.00227356
0.00224422
0.00221488
0.00218555
0.00215621
0.00212688
0.00209754
0.0020682
0.00203887
0.00200953
0.00198019
0.00195086
0.00192152
0.00189219
0.00186285
0.00183351
0.00180418
0.00177484
0.0017455
0.00171617
0.00168683
0.0016575
0.00162816
0.00159882
0.00156949
0.00154015
0.00151082
0.00148148
0.00145214
0.00142281
0.00139347
0.00136413
0.0013348
0.00130546
0.00127613
0.00124679
0.00121745
0.00118812
0.00115878
0.00112944
0.00110011
0.00107077
0.00104143
0.0010121
0.000982762
0.000953426
0.00092409
0.000894753
0.000865417
0.000836081
0.000806745
0.000777408
0.000748072
0.000718736
0.0006894
0.000660064
0.000630728
0.000601391
0.000572055
0.000542719
0.000513383
0.000484046
0.00045471
0.000425374
0.000396038
0.000366702
0.000337365
0.000308029
0.000278693
0.000249357
0.000220021
0.000190685
0.000161349
0.000132012
0.000102676
7.33402e-05
4.40041e-05
1.4668e-05
0.00565271
0.00564991
0.00564439
0.00563618
0.00562535
0.00561205
0.00559646
0.00557883
0.00555947
0.00553868
0.00551669
0.00549368
0.00546975
0.00544499
0.00541955
0.00539352
0.00536701
0.00534007
0.00531278
0.00528517
0.00525731
0.00522923
0.00520096
0.00517254
0.00514398
0.0051153
0.00508653
0.00505767
0.00502875
0.00499976
0.00497073
0.00494165
0.00491253
0.00488338
0.0048542
0.004825
0.00479578
0.00476654
0.00473729
0.00470803
0.00467876
0.00464947
0.00462018
0.00459088
0.00456158
0.00453227
0.00450296
0.00447365
0.00444433
0.00441501
0.00438568
0.00435636
0.00432703
0.0042977
0.00426838
0.00423905
0.00420971
0.00418038
0.00415105
0.00412172
0.00409238
0.00406305
0.00403372
0.00400438
0.00397505
0.00394571
0.00391638
0.00388704
0.00385771
0.00382837
0.00379904
0.0037697
0.00374036
0.00371103
0.00368169
0.00365236
0.00362302
0.00359369
0.00356435
0.00353501
0.00350568
0.00347634
0.003447
0.00341767
0.00338833
0.003359
0.00332966
0.00330032
0.00327099
0.00324165
0.00321231
0.00318298
0.00315364
0.00312431
0.00309497
0.00306563
0.0030363
0.00300696
0.00297763
0.00294829
0.00291895
0.00288962
0.00286028
0.00283094
0.00280161
0.00277227
0.00274294
0.0027136
0.00268426
0.00265493
0.00262559
0.00259625
0.00256692
0.00253758
0.00250825
0.00247891
0.00244957
0.00242024
0.0023909
0.00236157
0.00233223
0.00230289
0.00227356
0.00224422
0.00221488
0.00218555
0.00215621
0.00212688
0.00209754
0.0020682
0.00203887
0.00200953
0.00198019
0.00195086
0.00192152
0.00189219
0.00186285
0.00183351
0.00180418
0.00177484
0.0017455
0.00171617
0.00168683
0.0016575
0.00162816
0.00159882
0.00156949
0.00154015
0.00151082
0.00148148
0.00145214
0.00142281
0.00139347
0.00136413
0.0013348
0.00130546
0.00127613
0.00124679
0.00121745
0.00118812
0.00115878
0.00112944
0.00110011
0.00107077
0.00104143
0.0010121
0.000982762
0.000953426
0.000924089
0.000894753
0.000865417
0.000836081
0.000806745
0.000777408
0.000748072
0.000718736
0.0006894
0.000660064
0.000630727
0.000601391
0.000572055
0.000542719
0.000513383
0.000484046
0.00045471
0.000425374
0.000396038
0.000366702
0.000337365
0.000308029
0.000278693
0.000249357
0.000220021
0.000190685
0.000161349
0.000132012
0.000102676
7.33402e-05
4.40041e-05
1.4668e-05
0.00564021
0.00563758
0.0056324
0.00562468
0.00561448
0.00560193
0.00558718
0.00557044
0.00555197
0.00553201
0.00551078
0.00548844
0.00546513
0.00544095
0.00541602
0.00539046
0.00536435
0.00533777
0.00531079
0.00528346
0.00525584
0.00522797
0.00519988
0.00517161
0.00514318
0.00511462
0.00508594
0.00505717
0.00502832
0.0049994
0.00497041
0.00494138
0.0049123
0.00488318
0.00485403
0.00482486
0.00479566
0.00476644
0.0047372
0.00470795
0.00467869
0.00464942
0.00462013
0.00459084
0.00456155
0.00453224
0.00450294
0.00447363
0.00444431
0.00441499
0.00438567
0.00435635
0.00432702
0.0042977
0.00426837
0.00423904
0.00420971
0.00418038
0.00415105
0.00412171
0.00409238
0.00406305
0.00403371
0.00400438
0.00397505
0.00394571
0.00391638
0.00388704
0.00385771
0.00382837
0.00379904
0.0037697
0.00374036
0.00371103
0.00368169
0.00365236
0.00362302
0.00359369
0.00356435
0.00353501
0.00350568
0.00347634
0.003447
0.00341767
0.00338833
0.003359
0.00332966
0.00330032
0.00327099
0.00324165
0.00321231
0.00318298
0.00315364
0.00312431
0.00309497
0.00306563
0.0030363
0.00300696
0.00297763
0.00294829
0.00291895
0.00288962
0.00286028
0.00283094
0.00280161
0.00277227
0.00274294
0.0027136
0.00268426
0.00265493
0.00262559
0.00259625
0.00256692
0.00253758
0.00250825
0.00247891
0.00244957
0.00242024
0.0023909
0.00236157
0.00233223
0.00230289
0.00227356
0.00224422
0.00221488
0.00218555
0.00215621
0.00212688
0.00209754
0.0020682
0.00203887
0.00200953
0.00198019
0.00195086
0.00192152
0.00189219
0.00186285
0.00183351
0.00180418
0.00177484
0.0017455
0.00171617
0.00168683
0.0016575
0.00162816
0.00159882
0.00156949
0.00154015
0.00151082
0.00148148
0.00145214
0.00142281
0.00139347
0.00136413
0.0013348
0.00130546
0.00127613
0.00124679
0.00121745
0.00118812
0.00115878
0.00112944
0.00110011
0.00107077
0.00104143
0.0010121
0.000982762
0.000953426
0.000924089
0.000894753
0.000865417
0.000836081
0.000806744
0.000777408
0.000748072
0.000718736
0.0006894
0.000660064
0.000630727
0.000601391
0.000572055
0.000542719
0.000513383
0.000484046
0.00045471
0.000425374
0.000396038
0.000366702
0.000337366
0.000308029
0.000278693
0.000249357
0.000220021
0.000190685
0.000161349
0.000132012
0.000102676
7.33402e-05
4.40041e-05
1.4668e-05
0.00563042
0.00562792
0.00562298
0.00561562
0.0056059
0.00559391
0.00557979
0.00556373
0.00554593
0.00552662
0.00550599
0.00548419
0.00546137
0.00543765
0.00541314
0.00538794
0.00536216
0.00533588
0.00530915
0.00528205
0.00525462
0.00522692
0.00519898
0.00517083
0.00514252
0.00511405
0.00508546
0.00505676
0.00502797
0.00499909
0.00497015
0.00494116
0.00491211
0.00488302
0.0048539
0.00482474
0.00479556
0.00476635
0.00473713
0.00470789
0.00467864
0.00464937
0.0046201
0.00459081
0.00456152
0.00453222
0.00450292
0.00447361
0.00444429
0.00441498
0.00438566
0.00435634
0.00432701
0.00429769
0.00426836
0.00423903
0.0042097
0.00418037
0.00415104
0.00412171
0.00409238
0.00406305
0.00403371
0.00400438
0.00397504
0.00394571
0.00391638
0.00388704
0.00385771
0.00382837
0.00379904
0.0037697
0.00374036
0.00371103
0.00368169
0.00365236
0.00362302
0.00359368
0.00356435
0.00353501
0.00350568
0.00347634
0.003447
0.00341767
0.00338833
0.003359
0.00332966
0.00330032
0.00327099
0.00324165
0.00321231
0.00318298
0.00315364
0.00312431
0.00309497
0.00306563
0.0030363
0.00300696
0.00297763
0.00294829
0.00291895
0.00288962
0.00286028
0.00283094
0.00280161
0.00277227
0.00274294
0.0027136
0.00268426
0.00265493
0.00262559
0.00259625
0.00256692
0.00253758
0.00250825
0.00247891
0.00244957
0.00242024
0.0023909
0.00236157
0.00233223
0.00230289
0.00227356
0.00224422
0.00221488
0.00218555
0.00215621
0.00212688
0.00209754
0.0020682
0.00203887
0.00200953
0.00198019
0.00195086
0.00192152
0.00189219
0.00186285
0.00183351
0.00180418
0.00177484
0.0017455
0.00171617
0.00168683
0.0016575
0.00162816
0.00159882
0.00156949
0.00154015
0.00151082
0.00148148
0.00145214
0.00142281
0.00139347
0.00136413
0.0013348
0.00130546
0.00127613
0.00124679
0.00121745
0.00118812
0.00115878
0.00112944
0.00110011
0.00107077
0.00104143
0.0010121
0.000982762
0.000953426
0.000924089
0.000894753
0.000865417
0.000836081
0.000806744
0.000777408
0.000748072
0.000718736
0.0006894
0.000660064
0.000630727
0.000601391
0.000572055
0.000542719
0.000513383
0.000484046
0.00045471
0.000425374
0.000396038
0.000366702
0.000337366
0.000308029
0.000278693
0.000249357
0.000220021
0.000190685
0.000161349
0.000132012
0.000102676
7.33403e-05
4.40042e-05
1.4668e-05
0.00562318
0.00562077
0.00561601
0.00560891
0.00559953
0.00558794
0.00557427
0.00555869
0.00554138
0.00552255
0.00550236
0.00548097
0.00545852
0.00543514
0.00541094
0.00538603
0.00536049
0.00533443
0.0053079
0.00528096
0.00525369
0.00522611
0.00519829
0.00517024
0.00514201
0.00511361
0.00508508
0.00505644
0.00502769
0.00499886
0.00496995
0.00494098
0.00491196
0.00488289
0.00485379
0.00482465
0.00479548
0.00476629
0.00473707
0.00470784
0.0046786
0.00464934
0.00462006
0.00459078
0.0045615
0.0045322
0.0045029
0.00447359
0.00444428
0.00441497
0.00438565
0.00435633
0.00432701
0.00429768
0.00426836
0.00423903
0.0042097
0.00418037
0.00415104
0.00412171
0.00409238
0.00406304
0.00403371
0.00400438
0.00397504
0.00394571
0.00391638
0.00388704
0.00385771
0.00382837
0.00379903
0.0037697
0.00374036
0.00371103
0.00368169
0.00365236
0.00362302
0.00359368
0.00356435
0.00353501
0.00350568
0.00347634
0.003447
0.00341767
0.00338833
0.003359
0.00332966
0.00330032
0.00327099
0.00324165
0.00321231
0.00318298
0.00315364
0.00312431
0.00309497
0.00306563
0.0030363
0.00300696
0.00297763
0.00294829
0.00291895
0.00288962
0.00286028
0.00283094
0.00280161
0.00277227
0.00274294
0.0027136
0.00268426
0.00265493
0.00262559
0.00259625
0.00256692
0.00253758
0.00250825
0.00247891
0.00244957
0.00242024
0.0023909
0.00236157
0.00233223
0.00230289
0.00227356
0.00224422
0.00221488
0.00218555
0.00215621
0.00212688
0.00209754
0.0020682
0.00203887
0.00200953
0.00198019
0.00195086
0.00192152
0.00189219
0.00186285
0.00183351
0.00180418
0.00177484
0.0017455
0.00171617
0.00168683
0.0016575
0.00162816
0.00159882
0.00156949
0.00154015
0.00151082
0.00148148
0.00145214
0.00142281
0.00139347
0.00136414
0.0013348
0.00130546
0.00127613
0.00124679
0.00121745
0.00118812
0.00115878
0.00112944
0.00110011
0.00107077
0.00104143
0.0010121
0.000982762
0.000953426
0.000924089
0.000894753
0.000865417
0.000836081
0.000806744
0.000777408
0.000748072
0.000718736
0.0006894
0.000660064
0.000630727
0.000601391
0.000572055
0.000542719
0.000513383
0.000484046
0.00045471
0.000425374
0.000396038
0.000366702
0.000337366
0.000308029
0.000278693
0.000249357
0.000220021
0.000190685
0.000161349
0.000132012
0.000102676
7.33403e-05
4.40042e-05
1.46681e-05
0.00561841
0.00561606
0.00561141
0.00560448
0.00559531
0.00558398
0.0055706
0.00555533
0.00553835
0.00551982
0.00549993
0.00547881
0.00545661
0.00543345
0.00540946
0.00538473
0.00535937
0.00533345
0.00530705
0.00528023
0.00525305
0.00522557
0.00519782
0.00516984
0.00514166
0.00511332
0.00508483
0.00505622
0.0050275
0.0049987
0.00496982
0.00494087
0.00491186
0.00488281
0.00485372
0.00482459
0.00479543
0.00476624
0.00473703
0.00470781
0.00467857
0.00464931
0.00462004
0.00459077
0.00456148
0.00453219
0.00450289
0.00447358
0.00444427
0.00441496
0.00438564
0.00435633
0.004327
0.00429768
0.00426835
0.00423903
0.0042097
0.00418037
0.00415104
0.00412171
0.00409238
0.00406304
0.00403371
0.00400438
0.00397504
0.00394571
0.00391637
0.00388704
0.00385771
0.00382837
0.00379903
0.0037697
0.00374036
0.00371103
0.00368169
0.00365236
0.00362302
0.00359368
0.00356435
0.00353501
0.00350568
0.00347634
0.003447
0.00341767
0.00338833
0.003359
0.00332966
0.00330032
0.00327099
0.00324165
0.00321231
0.00318298
0.00315364
0.00312431
0.00309497
0.00306563
0.0030363
0.00300696
0.00297763
0.00294829
0.00291895
0.00288962
0.00286028
0.00283094
0.00280161
0.00277227
0.00274294
0.0027136
0.00268426
0.00265493
0.00262559
0.00259625
0.00256692
0.00253758
0.00250825
0.00247891
0.00244957
0.00242024
0.0023909
0.00236156
0.00233223
0.00230289
0.00227356
0.00224422
0.00221488
0.00218555
0.00215621
0.00212688
0.00209754
0.0020682
0.00203887
0.00200953
0.00198019
0.00195086
0.00192152
0.00189219
0.00186285
0.00183351
0.00180418
0.00177484
0.0017455
0.00171617
0.00168683
0.0016575
0.00162816
0.00159882
0.00156949
0.00154015
0.00151082
0.00148148
0.00145214
0.00142281
0.00139347
0.00136414
0.0013348
0.00130546
0.00127613
0.00124679
0.00121745
0.00118812
0.00115878
0.00112944
0.00110011
0.00107077
0.00104143
0.0010121
0.000982762
0.000953426
0.000924089
0.000894753
0.000865417
0.000836081
0.000806744
0.000777408
0.000748072
0.000718736
0.0006894
0.000660064
0.000630727
0.000601391
0.000572055
0.000542719
0.000513383
0.000484046
0.00045471
0.000425374
0.000396038
0.000366702
0.000337366
0.000308029
0.000278693
0.000249357
0.000220021
0.000190685
0.000161349
0.000132012
0.000102676
7.33403e-05
4.40042e-05
1.46681e-05
0.00561604
0.00561372
0.00560913
0.00560227
0.00559321
0.005582
0.00556877
0.00555365
0.00553683
0.00551846
0.00549871
0.00547772
0.00545564
0.0054326
0.00540871
0.00538408
0.0053588
0.00533295
0.00530662
0.00527986
0.00525273
0.00522529
0.00519758
0.00516963
0.00514149
0.00511317
0.0050847
0.00505611
0.00502741
0.00499862
0.00496975
0.00494081
0.00491181
0.00488277
0.00485368
0.00482455
0.0047954
0.00476622
0.00473701
0.00470779
0.00467855
0.0046493
0.00462003
0.00459076
0.00456147
0.00453218
0.00450288
0.00447358
0.00444427
0.00441496
0.00438564
0.00435632
0.004327
0.00429768
0.00426835
0.00423903
0.0042097
0.00418037
0.00415104
0.00412171
0.00409238
0.00406304
0.00403371
0.00400438
0.00397504
0.00394571
0.00391637
0.00388704
0.0038577
0.00382837
0.00379903
0.0037697
0.00374036
0.00371103
0.00368169
0.00365236
0.00362302
0.00359368
0.00356435
0.00353501
0.00350568
0.00347634
0.003447
0.00341767
0.00338833
0.003359
0.00332966
0.00330032
0.00327099
0.00324165
0.00321231
0.00318298
0.00315364
0.00312431
0.00309497
0.00306563
0.0030363
0.00300696
0.00297763
0.00294829
0.00291895
0.00288962
0.00286028
0.00283094
0.00280161
0.00277227
0.00274294
0.0027136
0.00268426
0.00265493
0.00262559
0.00259625
0.00256692
0.00253758
0.00250825
0.00247891
0.00244957
0.00242024
0.0023909
0.00236156
0.00233223
0.00230289
0.00227356
0.00224422
0.00221488
0.00218555
0.00215621
0.00212688
0.00209754
0.0020682
0.00203887
0.00200953
0.00198019
0.00195086
0.00192152
0.00189219
0.00186285
0.00183351
0.00180418
0.00177484
0.0017455
0.00171617
0.00168683
0.0016575
0.00162816
0.00159882
0.00156949
0.00154015
0.00151082
0.00148148
0.00145214
0.00142281
0.00139347
0.00136414
0.0013348
0.00130546
0.00127613
0.00124679
0.00121745
0.00118812
0.00115878
0.00112944
0.00110011
0.00107077
0.00104143
0.0010121
0.000982762
0.000953426
0.000924089
0.000894753
0.000865417
0.000836081
0.000806744
0.000777408
0.000748072
0.000718736
0.0006894
0.000660064
0.000630727
0.000601391
0.000572055
0.000542719
0.000513383
0.000484046
0.00045471
0.000425374
0.000396038
0.000366702
0.000337366
0.000308029
0.000278693
0.000249357
0.000220021
0.000190685
0.000161349
0.000132013
0.000102676
7.33403e-05
4.40042e-05
1.46681e-05
)
;

boundaryField
{
    inlet
    {
        type            zeroGradient;
    }
    outlet
    {
        type            fixedValue;
        value           uniform 0;
    }
    top
    {
        type            zeroGradient;
    }
    bottom
    {
        type            zeroGradient;
    }
    frontAndBack
    {
        type            empty;
    }
}


// ************************************************************************* //
