/*--------------------------------*- C++ -*----------------------------------*\
  =========                 |
  \\      /  F ield         | OpenFOAM: The Open Source CFD Toolbox
   \\    /   O peration     | Website:  https://openfoam.org
    \\  /    A nd           | Version:  dev
     \\/     M anipulation  |
\*---------------------------------------------------------------------------*/
FoamFile
{
    format      ascii;
    class       surfaceScalarField;
    location    "0.8";
    object      phi;
}
// * * * * * * * * * * * * * * * * * * * * * * * * * * * * * * * * * * * * * //

dimensions      [0 3 -1 0 0 0 0];

internalField   nonuniform List<scalar> 
7780
(
0.00499906
9.44175e-07
0.00499701
2.04084e-06
0.00499452
2.49521e-06
0.00499193
2.58629e-06
0.0049894
2.52952e-06
0.00498688
2.5223e-06
0.00498437
2.50777e-06
0.00498183
2.53931e-06
0.00497925
2.58096e-06
0.00497659
2.66176e-06
0.00497374
2.85396e-06
0.00497069
3.04473e-06
0.00496764
3.05629e-06
0.00496482
2.81925e-06
0.00496242
2.39675e-06
0.00496052
1.90132e-06
0.00495909
1.42706e-06
0.00495806
1.02801e-06
0.00495734
7.21917e-07
0.00495684
5.02346e-07
0.00495649
3.51675e-07
0.00495624
2.50659e-07
0.00495605
1.83229e-07
0.00495592
1.37692e-07
0.00495581
1.06205e-07
0.00495573
8.37577e-08
0.00495566
6.72357e-08
0.00495561
5.47119e-08
0.00495556
4.49808e-08
0.00495552
3.72688e-08
0.00495549
3.10626e-08
0.00495547
2.6009e-08
0.00495544
2.18568e-08
0.00495543
1.84208e-08
0.00495541
1.55618e-08
0.0049554
1.3172e-08
0.00495539
1.11671e-08
0.00495538
9.48018e-09
0.00495537
8.05713e-09
0.00495536
6.85421e-09
0.00495536
5.83558e-09
0.00495535
4.97172e-09
0.00495535
4.23821e-09
0.00495534
3.6147e-09
0.00495534
3.08422e-09
0.00495534
2.63254e-09
0.00495533
2.2477e-09
0.00495533
1.91963e-09
0.00495533
1.63982e-09
0.00495533
1.40106e-09
0.00495533
1.19727e-09
0.00495533
1.02326e-09
0.00495533
8.74654e-10
0.00495533
7.47708e-10
0.00495533
6.39243e-10
0.00495532
5.46556e-10
0.00495532
4.67339e-10
0.00495532
3.99628e-10
0.00495532
3.41744e-10
0.00495532
2.92256e-10
0.00495532
2.49943e-10
0.00495532
2.13763e-10
0.00495532
1.82826e-10
0.00495532
1.5637e-10
0.00495532
1.33746e-10
0.00495532
1.14396e-10
0.00495532
9.78469e-11
0.00495532
8.36931e-11
0.00495532
7.15879e-11
0.00495532
6.12343e-11
0.00495532
5.23783e-11
0.00495532
4.4803e-11
0.00495532
3.83234e-11
0.00495532
3.27816e-11
0.00495532
2.80418e-11
0.00495532
2.39875e-11
0.00495532
2.05193e-11
0.00495532
1.75521e-11
0.00495532
1.50138e-11
0.00495532
1.28426e-11
0.00495532
1.09857e-11
0.00495532
9.39753e-12
0.00495532
8.03887e-12
0.00495532
6.8764e-12
0.00495532
5.88185e-12
0.00495532
5.03102e-12
0.00495532
4.30335e-12
0.00495532
3.68125e-12
0.00495532
3.14935e-12
0.00495532
2.69429e-12
0.00495532
2.30471e-12
0.00495532
1.97124e-12
0.00495532
1.6858e-12
0.00495532
1.44165e-12
0.00495532
1.23315e-12
0.00495532
1.05515e-12
0.00495532
9.0297e-13
0.00495532
7.72717e-13
0.00495532
6.61093e-13
0.00495532
5.65321e-13
0.00495532
4.83301e-13
0.00495532
4.13319e-13
0.00495532
3.53693e-13
0.00495532
3.02897e-13
0.00495532
2.59452e-13
0.00495532
2.22163e-13
0.00495532
1.90032e-13
0.00495532
1.6239e-13
0.00495532
1.38697e-13
0.00495532
1.18505e-13
0.00495532
1.01484e-13
0.00495532
8.71454e-14
0.00495532
7.50216e-14
0.00495532
6.45938e-14
0.00495532
5.55102e-14
0.00495532
4.75721e-14
0.00495532
4.05767e-14
0.00495532
3.45643e-14
0.00495532
2.9392e-14
0.00495532
2.51235e-14
0.00495532
2.15835e-14
0.00495532
1.85934e-14
0.00495532
1.61787e-14
0.00495532
1.40545e-14
0.00495532
1.21758e-14
0.00495532
1.048e-14
0.00495532
8.90268e-15
0.00495532
7.48424e-15
0.00495532
6.24965e-15
0.00495532
5.127e-15
0.00495532
4.18755e-15
0.00495532
3.43652e-15
0.00495532
2.78191e-15
0.00495532
2.36111e-15
0.00495532
2.13467e-15
0.00495532
1.85858e-15
0.00495532
1.52993e-15
0.00495532
1.03521e-15
0.00495532
7.41721e-16
0.00495532
6.10765e-16
0.00495532
3.66969e-16
0.00495532
3.19154e-16
0.00495532
2.4931e-16
0.00495532
3.04609e-16
0.00495532
2.83738e-16
0.00495532
2.17467e-16
0.00495532
8.31454e-17
0.00495532
-6.17402e-17
0.00495532
-2.62216e-16
0.00495532
-4.94114e-16
0.00495532
-6.23091e-16
0.00495532
-7.28532e-16
0.00495532
-7.40593e-16
0.00495532
-4.90945e-16
0.00495532
-2.86568e-16
0.00495532
8.11498e-18
0.00495532
2.57264e-16
0.00495532
4.43978e-16
0.00495532
4.18531e-16
0.00495532
3.1343e-16
0.00495532
2.4601e-16
0.00495532
2.06445e-16
0.00495532
-9.61246e-18
0.00495532
-7.93367e-17
0.00495532
-1.98548e-16
0.00495532
-1.28458e-16
0.00495532
-1.84815e-17
0.00495532
1.48314e-16
0.00495532
4.43183e-16
0.00495532
6.77615e-16
0.00495532
9.12489e-16
0.00495532
1.0724e-15
0.00495532
1.24309e-15
0.00495532
1.37075e-15
0.00495532
1.43084e-15
0.00495532
1.52107e-15
0.00495532
1.41446e-15
0.00495532
1.50201e-15
0.00495532
1.44781e-15
0.00495532
1.49931e-15
0.00495532
1.53232e-15
0.00495532
1.45525e-15
0.00495532
1.41593e-15
0.00495532
1.37022e-15
0.00495532
1.4636e-15
0.00495532
1.19968e-15
0.00495532
1.26026e-15
0.00495532
1.18716e-15
0.00495532
8.129e-16
0.00495532
1.22257e-15
0.00495532
7.19752e-16
0.00495532
9.39662e-16
0.00495532
9.58757e-16
0.00495532
5.49465e-16
0.00495532
6.72741e-16
0.00495532
6.12971e-16
0.00495532
3.66666e-16
0.00495532
2.83402e-16
0.00495532
1.67367e-16
-1.28605e-16
0.00500041
5.31784e-07
0.00500104
1.41191e-06
0.00500161
1.92539e-06
0.00500203
2.16655e-06
0.00500226
2.29877e-06
0.00500248
2.30077e-06
0.00500275
2.24202e-06
0.00500302
2.2642e-06
0.00500325
2.35427e-06
0.00500346
2.45241e-06
0.00500372
2.58907e-06
0.00500402
2.75116e-06
0.00500425
2.82034e-06
0.00500437
2.70102e-06
0.00500436
2.40655e-06
0.00500425
2.01757e-06
0.00500406
1.61447e-06
0.00500384
1.24969e-06
0.00500361
9.47948e-07
0.0050034
7.13546e-07
0.00500321
5.38629e-07
0.00500305
4.10699e-07
0.00500292
3.17521e-07
0.00500281
2.49172e-07
0.00500272
1.98324e-07
0.00500264
1.59827e-07
0.00500258
1.30153e-07
0.00500252
1.06899e-07
0.00500248
8.84126e-08
0.00500244
7.35367e-08
0.00500241
6.14458e-08
0.00500239
5.15367e-08
0.00500237
4.33601e-08
0.00500235
3.65747e-08
0.00500233
3.09173e-08
0.00500232
2.61819e-08
0.00500231
2.22052e-08
0.0050023
1.88564e-08
0.00500229
1.60298e-08
0.00500229
1.36393e-08
0.00500228
1.16142e-08
0.00500227
9.89629e-09
0.00500227
8.43719e-09
0.00500227
7.19665e-09
0.00500226
6.141e-09
0.00500226
5.24203e-09
0.00500226
4.476e-09
0.00500226
3.82288e-09
0.00500226
3.26578e-09
0.00500225
2.79039e-09
0.00500225
2.38458e-09
0.00500225
2.03807e-09
0.00500225
1.74213e-09
0.00500225
1.4893e-09
0.00500225
1.27328e-09
0.00500225
1.08868e-09
0.00500225
9.30901e-10
0.00500225
7.96034e-10
0.00500225
6.80739e-10
0.00500225
5.82166e-10
0.00500225
4.97883e-10
0.00500225
4.25816e-10
0.00500225
3.64191e-10
0.00500225
3.11493e-10
0.00500225
2.66425e-10
0.00500225
2.2788e-10
0.00500225
1.94914e-10
0.00500225
1.6672e-10
0.00500225
1.42606e-10
0.00500225
1.21981e-10
0.00500225
1.04339e-10
0.00500225
8.92499e-11
0.00500225
7.63432e-11
0.00500225
6.53039e-11
0.00500225
5.58616e-11
0.00500225
4.77846e-11
0.00500225
4.08751e-11
0.00500225
3.49643e-11
0.00500225
2.99082e-11
0.00500225
2.55836e-11
0.00500225
2.18847e-11
0.00500225
1.87207e-11
0.00500225
1.60138e-11
0.00500225
1.3698e-11
0.00500225
1.17171e-11
0.00500225
1.00229e-11
0.00500225
8.57404e-12
0.00500225
7.33501e-12
0.00500225
6.275e-12
0.00500225
5.36785e-12
0.00500225
4.5914e-12
0.00500225
3.92701e-12
0.00500225
3.35881e-12
0.00500225
2.87318e-12
0.00500225
2.45824e-12
0.00500225
2.10353e-12
0.00500225
1.79996e-12
0.00500225
1.53998e-12
0.00500225
1.31722e-12
0.00500225
1.12643e-12
0.00500225
9.63327e-13
0.00500225
8.24061e-13
0.00500225
7.05185e-13
0.00500225
6.03561e-13
0.00500225
5.16473e-13
0.00500225
4.41695e-13
0.00500225
3.77472e-13
0.00500225
3.22511e-13
0.00500225
2.75643e-13
0.00500225
2.3581e-13
0.00500225
2.02084e-13
0.00500225
1.73268e-13
0.00500225
1.48532e-13
0.00500225
1.27128e-13
0.00500225
1.08529e-13
0.00500225
9.24442e-14
0.00500225
7.85777e-14
0.00500225
6.69229e-14
0.00500225
5.71156e-14
0.00500225
4.89778e-14
0.00500225
4.2191e-14
0.00500225
3.63396e-14
0.00500225
3.13332e-14
0.00500225
2.68807e-14
0.00500225
2.29443e-14
0.00500225
1.94938e-14
0.00500225
1.65459e-14
0.00500225
1.40223e-14
0.00500225
1.19959e-14
0.00500225
1.03403e-14
0.00500225
9.03603e-15
0.00500225
7.99616e-15
0.00500225
7.05979e-15
0.00500225
6.33426e-15
0.00500225
5.71366e-15
0.00500225
5.20224e-15
0.00500225
4.64778e-15
0.00500225
4.09338e-15
0.00500225
3.65145e-15
0.00500225
3.23895e-15
0.00500225
2.8998e-15
0.00500225
2.67006e-15
0.00500225
2.51541e-15
0.00500225
2.3868e-15
0.00500225
2.18581e-15
0.00500225
1.93663e-15
0.00500225
1.70372e-15
0.00500225
1.45019e-15
0.00500225
1.31504e-15
0.00500225
1.08778e-15
0.00500225
8.86056e-16
0.00500225
6.81908e-16
0.00500225
5.722e-16
0.00500225
5.15868e-16
0.00500225
4.38634e-16
0.00500225
3.51939e-16
0.00500225
2.31963e-16
0.00500225
-2.37084e-17
0.00500225
-2.46927e-16
0.00500225
-4.78703e-16
0.00500225
-5.68058e-16
0.00500225
-7.04936e-16
0.00500225
-7.18104e-16
0.00500225
-6.59553e-16
0.00500225
-5.45771e-16
0.00500225
-2.53809e-16
0.00500225
9.29355e-17
0.00500225
4.90831e-16
0.00500225
8.62362e-16
0.00500225
1.14503e-15
0.00500225
1.42636e-15
0.00500225
1.5756e-15
0.00500225
1.83743e-15
0.00500225
1.88145e-15
0.00500225
1.81341e-15
0.00500225
1.85177e-15
0.00500225
1.61746e-15
0.00500225
1.4989e-15
0.00500225
1.41169e-15
0.00500225
1.25055e-15
0.00500225
9.57685e-16
0.00500225
8.19903e-16
0.00500225
5.47493e-16
0.00500225
3.44924e-16
0.00500225
3.89007e-16
0.00500225
-3.9783e-17
0.00500225
-7.1595e-17
0.00500225
-2.04685e-16
0.00500225
-3.7796e-16
0.00500225
-2.44497e-17
0.00500225
-4.54267e-16
0.00500225
-2.39548e-16
0.00500225
-1.21412e-16
0.00500225
-2.24113e-16
0.00500225
-4.26199e-17
0.00500225
8.12326e-18
0.00500225
-1.43487e-16
0.00500225
-8.02939e-17
0.00500225
-4.61586e-17
-1.51232e-16
0.00500019
3.44489e-07
0.00500063
9.69317e-07
0.00500111
1.44038e-06
0.00500155
1.73385e-06
0.00500188
1.96809e-06
0.00500209
2.08462e-06
0.00500229
2.0426e-06
0.00500254
2.02138e-06
0.00500278
2.11132e-06
0.005003
2.2297e-06
0.00500325
2.33712e-06
0.00500355
2.45645e-06
0.00500383
2.544e-06
0.00500401
2.5134e-06
0.00500408
2.33686e-06
0.00500404
2.0564e-06
0.00500393
1.73329e-06
0.00500376
1.415e-06
0.00500358
1.13007e-06
0.0050034
8.9143e-07
0.00500324
7.00434e-07
0.0050031
5.51652e-07
0.00500298
4.37206e-07
0.00500288
3.49391e-07
0.00500279
2.81719e-07
0.00500272
2.29121e-07
0.00500267
1.87801e-07
0.00500262
1.54978e-07
0.00500258
1.28627e-07
0.00500254
1.07272e-07
0.00500252
8.98224e-08
0.00500249
7.54623e-08
0.00500247
6.35744e-08
0.00500246
5.36839e-08
0.00500244
4.54203e-08
0.00500243
3.84917e-08
0.00500242
3.26651e-08
0.00500241
2.77528e-08
0.0050024
2.36025e-08
0.00500239
2.00898e-08
0.00500239
1.7112e-08
0.00500238
1.45846e-08
0.00500238
1.24369e-08
0.00500238
1.06102e-08
0.00500237
9.05518e-09
0.00500237
7.73062e-09
0.00500237
6.60165e-09
0.00500237
5.6389e-09
0.00500237
4.81754e-09
0.00500237
4.11655e-09
0.00500236
3.51809e-09
0.00500236
3.00702e-09
0.00500236
2.57048e-09
0.00500236
2.19753e-09
0.00500236
1.87884e-09
0.00500236
1.60649e-09
0.00500236
1.3737e-09
0.00500236
1.1747e-09
0.00500236
1.00458e-09
0.00500236
8.59125e-10
0.00500236
7.34756e-10
0.00500236
6.2841e-10
0.00500236
5.37471e-10
0.00500236
4.59702e-10
0.00500236
3.93192e-10
0.00500236
3.3631e-10
0.00500236
2.8766e-10
0.00500236
2.46051e-10
0.00500236
2.10464e-10
0.00500236
1.80025e-10
0.00500236
1.5399e-10
0.00500236
1.3172e-10
0.00500236
1.12672e-10
0.00500236
9.63796e-11
0.00500236
8.24437e-11
0.00500236
7.05229e-11
0.00500236
6.03254e-11
0.00500236
5.16022e-11
0.00500236
4.41405e-11
0.00500236
3.77582e-11
0.00500236
3.2299e-11
0.00500236
2.76291e-11
0.00500236
2.36342e-11
0.00500236
2.02166e-11
0.00500236
1.72933e-11
0.00500236
1.47932e-11
0.00500236
1.26549e-11
0.00500236
1.0826e-11
0.00500236
9.26104e-12
0.00500236
7.92187e-12
0.00500236
6.77598e-12
0.00500236
5.7957e-12
0.00500236
4.95761e-12
0.00500236
4.24121e-12
0.00500236
3.6288e-12
0.00500236
3.10496e-12
0.00500236
2.65648e-12
0.00500236
2.27246e-12
0.00500236
1.9436e-12
0.00500236
1.66227e-12
0.00500236
1.42188e-12
0.00500236
1.21654e-12
0.00500236
1.04111e-12
0.00500236
8.90857e-13
0.00500236
7.61978e-13
0.00500236
6.51429e-13
0.00500236
5.5665e-13
0.00500236
4.75732e-13
0.00500236
4.06854e-13
0.00500236
3.48287e-13
0.00500236
2.98477e-13
0.00500236
2.55779e-13
0.00500236
2.18965e-13
0.00500236
1.87035e-13
0.00500236
1.59392e-13
0.00500236
1.35672e-13
0.00500236
1.1542e-13
0.00500236
9.84727e-14
0.00500236
8.42799e-14
0.00500236
7.24068e-14
0.00500236
6.2366e-14
0.00500236
5.36452e-14
0.00500236
4.60204e-14
0.00500236
3.93127e-14
0.00500236
3.34036e-14
0.00500236
2.83442e-14
0.00500236
2.41055e-14
0.00500236
2.0598e-14
0.00500236
1.77518e-14
0.00500236
1.54468e-14
0.00500236
1.36103e-14
0.00500236
1.20891e-14
0.00500236
1.08029e-14
0.00500236
9.69349e-15
0.00500236
8.77003e-15
0.00500236
7.96236e-15
0.00500236
7.15313e-15
0.00500236
6.41124e-15
0.00500236
5.75726e-15
0.00500236
5.21937e-15
0.00500236
4.79872e-15
0.00500236
4.40079e-15
0.00500236
4.10912e-15
0.00500236
3.79841e-15
0.00500236
3.44564e-15
0.00500236
3.11198e-15
0.00500236
2.82549e-15
0.00500236
2.60107e-15
0.00500236
2.37197e-15
0.00500236
2.08047e-15
0.00500236
1.81571e-15
0.00500236
1.53406e-15
0.00500236
1.31564e-15
0.00500236
1.0211e-15
0.00500236
7.51966e-16
0.00500236
4.38931e-16
0.00500236
7.50571e-18
0.00500236
-4.12522e-16
0.00500236
-7.75844e-16
0.00500236
-1.03563e-15
0.00500236
-1.16998e-15
0.00500236
-1.26777e-15
0.00500236
-1.16088e-15
0.00500236
-9.93007e-16
0.00500236
-6.65986e-16
0.00500236
-2.05057e-16
0.00500236
3.14913e-16
0.00500236
8.34575e-16
0.00500236
1.23823e-15
0.00500236
1.66025e-15
0.00500236
1.99826e-15
0.00500236
2.27559e-15
0.00500236
2.5294e-15
0.00500236
2.55134e-15
0.00500236
2.4482e-15
0.00500236
2.37512e-15
0.00500236
2.18364e-15
0.00500236
1.95723e-15
0.00500236
1.74864e-15
0.00500236
1.43122e-15
0.00500236
9.91388e-16
0.00500236
7.17394e-16
0.00500236
3.75393e-16
0.00500236
1.42876e-17
0.00500236
-1.43911e-16
0.00500236
-5.27076e-16
0.00500236
-7.31278e-16
0.00500236
-7.83722e-16
0.00500236
-8.98329e-16
0.00500236
-6.71163e-16
0.00500236
-8.55599e-16
0.00500236
-8.07921e-16
0.00500236
-6.39766e-16
0.00500236
-4.38763e-16
0.00500236
-3.68041e-16
0.00500236
-3.57998e-16
0.00500236
-3.30286e-16
0.00500236
-1.19316e-16
0.00500236
-1.27478e-16
-1.51511e-16
0.00500011
2.3702e-07
0.00500036
7.16287e-07
0.00500067
1.12678e-06
0.005001
1.40832e-06
0.00500132
1.65247e-06
0.00500156
1.84136e-06
0.00500173
1.87332e-06
0.00500191
1.83899e-06
0.00500213
1.88657e-06
0.00500236
2.00511e-06
0.00500257
2.12818e-06
0.00500278
2.24417e-06
0.00500299
2.33285e-06
0.00500317
2.33565e-06
0.00500329
2.21816e-06
0.00500334
2.00194e-06
0.00500334
1.73511e-06
0.0050033
1.45978e-06
0.00500322
1.20298e-06
0.00500314
9.78883e-07
0.00500304
7.91984e-07
0.00500296
6.40399e-07
0.00500287
5.19208e-07
0.0050028
4.22823e-07
0.00500274
3.46132e-07
0.00500268
2.84869e-07
0.00500263
2.35644e-07
0.00500259
1.95828e-07
0.00500256
1.63407e-07
0.00500253
1.36842e-07
0.0050025
1.1495e-07
0.00500248
9.6815e-08
0.00500246
8.17257e-08
0.00500245
6.91213e-08
0.00500243
5.85569e-08
0.00500242
4.96766e-08
0.00500241
4.21934e-08
0.0050024
3.5874e-08
0.0050024
3.05276e-08
0.00500239
2.59972e-08
0.00500239
2.21533e-08
0.00500238
1.88879e-08
0.00500238
1.61114e-08
0.00500238
1.37485e-08
0.00500237
1.17361e-08
0.00500237
1.00213e-08
0.00500237
8.55914e-09
0.00500237
7.31192e-09
0.00500237
6.24759e-09
0.00500236
5.33904e-09
0.00500236
4.56325e-09
0.00500236
3.90064e-09
0.00500236
3.33458e-09
0.00500236
2.85092e-09
0.00500236
2.43759e-09
0.00500236
2.08432e-09
0.00500236
1.78235e-09
0.00500236
1.5242e-09
0.00500236
1.30349e-09
0.00500236
1.11478e-09
0.00500236
9.53424e-10
0.00500236
8.15443e-10
0.00500236
6.97447e-10
0.00500236
5.96537e-10
0.00500236
5.10234e-10
0.00500236
4.36423e-10
0.00500236
3.73294e-10
0.00500236
3.19301e-10
0.00500236
2.73121e-10
0.00500236
2.33622e-10
0.00500236
1.99836e-10
0.00500236
1.70937e-10
0.00500236
1.46218e-10
0.00500236
1.25075e-10
0.00500236
1.0699e-10
0.00500236
9.15195e-11
0.00500236
7.8286e-11
0.00500236
6.69659e-11
0.00500236
5.72829e-11
0.00500236
4.90006e-11
0.00500236
4.1916e-11
0.00500236
3.58557e-11
0.00500236
3.06715e-11
0.00500236
2.62365e-11
0.00500236
2.2443e-11
0.00500236
1.91984e-11
0.00500236
1.64232e-11
0.00500236
1.40493e-11
0.00500236
1.20182e-11
0.00500236
1.02803e-11
0.00500236
8.79349e-12
0.00500236
7.52174e-12
0.00500236
6.43437e-12
0.00500236
5.50466e-12
0.00500236
4.70963e-12
0.00500236
4.0294e-12
0.00500236
3.44708e-12
0.00500236
2.94852e-12
0.00500236
2.52187e-12
0.00500236
2.15709e-12
0.00500236
1.8454e-12
0.00500236
1.57901e-12
0.00500236
1.35118e-12
0.00500236
1.15597e-12
0.00500236
9.88635e-13
0.00500236
8.45125e-13
0.00500236
7.22262e-13
0.00500236
6.17453e-13
0.00500236
5.2821e-13
0.00500236
4.52309e-13
0.00500236
3.87499e-13
0.00500236
3.31793e-13
0.00500236
2.83745e-13
0.00500236
2.42178e-13
0.00500236
2.06363e-13
0.00500236
1.75681e-13
0.00500236
1.49679e-13
0.00500236
1.27902e-13
0.00500236
1.09642e-13
0.00500236
9.42011e-14
0.00500236
8.10141e-14
0.00500236
6.95457e-14
0.00500236
5.94573e-14
0.00500236
5.06586e-14
0.00500236
4.30108e-14
0.00500236
3.65615e-14
0.00500236
3.11429e-14
0.00500236
2.67507e-14
0.00500236
2.31516e-14
0.00500236
2.02161e-14
0.00500236
1.7835e-14
0.00500236
1.58434e-14
0.00500236
1.4158e-14
0.00500236
1.27298e-14
0.00500236
1.14877e-14
0.00500236
1.04041e-14
0.00500236
9.42158e-15
0.00500236
8.50587e-15
0.00500236
7.72533e-15
0.00500236
7.09023e-15
0.00500236
6.48779e-15
0.00500236
5.98324e-15
0.00500236
5.51096e-15
0.00500236
5.03251e-15
0.00500236
4.6024e-15
0.00500236
4.2315e-15
0.00500236
3.90246e-15
0.00500236
3.59955e-15
0.00500236
3.2861e-15
0.00500236
2.94687e-15
0.00500236
2.58354e-15
0.00500236
2.23113e-15
0.00500236
1.8687e-15
0.00500236
1.43764e-15
0.00500236
9.29208e-16
0.00500236
4.07704e-16
0.00500236
-1.85075e-16
0.00500236
-7.09292e-16
0.00500236
-1.1697e-15
0.00500236
-1.4971e-15
0.00500236
-1.67059e-15
0.00500236
-1.69744e-15
0.00500236
-1.56841e-15
0.00500236
-1.23e-15
0.00500236
-7.65467e-16
0.00500236
-1.85503e-16
0.00500236
4.7285e-16
0.00500236
1.0323e-15
0.00500236
1.57569e-15
0.00500236
2.14144e-15
0.00500236
2.57071e-15
0.00500236
2.9137e-15
0.00500236
3.09959e-15
0.00500236
3.13117e-15
0.00500236
3.06915e-15
0.00500236
2.90005e-15
0.00500236
2.7576e-15
0.00500236
2.38647e-15
0.00500236
1.99399e-15
0.00500236
1.55151e-15
0.00500236
1.0697e-15
0.00500236
7.08524e-16
0.00500236
1.81414e-16
0.00500236
-2.39879e-16
0.00500236
-6.04986e-16
0.00500236
-9.4035e-16
0.00500236
-1.1236e-15
0.00500236
-1.24132e-15
0.00500236
-1.40311e-15
0.00500236
-1.2969e-15
0.00500236
-1.27731e-15
0.00500236
-1.02049e-15
0.00500236
-9.78934e-16
0.00500236
-8.09783e-16
0.00500236
-6.1012e-16
0.00500236
-4.39944e-16
0.00500236
-4.39708e-16
0.00500236
-3.30032e-16
0.00500236
-2.51688e-16
-1.83628e-16
0.00500005
1.87196e-07
0.0050002
5.64619e-07
0.00500042
9.05023e-07
0.00500067
1.16039e-06
0.00500094
1.38202e-06
0.0050012
1.58795e-06
0.00500138
1.68584e-06
0.00500154
1.6826e-06
0.00500172
1.70475e-06
0.00500193
1.80018e-06
0.00500213
1.9214e-06
0.00500234
2.03289e-06
0.00500256
2.11678e-06
0.00500276
2.13762e-06
0.00500291
2.06517e-06
0.00500301
1.90585e-06
0.00500305
1.69294e-06
0.00500305
1.46124e-06
0.00500302
1.2355e-06
0.00500296
1.03031e-06
0.0050029
8.52416e-07
0.00500284
7.02885e-07
0.00500278
5.79449e-07
0.00500272
4.78488e-07
0.00500267
3.96197e-07
0.00500263
3.29113e-07
0.00500259
2.74294e-07
0.00500256
2.29335e-07
0.00500253
1.92308e-07
0.0050025
1.61687e-07
0.00500248
1.36261e-07
0.00500247
1.15069e-07
0.00500245
9.73464e-08
0.00500244
8.2481e-08
0.00500242
6.99791e-08
0.00500241
5.94404e-08
0.00500241
5.05388e-08
0.0050024
4.30069e-08
0.00500239
3.66243e-08
0.00500239
3.12084e-08
0.00500238
2.66079e-08
0.00500238
2.2696e-08
0.00500238
1.9367e-08
0.00500237
1.65319e-08
0.00500237
1.4116e-08
0.00500237
1.20562e-08
0.00500237
1.02992e-08
0.00500237
8.79993e-09
0.00500236
7.52011e-09
0.00500236
6.42731e-09
0.00500236
5.49397e-09
0.00500236
4.69665e-09
0.00500236
4.01539e-09
0.00500236
3.43321e-09
0.00500236
2.93563e-09
0.00500236
2.51031e-09
0.00500236
2.14672e-09
0.00500236
1.83586e-09
0.00500236
1.57008e-09
0.00500236
1.34281e-09
0.00500236
1.14847e-09
0.00500236
9.82283e-10
0.00500236
8.40159e-10
0.00500236
7.1861e-10
0.00500236
6.14655e-10
0.00500236
5.25744e-10
0.00500236
4.497e-10
0.00500236
3.8466e-10
0.00500236
3.29029e-10
0.00500236
2.81446e-10
0.00500236
2.40744e-10
0.00500236
2.0593e-10
0.00500236
1.76152e-10
0.00500236
1.5068e-10
0.00500236
1.28893e-10
0.00500236
1.10256e-10
0.00500236
9.4313e-11
0.00500236
8.06758e-11
0.00500236
6.90109e-11
0.00500236
5.90332e-11
0.00500236
5.04983e-11
0.00500236
4.31973e-11
0.00500236
3.69515e-11
0.00500236
3.16086e-11
0.00500236
2.70384e-11
0.00500236
2.31294e-11
0.00500236
1.97859e-11
0.00500236
1.69257e-11
0.00500236
1.44787e-11
0.00500236
1.23851e-11
0.00500236
1.05941e-11
0.00500236
9.06224e-12
0.00500236
7.75236e-12
0.00500236
6.63222e-12
0.00500236
5.67405e-12
0.00500236
4.8541e-12
0.00500236
4.15224e-12
0.00500236
3.55159e-12
0.00500236
3.03779e-12
0.00500236
2.5986e-12
0.00500236
2.2233e-12
0.00500236
1.90249e-12
0.00500236
1.62795e-12
0.00500236
1.39264e-12
0.00500236
1.19083e-12
0.00500236
1.01791e-12
0.00500236
8.70041e-13
0.00500236
7.44012e-13
0.00500236
6.36637e-13
0.00500236
5.45157e-13
0.00500236
4.66898e-13
0.00500236
3.99603e-13
0.00500236
3.41469e-13
0.00500236
2.91263e-13
0.00500236
2.48221e-13
0.00500236
2.11474e-13
0.00500236
1.80466e-13
0.00500236
1.544e-13
0.00500236
1.32446e-13
0.00500236
1.13787e-13
0.00500236
9.76956e-14
0.00500236
8.36478e-14
0.00500236
7.13737e-14
0.00500236
6.06719e-14
0.00500236
5.15225e-14
0.00500236
4.38405e-14
0.00500236
3.74312e-14
0.00500236
3.22628e-14
0.00500236
2.79884e-14
0.00500236
2.45059e-14
0.00500236
2.16045e-14
0.00500236
1.9167e-14
0.00500236
1.71296e-14
0.00500236
1.53598e-14
0.00500236
1.3837e-14
0.00500236
1.25194e-14
0.00500236
1.1404e-14
0.00500236
1.03999e-14
0.00500236
9.52839e-15
0.00500236
8.7895e-15
0.00500236
8.05904e-15
0.00500236
7.43123e-15
0.00500236
6.79743e-15
0.00500236
6.16902e-15
0.00500236
5.65686e-15
0.00500236
5.23608e-15
0.00500236
4.84509e-15
0.00500236
4.47348e-15
0.00500236
4.08493e-15
0.00500236
3.7185e-15
0.00500236
3.31671e-15
0.00500236
2.88463e-15
0.00500236
2.39544e-15
0.00500236
1.77663e-15
0.00500236
1.10189e-15
0.00500236
3.57513e-16
0.00500236
-3.64558e-16
0.00500236
-1.02424e-15
0.00500236
-1.53336e-15
0.00500236
-1.91929e-15
0.00500236
-2.12219e-15
0.00500236
-2.0975e-15
0.00500236
-1.89902e-15
0.00500236
-1.4254e-15
0.00500236
-8.5042e-16
0.00500236
-1.46454e-16
0.00500236
6.10433e-16
0.00500236
1.26881e-15
0.00500236
1.94989e-15
0.00500236
2.61192e-15
0.00500236
3.08705e-15
0.00500236
3.4248e-15
0.00500236
3.58941e-15
0.00500236
3.66079e-15
0.00500236
3.64929e-15
0.00500236
3.4249e-15
0.00500236
3.19709e-15
0.00500236
2.73659e-15
0.00500236
2.20994e-15
0.00500236
1.70527e-15
0.00500236
1.13795e-15
0.00500236
6.79004e-16
0.00500236
-6.14901e-17
0.00500236
-5.33217e-16
0.00500236
-8.95817e-16
0.00500236
-1.31402e-15
0.00500236
-1.47801e-15
0.00500236
-1.79098e-15
0.00500236
-1.79834e-15
0.00500236
-1.68498e-15
0.00500236
-1.7088e-15
0.00500236
-1.28535e-15
0.00500236
-1.3352e-15
0.00500236
-1.0973e-15
0.00500236
-8.25215e-16
0.00500236
-5.55341e-16
0.00500236
-5.7257e-16
0.00500236
-5.26435e-16
0.00500236
-3.23367e-16
-1.79297e-16
0.00500004
1.50907e-07
0.00500015
4.54526e-07
0.00500031
7.37067e-07
0.00500051
9.65964e-07
0.00500072
1.16838e-06
0.00500094
1.36596e-06
0.00500114
1.494e-06
0.00500129
1.52516e-06
0.00500146
1.54317e-06
0.00500164
1.61867e-06
0.00500182
1.73486e-06
0.00500201
1.84854e-06
0.00500219
1.93227e-06
0.00500237
1.96066e-06
0.00500252
1.91255e-06
0.00500264
1.78973e-06
0.00500271
1.61591e-06
0.00500276
1.41963e-06
0.00500277
1.22275e-06
0.00500276
1.03886e-06
0.00500274
8.75004e-07
0.00500271
7.33508e-07
0.00500267
6.13667e-07
0.00500264
5.13285e-07
0.00500261
4.29685e-07
0.00500257
3.60226e-07
0.00500255
3.02527e-07
0.00500252
2.54542e-07
0.0050025
2.14559e-07
0.00500248
1.81169e-07
0.00500246
1.53219e-07
0.00500245
1.29768e-07
0.00500243
1.10048e-07
0.00500242
9.34305e-08
0.00500241
7.94021e-08
0.00500241
6.75393e-08
0.0050024
5.74928e-08
0.00500239
4.89732e-08
0.00500239
4.17402e-08
0.00500238
3.55932e-08
0.00500238
3.03646e-08
0.00500238
2.59137e-08
0.00500237
2.21224e-08
0.00500237
1.8891e-08
0.00500237
1.61355e-08
0.00500237
1.37848e-08
0.00500237
1.17786e-08
0.00500236
1.0066e-08
0.00500236
8.60352e-09
0.00500236
7.35436e-09
0.00500236
6.28719e-09
0.00500236
5.37533e-09
0.00500236
4.59606e-09
0.00500236
3.93e-09
0.00500236
3.36066e-09
0.00500236
2.87393e-09
0.00500236
2.45779e-09
0.00500236
2.10198e-09
0.00500236
1.79773e-09
0.00500236
1.53757e-09
0.00500236
1.31508e-09
0.00500236
1.12481e-09
0.00500236
9.62081e-10
0.00500236
8.22907e-10
0.00500236
7.03875e-10
0.00500236
6.02067e-10
0.00500236
5.1499e-10
0.00500236
4.40512e-10
0.00500236
3.76806e-10
0.00500236
3.22315e-10
0.00500236
2.75705e-10
0.00500236
2.35836e-10
0.00500236
2.01734e-10
0.00500236
1.72564e-10
0.00500236
1.47613e-10
0.00500236
1.26269e-10
0.00500236
1.08011e-10
0.00500236
9.23936e-11
0.00500236
7.90349e-11
0.00500236
6.76083e-11
0.00500236
5.78338e-11
0.00500236
4.94723e-11
0.00500236
4.23192e-11
0.00500236
3.62003e-11
0.00500236
3.09663e-11
0.00500236
2.64894e-11
0.00500236
2.26601e-11
0.00500236
1.93843e-11
0.00500236
1.65817e-11
0.00500236
1.41842e-11
0.00500236
1.21333e-11
0.00500236
1.03792e-11
0.00500236
8.87907e-12
0.00500236
7.59591e-12
0.00500236
6.49812e-12
0.00500236
5.55864e-12
0.00500236
4.75467e-12
0.00500236
4.06679e-12
0.00500236
3.47866e-12
0.00500236
2.97606e-12
0.00500236
2.54646e-12
0.00500236
2.17906e-12
0.00500236
1.86441e-12
0.00500236
1.5947e-12
0.00500236
1.36353e-12
0.00500236
1.1656e-12
0.00500236
9.96512e-13
0.00500236
8.52314e-13
0.00500236
7.29455e-13
0.00500236
6.24601e-13
0.00500236
5.3471e-13
0.00500236
4.57337e-13
0.00500236
3.90593e-13
0.00500236
3.33156e-13
0.00500236
2.84061e-13
0.00500236
2.42244e-13
0.00500236
2.07015e-13
0.00500236
1.773e-13
0.00500236
1.52132e-13
0.00500236
1.30598e-13
0.00500236
1.119e-13
0.00500236
9.55726e-14
0.00500236
8.13821e-14
0.00500236
6.91247e-14
0.00500236
5.8746e-14
0.00500236
5.00916e-14
0.00500236
4.28874e-14
0.00500236
3.70524e-14
0.00500236
3.21727e-14
0.00500236
2.81709e-14
0.00500236
2.47919e-14
0.00500236
2.19224e-14
0.00500236
1.95291e-14
0.00500236
1.74884e-14
0.00500236
1.58183e-14
0.00500236
1.43582e-14
0.00500236
1.31148e-14
0.00500236
1.20468e-14
0.00500236
1.11051e-14
0.00500236
1.02747e-14
0.00500236
9.44883e-15
0.00500236
8.66714e-15
0.00500236
7.91326e-15
0.00500236
7.19612e-15
0.00500236
6.59673e-15
0.00500236
6.10319e-15
0.00500236
5.66353e-15
0.00500236
5.23915e-15
0.00500236
4.79964e-15
0.00500236
4.40873e-15
0.00500236
3.93454e-15
0.00500236
3.40821e-15
0.00500236
2.77722e-15
0.00500236
1.98819e-15
0.00500236
1.20247e-15
0.00500236
2.85713e-16
0.00500236
-4.8396e-16
0.00500236
-1.25663e-15
0.00500236
-1.87684e-15
0.00500236
-2.24818e-15
0.00500236
-2.47232e-15
0.00500236
-2.40549e-15
0.00500236
-2.10181e-15
0.00500236
-1.56218e-15
0.00500236
-8.89229e-16
0.00500236
-1.18514e-16
0.00500236
7.06843e-16
0.00500236
1.48669e-15
0.00500236
2.28958e-15
0.00500236
2.98649e-15
0.00500236
3.4654e-15
0.00500236
3.86603e-15
0.00500236
4.0237e-15
0.00500236
4.11695e-15
0.00500236
4.12364e-15
0.00500236
3.80765e-15
0.00500236
3.43125e-15
0.00500236
2.97928e-15
0.00500236
2.43807e-15
0.00500236
1.84988e-15
0.00500236
1.09591e-15
0.00500236
5.57687e-16
0.00500236
-2.06571e-16
0.00500236
-8.29344e-16
0.00500236
-1.18961e-15
0.00500236
-1.60837e-15
0.00500236
-1.88773e-15
0.00500236
-2.13239e-15
0.00500236
-2.17047e-15
0.00500236
-1.96826e-15
0.00500236
-2.01353e-15
0.00500236
-1.67963e-15
0.00500236
-1.62436e-15
0.00500236
-1.28693e-15
0.00500236
-1.00776e-15
0.00500236
-8.29316e-16
0.00500236
-6.56048e-16
0.00500236
-5.36575e-16
0.00500236
-5.02285e-16
-2.8591e-16
0.00500003
1.2415e-07
0.0050001
3.76646e-07
0.00500023
6.12234e-07
0.00500038
8.13188e-07
0.00500055
9.99191e-07
0.00500074
1.17819e-06
0.00500092
1.31283e-06
0.00500108
1.36996e-06
0.00500122
1.39594e-06
0.00500138
1.45741e-06
0.00500156
1.56056e-06
0.00500174
1.66962e-06
0.00500192
1.75202e-06
0.00500209
1.78531e-06
0.00500225
1.75465e-06
0.00500238
1.66054e-06
0.00500248
1.51978e-06
0.00500254
1.35497e-06
0.00500258
1.18496e-06
0.0050026
1.02219e-06
0.0050026
8.73633e-07
0.00500259
7.42338e-07
0.00500257
6.28683e-07
0.00500255
5.31554e-07
0.00500253
4.49181e-07
0.00500252
3.79627e-07
0.0050025
3.21025e-07
0.00500248
2.71688e-07
0.00500246
2.30145e-07
0.00500245
1.95139e-07
0.00500244
1.65613e-07
0.00500243
1.40679e-07
0.00500242
1.19597e-07
0.00500241
1.01751e-07
0.0050024
8.6627e-08
0.0050024
7.37953e-08
0.00500239
6.2898e-08
0.00500239
5.36352e-08
0.00500238
4.57556e-08
0.00500238
3.90477e-08
0.00500238
3.33337e-08
0.00500237
2.84638e-08
0.00500237
2.43112e-08
0.00500237
2.07687e-08
0.00500237
1.77456e-08
0.00500237
1.51649e-08
0.00500236
1.29613e-08
0.00500236
1.10791e-08
0.00500236
9.47126e-09
0.00500236
8.09745e-09
0.00500236
6.92343e-09
0.00500236
5.92001e-09
0.00500236
5.0623e-09
0.00500236
4.32906e-09
0.00500236
3.70219e-09
0.00500236
3.1662e-09
0.00500236
2.7079e-09
0.00500236
2.316e-09
0.00500236
1.98086e-09
0.00500236
1.69425e-09
0.00500236
1.44914e-09
0.00500236
1.2395e-09
0.00500236
1.06021e-09
0.00500236
9.06855e-10
0.00500236
7.75693e-10
0.00500236
6.63509e-10
0.00500236
5.67553e-10
0.00500236
4.85478e-10
0.00500236
4.15273e-10
0.00500236
3.55222e-10
0.00500236
3.03855e-10
0.00500236
2.59917e-10
0.00500236
2.22334e-10
0.00500236
1.90186e-10
0.00500236
1.62687e-10
0.00500236
1.39164e-10
0.00500236
1.19042e-10
0.00500236
1.0183e-10
0.00500236
8.71075e-11
0.00500236
7.4514e-11
0.00500236
6.37412e-11
0.00500236
5.45256e-11
0.00500236
4.6642e-11
0.00500236
3.98981e-11
0.00500236
3.41295e-11
0.00500236
2.91953e-11
0.00500236
2.49747e-11
0.00500236
2.13642e-11
0.00500236
1.82755e-11
0.00500236
1.56333e-11
0.00500236
1.33732e-11
0.00500236
1.144e-11
0.00500236
9.78643e-12
0.00500236
8.37188e-12
0.00500236
7.16148e-12
0.00500236
6.12573e-12
0.00500236
5.23958e-12
0.00500236
4.48173e-12
0.00500236
3.83386e-12
0.00500236
3.28013e-12
0.00500236
2.80671e-12
0.00500236
2.40166e-12
0.00500236
2.05468e-12
0.00500236
1.75727e-12
0.00500236
1.50251e-12
0.00500236
1.28453e-12
0.00500236
1.09843e-12
0.00500236
9.39747e-13
0.00500236
8.04322e-13
0.00500236
6.88534e-13
0.00500236
5.89154e-13
0.00500236
5.03672e-13
0.00500236
4.30019e-13
0.00500236
3.66872e-13
0.00500236
3.13011e-13
0.00500236
2.67303e-13
0.00500236
2.28683e-13
0.00500236
1.95989e-13
0.00500236
1.68089e-13
0.00500236
1.44063e-13
0.00500236
1.23183e-13
0.00500236
1.05031e-13
0.00500236
8.93264e-14
0.00500236
7.58687e-14
0.00500236
6.45707e-14
0.00500236
5.51541e-14
0.00500236
4.73635e-14
0.00500236
4.09325e-14
0.00500236
3.55606e-14
0.00500236
3.10787e-14
0.00500236
2.7269e-14
0.00500236
2.40602e-14
0.00500236
2.13705e-14
0.00500236
1.91387e-14
0.00500236
1.7324e-14
0.00500236
1.58158e-14
0.00500236
1.45147e-14
0.00500236
1.34334e-14
0.00500236
1.2464e-14
0.00500236
1.15392e-14
0.00500236
1.06203e-14
0.00500236
9.70954e-15
0.00500236
8.85703e-15
0.00500236
8.0698e-15
0.00500236
7.4054e-15
0.00500236
6.85599e-15
0.00500236
6.32546e-15
0.00500236
5.8516e-15
0.00500236
5.38835e-15
0.00500236
4.95906e-15
0.00500236
4.44415e-15
0.00500236
3.83527e-15
0.00500236
3.06875e-15
0.00500236
2.15116e-15
0.00500236
1.2321e-15
0.00500236
2.75578e-16
0.00500236
-6.11441e-16
0.00500236
-1.44839e-15
0.00500236
-2.14668e-15
0.00500236
-2.56321e-15
0.00500236
-2.73055e-15
0.00500236
-2.63589e-15
0.00500236
-2.2432e-15
0.00500236
-1.65031e-15
0.00500236
-9.19613e-16
0.00500236
-7.76034e-17
0.00500236
8.38216e-16
0.00500236
1.7192e-15
0.00500236
2.54809e-15
0.00500236
3.25254e-15
0.00500236
3.73441e-15
0.00500236
4.19417e-15
0.00500236
4.42976e-15
0.00500236
4.451e-15
0.00500236
4.40469e-15
0.00500236
4.11045e-15
0.00500236
3.62059e-15
0.00500236
3.14419e-15
0.00500236
2.5839e-15
0.00500236
1.8908e-15
0.00500236
9.73512e-16
0.00500236
3.5897e-16
0.00500236
-2.52875e-16
0.00500236
-9.82869e-16
0.00500236
-1.49607e-15
0.00500236
-2.00413e-15
0.00500236
-2.11525e-15
0.00500236
-2.3912e-15
0.00500236
-2.53994e-15
0.00500236
-2.24231e-15
0.00500236
-2.33815e-15
0.00500236
-1.83221e-15
0.00500236
-1.77422e-15
0.00500236
-1.5488e-15
0.00500236
-1.27786e-15
0.00500236
-9.92507e-16
0.00500236
-7.80739e-16
0.00500236
-6.38592e-16
0.00500236
-5.55113e-16
-3.40681e-16
0.00500002
1.0409e-07
0.00500008
3.17087e-07
0.00500018
5.15997e-07
0.0050003
6.9096e-07
0.00500044
8.57443e-07
0.0050006
1.01833e-06
0.00500076
1.14855e-06
0.00500092
1.21886e-06
0.00500106
1.25382e-06
0.00500121
1.30868e-06
0.00500137
1.40012e-06
0.00500153
1.50245e-06
0.0050017
1.58302e-06
0.00500187
1.6196e-06
0.00500202
1.6008e-06
0.00500216
1.52748e-06
0.00500226
1.41246e-06
0.00500234
1.27377e-06
0.0050024
1.12743e-06
0.00500244
9.84519e-07
0.00500246
8.51586e-07
0.00500247
7.31866e-07
0.00500247
6.26334e-07
0.00500247
5.34595e-07
0.00500246
4.5556e-07
0.00500246
3.87865e-07
0.00500245
3.30096e-07
0.00500244
2.80911e-07
0.00500243
2.39087e-07
0.00500242
2.03544e-07
0.00500241
1.73343e-07
0.00500241
1.4768e-07
0.0050024
1.25864e-07
0.00500239
1.07312e-07
0.00500239
9.15275e-08
0.00500238
7.80909e-08
0.00500238
6.66473e-08
0.00500238
5.68965e-08
0.00500237
4.85845e-08
0.00500237
4.14961e-08
0.00500237
3.54488e-08
0.00500237
3.02881e-08
0.00500237
2.58827e-08
0.00500237
2.2121e-08
0.00500236
1.89082e-08
0.00500236
1.61637e-08
0.00500236
1.38188e-08
0.00500236
1.1815e-08
0.00500236
1.01024e-08
0.00500236
8.63859e-09
0.00500236
7.38724e-09
0.00500236
6.31743e-09
0.00500236
5.40275e-09
0.00500236
4.62065e-09
0.00500236
3.95188e-09
0.00500236
3.37999e-09
0.00500236
2.89092e-09
0.00500236
2.47266e-09
0.00500236
2.11495e-09
0.00500236
1.80901e-09
0.00500236
1.54734e-09
0.00500236
1.32354e-09
0.00500236
1.13212e-09
0.00500236
9.68387e-10
0.00500236
8.28342e-10
0.00500236
7.08554e-10
0.00500236
6.06093e-10
0.00500236
5.1845e-10
0.00500236
4.43481e-10
0.00500236
3.79353e-10
0.00500236
3.24499e-10
0.00500236
2.77579e-10
0.00500236
2.37444e-10
0.00500236
2.03112e-10
0.00500236
1.73744e-10
0.00500236
1.48623e-10
0.00500236
1.27134e-10
0.00500236
1.08752e-10
0.00500236
9.30293e-11
0.00500236
7.95799e-11
0.00500236
6.80748e-11
0.00500236
5.82326e-11
0.00500236
4.9813e-11
0.00500236
4.26108e-11
0.00500236
3.645e-11
0.00500236
3.11804e-11
0.00500236
2.66728e-11
0.00500236
2.28169e-11
0.00500236
1.95184e-11
0.00500236
1.66967e-11
0.00500236
1.4283e-11
0.00500236
1.22183e-11
0.00500236
1.0452e-11
0.00500236
8.94083e-12
0.00500236
7.64787e-12
0.00500236
6.54165e-12
0.00500236
5.59535e-12
0.00500236
4.78615e-12
0.00500236
4.09451e-12
0.00500236
3.50326e-12
0.00500236
2.99763e-12
0.00500236
2.56479e-12
0.00500236
2.194e-12
0.00500236
1.87634e-12
0.00500236
1.60437e-12
0.00500236
1.37185e-12
0.00500236
1.17335e-12
0.00500236
1.00395e-12
0.00500236
8.59289e-13
0.00500236
7.35391e-13
0.00500236
6.28993e-13
0.00500236
5.37537e-13
0.00500236
4.58928e-13
0.00500236
3.9171e-13
0.00500236
3.34453e-13
0.00500236
2.8595e-13
0.00500236
2.44811e-13
0.00500236
2.0984e-13
0.00500236
1.79858e-13
0.00500236
1.53898e-13
0.00500236
1.31342e-13
0.00500236
1.11821e-13
0.00500236
9.50349e-14
0.00500236
8.0783e-14
0.00500236
6.88712e-14
0.00500236
5.89328e-14
0.00500236
5.07389e-14
0.00500236
4.38104e-14
0.00500236
3.80502e-14
0.00500236
3.3172e-14
0.00500236
2.9006e-14
0.00500236
2.55282e-14
0.00500236
2.26141e-14
0.00500236
2.02905e-14
0.00500236
1.84082e-14
0.00500236
1.6877e-14
0.00500236
1.56203e-14
0.00500236
1.45209e-14
0.00500236
1.35184e-14
0.00500236
1.24955e-14
0.00500236
1.1476e-14
0.00500236
1.05111e-14
0.00500236
9.58983e-15
0.00500236
8.76694e-15
0.00500236
8.03485e-15
0.00500236
7.38642e-15
0.00500236
6.86746e-15
0.00500236
6.33643e-15
0.00500236
5.87908e-15
0.00500236
5.39135e-15
0.00500236
4.80046e-15
0.00500236
4.11946e-15
0.00500236
3.2159e-15
0.00500236
2.29936e-15
0.00500236
1.24106e-15
0.00500236
2.4731e-16
0.00500236
-7.15728e-16
0.00500236
-1.64123e-15
0.00500236
-2.32124e-15
0.00500236
-2.76408e-15
0.00500236
-2.87527e-15
0.00500236
-2.74261e-15
0.00500236
-2.33068e-15
0.00500236
-1.70959e-15
0.00500236
-9.5079e-16
0.00500236
-2.83617e-17
0.00500236
9.34481e-16
0.00500236
1.84974e-15
0.00500236
2.69149e-15
0.00500236
3.38629e-15
0.00500236
3.91726e-15
0.00500236
4.40186e-15
0.00500236
4.67908e-15
0.00500236
4.61699e-15
0.00500236
4.50926e-15
0.00500236
4.29496e-15
0.00500236
3.75657e-15
0.00500236
3.1847e-15
0.00500236
2.55117e-15
0.00500236
1.81524e-15
0.00500236
9.97331e-16
0.00500236
1.80332e-16
0.00500236
-4.37042e-16
0.00500236
-1.13772e-15
0.00500236
-1.72458e-15
0.00500236
-2.2485e-15
0.00500236
-2.41068e-15
0.00500236
-2.5337e-15
0.00500236
-2.74653e-15
0.00500236
-2.53658e-15
0.00500236
-2.57738e-15
0.00500236
-2.04916e-15
0.00500236
-1.94564e-15
0.00500236
-1.68181e-15
0.00500236
-1.40653e-15
0.00500236
-1.15431e-15
0.00500236
-9.67153e-16
0.00500236
-7.24486e-16
0.00500236
-6.59658e-16
-4.4568e-16
0.00500002
8.81379e-08
0.00500006
2.69306e-07
0.00500014
4.39106e-07
0.00500024
5.90453e-07
0.00500036
7.36487e-07
0.0050005
8.81151e-07
0.00500065
1.00183e-06
0.00500079
1.07641e-06
0.00500092
1.11917e-06
0.00500106
1.17123e-06
0.00500121
1.25222e-06
0.00500137
1.34567e-06
0.00500153
1.42225e-06
0.00500169
1.46019e-06
0.00500184
1.44978e-06
0.00500197
1.39231e-06
0.00500209
1.29809e-06
0.00500218
1.18162e-06
0.00500225
1.05628e-06
0.0050023
9.31776e-07
0.00500234
8.14074e-07
0.00500237
7.06368e-07
0.00500238
6.09943e-07
0.00500239
5.24881e-07
0.0050024
4.50591e-07
0.0050024
3.86161e-07
0.0050024
3.30554e-07
0.0050024
2.8273e-07
0.00500239
2.41698e-07
0.00500239
2.06556e-07
0.00500239
1.76491e-07
0.00500238
1.5079e-07
0.00500238
1.28831e-07
0.00500238
1.10073e-07
0.00500238
9.40524e-08
0.00500237
8.03699e-08
0.00500237
6.8684e-08
0.00500237
5.87024e-08
0.00500237
5.01759e-08
0.00500237
4.28914e-08
0.00500237
3.66674e-08
0.00500236
3.13488e-08
0.00500236
2.68034e-08
0.00500236
2.29184e-08
0.00500236
1.95976e-08
0.00500236
1.67587e-08
0.00500236
1.43316e-08
0.00500236
1.22565e-08
0.00500236
1.04822e-08
0.00500236
8.96501e-09
0.00500236
7.6676e-09
0.00500236
6.55808e-09
0.00500236
5.60922e-09
0.00500236
4.79773e-09
0.00500236
4.10369e-09
0.00500236
3.51009e-09
0.00500236
3.00239e-09
0.00500236
2.56815e-09
0.00500236
2.19673e-09
0.00500236
1.87904e-09
0.00500236
1.6073e-09
0.00500236
1.37487e-09
0.00500236
1.17605e-09
0.00500236
1.00599e-09
0.00500236
8.60525e-10
0.00500236
7.36096e-10
0.00500236
6.29661e-10
0.00500236
5.38616e-10
0.00500236
4.60735e-10
0.00500236
3.94116e-10
0.00500236
3.37131e-10
0.00500236
2.88386e-10
0.00500236
2.4669e-10
0.00500236
2.11023e-10
0.00500236
1.80512e-10
0.00500236
1.54412e-10
0.00500236
1.32086e-10
0.00500236
1.1299e-10
0.00500236
9.66543e-11
0.00500236
8.26809e-11
0.00500236
7.07274e-11
0.00500236
6.05016e-11
0.00500236
5.1754e-11
0.00500236
4.42712e-11
0.00500236
3.78706e-11
0.00500236
3.23957e-11
0.00500236
2.77126e-11
0.00500236
2.37066e-11
0.00500236
2.02796e-11
0.00500236
1.73478e-11
0.00500236
1.48399e-11
0.00500236
1.26946e-11
0.00500236
1.08592e-11
0.00500236
9.28901e-12
0.00500236
7.94549e-12
0.00500236
6.79616e-12
0.00500236
5.81319e-12
0.00500236
4.97272e-12
0.00500236
4.25425e-12
0.00500236
3.63986e-12
0.00500236
3.11431e-12
0.00500236
2.6644e-12
0.00500236
2.279e-12
0.00500236
1.949e-12
0.00500236
1.66661e-12
0.00500236
1.42532e-12
0.00500236
1.21937e-12
0.00500236
1.04344e-12
0.00500236
8.92993e-13
0.00500236
7.63993e-13
0.00500236
6.53254e-13
0.00500236
5.5813e-13
0.00500236
4.76552e-13
0.00500236
4.07002e-13
0.00500236
3.47812e-13
0.00500236
2.9764e-13
0.00500236
2.54989e-13
0.00500236
2.18517e-13
0.00500236
1.8705e-13
0.00500236
1.59792e-13
0.00500236
1.36153e-13
0.00500236
1.15792e-13
0.00500236
9.84006e-14
0.00500236
8.37494e-14
0.00500236
7.15484e-14
0.00500236
6.13194e-14
0.00500236
5.28724e-14
0.00500236
4.56526e-14
0.00500236
3.95387e-14
0.00500236
3.43529e-14
0.00500236
2.99311e-14
0.00500236
2.62956e-14
0.00500236
2.32968e-14
0.00500236
2.09169e-14
0.00500236
1.90365e-14
0.00500236
1.75694e-14
0.00500236
1.63582e-14
0.00500236
1.52485e-14
0.00500236
1.42149e-14
0.00500236
1.31342e-14
0.00500236
1.20633e-14
0.00500236
1.10467e-14
0.00500236
1.01034e-14
0.00500236
9.23351e-15
0.00500236
8.44972e-15
0.00500236
7.77447e-15
0.00500236
7.22772e-15
0.00500236
6.67104e-15
0.00500236
6.20434e-15
0.00500236
5.64687e-15
0.00500236
4.99318e-15
0.00500236
4.27874e-15
0.00500236
3.2788e-15
0.00500236
2.36488e-15
0.00500236
1.2783e-15
0.00500236
2.09133e-16
0.00500236
-7.87239e-16
0.00500236
-1.75706e-15
0.00500236
-2.41662e-15
0.00500236
-2.82806e-15
0.00500236
-2.955e-15
0.00500236
-2.77152e-15
0.00500236
-2.3449e-15
0.00500236
-1.70859e-15
0.00500236
-9.05106e-16
0.00500236
3.9796e-17
0.00500236
1.02116e-15
0.00500236
1.91702e-15
0.00500236
2.78297e-15
0.00500236
3.4999e-15
0.00500236
4.05878e-15
0.00500236
4.50139e-15
0.00500236
4.7186e-15
0.00500236
4.69289e-15
0.00500236
4.51171e-15
0.00500236
4.29427e-15
0.00500236
3.80411e-15
0.00500236
3.11942e-15
0.00500236
2.43791e-15
0.00500236
1.70926e-15
0.00500236
9.89837e-16
0.00500236
2.29668e-17
0.00500236
-6.75509e-16
0.00500236
-1.28118e-15
0.00500236
-1.87113e-15
0.00500236
-2.32856e-15
0.00500236
-2.70242e-15
0.00500236
-2.70448e-15
0.00500236
-2.82414e-15
0.00500236
-2.66416e-15
0.00500236
-2.68648e-15
0.00500236
-2.26548e-15
0.00500236
-2.11208e-15
0.00500236
-1.82026e-15
0.00500236
-1.58029e-15
0.00500236
-1.24994e-15
0.00500236
-1.14551e-15
0.00500236
-8.48776e-16
0.00500236
-7.36167e-16
-5.10507e-16
0.00500001
7.49908e-08
0.00500005
2.29704e-07
0.00500012
3.75062e-07
0.0050002
5.05538e-07
0.00500031
6.33118e-07
0.00500042
7.61887e-07
0.00500055
8.71529e-07
0.00500069
9.44782e-07
0.00500081
9.91169e-07
0.00500094
1.04123e-06
0.00500108
1.11345e-06
0.00500123
1.19765e-06
0.00500138
1.26897e-06
0.00500154
1.30699e-06
0.00500168
1.30276e-06
0.00500182
1.25765e-06
0.00500194
1.18029e-06
0.00500204
1.08256e-06
0.00500212
9.75619e-07
0.00500218
8.67838e-07
0.00500223
7.64557e-07
0.00500227
6.68781e-07
0.0050023
5.81911e-07
0.00500232
5.04312e-07
0.00500233
4.3574e-07
0.00500234
3.75615e-07
0.00500235
3.23206e-07
0.00500235
2.77723e-07
0.00500236
2.38386e-07
0.00500236
2.04452e-07
0.00500236
1.75238e-07
0.00500236
1.50126e-07
0.00500236
1.28565e-07
0.00500236
1.1007e-07
0.00500236
9.42154e-08
0.00500236
8.06318e-08
0.00500236
6.89983e-08
0.00500236
5.90379e-08
0.00500236
5.0512e-08
0.00500236
4.32151e-08
0.00500236
3.69709e-08
0.00500236
3.1628e-08
0.00500236
2.70567e-08
0.00500236
2.31457e-08
0.00500236
1.97998e-08
0.00500236
1.69375e-08
0.00500236
1.44888e-08
0.00500236
1.23941e-08
0.00500236
1.06022e-08
0.00500236
9.06936e-09
0.00500236
7.75811e-09
0.00500236
6.63643e-09
0.00500236
5.67692e-09
0.00500236
4.85613e-09
0.00500236
4.15402e-09
0.00500236
3.55342e-09
0.00500236
3.03965e-09
0.00500236
2.60017e-09
0.00500236
2.22423e-09
0.00500236
1.90264e-09
0.00500236
1.62755e-09
0.00500236
1.39223e-09
0.00500236
1.19094e-09
0.00500236
1.01875e-09
0.00500236
8.71456e-10
0.00500236
7.45459e-10
0.00500236
6.37678e-10
0.00500236
5.4548e-10
0.00500236
4.66612e-10
0.00500236
3.99148e-10
0.00500236
3.41439e-10
0.00500236
2.92074e-10
0.00500236
2.49846e-10
0.00500236
2.13723e-10
0.00500236
1.82822e-10
0.00500236
1.56389e-10
0.00500236
1.33778e-10
0.00500236
1.14437e-10
0.00500236
9.78928e-11
0.00500236
8.37404e-11
0.00500236
7.16336e-11
0.00500236
6.12767e-11
0.00500236
5.24171e-11
0.00500236
4.48387e-11
0.00500236
3.83563e-11
0.00500236
3.28115e-11
0.00500236
2.80684e-11
0.00500236
2.4011e-11
0.00500236
2.05399e-11
0.00500236
1.75705e-11
0.00500236
1.50303e-11
0.00500236
1.28573e-11
0.00500236
1.09983e-11
0.00500236
9.40783e-12
0.00500236
8.04716e-12
0.00500236
6.88325e-12
0.00500236
5.88782e-12
0.00500236
5.03667e-12
0.00500236
4.30893e-12
0.00500236
3.68652e-12
0.00500236
3.15394e-12
0.00500236
2.69801e-12
0.00500236
2.30759e-12
0.00500236
1.97346e-12
0.00500236
1.68777e-12
0.00500236
1.44369e-12
0.00500236
1.23526e-12
0.00500236
1.05709e-12
0.00500236
9.04569e-13
0.00500236
7.73716e-13
0.00500236
6.61369e-13
0.00500236
5.64971e-13
0.00500236
4.8259e-13
0.00500236
4.12396e-13
0.00500236
3.52754e-13
0.00500236
3.0208e-13
0.00500236
2.58869e-13
0.00500236
2.21672e-13
0.00500236
1.89524e-13
0.00500236
1.61619e-13
0.00500236
1.37553e-13
0.00500236
1.16884e-13
0.00500236
9.93994e-14
0.00500236
8.4766e-14
0.00500236
7.25073e-14
0.00500236
6.2279e-14
0.00500236
5.36361e-14
0.00500236
4.62818e-14
0.00500236
3.99872e-14
0.00500236
3.46287e-14
0.00500236
3.00647e-14
0.00500236
2.6345e-14
0.00500236
2.33803e-14
0.00500236
2.10353e-14
0.00500236
1.92472e-14
0.00500236
1.7867e-14
0.00500236
1.66771e-14
0.00500236
1.56009e-14
0.00500236
1.45311e-14
0.00500236
1.34547e-14
0.00500236
1.23672e-14
0.00500236
1.13043e-14
0.00500236
1.03462e-14
0.00500236
9.45703e-15
0.00500236
8.64708e-15
0.00500236
7.97736e-15
0.00500236
7.38341e-15
0.00500236
6.86034e-15
0.00500236
6.35792e-15
0.00500236
5.75394e-15
0.00500236
5.07306e-15
0.00500236
4.27281e-15
0.00500236
3.35752e-15
0.00500236
2.33948e-15
0.00500236
1.29183e-15
0.00500236
1.74413e-16
0.00500236
-8.653e-16
0.00500236
-1.72602e-15
0.00500236
-2.41952e-15
0.00500236
-2.77809e-15
0.00500236
-2.9244e-15
0.00500236
-2.7622e-15
0.00500236
-2.28744e-15
0.00500236
-1.65291e-15
0.00500236
-8.25608e-16
0.00500236
1.12083e-16
0.00500236
1.03987e-15
0.00500236
1.97809e-15
0.00500236
2.80939e-15
0.00500236
3.53121e-15
0.00500236
4.07592e-15
0.00500236
4.38882e-15
0.00500236
4.64301e-15
0.00500236
4.66071e-15
0.00500236
4.43032e-15
0.00500236
4.13903e-15
0.00500236
3.66339e-15
0.00500236
3.05811e-15
0.00500236
2.2895e-15
0.00500236
1.52716e-15
0.00500236
8.25292e-16
0.00500236
-3.73159e-17
0.00500236
-8.61807e-16
0.00500236
-1.46359e-15
0.00500236
-1.94595e-15
0.00500236
-2.48923e-15
0.00500236
-2.67045e-15
0.00500236
-2.887e-15
0.00500236
-2.97964e-15
0.00500236
-2.67707e-15
0.00500236
-2.83255e-15
0.00500236
-2.31157e-15
0.00500236
-2.2076e-15
0.00500236
-1.90713e-15
0.00500236
-1.64994e-15
0.00500236
-1.39733e-15
0.00500236
-1.24822e-15
0.00500236
-9.87635e-16
0.00500236
-8.47382e-16
-5.81806e-16
0.00500001
6.38544e-08
0.00500004
1.95895e-07
0.0050001
3.20233e-07
0.00500017
4.32501e-07
0.00500026
5.43586e-07
0.00500037
6.56474e-07
0.00500048
7.54584e-07
0.00500061
8.23229e-07
0.00500073
8.69818e-07
0.00500085
9.17737e-07
0.00500098
9.82569e-07
0.00500112
1.05773e-06
0.00500127
1.12285e-06
0.00500142
1.15961e-06
0.00500156
1.1597e-06
0.00500169
1.12431e-06
0.00500181
1.06079e-06
0.00500191
9.78982e-07
0.005002
8.88204e-07
0.00500207
7.95584e-07
0.00500213
7.05808e-07
0.00500218
6.21616e-07
0.00500222
5.44404e-07
0.00500225
4.74691e-07
0.00500227
4.12459e-07
0.00500229
3.57375e-07
0.0050023
3.08938e-07
0.00500231
2.66567e-07
0.00500232
2.29655e-07
0.00500233
1.97608e-07
0.00500234
1.6986e-07
0.00500234
1.45886e-07
0.00500234
1.2521e-07
0.00500235
1.07404e-07
0.00500235
9.20879e-08
0.00500235
7.89259e-08
0.00500235
6.76239e-08
0.00500235
5.79253e-08
0.00500235
4.9607e-08
0.00500235
4.24757e-08
0.00500235
3.63641e-08
0.00500235
3.11279e-08
0.00500236
2.6643e-08
0.00500236
2.28022e-08
0.00500236
1.95137e-08
0.00500236
1.66984e-08
0.00500236
1.42885e-08
0.00500236
1.22258e-08
0.00500236
1.04605e-08
0.00500236
8.94984e-09
0.00500236
7.6571e-09
0.00500236
6.55094e-09
0.00500236
5.60447e-09
0.00500236
4.79466e-09
0.00500236
4.1018e-09
0.00500236
3.50901e-09
0.00500236
3.00187e-09
0.00500236
2.568e-09
0.00500236
2.19681e-09
0.00500236
1.87927e-09
0.00500236
1.60762e-09
0.00500236
1.37523e-09
0.00500236
1.17642e-09
0.00500236
1.00636e-09
0.00500236
8.60872e-10
0.00500236
7.36417e-10
0.00500236
6.29953e-10
0.00500236
5.38878e-10
0.00500236
4.6097e-10
0.00500236
3.94326e-10
0.00500236
3.37317e-10
0.00500236
2.88551e-10
0.00500236
2.46834e-10
0.00500236
2.11147e-10
0.00500236
1.80619e-10
0.00500236
1.54505e-10
0.00500236
1.32167e-10
0.00500236
1.1306e-10
0.00500236
9.67145e-11
0.00500236
8.27323e-11
0.00500236
7.07712e-11
0.00500236
6.0539e-11
0.00500236
5.17862e-11
0.00500236
4.42993e-11
0.00500236
3.78952e-11
0.00500236
3.24173e-11
0.00500236
2.77312e-11
0.00500236
2.37225e-11
0.00500236
2.0293e-11
0.00500236
1.73592e-11
0.00500236
1.48494e-11
0.00500236
1.27025e-11
0.00500236
1.08659e-11
0.00500236
9.2946e-12
0.00500236
7.95041e-12
0.00500236
6.80066e-12
0.00500236
5.81732e-12
0.00500236
4.97644e-12
0.00500236
4.25723e-12
0.00500236
3.642e-12
0.00500236
3.11552e-12
0.00500236
2.66486e-12
0.00500236
2.27917e-12
0.00500236
1.94928e-12
0.00500236
1.6673e-12
0.00500236
1.4265e-12
0.00500236
1.22071e-12
0.00500236
1.04465e-12
0.00500236
8.93746e-13
0.00500236
7.64229e-13
0.00500236
6.53152e-13
0.00500236
5.57974e-13
0.00500236
4.76823e-13
0.00500236
4.07738e-13
0.00500236
3.4906e-13
0.00500236
2.99044e-13
0.00500236
2.56216e-13
0.00500236
2.19223e-13
0.00500236
1.87175e-13
0.00500236
1.59369e-13
0.00500236
1.35516e-13
0.00500236
1.15158e-13
0.00500236
9.80311e-14
0.00500236
8.37558e-14
0.00500236
7.17224e-14
0.00500236
6.16722e-14
0.00500236
5.31153e-14
0.00500236
4.57447e-14
0.00500236
3.94052e-14
0.00500236
3.39775e-14
0.00500236
2.94577e-14
0.00500236
2.57689e-14
0.00500236
2.28798e-14
0.00500236
2.07133e-14
0.00500236
1.90358e-14
0.00500236
1.77518e-14
0.00500236
1.66079e-14
0.00500236
1.55372e-14
0.00500236
1.44892e-14
0.00500236
1.33953e-14
0.00500236
1.23304e-14
0.00500236
1.129e-14
0.00500236
1.0318e-14
0.00500236
9.46239e-15
0.00500236
8.66082e-15
0.00500236
8.00116e-15
0.00500236
7.38911e-15
0.00500236
6.8711e-15
0.00500236
6.35288e-15
0.00500236
5.68539e-15
0.00500236
5.03808e-15
0.00500236
4.17249e-15
0.00500236
3.31908e-15
0.00500236
2.30073e-15
0.00500236
1.23004e-15
0.00500236
1.54983e-16
0.00500236
-8.76751e-16
0.00500236
-1.64397e-15
0.00500236
-2.29153e-15
0.00500236
-2.66287e-15
0.00500236
-2.80747e-15
0.00500236
-2.6326e-15
0.00500236
-2.14448e-15
0.00500236
-1.55196e-15
0.00500236
-7.76745e-16
0.00500236
1.30135e-16
0.00500236
1.00464e-15
0.00500236
1.9669e-15
0.00500236
2.72936e-15
0.00500236
3.38878e-15
0.00500236
3.94162e-15
0.00500236
4.13163e-15
0.00500236
4.40944e-15
0.00500236
4.44011e-15
0.00500236
4.16765e-15
0.00500236
3.86308e-15
0.00500236
3.33157e-15
0.00500236
2.87896e-15
0.00500236
2.06102e-15
0.00500236
1.28762e-15
0.00500236
5.85759e-16
0.00500236
-1.6672e-16
0.00500236
-9.54831e-16
0.00500236
-1.64879e-15
0.00500236
-1.98642e-15
0.00500236
-2.50804e-15
0.00500236
-2.73894e-15
0.00500236
-2.9163e-15
0.00500236
-2.98688e-15
0.00500236
-2.71058e-15
0.00500236
-2.91432e-15
0.00500236
-2.42281e-15
0.00500236
-2.23299e-15
0.00500236
-1.99675e-15
0.00500236
-1.72507e-15
0.00500236
-1.4425e-15
0.00500236
-1.34307e-15
0.00500236
-1.09747e-15
0.00500236
-9.56566e-16
-6.71813e-16
0.00500001
5.41905e-08
0.00500004
1.66393e-07
0.00500009
2.72333e-07
0.00500015
3.68415e-07
0.00500023
4.64255e-07
0.00500032
5.62033e-07
0.00500043
6.4848e-07
0.00500054
7.10903e-07
0.00500066
7.5534e-07
0.00500078
8.00251e-07
0.0050009
8.58228e-07
0.00500103
9.24652e-07
0.00500117
9.83003e-07
0.00500131
1.01745e-06
0.00500145
1.02042e-06
0.00500159
9.92787e-07
0.00500171
9.40783e-07
0.00500181
8.72633e-07
0.0050019
7.96105e-07
0.00500198
7.17211e-07
0.00500205
6.39995e-07
0.0050021
5.66895e-07
0.00500215
4.99228e-07
0.00500219
4.37577e-07
0.00500222
3.82062e-07
0.00500224
3.3252e-07
0.00500226
2.88625e-07
0.00500228
2.49957e-07
0.00500229
2.16058e-07
0.0050023
1.86457e-07
0.00500231
1.60693e-07
0.00500232
1.38332e-07
0.00500233
1.18968e-07
0.00500233
1.02232e-07
0.00500233
8.77905e-08
0.00500234
7.53453e-08
0.00500234
6.46328e-08
0.00500234
5.54205e-08
0.00500235
4.75046e-08
0.00500235
4.07072e-08
0.00500235
3.48736e-08
0.00500235
2.98696e-08
0.00500235
2.55789e-08
0.00500235
2.19011e-08
0.00500235
1.87497e-08
0.00500235
1.60498e-08
0.00500235
1.37374e-08
0.00500235
1.17572e-08
0.00500236
1.00617e-08
0.00500236
8.61016e-09
0.00500236
7.36765e-09
0.00500236
6.30416e-09
0.00500236
5.39397e-09
0.00500236
4.61504e-09
0.00500236
3.94848e-09
0.00500236
3.37811e-09
0.00500236
2.89007e-09
0.00500236
2.47249e-09
0.00500236
2.11522e-09
0.00500236
1.80954e-09
0.00500236
1.54802e-09
0.00500236
1.32429e-09
0.00500236
1.13288e-09
0.00500236
9.69128e-10
0.00500236
8.29042e-10
0.00500236
7.09201e-10
0.00500236
6.06679e-10
0.00500236
5.18976e-10
0.00500236
4.43951e-10
0.00500236
3.79771e-10
0.00500236
3.2487e-10
0.00500236
2.77904e-10
0.00500236
2.37727e-10
0.00500236
2.03358e-10
0.00500236
1.73957e-10
0.00500236
1.48807e-10
0.00500236
1.27294e-10
0.00500236
1.08891e-10
0.00500236
9.31485e-11
0.00500236
7.96817e-11
0.00500236
6.81615e-11
0.00500236
5.83068e-11
0.00500236
4.98771e-11
0.00500236
4.26665e-11
0.00500236
3.64988e-11
0.00500236
3.12228e-11
0.00500236
2.67093e-11
0.00500236
2.28481e-11
0.00500236
1.95449e-11
0.00500236
1.67191e-11
0.00500236
1.43019e-11
0.00500236
1.22341e-11
0.00500236
1.04653e-11
0.00500236
8.95215e-12
0.00500236
7.65769e-12
0.00500236
6.55041e-12
0.00500236
5.60329e-12
0.00500236
4.79329e-12
0.00500236
4.10036e-12
0.00500236
3.50746e-12
0.00500236
3.00011e-12
0.00500236
2.56589e-12
0.00500236
2.1945e-12
0.00500236
1.87704e-12
0.00500236
1.60582e-12
0.00500236
1.3741e-12
0.00500236
1.17597e-12
0.00500236
1.0063e-12
0.00500236
8.6079e-13
0.00500236
7.35885e-13
0.00500236
6.28847e-13
0.00500236
5.37323e-13
0.00500236
4.59381e-13
0.00500236
3.93089e-13
0.00500236
3.36725e-13
0.00500236
2.88545e-13
0.00500236
2.47069e-13
0.00500236
2.11183e-13
0.00500236
1.80042e-13
0.00500236
1.53157e-13
0.00500236
1.30143e-13
0.00500236
1.10688e-13
0.00500236
9.43093e-14
0.00500236
8.06888e-14
0.00500236
6.92469e-14
0.00500236
5.95463e-14
0.00500236
5.12224e-14
0.00500236
4.3988e-14
0.00500236
3.77903e-14
0.00500236
3.24624e-14
0.00500236
2.81002e-14
0.00500236
2.4585e-14
0.00500236
2.18941e-14
0.00500236
1.99047e-14
0.00500236
1.83625e-14
0.00500236
1.71834e-14
0.00500236
1.61131e-14
0.00500236
1.50531e-14
0.00500236
1.40507e-14
0.00500236
1.29864e-14
0.00500236
1.19641e-14
0.00500236
1.09695e-14
0.00500236
1.00449e-14
0.00500236
9.22759e-15
0.00500236
8.45784e-15
0.00500236
7.8255e-15
0.00500236
7.19493e-15
0.00500236
6.68355e-15
0.00500236
6.15882e-15
0.00500236
5.48333e-15
0.00500236
4.85802e-15
0.00500236
4.038e-15
0.00500236
3.18118e-15
0.00500236
2.23e-15
0.00500236
1.14885e-15
0.00500236
1.81307e-16
0.00500236
-7.43442e-16
0.00500236
-1.53217e-15
0.00500236
-2.09787e-15
0.00500236
-2.47146e-15
0.00500236
-2.57952e-15
0.00500236
-2.40251e-15
0.00500236
-1.96899e-15
0.00500236
-1.40269e-15
0.00500236
-6.52271e-16
0.00500236
2.02234e-16
0.00500236
1.02228e-15
0.00500236
1.89642e-15
0.00500236
2.58512e-15
0.00500236
3.13898e-15
0.00500236
3.709e-15
0.00500236
3.87535e-15
0.00500236
4.01546e-15
0.00500236
4.09741e-15
0.00500236
3.80346e-15
0.00500236
3.53197e-15
0.00500236
2.92564e-15
0.00500236
2.48893e-15
0.00500236
1.79382e-15
0.00500236
1.0574e-15
0.00500236
3.56466e-16
0.00500236
-3.30381e-16
0.00500236
-1.00838e-15
0.00500236
-1.72889e-15
0.00500236
-2.05819e-15
0.00500236
-2.53484e-15
0.00500236
-2.71183e-15
0.00500236
-2.91188e-15
0.00500236
-2.97513e-15
0.00500236
-2.68079e-15
0.00500236
-2.84662e-15
0.00500236
-2.42594e-15
0.00500236
-2.34769e-15
0.00500236
-2.02632e-15
0.00500236
-1.73331e-15
0.00500236
-1.48873e-15
0.00500236
-1.39791e-15
0.00500236
-1.16027e-15
0.00500236
-1.07668e-15
-7.89438e-16
0.00500001
4.56271e-08
0.00500003
1.40154e-07
0.00500008
2.29632e-07
0.00500013
3.11037e-07
0.00500021
3.92703e-07
0.00500029
4.7644e-07
0.00500039
5.51173e-07
0.00500049
6.06535e-07
0.0050006
6.47216e-07
0.00500071
6.8814e-07
0.00500083
7.39362e-07
0.00500096
7.97329e-07
0.00500109
8.48659e-07
0.00500123
8.80003e-07
0.00500137
8.84673e-07
0.0050015
8.63255e-07
0.00500162
8.2096e-07
0.00500173
7.64647e-07
0.00500182
7.00764e-07
0.0050019
6.34335e-07
0.00500197
5.68789e-07
0.00500204
5.06244e-07
0.00500209
4.47894e-07
0.00500213
3.94323e-07
0.00500217
3.45728e-07
0.0050022
3.02058e-07
0.00500222
2.63111e-07
0.00500224
2.28596e-07
0.00500226
1.98169e-07
0.00500228
1.71465e-07
0.00500229
1.48118e-07
0.0050023
1.27771e-07
0.00500231
1.10087e-07
0.00500232
9.47536e-08
0.00500232
8.14842e-08
0.00500233
7.00204e-08
0.00500233
6.01306e-08
0.00500234
5.16092e-08
0.00500234
4.42744e-08
0.00500234
3.79667e-08
0.00500234
3.25463e-08
0.00500235
2.78915e-08
0.00500235
2.38963e-08
0.00500235
2.04688e-08
0.00500235
1.75297e-08
0.00500235
1.50102e-08
0.00500235
1.2851e-08
0.00500235
1.10011e-08
0.00500235
9.41647e-09
0.00500235
8.05941e-09
0.00500235
6.8974e-09
0.00500236
5.90255e-09
0.00500236
5.0509e-09
0.00500236
4.32192e-09
0.00500236
3.698e-09
0.00500236
3.16404e-09
0.00500236
2.70709e-09
0.00500236
2.31608e-09
0.00500236
1.98149e-09
0.00500236
1.69521e-09
0.00500236
1.45026e-09
0.00500236
1.24069e-09
0.00500236
1.06139e-09
0.00500236
9.07996e-10
0.00500236
7.7676e-10
0.00500236
6.64487e-10
0.00500236
5.68437e-10
0.00500236
4.86268e-10
0.00500236
4.15976e-10
0.00500236
3.55844e-10
0.00500236
3.04404e-10
0.00500236
2.60398e-10
0.00500236
2.22753e-10
0.00500236
1.90549e-10
0.00500236
1.63001e-10
0.00500236
1.39436e-10
0.00500236
1.19278e-10
0.00500236
1.02034e-10
0.00500236
8.72831e-11
0.00500236
7.46641e-11
0.00500236
6.38693e-11
0.00500236
5.46353e-11
0.00500236
4.67367e-11
0.00500236
3.99805e-11
0.00500236
3.42012e-11
0.00500236
2.92573e-11
0.00500236
2.50278e-11
0.00500236
2.14094e-11
0.00500236
1.8314e-11
0.00500236
1.56661e-11
0.00500236
1.34012e-11
0.00500236
1.14639e-11
0.00500236
9.80666e-12
0.00500236
8.3889e-12
0.00500236
7.17605e-12
0.00500236
6.13851e-12
0.00500236
5.25098e-12
0.00500236
4.49172e-12
0.00500236
3.84211e-12
0.00500236
3.28623e-12
0.00500236
2.81059e-12
0.00500236
2.40371e-12
0.00500236
2.05582e-12
0.00500236
1.7586e-12
0.00500236
1.50473e-12
0.00500236
1.28781e-12
0.00500236
1.1022e-12
0.00500236
9.43036e-13
0.00500236
8.06498e-13
0.00500236
6.89375e-13
0.00500236
5.89047e-13
0.00500236
5.03483e-13
0.00500236
4.30655e-13
0.00500236
3.68778e-13
0.00500236
3.16008e-13
0.00500236
2.70754e-13
0.00500236
2.31672e-13
0.00500236
1.97754e-13
0.00500236
1.68372e-13
0.00500236
1.43116e-13
0.00500236
1.21619e-13
0.00500236
1.03491e-13
0.00500236
8.83835e-14
0.00500236
7.57244e-14
0.00500236
6.50616e-14
0.00500236
5.59139e-14
0.00500236
4.80083e-14
0.00500236
4.10944e-14
0.00500236
3.51837e-14
0.00500236
3.01598e-14
0.00500236
2.60592e-14
0.00500236
2.28906e-14
0.00500236
2.04407e-14
0.00500236
1.86781e-14
0.00500236
1.73228e-14
0.00500236
1.6193e-14
0.00500236
1.51949e-14
0.00500236
1.41988e-14
0.00500236
1.32157e-14
0.00500236
1.2242e-14
0.00500236
1.12737e-14
0.00500236
1.0355e-14
0.00500236
9.50626e-15
0.00500236
8.73032e-15
0.00500236
8.06218e-15
0.00500236
7.45344e-15
0.00500236
6.85063e-15
0.00500236
6.35436e-15
0.00500236
5.791e-15
0.00500236
5.2019e-15
0.00500236
4.53907e-15
0.00500236
3.80982e-15
0.00500236
2.98333e-15
0.00500236
2.09611e-15
0.00500236
1.1251e-15
0.00500236
2.36272e-16
0.00500236
-5.69698e-16
0.00500236
-1.32339e-15
0.00500236
-1.81994e-15
0.00500236
-2.18228e-15
0.00500236
-2.27349e-15
0.00500236
-2.1107e-15
0.00500236
-1.74601e-15
0.00500236
-1.21826e-15
0.00500236
-5.32715e-16
0.00500236
2.49404e-16
0.00500236
9.67534e-16
0.00500236
1.71781e-15
0.00500236
2.35598e-15
0.00500236
2.80306e-15
0.00500236
3.29691e-15
0.00500236
3.48545e-15
0.00500236
3.48035e-15
0.00500236
3.56022e-15
0.00500236
3.30234e-15
0.00500236
2.99574e-15
0.00500236
2.52108e-15
0.00500236
1.97487e-15
0.00500236
1.4732e-15
0.00500236
7.83997e-16
0.00500236
3.49103e-17
0.00500236
-5.20365e-16
0.00500236
-1.09467e-15
0.00500236
-1.69299e-15
0.00500236
-2.11359e-15
0.00500236
-2.52577e-15
0.00500236
-2.60782e-15
0.00500236
-2.80513e-15
0.00500236
-2.93581e-15
0.00500236
-2.62003e-15
0.00500236
-2.70823e-15
0.00500236
-2.34289e-15
0.00500236
-2.30448e-15
0.00500236
-2.06089e-15
0.00500236
-1.89891e-15
0.00500236
-1.62549e-15
0.00500236
-1.43471e-15
0.00500236
-1.21984e-15
0.00500236
-1.13288e-15
-8.18765e-16
0.00500001
3.78873e-08
0.00500003
1.16398e-07
0.00500007
1.9087e-07
0.00500012
2.58793e-07
0.00500019
3.27229e-07
0.00500027
3.97723e-07
0.00500036
4.60976e-07
0.00500045
5.0876e-07
0.00500056
5.44682e-07
0.00500066
5.80828e-07
0.00500078
6.25186e-07
0.0050009
6.7486e-07
0.00500103
7.1903e-07
0.00500116
7.46687e-07
0.0050013
7.52125e-07
0.00500142
7.35703e-07
0.00500154
7.01699e-07
0.00500165
6.5577e-07
0.00500175
6.03215e-07
0.00500184
5.4817e-07
0.00500191
4.93491e-07
0.00500198
4.40973e-07
0.00500203
3.91658e-07
0.00500208
3.46093e-07
0.00500212
3.04505e-07
0.00500216
2.66911e-07
0.00500219
2.33198e-07
0.00500221
2.03167e-07
0.00500223
1.76567e-07
0.00500225
1.5312e-07
0.00500227
1.32541e-07
0.00500228
1.14541e-07
0.00500229
9.88484e-08
0.0050023
8.52022e-08
0.00500231
7.33631e-08
0.00500232
6.31121e-08
0.00500232
5.42511e-08
0.00500233
4.66028e-08
0.00500233
4.00096e-08
0.00500234
3.43319e-08
0.00500234
2.94472e-08
0.00500234
2.52481e-08
0.00500234
2.16409e-08
0.00500235
1.85439e-08
0.00500235
1.58863e-08
0.00500235
1.36068e-08
0.00500235
1.16523e-08
0.00500235
9.97705e-09
0.00500235
8.54152e-09
0.00500235
7.31171e-09
0.00500235
6.25836e-09
0.00500235
5.35631e-09
0.00500235
4.58394e-09
0.00500236
3.9227e-09
0.00500236
3.35667e-09
0.00500236
2.87218e-09
0.00500236
2.45752e-09
0.00500236
2.10266e-09
0.00500236
1.79898e-09
0.00500236
1.53912e-09
0.00500236
1.31677e-09
0.00500236
1.12652e-09
0.00500236
9.63743e-10
0.00500236
8.24475e-10
0.00500236
7.05323e-10
0.00500236
6.03384e-10
0.00500236
5.16173e-10
0.00500236
4.41565e-10
0.00500236
3.77738e-10
0.00500236
3.23137e-10
0.00500236
2.76426e-10
0.00500236
2.36466e-10
0.00500236
2.02281e-10
0.00500236
1.73038e-10
0.00500236
1.48022e-10
0.00500236
1.26623e-10
0.00500236
1.08318e-10
0.00500236
9.26589e-11
0.00500236
7.9263e-11
0.00500236
6.78034e-11
0.00500236
5.80006e-11
0.00500236
4.96154e-11
0.00500236
4.24429e-11
0.00500236
3.63076e-11
0.00500236
3.10593e-11
0.00500236
2.65693e-11
0.00500236
2.27281e-11
0.00500236
1.9442e-11
0.00500236
1.6631e-11
0.00500236
1.42265e-11
0.00500236
1.21699e-11
0.00500236
1.04108e-11
0.00500236
8.90602e-12
0.00500236
7.61866e-12
0.00500236
6.51732e-12
0.00500236
5.57502e-12
0.00500236
4.76887e-12
0.00500236
4.07916e-12
0.00500236
3.48895e-12
0.00500236
2.98393e-12
0.00500236
2.55184e-12
0.00500236
2.18233e-12
0.00500236
1.8666e-12
0.00500236
1.59695e-12
0.00500236
1.36661e-12
0.00500236
1.16967e-12
0.00500236
1.00107e-12
0.00500236
8.56452e-13
0.00500236
7.32248e-13
0.00500236
6.25841e-13
0.00500236
5.34791e-13
0.00500236
4.57263e-13
0.00500236
3.91307e-13
0.00500236
3.35227e-13
0.00500236
2.87296e-13
0.00500236
2.46076e-13
0.00500236
2.10366e-13
0.00500236
1.79348e-13
0.00500236
1.52535e-13
0.00500236
1.2958e-13
0.00500236
1.10143e-13
0.00500236
9.38483e-14
0.00500236
8.02403e-14
0.00500236
6.88643e-14
0.00500236
5.92072e-14
0.00500236
5.08561e-14
0.00500236
4.35158e-14
0.00500236
3.71519e-14
0.00500236
3.16818e-14
0.00500236
2.7152e-14
0.00500236
2.34772e-14
0.00500236
2.06849e-14
0.00500236
1.8594e-14
0.00500236
1.70249e-14
0.00500236
1.58592e-14
0.00500236
1.4826e-14
0.00500236
1.38643e-14
0.00500236
1.29482e-14
0.00500236
1.20366e-14
0.00500236
1.11268e-14
0.00500236
1.02659e-14
0.00500236
9.44656e-15
0.00500236
8.72093e-15
0.00500236
8.04506e-15
0.00500236
7.47772e-15
0.00500236
6.89842e-15
0.00500236
6.3254e-15
0.00500236
5.87224e-15
0.00500236
5.29691e-15
0.00500236
4.75913e-15
0.00500236
4.13379e-15
0.00500236
3.43027e-15
0.00500236
2.71834e-15
0.00500236
1.91794e-15
0.00500236
1.12206e-15
0.00500236
3.55677e-16
0.00500236
-3.83127e-16
0.00500236
-1.02852e-15
0.00500236
-1.48112e-15
0.00500236
-1.78744e-15
0.00500236
-1.87859e-15
0.00500236
-1.74834e-15
0.00500236
-1.44608e-15
0.00500236
-9.66074e-16
0.00500236
-3.42905e-16
0.00500236
2.81471e-16
0.00500236
8.26865e-16
0.00500236
1.54062e-15
0.00500236
2.10951e-15
0.00500236
2.4457e-15
0.00500236
2.7789e-15
0.00500236
2.9631e-15
0.00500236
2.93733e-15
0.00500236
2.84314e-15
0.00500236
2.7135e-15
0.00500236
2.30029e-15
0.00500236
2.00895e-15
0.00500236
1.45787e-15
0.00500236
1.01531e-15
0.00500236
4.99943e-16
0.00500236
-2.23222e-16
0.00500236
-7.25526e-16
0.00500236
-1.23779e-15
0.00500236
-1.64281e-15
0.00500236
-2.15519e-15
0.00500236
-2.35217e-15
0.00500236
-2.50046e-15
0.00500236
-2.6883e-15
0.00500236
-2.68622e-15
0.00500236
-2.61008e-15
0.00500236
-2.60885e-15
0.00500236
-2.235e-15
0.00500236
-2.30035e-15
0.00500236
-2.016e-15
0.00500236
-1.83888e-15
0.00500236
-1.62264e-15
0.00500236
-1.52135e-15
0.00500236
-1.24533e-15
0.00500236
-1.20674e-15
-9.24883e-16
0.00500001
3.07673e-08
0.00500003
9.45354e-08
0.00500006
1.55114e-07
0.00500011
2.1049e-07
0.00500017
2.66453e-07
0.00500025
3.24309e-07
0.00500033
3.76453e-07
0.00500042
4.16353e-07
0.00500052
4.46899e-07
0.00500063
4.77681e-07
0.00500074
5.14983e-07
0.00500085
5.56422e-07
0.00500098
5.9335e-07
0.00500111
6.16903e-07
0.00500124
6.22384e-07
0.00500136
6.09998e-07
0.00500148
5.83174e-07
0.00500159
5.46479e-07
0.00500169
5.04183e-07
0.00500178
4.59623e-07
0.00500186
4.15116e-07
0.00500193
3.72138e-07
0.00500199
3.31567e-07
0.00500204
2.93887e-07
0.00500208
2.59319e-07
0.00500212
2.27921e-07
0.00500216
1.99634e-07
0.00500219
1.74328e-07
0.00500221
1.51824e-07
0.00500223
1.31916e-07
0.00500225
1.14384e-07
0.00500227
9.90042e-08
0.00500228
8.55583e-08
0.00500229
7.38378e-08
0.0050023
6.36474e-08
0.00500231
5.48068e-08
0.00500232
4.71519e-08
0.00500232
4.05347e-08
0.00500233
3.48227e-08
0.00500233
2.98982e-08
0.00500234
2.56572e-08
0.00500234
2.20082e-08
0.00500234
1.8871e-08
0.00500234
1.61757e-08
0.00500235
1.38615e-08
0.00500235
1.18755e-08
0.00500235
1.01719e-08
0.00500235
8.71108e-09
0.00500235
7.4589e-09
0.00500235
6.38586e-09
0.00500235
5.46656e-09
0.00500235
4.67912e-09
0.00500235
4.00476e-09
0.00500235
3.42734e-09
0.00500235
2.93298e-09
0.00500236
2.50979e-09
0.00500236
2.14756e-09
0.00500236
1.83753e-09
0.00500236
1.5722e-09
0.00500236
1.34515e-09
0.00500236
1.15085e-09
0.00500236
9.84597e-10
0.00500236
8.42345e-10
0.00500236
7.20633e-10
0.00500236
6.16497e-10
0.00500236
5.27403e-10
0.00500236
4.5118e-10
0.00500236
3.8597e-10
0.00500236
3.30182e-10
0.00500236
2.82456e-10
0.00500236
2.41627e-10
0.00500236
2.06698e-10
0.00500236
1.76818e-10
0.00500236
1.51256e-10
0.00500236
1.29391e-10
0.00500236
1.10686e-10
0.00500236
9.46847e-11
0.00500236
8.09963e-11
0.00500236
6.92864e-11
0.00500236
5.92692e-11
0.00500236
5.07005e-11
0.00500236
4.33709e-11
0.00500236
3.71014e-11
0.00500236
3.17383e-11
0.00500236
2.71503e-11
0.00500236
2.32252e-11
0.00500236
1.98672e-11
0.00500236
1.69946e-11
0.00500236
1.45375e-11
0.00500236
1.24359e-11
0.00500236
1.06384e-11
0.00500236
9.10087e-12
0.00500236
7.78557e-12
0.00500236
6.66022e-12
0.00500236
5.69746e-12
0.00500236
4.87373e-12
0.00500236
4.1689e-12
0.00500236
3.56582e-12
0.00500236
3.04969e-12
0.00500236
2.60805e-12
0.00500236
2.2303e-12
0.00500236
1.90738e-12
0.00500236
1.63154e-12
0.00500236
1.39602e-12
0.00500236
1.19478e-12
0.00500236
1.02266e-12
0.00500236
8.75143e-13
0.00500236
7.48539e-13
0.00500236
6.39912e-13
0.00500236
5.46847e-13
0.00500236
4.67391e-13
0.00500236
3.99767e-13
0.00500236
3.42288e-13
0.00500236
2.93348e-13
0.00500236
2.51367e-13
0.00500236
2.15118e-13
0.00500236
1.8368e-13
0.00500236
1.5638e-13
0.00500236
1.32901e-13
0.00500236
1.12896e-13
0.00500236
9.60226e-14
0.00500236
8.19431e-14
0.00500236
7.0198e-14
0.00500236
6.02948e-14
0.00500236
5.18201e-14
0.00500236
4.44391e-14
0.00500236
3.79221e-14
0.00500236
3.22784e-14
0.00500236
2.74309e-14
0.00500236
2.34949e-14
0.00500236
2.03834e-14
0.00500236
1.80511e-14
0.00500236
1.63401e-14
0.00500236
1.5008e-14
0.00500236
1.39843e-14
0.00500236
1.30631e-14
0.00500236
1.21665e-14
0.00500236
1.13358e-14
0.00500236
1.04907e-14
0.00500236
9.71601e-15
0.00500236
9.00563e-15
0.00500236
8.32523e-15
0.00500236
7.74962e-15
0.00500236
7.1788e-15
0.00500236
6.71127e-15
0.00500236
6.1814e-15
0.00500236
5.66642e-15
0.00500236
5.20121e-15
0.00500236
4.68901e-15
0.00500236
4.18935e-15
0.00500236
3.63258e-15
0.00500236
3.02787e-15
0.00500236
2.43107e-15
0.00500236
1.79801e-15
0.00500236
1.13482e-15
0.00500236
5.00145e-16
0.00500236
-1.28736e-16
0.00500236
-6.65413e-16
0.00500236
-1.07892e-15
0.00500236
-1.34787e-15
0.00500236
-1.42897e-15
0.00500236
-1.31319e-15
0.00500236
-1.07351e-15
0.00500236
-6.95417e-16
0.00500236
-2.03919e-16
0.00500236
2.82799e-16
0.00500236
7.47557e-16
0.00500236
1.28856e-15
0.00500236
1.73086e-15
0.00500236
1.97615e-15
0.00500236
2.15628e-15
0.00500236
2.32114e-15
0.00500236
2.2845e-15
0.00500236
2.08082e-15
0.00500236
2.01002e-15
0.00500236
1.65366e-15
0.00500236
1.36759e-15
0.00500236
8.91107e-16
0.00500236
4.51086e-16
0.00500236
9.35724e-17
0.00500236
-4.71924e-16
0.00500236
-9.45837e-16
0.00500236
-1.30149e-15
0.00500236
-1.60738e-15
0.00500236
-2.09297e-15
0.00500236
-2.21185e-15
0.00500236
-2.41528e-15
0.00500236
-2.45825e-15
0.00500236
-2.45187e-15
0.00500236
-2.42812e-15
0.00500236
-2.47115e-15
0.00500236
-2.16026e-15
0.00500236
-2.16604e-15
0.00500236
-1.96834e-15
0.00500236
-1.86103e-15
0.00500236
-1.62117e-15
0.00500236
-1.60504e-15
0.00500236
-1.29959e-15
0.00500236
-1.17748e-15
-9.32782e-16
0.00500001
2.41143e-08
0.00500003
7.41015e-08
0.00500006
1.21639e-07
0.00500011
1.65175e-07
0.00500016
2.09266e-07
0.00500023
2.54977e-07
0.00500031
2.9633e-07
0.0050004
3.2823e-07
0.00500049
3.53003e-07
0.00500059
3.78008e-07
0.0050007
4.08067e-07
0.00500082
4.4127e-07
0.00500094
4.70897e-07
0.00500107
4.90046e-07
0.00500119
4.95019e-07
0.00500132
4.85925e-07
0.00500143
4.65418e-07
0.00500154
4.3706e-07
0.00500164
4.04178e-07
0.00500173
3.69373e-07
0.00500182
3.34457e-07
0.00500189
3.00598e-07
0.00500195
2.68501e-07
0.00500201
2.38566e-07
0.00500205
2.10994e-07
0.0050021
1.85851e-07
0.00500213
1.63117e-07
0.00500216
1.42707e-07
0.00500219
1.245e-07
0.00500221
1.08344e-07
0.00500223
9.40784e-08
0.00500225
8.1533e-08
0.00500227
7.05407e-08
0.00500228
6.09397e-08
0.00500229
5.2577e-08
0.0050023
4.53105e-08
0.00500231
3.90097e-08
0.00500232
3.35561e-08
0.00500232
2.88434e-08
0.00500233
2.47764e-08
0.00500233
2.12708e-08
0.00500234
1.82523e-08
0.00500234
1.56555e-08
0.00500234
1.34233e-08
0.00500234
1.15056e-08
0.00500235
9.85922e-09
0.00500235
8.44641e-09
0.00500235
7.23456e-09
0.00500235
6.19548e-09
0.00500235
5.30483e-09
0.00500235
4.54161e-09
0.00500235
3.88776e-09
0.00500235
3.32771e-09
0.00500235
2.84809e-09
0.00500235
2.43743e-09
0.00500235
2.08584e-09
0.00500236
1.78488e-09
0.00500236
1.52726e-09
0.00500236
1.30678e-09
0.00500236
1.11808e-09
0.00500236
9.56607e-10
0.00500236
8.18431e-10
0.00500236
7.00199e-10
0.00500236
5.99034e-10
0.00500236
5.12477e-10
0.00500236
4.38421e-10
0.00500236
3.75062e-10
0.00500236
3.20856e-10
0.00500236
2.74482e-10
0.00500236
2.34808e-10
0.00500236
2.00867e-10
0.00500236
1.71831e-10
0.00500236
1.46991e-10
0.00500236
1.25743e-10
0.00500236
1.07566e-10
0.00500236
9.20164e-11
0.00500236
7.87142e-11
0.00500236
6.73345e-11
0.00500236
5.75996e-11
0.00500236
4.92721e-11
0.00500236
4.21489e-11
0.00500236
3.60559e-11
0.00500236
3.0844e-11
0.00500236
2.63854e-11
0.00500236
2.2571e-11
0.00500236
1.93076e-11
0.00500236
1.65159e-11
0.00500236
1.41278e-11
0.00500236
1.20854e-11
0.00500236
1.03385e-11
0.00500236
8.84442e-12
0.00500236
7.56628e-12
0.00500236
6.47279e-12
0.00500236
5.53726e-12
0.00500236
4.73681e-12
0.00500236
4.05191e-12
0.00500236
3.46588e-12
0.00500236
2.96441e-12
0.00500236
2.53524e-12
0.00500236
2.16802e-12
0.00500236
1.85394e-12
0.00500236
1.58557e-12
0.00500236
1.35638e-12
0.00500236
1.16072e-12
0.00500236
9.93472e-13
0.00500236
8.50348e-13
0.00500236
7.27575e-13
0.00500236
6.22171e-13
0.00500236
5.31764e-13
0.00500236
4.54353e-13
0.00500236
3.88417e-13
0.00500236
3.32378e-13
0.00500236
2.84735e-13
0.00500236
2.44068e-13
0.00500236
2.0908e-13
0.00500236
1.78708e-13
0.00500236
1.52372e-13
0.00500236
1.29535e-13
0.00500236
1.0996e-13
0.00500236
9.34359e-14
0.00500236
7.95994e-14
0.00500236
6.80672e-14
0.00500236
5.83981e-14
0.00500236
5.02137e-14
0.00500236
4.31377e-14
0.00500236
3.68768e-14
0.00500236
3.13592e-14
0.00500236
2.65577e-14
0.00500236
2.25576e-14
0.00500236
1.93415e-14
0.00500236
1.68702e-14
0.00500236
1.50858e-14
0.00500236
1.37275e-14
0.00500236
1.2652e-14
0.00500236
1.17751e-14
0.00500236
1.09576e-14
0.00500236
1.0142e-14
0.00500236
9.3781e-15
0.00500236
8.65418e-15
0.00500236
8.04007e-15
0.00500236
7.4833e-15
0.00500236
7.00169e-15
0.00500236
6.57849e-15
0.00500236
6.15432e-15
0.00500236
5.79071e-15
0.00500236
5.29213e-15
0.00500236
4.8909e-15
0.00500236
4.43492e-15
0.00500236
3.96679e-15
0.00500236
3.52942e-15
0.00500236
3.05478e-15
0.00500236
2.58424e-15
0.00500236
2.12447e-15
0.00500236
1.6591e-15
0.00500236
1.15403e-15
0.00500236
6.82057e-16
0.00500236
1.72813e-16
0.00500236
-2.67526e-16
0.00500236
-5.99202e-16
0.00500236
-8.52055e-16
0.00500236
-9.26579e-16
0.00500236
-8.67656e-16
0.00500236
-7.07891e-16
0.00500236
-4.2564e-16
0.00500236
-8.07543e-17
0.00500236
2.78453e-16
0.00500236
6.76172e-16
0.00500236
9.67929e-16
0.00500236
1.28096e-15
0.00500236
1.46881e-15
0.00500236
1.46173e-15
0.00500236
1.54507e-15
0.00500236
1.4549e-15
0.00500236
1.31506e-15
0.00500236
1.13518e-15
0.00500236
8.83806e-16
0.00500236
6.8038e-16
0.00500236
2.43387e-16
0.00500236
-7.02324e-17
0.00500236
-3.97945e-16
0.00500236
-7.27249e-16
0.00500236
-1.10541e-15
0.00500236
-1.47538e-15
0.00500236
-1.5555e-15
0.00500236
-1.939e-15
0.00500236
-2.04864e-15
0.00500236
-2.22753e-15
0.00500236
-2.29609e-15
0.00500236
-2.21097e-15
0.00500236
-2.24583e-15
0.00500236
-2.28512e-15
0.00500236
-2.02277e-15
0.00500236
-2.08454e-15
0.00500236
-1.88736e-15
0.00500236
-1.85111e-15
0.00500236
-1.64401e-15
0.00500236
-1.59306e-15
0.00500236
-1.38779e-15
0.00500236
-1.22814e-15
-9.25915e-16
0.00500001
1.78064e-08
0.00500003
5.47223e-08
0.00500006
8.98556e-08
0.0050001
1.22076e-07
0.00500016
1.5476e-07
0.00500022
1.88713e-07
0.0050003
2.19518e-07
0.00500038
2.43407e-07
0.00500047
2.62152e-07
0.00500057
2.81103e-07
0.00500068
3.0377e-07
0.00500079
3.28712e-07
0.00500091
3.50983e-07
0.00500103
3.65516e-07
0.00500116
3.69573e-07
0.00500128
3.63212e-07
0.0050014
3.48371e-07
0.00500151
3.27668e-07
0.00500161
3.03551e-07
0.0050017
2.77931e-07
0.00500178
2.52146e-07
0.00500185
2.27059e-07
0.00500192
2.03202e-07
0.00500198
1.80882e-07
0.00500203
1.6026e-07
0.00500207
1.414e-07
0.00500211
1.24297e-07
0.00500215
1.08903e-07
0.00500217
9.51351e-08
0.0050022
8.28912e-08
0.00500222
7.20564e-08
0.00500224
6.251e-08
0.00500226
5.41309e-08
0.00500227
4.68009e-08
0.00500228
4.04074e-08
0.00500229
3.48449e-08
0.0050023
3.00162e-08
0.00500231
2.58328e-08
0.00500232
2.22144e-08
0.00500232
1.90894e-08
0.00500233
1.6394e-08
0.00500233
1.40716e-08
0.00500234
1.20727e-08
0.00500234
1.03536e-08
0.00500234
8.87623e-09
0.00500234
7.60736e-09
0.00500235
6.51819e-09
0.00500235
5.5837e-09
0.00500235
4.78226e-09
0.00500235
4.09516e-09
0.00500235
3.50627e-09
0.00500235
3.00168e-09
0.00500235
2.56944e-09
0.00500235
2.19923e-09
0.00500235
1.88221e-09
0.00500235
1.61078e-09
0.00500235
1.3784e-09
0.00500236
1.17949e-09
0.00500236
1.00924e-09
0.00500236
8.63527e-10
0.00500236
7.38829e-10
0.00500236
6.32121e-10
0.00500236
5.40811e-10
0.00500236
4.62681e-10
0.00500236
3.9583e-10
0.00500236
3.38633e-10
0.00500236
2.89697e-10
0.00500236
2.4783e-10
0.00500236
2.12012e-10
0.00500236
1.81368e-10
0.00500236
1.55152e-10
0.00500236
1.32725e-10
0.00500236
1.13539e-10
0.00500236
9.71265e-11
0.00500236
8.30866e-11
0.00500236
7.10759e-11
0.00500236
6.0801e-11
0.00500236
5.20109e-11
0.00500236
4.44913e-11
0.00500236
3.80591e-11
0.00500236
3.25571e-11
0.00500236
2.78508e-11
0.00500236
2.3825e-11
0.00500236
2.03809e-11
0.00500236
1.74343e-11
0.00500236
1.49134e-11
0.00500236
1.2757e-11
0.00500236
1.09126e-11
0.00500236
9.33515e-12
0.00500236
7.98604e-12
0.00500236
6.83206e-12
0.00500236
5.84477e-12
0.00500236
5.00003e-12
0.00500236
4.27733e-12
0.00500236
3.65898e-12
0.00500236
3.12994e-12
0.00500236
2.67728e-12
0.00500236
2.28989e-12
0.00500236
1.95836e-12
0.00500236
1.67468e-12
0.00500236
1.43212e-12
0.00500236
1.22485e-12
0.00500236
1.04791e-12
0.00500236
8.968e-13
0.00500236
7.67626e-13
0.00500236
6.56906e-13
0.00500236
5.61958e-13
0.00500236
4.80392e-13
0.00500236
4.10467e-13
0.00500236
3.50722e-13
0.00500236
2.99911e-13
0.00500236
2.56755e-13
0.00500236
2.20008e-13
0.00500236
1.88539e-13
0.00500236
1.61392e-13
0.00500236
1.3777e-13
0.00500236
1.17234e-13
0.00500236
9.95185e-14
0.00500236
8.4405e-14
0.00500236
7.17812e-14
0.00500236
6.12191e-14
0.00500236
5.24644e-14
0.00500236
4.51084e-14
0.00500236
3.87903e-14
0.00500236
3.32715e-14
0.00500236
2.83281e-14
0.00500236
2.39961e-14
0.00500236
2.02537e-14
0.00500236
1.71799e-14
0.00500236
1.48142e-14
0.00500236
1.30322e-14
0.00500236
1.17774e-14
0.00500236
1.07985e-14
0.00500236
9.95746e-15
0.00500236
9.23237e-15
0.00500236
8.51264e-15
0.00500236
7.833e-15
0.00500236
7.17823e-15
0.00500236
6.62151e-15
0.00500236
6.19224e-15
0.00500236
5.81072e-15
0.00500236
5.54034e-15
0.00500236
5.2434e-15
0.00500236
4.98063e-15
0.00500236
4.68614e-15
0.00500236
4.32082e-15
0.00500236
3.97386e-15
0.00500236
3.55467e-15
0.00500236
3.14364e-15
0.00500236
2.79081e-15
0.00500236
2.44604e-15
0.00500236
2.11896e-15
0.00500236
1.83765e-15
0.00500236
1.47999e-15
0.00500236
1.19102e-15
0.00500236
8.82986e-16
0.00500236
5.35671e-16
0.00500236
1.8028e-16
0.00500236
-1.08113e-16
0.00500236
-2.86696e-16
0.00500236
-3.76904e-16
0.00500236
-3.75748e-16
0.00500236
-3.24566e-16
0.00500236
-1.40456e-16
0.00500236
6.77283e-17
0.00500236
2.72956e-16
0.00500236
5.58675e-16
0.00500236
6.24556e-16
0.00500236
8.21203e-16
0.00500236
8.95501e-16
0.00500236
7.49324e-16
0.00500236
7.96797e-16
0.00500236
5.84827e-16
0.00500236
4.89134e-16
0.00500236
2.67739e-16
0.00500236
2.28266e-17
0.00500236
-8.22548e-17
0.00500236
-3.59058e-16
0.00500236
-6.27705e-16
0.00500236
-8.14894e-16
0.00500236
-1.0125e-15
0.00500236
-1.22662e-15
0.00500236
-1.55616e-15
0.00500236
-1.67163e-15
0.00500236
-1.72469e-15
0.00500236
-1.91516e-15
0.00500236
-1.90766e-15
0.00500236
-2.1098e-15
0.00500236
-2.02393e-15
0.00500236
-1.89865e-15
0.00500236
-2.18192e-15
0.00500236
-1.88634e-15
0.00500236
-1.9859e-15
0.00500236
-1.89817e-15
0.00500236
-1.72588e-15
0.00500236
-1.59004e-15
0.00500236
-1.62467e-15
0.00500236
-1.33496e-15
0.00500236
-1.28431e-15
-9.71775e-16
0.00500001
1.1742e-08
0.00500002
3.60874e-08
0.00500006
5.92691e-08
0.0050001
8.05493e-08
0.00500015
1.02159e-07
0.00500021
1.24638e-07
0.00500029
1.45075e-07
0.00500037
1.60979e-07
0.00500046
1.73542e-07
0.00500055
1.86262e-07
0.00500066
2.0143e-07
0.00500077
2.18079e-07
0.00500088
2.32953e-07
0.00500101
2.42719e-07
0.00500113
2.45575e-07
0.00500125
2.41547e-07
0.00500137
2.31905e-07
0.00500148
2.18367e-07
0.00500158
2.02543e-07
0.00500167
1.85691e-07
0.00500176
1.68691e-07
0.00500183
1.52114e-07
0.0050019
1.36315e-07
0.00500196
1.215e-07
0.00500201
1.07783e-07
0.00500206
9.52104e-08
0.0050021
8.37875e-08
0.00500213
7.3486e-08
0.00500216
6.42567e-08
0.00500219
5.60356e-08
0.00500221
4.87497e-08
0.00500223
4.23214e-08
0.00500225
3.66721e-08
0.00500227
3.17245e-08
0.00500228
2.74047e-08
0.00500229
2.3643e-08
0.0050023
2.03749e-08
0.00500231
1.75414e-08
0.00500231
1.50892e-08
0.00500232
1.29701e-08
0.00500233
1.11414e-08
0.00500233
9.56521e-09
0.00500233
8.20797e-09
0.00500234
7.04033e-09
0.00500234
6.03658e-09
0.00500234
5.17428e-09
0.00500234
4.43393e-09
0.00500235
3.79861e-09
0.00500235
3.25364e-09
0.00500235
2.78636e-09
0.00500235
2.38582e-09
0.00500235
2.04259e-09
0.00500235
1.74853e-09
0.00500235
1.49666e-09
0.00500235
1.28096e-09
0.00500235
1.09626e-09
0.00500235
9.38139e-10
0.00500236
8.02777e-10
0.00500236
6.86913e-10
0.00500236
5.87749e-10
0.00500236
5.02882e-10
0.00500236
4.30257e-10
0.00500236
3.6811e-10
0.00500236
3.14932e-10
0.00500236
2.69431e-10
0.00500236
2.305e-10
0.00500236
1.97191e-10
0.00500236
1.68694e-10
0.00500236
1.44314e-10
0.00500236
1.23455e-10
0.00500236
1.05611e-10
0.00500236
9.03447e-11
0.00500236
7.72853e-11
0.00500236
6.61138e-11
0.00500236
5.6557e-11
0.00500236
4.83813e-11
0.00500236
4.13871e-11
0.00500236
3.54035e-11
0.00500236
3.02851e-11
0.00500236
2.59068e-11
0.00500236
2.21617e-11
0.00500236
1.89582e-11
0.00500236
1.62177e-11
0.00500236
1.38731e-11
0.00500236
1.18672e-11
0.00500236
1.01512e-11
0.00500236
8.68351e-12
0.00500236
7.42828e-12
0.00500236
6.35477e-12
0.00500236
5.43653e-12
0.00500236
4.65096e-12
0.00500236
3.97877e-12
0.00500236
3.4036e-12
0.00500236
2.91155e-12
0.00500236
2.49067e-12
0.00500236
2.13066e-12
0.00500236
1.82265e-12
0.00500236
1.55903e-12
0.00500236
1.33335e-12
0.00500236
1.14022e-12
0.00500236
9.75097e-13
0.00500236
8.34013e-13
0.00500236
7.1363e-13
0.00500236
6.10733e-13
0.00500236
5.22752e-13
0.00500236
4.47277e-13
0.00500236
3.82423e-13
0.00500236
3.2679e-13
0.00500236
2.79063e-13
0.00500236
2.38433e-13
0.00500236
2.03936e-13
0.00500236
1.74687e-13
0.00500236
1.49749e-13
0.00500236
1.28275e-13
0.00500236
1.09579e-13
0.00500236
9.33063e-14
0.00500236
7.91615e-14
0.00500236
6.70078e-14
0.00500236
5.68117e-14
0.00500236
4.83545e-14
0.00500236
4.13833e-14
0.00500236
3.55713e-14
0.00500236
3.06643e-14
0.00500236
2.63396e-14
0.00500236
2.25106e-14
0.00500236
1.90313e-14
0.00500236
1.5982e-14
0.00500236
1.3429e-14
0.00500236
1.14241e-14
0.00500236
9.99573e-15
0.00500236
8.99027e-15
0.00500236
8.23746e-15
0.00500236
7.62226e-15
0.00500236
7.02154e-15
0.00500236
6.4308e-15
0.00500236
5.81034e-15
0.00500236
5.27352e-15
0.00500236
4.76909e-15
0.00500236
4.41149e-15
0.00500236
4.18338e-15
0.00500236
4.02454e-15
0.00500236
3.95522e-15
0.00500236
3.79962e-15
0.00500236
3.71042e-15
0.00500236
3.51669e-15
0.00500236
3.25184e-15
0.00500236
2.94564e-15
0.00500236
2.52567e-15
0.00500236
2.24587e-15
0.00500236
2.01675e-15
0.00500236
1.79669e-15
0.00500236
1.64065e-15
0.00500236
1.53889e-15
0.00500236
1.37526e-15
0.00500236
1.27813e-15
0.00500236
1.12252e-15
0.00500236
9.11007e-16
0.00500236
6.63217e-16
0.00500236
4.2369e-16
0.00500236
3.03455e-16
0.00500236
1.54521e-16
0.00500236
7.77183e-17
0.00500236
6.39829e-17
0.00500236
1.43326e-16
0.00500236
2.20673e-16
0.00500236
2.5063e-16
0.00500236
3.80128e-16
0.00500236
2.88994e-16
0.00500236
2.7328e-16
0.00500236
2.29752e-16
0.00500236
4.83901e-18
0.00500236
-2.82068e-17
0.00500236
-2.89361e-16
0.00500236
-4.51477e-16
0.00500236
-5.7198e-16
0.00500236
-8.45806e-16
0.00500236
-9.80824e-16
0.00500236
-1.00457e-15
0.00500236
-1.27007e-15
0.00500236
-1.28897e-15
0.00500236
-1.34185e-15
0.00500236
-1.43733e-15
0.00500236
-1.43597e-15
0.00500236
-1.72574e-15
0.00500236
-1.56537e-15
0.00500236
-1.6592e-15
0.00500236
-1.73532e-15
0.00500236
-1.81247e-15
0.00500236
-1.90319e-15
0.00500236
-1.65507e-15
0.00500236
-1.89636e-15
0.00500236
-1.75519e-15
0.00500236
-1.74141e-15
0.00500236
-1.78002e-15
0.00500236
-1.84742e-15
0.00500236
-1.54942e-15
0.00500236
-1.53255e-15
0.00500236
-1.407e-15
0.00500236
-1.24902e-15
-8.64004e-16
0.00500001
5.83318e-09
0.00500002
1.7928e-08
0.00500005
2.94481e-08
0.00500009
4.00291e-08
0.00500015
5.07809e-08
0.00500021
6.19738e-08
0.00500028
7.2162e-08
0.00500036
8.0107e-08
0.00500045
8.64057e-08
0.00500054
9.27905e-08
0.00500064
1.0039e-07
0.00500075
1.08722e-07
0.00500087
1.16166e-07
0.00500099
1.21073e-07
0.00500111
1.22545e-07
0.00500124
1.20594e-07
0.00500135
1.15847e-07
0.00500146
1.09156e-07
0.00500156
1.0132e-07
0.00500165
9.29617e-08
0.00500174
8.45184e-08
0.00500181
7.62744e-08
0.00500188
6.84065e-08
0.00500194
6.10193e-08
0.005002
5.41705e-08
0.00500204
4.78856e-08
0.00500209
4.21684e-08
0.00500212
3.70067e-08
0.00500215
3.23774e-08
0.00500218
2.82497e-08
0.00500221
2.45882e-08
0.00500223
2.13551e-08
0.00500225
1.85117e-08
0.00500226
1.60198e-08
0.00500227
1.38427e-08
0.00500229
1.19459e-08
0.0050023
1.02972e-08
0.0050023
8.86712e-09
0.00500231
7.62897e-09
0.00500232
6.55869e-09
0.00500232
5.6348e-09
0.00500233
4.83824e-09
0.00500233
4.1522e-09
0.00500234
3.56187e-09
0.00500234
3.05431e-09
0.00500234
2.61821e-09
0.00500234
2.24374e-09
0.00500235
1.92235e-09
0.00500235
1.64664e-09
0.00500235
1.41021e-09
0.00500235
1.20754e-09
0.00500235
1.03385e-09
0.00500235
8.85039e-10
0.00500235
7.5757e-10
0.00500235
6.48401e-10
0.00500235
5.54921e-10
0.00500235
4.74886e-10
0.00500236
4.06371e-10
0.00500236
3.47725e-10
0.00500236
2.97529e-10
0.00500236
2.54571e-10
0.00500236
2.17808e-10
0.00500236
1.86348e-10
0.00500236
1.59428e-10
0.00500236
1.36395e-10
0.00500236
1.16687e-10
0.00500236
9.98259e-11
0.00500236
8.54e-11
0.00500236
7.30578e-11
0.00500236
6.24983e-11
0.00500236
5.34645e-11
0.00500236
4.57363e-11
0.00500236
3.91252e-11
0.00500236
3.34698e-11
0.00500236
2.86318e-11
0.00500236
2.44928e-11
0.00500236
2.09518e-11
0.00500236
1.79226e-11
0.00500236
1.53314e-11
0.00500236
1.3115e-11
0.00500236
1.12192e-11
0.00500236
9.59743e-12
0.00500236
8.20996e-12
0.00500236
7.02292e-12
0.00500236
6.00741e-12
0.00500236
5.13877e-12
0.00500236
4.39594e-12
0.00500236
3.76072e-12
0.00500236
3.21742e-12
0.00500236
2.7526e-12
0.00500236
2.35483e-12
0.00500236
2.01436e-12
0.00500236
1.72305e-12
0.00500236
1.47393e-12
0.00500236
1.26096e-12
0.00500236
1.07887e-12
0.00500236
9.231e-13
0.00500236
7.89768e-13
0.00500236
6.75558e-13
0.00500236
5.77742e-13
0.00500236
4.94127e-13
0.00500236
4.22672e-13
0.00500236
3.61698e-13
0.00500236
3.09543e-13
0.00500236
2.64882e-13
0.00500236
2.26507e-13
0.00500236
1.93452e-13
0.00500236
1.65106e-13
0.00500236
1.4084e-13
0.00500236
1.2031e-13
0.00500236
1.02948e-13
0.00500236
8.82054e-14
0.00500236
7.55881e-14
0.00500236
6.46308e-14
0.00500236
5.49701e-14
0.00500236
4.65263e-14
0.00500236
3.91997e-14
0.00500236
3.29844e-14
0.00500236
2.79028e-14
0.00500236
2.37717e-14
0.00500236
2.04474e-14
0.00500236
1.77063e-14
0.00500236
1.53513e-14
0.00500236
1.31632e-14
0.00500236
1.11139e-14
0.00500236
9.25977e-15
0.00500236
7.65599e-15
0.00500236
6.4044e-15
0.00500236
5.50908e-15
0.00500236
4.96941e-15
0.00500236
4.67488e-15
0.00500236
4.43601e-15
0.00500236
4.17192e-15
0.00500236
3.86974e-15
0.00500236
3.43032e-15
0.00500236
2.94038e-15
0.00500236
2.52006e-15
0.00500236
2.30969e-15
0.00500236
2.24831e-15
0.00500236
2.15593e-15
0.00500236
2.16812e-15
0.00500236
2.22822e-15
0.00500236
2.22112e-15
0.00500236
2.31718e-15
0.00500236
2.29802e-15
0.00500236
2.1172e-15
0.00500236
1.80638e-15
0.00500236
1.51876e-15
0.00500236
1.34558e-15
0.00500236
1.25172e-15
0.00500236
1.2001e-15
0.00500236
1.20697e-15
0.00500236
1.26498e-15
0.00500236
1.32334e-15
0.00500236
1.39588e-15
0.00500236
1.36044e-15
0.00500236
1.25507e-15
0.00500236
1.16475e-15
0.00500236
1.00734e-15
0.00500236
8.37909e-16
0.00500236
6.89369e-16
0.00500236
5.39941e-16
0.00500236
4.61115e-16
0.00500236
3.82141e-16
0.00500236
2.80396e-16
0.00500236
1.85228e-16
0.00500236
1.64282e-16
0.00500236
-6.59584e-17
0.00500236
-2.89264e-16
0.00500236
-4.67261e-16
0.00500236
-7.36109e-16
0.00500236
-9.29595e-16
0.00500236
-1.18957e-15
0.00500236
-1.40808e-15
0.00500236
-1.47344e-15
0.00500236
-1.64681e-15
0.00500236
-1.71253e-15
0.00500236
-1.67524e-15
0.00500236
-1.75396e-15
0.00500236
-1.73165e-15
0.00500236
-1.64936e-15
0.00500236
-1.66297e-15
0.00500236
-1.52011e-15
0.00500236
-1.49012e-15
0.00500236
-1.61809e-15
0.00500236
-1.45064e-15
0.00500236
-1.43789e-15
0.00500236
-1.57385e-15
0.00500236
-1.68089e-15
0.00500236
-1.54796e-15
0.00500236
-1.62686e-15
0.00500236
-1.71072e-15
0.00500236
-1.6321e-15
0.00500236
-1.559e-15
0.00500236
-1.77807e-15
0.00500236
-1.60575e-15
0.00500236
-1.36112e-15
0.00500236
-1.20601e-15
0.00500236
-1.31202e-15
-8.55322e-16
0.00500001
0.00500002
0.00500005
0.00500009
0.00500014
0.00500021
0.00500028
0.00500036
0.00500044
0.00500054
0.00500064
0.00500075
0.00500086
0.00500098
0.00500111
0.00500123
0.00500134
0.00500145
0.00500155
0.00500165
0.00500173
0.00500181
0.00500188
0.00500194
0.00500199
0.00500204
0.00500208
0.00500212
0.00500215
0.00500218
0.0050022
0.00500222
0.00500224
0.00500226
0.00500227
0.00500228
0.00500229
0.0050023
0.00500231
0.00500232
0.00500232
0.00500233
0.00500233
0.00500234
0.00500234
0.00500234
0.00500234
0.00500235
0.00500235
0.00500235
0.00500235
0.00500235
0.00500235
0.00500235
0.00500235
0.00500235
0.00500235
0.00500235
0.00500236
0.00500236
0.00500236
0.00500236
0.00500236
0.00500236
0.00500236
0.00500236
0.00500236
0.00500236
0.00500236
0.00500236
0.00500236
0.00500236
0.00500236
0.00500236
0.00500236
0.00500236
0.00500236
0.00500236
0.00500236
0.00500236
0.00500236
0.00500236
0.00500236
0.00500236
0.00500236
0.00500236
0.00500236
0.00500236
0.00500236
0.00500236
0.00500236
0.00500236
0.00500236
0.00500236
0.00500236
0.00500236
0.00500236
0.00500236
0.00500236
0.00500236
0.00500236
0.00500236
0.00500236
0.00500236
0.00500236
0.00500236
0.00500236
0.00500236
0.00500236
0.00500236
0.00500236
0.00500236
0.00500236
0.00500236
0.00500236
0.00500236
0.00500236
0.00500236
0.00500236
0.00500236
0.00500236
0.00500236
0.00500236
0.00500236
0.00500236
0.00500236
0.00500236
0.00500236
0.00500236
0.00500236
0.00500236
0.00500236
0.00500236
0.00500236
0.00500236
0.00500236
0.00500236
0.00500236
0.00500236
0.00500236
0.00500236
0.00500236
0.00500236
0.00500236
0.00500236
0.00500236
0.00500236
0.00500236
0.00500236
0.00500236
0.00500236
0.00500236
0.00500236
0.00500236
0.00500236
0.00500236
0.00500236
0.00500236
0.00500236
0.00500236
0.00500236
0.00500236
0.00500236
0.00500236
0.00500236
0.00500236
0.00500236
0.00500236
0.00500236
0.00500236
0.00500236
0.00500236
0.00500236
0.00500236
0.00500236
0.00500236
0.00500236
0.00500236
0.00500236
0.00500236
0.00500236
0.00500236
0.00500236
0.00500236
0.00500236
0.00500236
0.00500236
0.00500236
0.00500236
0.00500236
0.00500236
0.00500236
0.00500236
0.00500236
0.00500236
0.00500236
0.00500236
0.00500236
0.00500236
)
;

boundaryField
{
    inlet
    {
        type            calculated;
        value           nonuniform List<scalar> 
20
(
-0.005
-0.005
-0.005
-0.005
-0.005
-0.005
-0.005
-0.005
-0.005
-0.005
-0.005
-0.005
-0.005
-0.005
-0.005
-0.005
-0.005
-0.005
-0.005
-0.005
)
;
    }
    outlet
    {
        type            calculated;
        value           nonuniform List<scalar> 
20
(
0.00495532
0.00500225
0.00500236
0.00500236
0.00500236
0.00500236
0.00500236
0.00500236
0.00500236
0.00500236
0.00500236
0.00500236
0.00500236
0.00500236
0.00500236
0.00500236
0.00500236
0.00500236
0.00500236
0.00500236
)
;
    }
    top
    {
        type            calculated;
        value           uniform 0;
    }
    bottom
    {
        type            calculated;
        value           uniform 0;
    }
    frontAndBack
    {
        type            empty;
    }
}


// ************************************************************************* //
