/*--------------------------------*- C++ -*----------------------------------*\
  =========                 |
  \\      /  F ield         | OpenFOAM: The Open Source CFD Toolbox
   \\    /   O peration     | Website:  https://openfoam.org
    \\  /    A nd           | Version:  dev
     \\/     M anipulation  |
\*---------------------------------------------------------------------------*/
FoamFile
{
    format      ascii;
    class       volVectorField;
    location    "0.8";
    object      U;
}
// * * * * * * * * * * * * * * * * * * * * * * * * * * * * * * * * * * * * * //

dimensions      [0 1 -1 0 0 0 0];

internalField   nonuniform List<vector> 
4000
(
(0.999707 0.000147153 0)
(0.999377 0.000338194 0)
(0.999042 0.000424058 0)
(0.998678 0.00045041 0)
(0.998269 0.000458181 0)
(0.997786 0.000450493 0)
(0.997195 0.000439483 0)
(0.996579 0.000441197 0)
(0.996054 0.000450211 0)
(0.995589 0.000472104 0)
(0.99507 0.000510781 0)
(0.994463 0.000544159 0)
(0.993825 0.000541493 0)
(0.993224 0.000492569 0)
(0.9927 0.00041077 0)
(0.992271 0.00031779 0)
(0.99194 0.000231095 0)
(0.991698 0.000160087 0)
(0.991528 0.000107215 0)
(0.99141 7.05832e-05 0)
(0.991327 4.64785e-05 0)
(0.991269 3.11165e-05 0)
(0.991227 2.14534e-05 0)
(0.991195 1.53423e-05 0)
(0.991172 1.13904e-05 0)
(0.991153 8.74275e-06 0)
(0.991138 6.89293e-06 0)
(0.991126 5.54546e-06 0)
(0.991116 4.52741e-06 0)
(0.991108 3.73546e-06 0)
(0.991101 3.10562e-06 0)
(0.991096 2.5965e-06 0)
(0.991091 2.18001e-06 0)
(0.991087 1.8363e-06 0)
(0.991083 1.55075e-06 0)
(0.991081 1.31231e-06 0)
(0.991078 1.1124e-06 0)
(0.991076 9.44249e-07 0)
(0.991074 8.02445e-07 0)
(0.991073 6.82598e-07 0)
(0.991072 5.81125e-07 0)
(0.991071 4.9508e-07 0)
(0.99107 4.22024e-07 0)
(0.991069 3.59927e-07 0)
(0.991068 3.07099e-07 0)
(0.991068 2.6212e-07 0)
(0.991067 2.23799e-07 0)
(0.991067 1.91131e-07 0)
(0.991066 1.63269e-07 0)
(0.991066 1.39496e-07 0)
(0.991066 1.19204e-07 0)
(0.991066 1.01879e-07 0)
(0.991065 8.70824e-08 0)
(0.991065 7.4443e-08 0)
(0.991065 6.36439e-08 0)
(0.991065 5.44156e-08 0)
(0.991065 4.65286e-08 0)
(0.991065 3.97871e-08 0)
(0.991065 3.40241e-08 0)
(0.991065 2.9097e-08 0)
(0.991065 2.48843e-08 0)
(0.991065 2.12822e-08 0)
(0.991065 1.82021e-08 0)
(0.991064 1.55681e-08 0)
(0.991064 1.33156e-08 0)
(0.991064 1.13892e-08 0)
(0.991064 9.74156e-09 0)
(0.991064 8.33242e-09 0)
(0.991064 7.12726e-09 0)
(0.991064 6.0965e-09 0)
(0.991064 5.21483e-09 0)
(0.991064 4.46064e-09 0)
(0.991064 3.81547e-09 0)
(0.991064 3.26365e-09 0)
(0.991064 2.79172e-09 0)
(0.991064 2.38811e-09 0)
(0.991064 2.04287e-09 0)
(0.991064 1.74751e-09 0)
(0.991064 1.4948e-09 0)
(0.991064 1.2786e-09 0)
(0.991064 1.09371e-09 0)
(0.991064 9.35606e-10 0)
(0.991064 8.00379e-10 0)
(0.991064 6.8467e-10 0)
(0.991064 5.85648e-10 0)
(0.991064 5.00916e-10 0)
(0.991064 4.28434e-10 0)
(0.991064 3.66474e-10 0)
(0.991064 3.13538e-10 0)
(0.991064 2.68273e-10 0)
(0.991064 2.29522e-10 0)
(0.991064 1.96337e-10 0)
(0.991064 1.679e-10 0)
(0.991064 1.43555e-10 0)
(0.991064 1.22761e-10 0)
(0.991064 1.05033e-10 0)
(0.991064 8.99012e-11 0)
(0.991064 7.69605e-11 0)
(0.991064 6.58593e-11 0)
(0.991064 5.63184e-11 0)
(0.991064 4.81335e-11 0)
(0.991064 4.11419e-11 0)
(0.991064 3.51915e-11 0)
(0.991064 3.01431e-11 0)
(0.991064 2.58499e-11 0)
(0.991064 2.21599e-11 0)
(0.991064 1.89639e-11 0)
(0.991064 1.61945e-11 0)
(0.991064 1.37995e-11 0)
(0.991064 1.17644e-11 0)
(0.991064 1.00612e-11 0)
(0.991064 8.64119e-12 0)
(0.991064 7.45466e-12 0)
(0.991064 6.45306e-12 0)
(0.991064 5.58021e-12 0)
(0.991064 4.799e-12 0)
(0.991064 4.09892e-12 0)
(0.991064 3.48276e-12 0)
(0.991064 2.93448e-12 0)
(0.991064 2.48293e-12 0)
(0.991064 2.10513e-12 0)
(0.991064 1.7962e-12 0)
(0.991064 1.56984e-12 0)
(0.991064 1.38433e-12 0)
(0.991064 1.22988e-12 0)
(0.991064 1.08828e-12 0)
(0.991064 9.44695e-13 0)
(0.991064 8.11759e-13 0)
(0.991064 6.74989e-13 0)
(0.991064 5.39348e-13 0)
(0.991064 4.14602e-13 0)
(0.991064 3.02451e-13 0)
(0.991064 2.14064e-13 0)
(0.991064 1.32234e-13 0)
(0.991064 5.70779e-14 0)
(0.991064 2.01784e-14 0)
(0.991064 4.3138e-15 0)
(0.991064 -4.39088e-15 0)
(0.991064 -3.55251e-14 0)
(0.991064 -8.0683e-14 0)
(0.991064 -1.15402e-13 0)
(0.991064 -1.37591e-13 0)
(0.991064 -1.49031e-13 0)
(0.991064 -1.46811e-13 0)
(0.991064 -1.32556e-13 0)
(0.991064 -1.46712e-13 0)
(0.991064 -1.71138e-13 0)
(0.991064 -2.05389e-13 0)
(0.991064 -2.25518e-13 0)
(0.991064 -2.48059e-13 0)
(0.991064 -2.47498e-13 0)
(0.991064 -2.30901e-13 0)
(0.991064 -2.06884e-13 0)
(0.991064 -1.50448e-13 0)
(0.991064 -8.34946e-14 0)
(0.991064 5.79236e-15 0)
(0.991064 7.90079e-14 0)
(0.991064 1.37298e-13 0)
(0.991064 1.9258e-13 0)
(0.991064 1.96271e-13 0)
(0.991064 1.81834e-13 0)
(0.991064 1.22181e-13 0)
(0.991064 8.42341e-14 0)
(0.991064 5.72496e-14 0)
(0.991064 2.14632e-14 0)
(0.991064 1.05725e-15 0)
(0.991064 5.81345e-15 0)
(0.991064 3.77887e-14 0)
(0.991064 8.41864e-14 0)
(0.991064 1.21358e-13 0)
(0.991064 1.52265e-13 0)
(0.991064 1.72959e-13 0)
(0.991064 1.82589e-13 0)
(0.991064 1.97054e-13 0)
(0.991064 2.09501e-13 0)
(0.991064 2.07338e-13 0)
(0.991064 1.82594e-13 0)
(0.991064 1.76918e-13 0)
(0.991064 1.38948e-13 0)
(0.991064 1.3613e-13 0)
(0.991064 1.53011e-13 0)
(0.991064 1.36836e-13 0)
(0.991064 1.51532e-13 0)
(0.991064 1.49743e-13 0)
(0.991064 1.6386e-13 0)
(0.991064 1.52357e-13 0)
(0.991064 1.95483e-13 0)
(0.991064 2.05514e-13 0)
(0.991064 1.59983e-13 0)
(0.991064 2.20135e-13 0)
(0.991064 1.58658e-13 0)
(0.991064 2.10457e-13 0)
(0.991064 2.31751e-13 0)
(0.991064 1.50812e-13 0)
(0.991064 1.76482e-13 0)
(0.991064 1.43058e-13 0)
(0.991064 9.32702e-14 0)
(0.991064 8.93019e-14 0)
(0.991064 7.64772e-14 0)
(0.991064 3.46783e-15 0)
(1 0.000175475 0)
(1.00007 0.000414855 0)
(1.00018 0.000527861 0)
(1.00029 0.00056445 0)
(1.0004 0.000572974 0)
(1.00053 0.000556899 0)
(1.00061 0.000540391 0)
(1.0006 0.000548023 0)
(1.00059 0.000564211 0)
(1.00064 0.000583987 0)
(1.00073 0.000620084 0)
(1.00079 0.000660128 0)
(1.00083 0.000668607 0)
(1.00087 0.000625504 0)
(1.00088 0.000540402 0)
(1.00087 0.000436774 0)
(1.00083 0.000335246 0)
(1.00079 0.000247951 0)
(1.00074 0.000179393 0)
(1.0007 0.000128916 0)
(1.00066 9.32597e-05 0)
(1.00063 6.85671e-05 0)
(1.0006 5.14933e-05 0)
(1.00057 3.95404e-05 0)
(1.00055 3.099e-05 0)
(1.00053 2.47132e-05 0)
(1.00052 1.99841e-05 0)
(1.00051 1.63373e-05 0)
(1.0005 1.34699e-05 0)
(1.00049 1.11795e-05 0)
(1.00049 9.32732e-06 0)
(1.00048 7.81457e-06 0)
(1.00048 6.56934e-06 0)
(1.00047 5.5378e-06 0)
(1.00047 4.67889e-06 0)
(1.00047 3.96068e-06 0)
(1.00046 3.35802e-06 0)
(1.00046 2.85083e-06 0)
(1.00046 2.42296e-06 0)
(1.00046 2.06125e-06 0)
(1.00046 1.75494e-06 0)
(1.00046 1.49516e-06 0)
(1.00045 1.27458e-06 0)
(1.00045 1.08708e-06 0)
(1.00045 9.27546e-07 0)
(1.00045 7.91712e-07 0)
(1.00045 6.75978e-07 0)
(1.00045 5.77315e-07 0)
(1.00045 4.93164e-07 0)
(1.00045 4.2136e-07 0)
(1.00045 3.60071e-07 0)
(1.00045 3.07741e-07 0)
(1.00045 2.63048e-07 0)
(1.00045 2.2487e-07 0)
(1.00045 1.9225e-07 0)
(1.00045 1.64375e-07 0)
(1.00045 1.40551e-07 0)
(1.00045 1.20186e-07 0)
(1.00045 1.02778e-07 0)
(1.00045 8.78949e-08 0)
(1.00045 7.51696e-08 0)
(1.00045 6.42887e-08 0)
(1.00045 5.49843e-08 0)
(1.00045 4.70279e-08 0)
(1.00045 4.02235e-08 0)
(1.00045 3.44042e-08 0)
(1.00045 2.94271e-08 0)
(1.00045 2.51704e-08 0)
(1.00045 2.15298e-08 0)
(1.00045 1.8416e-08 0)
(1.00045 1.57526e-08 0)
(1.00045 1.34743e-08 0)
(1.00045 1.15256e-08 0)
(1.00045 9.85896e-09 0)
(1.00045 8.43346e-09 0)
(1.00045 7.21418e-09 0)
(1.00045 6.17114e-09 0)
(1.00045 5.27877e-09 0)
(1.00045 4.51537e-09 0)
(1.00045 3.86237e-09 0)
(1.00045 3.3039e-09 0)
(1.00045 2.82625e-09 0)
(1.00045 2.41767e-09 0)
(1.00045 2.06811e-09 0)
(1.00045 1.76902e-09 0)
(1.00045 1.51316e-09 0)
(1.00045 1.29435e-09 0)
(1.00045 1.10726e-09 0)
(1.00045 9.47269e-10 0)
(1.00045 8.10386e-10 0)
(1.00045 6.93211e-10 0)
(1.00045 5.92914e-10 0)
(1.00045 5.07086e-10 0)
(1.00045 4.33703e-10 0)
(1.00045 3.7102e-10 0)
(1.00045 3.17478e-10 0)
(1.00045 2.71695e-10 0)
(1.00045 2.32498e-10 0)
(1.00045 1.989e-10 0)
(1.00045 1.70087e-10 0)
(1.00045 1.45422e-10 0)
(1.00045 1.24363e-10 0)
(1.00045 1.06414e-10 0)
(1.00045 9.11044e-11 0)
(1.00045 7.79976e-11 0)
(1.00045 6.675e-11 0)
(1.00045 5.70643e-11 0)
(1.00045 4.87505e-11 0)
(1.00045 4.16457e-11 0)
(1.00045 3.56016e-11 0)
(1.00045 3.05008e-11 0)
(1.00045 2.6175e-11 0)
(1.00045 2.24983e-11 0)
(1.00045 1.9314e-11 0)
(1.00045 1.65318e-11 0)
(1.00045 1.41112e-11 0)
(1.00045 1.20004e-11 0)
(1.00045 1.02068e-11 0)
(1.00045 8.67968e-12 0)
(1.00045 7.41805e-12 0)
(1.00045 6.37817e-12 0)
(1.00045 5.4949e-12 0)
(1.00045 4.76854e-12 0)
(1.00045 4.12261e-12 0)
(1.00045 3.55335e-12 0)
(1.00045 3.05414e-12 0)
(1.00045 2.60552e-12 0)
(1.00045 2.20008e-12 0)
(1.00045 1.86073e-12 0)
(1.00045 1.56294e-12 0)
(1.00045 1.31236e-12 0)
(1.00045 1.10205e-12 0)
(1.00045 9.23267e-13 0)
(1.00045 7.89096e-13 0)
(1.00045 6.65994e-13 0)
(1.00045 5.67128e-13 0)
(1.00045 4.89418e-13 0)
(1.00045 4.19415e-13 0)
(1.00045 3.31993e-13 0)
(1.00045 2.50597e-13 0)
(1.00045 1.87335e-13 0)
(1.00045 1.41937e-13 0)
(1.00045 1.32653e-13 0)
(1.00045 1.22206e-13 0)
(1.00045 1.1452e-13 0)
(1.00045 9.33538e-14 0)
(1.00045 6.82694e-14 0)
(1.00045 3.25757e-14 0)
(1.00045 -1.06384e-14 0)
(1.00045 -4.70388e-14 0)
(1.00045 -7.2025e-14 0)
(1.00045 -7.93128e-14 0)
(1.00045 -7.36201e-14 0)
(1.00045 -5.43199e-14 0)
(1.00045 -2.28166e-14 0)
(1.00045 1.19056e-14 0)
(1.00045 3.27206e-14 0)
(1.00045 4.18363e-14 0)
(1.00045 4.65159e-14 0)
(1.00045 1.08064e-14 0)
(1.00045 -1.64566e-14 0)
(1.00045 -5.63963e-14 0)
(1.00045 -7.37601e-14 0)
(1.00045 -6.25183e-14 0)
(1.00045 -6.19858e-14 0)
(1.00045 -3.08693e-14 0)
(1.00045 2.29623e-14 0)
(1.00045 9.4442e-14 0)
(1.00045 1.69222e-13 0)
(1.00045 2.29696e-13 0)
(1.00045 2.88146e-13 0)
(1.00045 3.27101e-13 0)
(1.00045 3.73501e-13 0)
(1.00045 3.96385e-13 0)
(1.00045 3.96827e-13 0)
(1.00045 4.11424e-13 0)
(1.00045 3.71793e-13 0)
(1.00045 3.57929e-13 0)
(1.00045 3.42032e-13 0)
(1.00045 3.22127e-13 0)
(1.00045 2.7993e-13 0)
(1.00045 2.44589e-13 0)
(1.00045 1.93485e-13 0)
(1.00045 1.63868e-13 0)
(1.00045 1.76376e-13 0)
(1.00045 9.35194e-14 0)
(1.00045 1.17365e-13 0)
(1.00045 9.3614e-14 0)
(1.00045 2.53434e-14 0)
(1.00045 1.08263e-13 0)
(1.00045 1.27906e-14 0)
(1.00045 7.41598e-14 0)
(1.00045 1.00413e-13 0)
(1.00045 2.38331e-14 0)
(1.00045 6.37854e-14 0)
(1.00045 8.0163e-14 0)
(1.00045 3.8515e-14 0)
(1.00045 1.30515e-14 0)
(1.00045 -8.6679e-15 0)
(1.00045 -4.8954e-14 0)
(1 6.61528e-05 0)
(1.00004 0.000188917 0)
(1.00011 0.000276557 0)
(1.0002 0.000328451 0)
(1.00029 0.0003674 0)
(1.00041 0.000382649 0)
(1.00051 0.000374577 0)
(1.00053 0.000375226 0)
(1.00051 0.000394456 0)
(1.00055 0.000413866 0)
(1.00062 0.000431908 0)
(1.00069 0.000455533 0)
(1.00075 0.00047356 0)
(1.00079 0.000467673 0)
(1.00081 0.000433212 0)
(1.00082 0.000379127 0)
(1.0008 0.000317381 0)
(1.00077 0.000257026 0)
(1.00073 0.000203471 0)
(1.0007 0.000159072 0)
(1.00066 0.000123922 0)
(1.00063 9.68381e-05 0)
(1.00061 7.62207e-05 0)
(1.00058 6.05528e-05 0)
(1.00057 4.85836e-05 0)
(1.00055 3.93517e-05 0)
(1.00054 3.21472e-05 0)
(1.00053 2.64566e-05 0)
(1.00052 2.19101e-05 0)
(1.00051 1.82401e-05 0)
(1.00051 1.52511e-05 0)
(1.0005 1.2798e-05 0)
(1.0005 1.07717e-05 0)
(1.00049 9.08887e-06 0)
(1.00049 7.68496e-06 0)
(1.00049 6.50926e-06 0)
(1.00048 5.52154e-06 0)
(1.00048 4.6895e-06 0)
(1.00048 3.98701e-06 0)
(1.00048 3.39277e-06 0)
(1.00048 2.88928e-06 0)
(1.00048 2.46209e-06 0)
(1.00048 2.0992e-06 0)
(1.00048 1.79064e-06 0)
(1.00048 1.52805e-06 0)
(1.00047 1.30441e-06 0)
(1.00047 1.11383e-06 0)
(1.00047 9.51327e-07 0)
(1.00047 8.1271e-07 0)
(1.00047 6.94419e-07 0)
(1.00047 5.9344e-07 0)
(1.00047 5.07213e-07 0)
(1.00047 4.33566e-07 0)
(1.00047 3.7065e-07 0)
(1.00047 3.16891e-07 0)
(1.00047 2.70949e-07 0)
(1.00047 2.31683e-07 0)
(1.00047 1.98118e-07 0)
(1.00047 1.69424e-07 0)
(1.00047 1.44892e-07 0)
(1.00047 1.23916e-07 0)
(1.00047 1.0598e-07 0)
(1.00047 9.06422e-08 0)
(1.00047 7.75263e-08 0)
(1.00047 6.63096e-08 0)
(1.00047 5.67165e-08 0)
(1.00047 4.85118e-08 0)
(1.00047 4.14946e-08 0)
(1.00047 3.54929e-08 0)
(1.00047 3.03596e-08 0)
(1.00047 2.59689e-08 0)
(1.00047 2.22133e-08 0)
(1.00047 1.9001e-08 0)
(1.00047 1.62535e-08 0)
(1.00047 1.39034e-08 0)
(1.00047 1.18931e-08 0)
(1.00047 1.01734e-08 0)
(1.00047 8.70222e-09 0)
(1.00047 7.44377e-09 0)
(1.00047 6.36741e-09 0)
(1.00047 5.44683e-09 0)
(1.00047 4.65938e-09 0)
(1.00047 3.98571e-09 0)
(1.00047 3.40935e-09 0)
(1.00047 2.9163e-09 0)
(1.00047 2.4946e-09 0)
(1.00047 2.13399e-09 0)
(1.00047 1.8256e-09 0)
(1.00047 1.56176e-09 0)
(1.00047 1.33598e-09 0)
(1.00047 1.14274e-09 0)
(1.00047 9.77391e-10 0)
(1.00047 8.3599e-10 0)
(1.00047 7.15138e-10 0)
(1.00047 6.11873e-10 0)
(1.00047 5.23587e-10 0)
(1.00047 4.48017e-10 0)
(1.00047 3.83283e-10 0)
(1.00047 3.27817e-10 0)
(1.00047 2.80335e-10 0)
(1.00047 2.3976e-10 0)
(1.00047 2.05112e-10 0)
(1.00047 1.75521e-10 0)
(1.00047 1.50221e-10 0)
(1.00047 1.28531e-10 0)
(1.00047 1.09908e-10 0)
(1.00047 9.39234e-11 0)
(1.00047 8.02517e-11 0)
(1.00047 6.86163e-11 0)
(1.00047 5.8725e-11 0)
(1.00047 5.03394e-11 0)
(1.00047 4.31576e-11 0)
(1.00047 3.6976e-11 0)
(1.00047 3.16148e-11 0)
(1.00047 2.69475e-11 0)
(1.00047 2.29251e-11 0)
(1.00047 1.94745e-11 0)
(1.00047 1.65987e-11 0)
(1.00047 1.41901e-11 0)
(1.00047 1.21838e-11 0)
(1.00047 1.05169e-11 0)
(1.00047 9.06924e-12 0)
(1.00047 7.80236e-12 0)
(1.00047 6.67975e-12 0)
(1.00047 5.68018e-12 0)
(1.00047 4.80471e-12 0)
(1.00047 4.07094e-12 0)
(1.00047 3.45236e-12 0)
(1.00047 2.9574e-12 0)
(1.00047 2.56246e-12 0)
(1.00047 2.25593e-12 0)
(1.00047 2.00107e-12 0)
(1.00047 1.79001e-12 0)
(1.00047 1.63101e-12 0)
(1.00047 1.48612e-12 0)
(1.00047 1.35101e-12 0)
(1.00047 1.20337e-12 0)
(1.00047 1.06186e-12 0)
(1.00047 9.39901e-13 0)
(1.00047 8.4545e-13 0)
(1.00047 7.7633e-13 0)
(1.00047 7.11286e-13 0)
(1.00047 6.83201e-13 0)
(1.00047 6.42338e-13 0)
(1.00047 5.88837e-13 0)
(1.00047 5.51364e-13 0)
(1.00047 5.05234e-13 0)
(1.00047 4.67339e-13 0)
(1.00047 4.21598e-13 0)
(1.00047 3.75853e-13 0)
(1.00047 3.26258e-13 0)
(1.00047 2.68191e-13 0)
(1.00047 2.32312e-13 0)
(1.00047 1.78886e-13 0)
(1.00047 1.27974e-13 0)
(1.00047 6.38673e-14 0)
(1.00047 -1.72347e-14 0)
(1.00047 -8.18405e-14 0)
(1.00047 -1.67085e-13 0)
(1.00047 -2.17313e-13 0)
(1.00047 -2.37641e-13 0)
(1.00047 -2.42693e-13 0)
(1.00047 -2.17478e-13 0)
(1.00047 -1.87299e-13 0)
(1.00047 -1.30216e-13 0)
(1.00047 -4.32722e-14 0)
(1.00047 4.11311e-14 0)
(1.00047 1.31309e-13 0)
(1.00047 1.98857e-13 0)
(1.00047 2.60127e-13 0)
(1.00047 3.23612e-13 0)
(1.00047 3.63851e-13 0)
(1.00047 4.23439e-13 0)
(1.00047 4.28878e-13 0)
(1.00047 4.08647e-13 0)
(1.00047 4.14848e-13 0)
(1.00047 3.73041e-13 0)
(1.00047 3.52193e-13 0)
(1.00047 3.45617e-13 0)
(1.00047 2.9987e-13 0)
(1.00047 2.11588e-13 0)
(1.00047 1.60389e-13 0)
(1.00047 8.5937e-14 0)
(1.00047 1.80652e-14 0)
(1.00047 1.01761e-14 0)
(1.00047 -8.77738e-14 0)
(1.00047 -1.24836e-13 0)
(1.00047 -1.59186e-13 0)
(1.00047 -1.64006e-13 0)
(1.00047 -1.08313e-13 0)
(1.00047 -1.83362e-13 0)
(1.00047 -1.59565e-13 0)
(1.00047 -1.37863e-13 0)
(1.00047 -1.0207e-13 0)
(1.00047 -6.96465e-14 0)
(1.00047 -6.66796e-14 0)
(1.00047 -8.49274e-14 0)
(1.00047 -4.29096e-14 0)
(1.00047 -1.28282e-14 0)
(1.00047 -1.76171e-14 0)
(1 6.01576e-05 0)
(1.00003 0.000177531 0)
(1.00007 0.000274083 0)
(1.00013 0.00033827 0)
(1.0002 0.000394064 0)
(1.00027 0.000431453 0)
(1.00036 0.000429699 0)
(1.0004 0.000418937 0)
(1.00041 0.000431939 0)
(1.00043 0.000459772 0)
(1.00049 0.00048699 0)
(1.00054 0.000512356 0)
(1.00058 0.000529602 0)
(1.00062 0.000524241 0)
(1.00065 0.000490008 0)
(1.00067 0.000434048 0)
(1.00067 0.000368531 0)
(1.00067 0.000303345 0)
(1.00065 0.000244459 0)
(1.00064 0.00019463 0)
(1.00062 0.000154308 0)
(1.0006 0.000122547 0)
(1.00058 9.78471e-05 0)
(1.00057 7.86933e-05 0)
(1.00055 6.37865e-05 0)
(1.00054 5.20976e-05 0)
(1.00053 4.28452e-05 0)
(1.00052 3.54491e-05 0)
(1.00051 2.94813e-05 0)
(1.00051 2.46251e-05 0)
(1.0005 2.06443e-05 0)
(1.0005 1.73603e-05 0)
(1.00049 1.46364e-05 0)
(1.00049 1.23667e-05 0)
(1.00049 1.04681e-05 0)
(1.00049 8.87475e-06 0)
(1.00048 7.53374e-06 0)
(1.00048 6.40247e-06 0)
(1.00048 5.44622e-06 0)
(1.00048 4.63651e-06 0)
(1.00048 3.94989e-06 0)
(1.00048 3.36692e-06 0)
(1.00048 2.87143e-06 0)
(1.00048 2.4499e-06 0)
(1.00047 2.09102e-06 0)
(1.00047 1.78527e-06 0)
(1.00047 1.52464e-06 0)
(1.00047 1.30236e-06 0)
(1.00047 1.1127e-06 0)
(1.00047 9.50829e-07 0)
(1.00047 8.12623e-07 0)
(1.00047 6.94593e-07 0)
(1.00047 5.9377e-07 0)
(1.00047 5.07629e-07 0)
(1.00047 4.3402e-07 0)
(1.00047 3.7111e-07 0)
(1.00047 3.17338e-07 0)
(1.00047 2.71371e-07 0)
(1.00047 2.32072e-07 0)
(1.00047 1.98472e-07 0)
(1.00047 1.69742e-07 0)
(1.00047 1.45175e-07 0)
(1.00047 1.24167e-07 0)
(1.00047 1.06201e-07 0)
(1.00047 9.0836e-08 0)
(1.00047 7.76951e-08 0)
(1.00047 6.64561e-08 0)
(1.00047 5.68436e-08 0)
(1.00047 4.86221e-08 0)
(1.00047 4.15902e-08 0)
(1.00047 3.55754e-08 0)
(1.00047 3.04307e-08 0)
(1.00047 2.60302e-08 0)
(1.00047 2.22662e-08 0)
(1.00047 1.90466e-08 0)
(1.00047 1.62925e-08 0)
(1.00047 1.39366e-08 0)
(1.00047 1.19213e-08 0)
(1.00047 1.01975e-08 0)
(1.00047 8.72314e-09 0)
(1.00047 7.46198e-09 0)
(1.00047 6.38313e-09 0)
(1.00047 5.46018e-09 0)
(1.00047 4.67058e-09 0)
(1.00047 3.99519e-09 0)
(1.00047 3.41758e-09 0)
(1.00047 2.9236e-09 0)
(1.00047 2.50107e-09 0)
(1.00047 2.13956e-09 0)
(1.00047 1.83019e-09 0)
(1.00047 1.56546e-09 0)
(1.00047 1.33898e-09 0)
(1.00047 1.14537e-09 0)
(1.00047 9.79862e-10 0)
(1.00047 8.38376e-10 0)
(1.00047 7.17339e-10 0)
(1.00047 6.1371e-10 0)
(1.00047 5.24968e-10 0)
(1.00047 4.48979e-10 0)
(1.00047 3.8399e-10 0)
(1.00047 3.28468e-10 0)
(1.00047 2.81047e-10 0)
(1.00047 2.40532e-10 0)
(1.00047 2.05823e-10 0)
(1.00047 1.76066e-10 0)
(1.00047 1.50517e-10 0)
(1.00047 1.28616e-10 0)
(1.00047 1.09923e-10 0)
(1.00047 9.40045e-11 0)
(1.00047 8.04789e-11 0)
(1.00047 6.89616e-11 0)
(1.00047 5.90898e-11 0)
(1.00047 5.05717e-11 0)
(1.00047 4.31875e-11 0)
(1.00047 3.6798e-11 0)
(1.00047 3.1313e-11 0)
(1.00047 2.66476e-11 0)
(1.00047 2.2742e-11 0)
(1.00047 1.94783e-11 0)
(1.00047 1.67377e-11 0)
(1.00047 1.44062e-11 0)
(1.00047 1.23883e-11 0)
(1.00047 1.06107e-11 0)
(1.00047 9.05356e-12 0)
(1.00047 7.68502e-12 0)
(1.00047 6.51962e-12 0)
(1.00047 5.54307e-12 0)
(1.00047 4.75244e-12 0)
(1.00047 4.10787e-12 0)
(1.00047 3.58133e-12 0)
(1.00047 3.15894e-12 0)
(1.00047 2.8018e-12 0)
(1.00047 2.51019e-12 0)
(1.00047 2.25501e-12 0)
(1.00047 2.0305e-12 0)
(1.00047 1.84229e-12 0)
(1.00047 1.65995e-12 0)
(1.00047 1.4953e-12 0)
(1.00047 1.34869e-12 0)
(1.00047 1.22937e-12 0)
(1.00047 1.12865e-12 0)
(1.00047 1.03883e-12 0)
(1.00047 9.5873e-13 0)
(1.00047 8.79333e-13 0)
(1.00047 8.03569e-13 0)
(1.00047 7.31832e-13 0)
(1.00047 6.58065e-13 0)
(1.00047 5.97972e-13 0)
(1.00047 5.46164e-13 0)
(1.00047 4.85185e-13 0)
(1.00047 4.24295e-13 0)
(1.00047 3.66801e-13 0)
(1.00047 3.08815e-13 0)
(1.00047 2.41424e-13 0)
(1.00047 1.71498e-13 0)
(1.00047 9.7636e-14 0)
(1.00047 -8.97628e-16 0)
(1.00047 -8.158e-14 0)
(1.00047 -1.70267e-13 0)
(1.00047 -2.21479e-13 0)
(1.00047 -2.49763e-13 0)
(1.00047 -2.71679e-13 0)
(1.00047 -2.56089e-13 0)
(1.00047 -2.1809e-13 0)
(1.00047 -1.45918e-13 0)
(1.00047 -5.09677e-14 0)
(1.00047 6.48162e-14 0)
(1.00047 1.69667e-13 0)
(1.00047 2.62703e-13 0)
(1.00047 3.64937e-13 0)
(1.00047 4.44376e-13 0)
(1.00047 5.1047e-13 0)
(1.00047 5.53072e-13 0)
(1.00047 5.54452e-13 0)
(1.00047 5.37781e-13 0)
(1.00047 5.10754e-13 0)
(1.00047 4.84303e-13 0)
(1.00047 4.28369e-13 0)
(1.00047 3.61487e-13 0)
(1.00047 2.82895e-13 0)
(1.00047 1.99672e-13 0)
(1.00047 1.38739e-13 0)
(1.00047 7.22676e-14 0)
(1.00047 -9.42952e-15 0)
(1.00047 -7.01809e-14 0)
(1.00047 -1.24562e-13 0)
(1.00047 -1.74978e-13 0)
(1.00047 -1.62763e-13 0)
(1.00047 -2.02158e-13 0)
(1.00047 -1.66636e-13 0)
(1.00047 -1.66784e-13 0)
(1.00047 -1.73358e-13 0)
(1.00047 -1.26728e-13 0)
(1.00047 -7.89622e-14 0)
(1.00047 -8.29799e-14 0)
(1.00047 -7.83986e-14 0)
(1.00047 -5.20039e-14 0)
(1.00047 -8.73466e-15 0)
(1.00047 -3.33071e-14 0)
(1.00047 -3.96079e-14 0)
(1 4.09729e-05 0)
(1.00002 0.000120947 0)
(1.00004 0.000191423 0)
(1.00009 0.000241242 0)
(1.00014 0.000283445 0)
(1.00019 0.000320985 0)
(1.00026 0.000334834 0)
(1.00032 0.000331218 0)
(1.00034 0.000336435 0)
(1.00035 0.000355662 0)
(1.0004 0.00037807 0)
(1.00045 0.000399263 0)
(1.0005 0.00041672 0)
(1.00053 0.000421825 0)
(1.00057 0.000407501 0)
(1.00059 0.000375282 0)
(1.00061 0.000332288 0)
(1.00061 0.00028566 0)
(1.00061 0.000240394 0)
(1.0006 0.000199437 0)
(1.00059 0.000164123 0)
(1.00057 0.000134615 0)
(1.00056 0.000110409 0)
(1.00055 9.07363e-05 0)
(1.00054 7.48046e-05 0)
(1.00053 6.18983e-05 0)
(1.00052 5.14141e-05 0)
(1.00051 4.28622e-05 0)
(1.00051 3.58535e-05 0)
(1.0005 3.00818e-05 0)
(1.0005 2.53069e-05 0)
(1.00049 2.13397e-05 0)
(1.00049 1.80309e-05 0)
(1.00049 1.52618e-05 0)
(1.00049 1.29374e-05 0)
(1.00048 1.09811e-05 0)
(1.00048 9.33098e-06 0)
(1.00048 7.9363e-06 0)
(1.00048 6.75555e-06 0)
(1.00048 5.75447e-06 0)
(1.00048 4.90466e-06 0)
(1.00048 4.18248e-06 0)
(1.00048 3.5682e-06 0)
(1.00048 3.04528e-06 0)
(1.00047 2.59983e-06 0)
(1.00047 2.22016e-06 0)
(1.00047 1.89638e-06 0)
(1.00047 1.62016e-06 0)
(1.00047 1.38441e-06 0)
(1.00047 1.18314e-06 0)
(1.00047 1.01127e-06 0)
(1.00047 8.64457e-07 0)
(1.00047 7.39031e-07 0)
(1.00047 6.31856e-07 0)
(1.00047 5.40261e-07 0)
(1.00047 4.61973e-07 0)
(1.00047 3.95051e-07 0)
(1.00047 3.37838e-07 0)
(1.00047 2.88922e-07 0)
(1.00047 2.47097e-07 0)
(1.00047 2.11333e-07 0)
(1.00047 1.8075e-07 0)
(1.00047 1.54596e-07 0)
(1.00047 1.32229e-07 0)
(1.00047 1.131e-07 0)
(1.00047 9.67389e-08 0)
(1.00047 8.27459e-08 0)
(1.00047 7.07779e-08 0)
(1.00047 6.05416e-08 0)
(1.00047 5.1786e-08 0)
(1.00047 4.42969e-08 0)
(1.00047 3.7891e-08 0)
(1.00047 3.24117e-08 0)
(1.00047 2.7725e-08 0)
(1.00047 2.37161e-08 0)
(1.00047 2.02868e-08 0)
(1.00047 1.73534e-08 0)
(1.00047 1.48442e-08 0)
(1.00047 1.26978e-08 0)
(1.00047 1.0862e-08 0)
(1.00047 9.29154e-09 0)
(1.00047 7.9481e-09 0)
(1.00047 6.79885e-09 0)
(1.00047 5.81576e-09 0)
(1.00047 4.97488e-09 0)
(1.00047 4.25571e-09 0)
(1.00047 3.64057e-09 0)
(1.00047 3.11433e-09 0)
(1.00047 2.66407e-09 0)
(1.00047 2.27881e-09 0)
(1.00047 1.94921e-09 0)
(1.00047 1.66732e-09 0)
(1.00047 1.42632e-09 0)
(1.00047 1.22026e-09 0)
(1.00047 1.04402e-09 0)
(1.00047 8.93194e-10 0)
(1.00047 7.64058e-10 0)
(1.00047 6.53515e-10 0)
(1.00047 5.58942e-10 0)
(1.00047 4.78117e-10 0)
(1.00047 4.0907e-10 0)
(1.00047 3.5005e-10 0)
(1.00047 2.99562e-10 0)
(1.00047 2.56281e-10 0)
(1.00047 2.19151e-10 0)
(1.00047 1.87323e-10 0)
(1.00047 1.6008e-10 0)
(1.00047 1.36863e-10 0)
(1.00047 1.171e-10 0)
(1.00047 1.00294e-10 0)
(1.00047 8.59248e-11 0)
(1.00047 7.35653e-11 0)
(1.00047 6.28998e-11 0)
(1.00047 5.36581e-11 0)
(1.00047 4.57053e-11 0)
(1.00047 3.89055e-11 0)
(1.00047 3.31649e-11 0)
(1.00047 2.83552e-11 0)
(1.00047 2.43245e-11 0)
(1.00047 2.09089e-11 0)
(1.00047 1.79713e-11 0)
(1.00047 1.54128e-11 0)
(1.00047 1.31632e-11 0)
(1.00047 1.11957e-11 0)
(1.00047 9.49888e-12 0)
(1.00047 8.07774e-12 0)
(1.00047 6.88915e-12 0)
(1.00047 5.92784e-12 0)
(1.00047 5.13957e-12 0)
(1.00047 4.48913e-12 0)
(1.00047 3.95946e-12 0)
(1.00047 3.51488e-12 0)
(1.00047 3.13926e-12 0)
(1.00047 2.81507e-12 0)
(1.00047 2.53717e-12 0)
(1.00047 2.29222e-12 0)
(1.00047 2.08543e-12 0)
(1.00047 1.89235e-12 0)
(1.00047 1.72704e-12 0)
(1.00047 1.59415e-12 0)
(1.00047 1.45993e-12 0)
(1.00047 1.3468e-12 0)
(1.00047 1.23724e-12 0)
(1.00047 1.12299e-12 0)
(1.00047 1.02575e-12 0)
(1.00047 9.45942e-13 0)
(1.00047 8.78411e-13 0)
(1.00047 8.14047e-13 0)
(1.00047 7.45288e-13 0)
(1.00047 6.79069e-13 0)
(1.00047 6.05154e-13 0)
(1.00047 5.27175e-13 0)
(1.00047 4.42776e-13 0)
(1.00047 3.38551e-13 0)
(1.00047 2.08107e-13 0)
(1.00047 7.63976e-14 0)
(1.00047 -6.61145e-14 0)
(1.00047 -1.91391e-13 0)
(1.00047 -2.85359e-13 0)
(1.00047 -3.67072e-13 0)
(1.00047 -4.07165e-13 0)
(1.00047 -4.02198e-13 0)
(1.00047 -3.75966e-13 0)
(1.00047 -2.84934e-13 0)
(1.00047 -1.73933e-13 0)
(1.00047 -4.11509e-14 0)
(1.00047 1.07073e-13 0)
(1.00047 2.28975e-13 0)
(1.00047 3.53131e-13 0)
(1.00047 4.79549e-13 0)
(1.00047 5.76611e-13 0)
(1.00047 6.42357e-13 0)
(1.00047 6.75491e-13 0)
(1.00047 6.87113e-13 0)
(1.00047 6.80825e-13 0)
(1.00047 6.43947e-13 0)
(1.00047 6.14413e-13 0)
(1.00047 5.21885e-13 0)
(1.00047 4.28016e-13 0)
(1.00047 3.32835e-13 0)
(1.00047 2.28835e-13 0)
(1.00047 1.4825e-13 0)
(1.00047 7.58987e-15 0)
(1.00047 -7.64696e-14 0)
(1.00047 -1.58278e-13 0)
(1.00047 -2.36613e-13 0)
(1.00047 -2.54618e-13 0)
(1.00047 -3.12731e-13 0)
(1.00047 -3.38197e-13 0)
(1.00047 -3.33065e-13 0)
(1.00047 -3.21511e-13 0)
(1.00047 -2.12316e-13 0)
(1.00047 -2.49408e-13 0)
(1.00047 -2.34941e-13 0)
(1.00047 -1.59156e-13 0)
(1.00047 -8.94001e-14 0)
(1.00047 -1.12814e-13 0)
(1.00047 -1.18625e-13 0)
(1.00047 -6.84533e-14 0)
(1.00047 -3.49738e-14 0)
(1 3.38011e-05 0)
(1.00001 0.000101082 0)
(1.00003 0.00016364 0)
(1.00007 0.000213444 0)
(1.00011 0.000257453 0)
(1.00015 0.000300594 0)
(1.00021 0.000326804 0)
(1.00025 0.000331459 0)
(1.00028 0.00033546 0)
(1.00031 0.000353097 0)
(1.00034 0.000378541 0)
(1.00038 0.000402433 0)
(1.00042 0.000419318 0)
(1.00046 0.000423357 0)
(1.00049 0.000409845 0)
(1.00052 0.000379826 0)
(1.00054 0.0003392 0)
(1.00055 0.000294542 0)
(1.00055 0.000250688 0)
(1.00055 0.000210515 0)
(1.00055 0.000175383 0)
(1.00054 0.000145579 0)
(1.00054 0.000120747 0)
(1.00053 0.000100254 0)
(1.00052 8.34078e-05 0)
(1.00052 6.95668e-05 0)
(1.00051 5.81772e-05 0)
(1.00051 4.87795e-05 0)
(1.0005 4.09999e-05 0)
(1.0005 3.45381e-05 0)
(1.00049 2.9153e-05 0)
(1.00049 2.46513e-05 0)
(1.00049 2.08772e-05 0)
(1.00049 1.7705e-05 0)
(1.00048 1.50326e-05 0)
(1.00048 1.27767e-05 0)
(1.00048 1.08689e-05 0)
(1.00048 9.25314e-06 0)
(1.00048 7.88278e-06 0)
(1.00048 6.71921e-06 0)
(1.00048 5.7302e-06 0)
(1.00048 4.88885e-06 0)
(1.00048 4.17255e-06 0)
(1.00047 3.56232e-06 0)
(1.00047 3.04215e-06 0)
(1.00047 2.59855e-06 0)
(1.00047 2.22008e-06 0)
(1.00047 1.89706e-06 0)
(1.00047 1.62128e-06 0)
(1.00047 1.38577e-06 0)
(1.00047 1.1846e-06 0)
(1.00047 1.01273e-06 0)
(1.00047 8.65864e-07 0)
(1.00047 7.4035e-07 0)
(1.00047 6.33069e-07 0)
(1.00047 5.41363e-07 0)
(1.00047 4.62961e-07 0)
(1.00047 3.95929e-07 0)
(1.00047 3.38614e-07 0)
(1.00047 2.89604e-07 0)
(1.00047 2.47694e-07 0)
(1.00047 2.11854e-07 0)
(1.00047 1.81203e-07 0)
(1.00047 1.54989e-07 0)
(1.00047 1.32569e-07 0)
(1.00047 1.13393e-07 0)
(1.00047 9.69924e-08 0)
(1.00047 8.29647e-08 0)
(1.00047 7.09664e-08 0)
(1.00047 6.07036e-08 0)
(1.00047 5.19251e-08 0)
(1.00047 4.44162e-08 0)
(1.00047 3.79935e-08 0)
(1.00047 3.24997e-08 0)
(1.00047 2.78004e-08 0)
(1.00047 2.37806e-08 0)
(1.00047 2.03421e-08 0)
(1.00047 1.74008e-08 0)
(1.00047 1.48848e-08 0)
(1.00047 1.27328e-08 0)
(1.00047 1.08919e-08 0)
(1.00047 9.31712e-09 0)
(1.00047 7.96999e-09 0)
(1.00047 6.81763e-09 0)
(1.00047 5.83193e-09 0)
(1.00047 4.98881e-09 0)
(1.00047 4.26762e-09 0)
(1.00047 3.65065e-09 0)
(1.00047 3.12282e-09 0)
(1.00047 2.67127e-09 0)
(1.00047 2.28501e-09 0)
(1.00047 1.95467e-09 0)
(1.00047 1.67217e-09 0)
(1.00047 1.43054e-09 0)
(1.00047 1.22382e-09 0)
(1.00047 1.04691e-09 0)
(1.00047 8.95497e-10 0)
(1.00047 7.65945e-10 0)
(1.00047 6.55169e-10 0)
(1.00047 5.60483e-10 0)
(1.00047 4.79568e-10 0)
(1.00047 4.10385e-10 0)
(1.00047 3.51137e-10 0)
(1.00047 3.00365e-10 0)
(1.00047 2.56825e-10 0)
(1.00047 2.19535e-10 0)
(1.00047 1.8767e-10 0)
(1.00047 1.60503e-10 0)
(1.00047 1.3736e-10 0)
(1.00047 1.17617e-10 0)
(1.00047 1.00718e-10 0)
(1.00047 8.61768e-11 0)
(1.00047 7.36153e-11 0)
(1.00047 6.27868e-11 0)
(1.00047 5.35227e-11 0)
(1.00047 4.56132e-11 0)
(1.00047 3.89512e-11 0)
(1.00047 3.33453e-11 0)
(1.00047 2.86047e-11 0)
(1.00047 2.45665e-11 0)
(1.00047 2.10755e-11 0)
(1.00047 1.80209e-11 0)
(1.00047 1.53603e-11 0)
(1.00047 1.30506e-11 0)
(1.00047 1.10882e-11 0)
(1.00047 9.44336e-12 0)
(1.00047 8.07201e-12 0)
(1.00047 6.96713e-12 0)
(1.00047 6.03893e-12 0)
(1.00047 5.28302e-12 0)
(1.00047 4.65217e-12 0)
(1.00047 4.11821e-12 0)
(1.00047 3.68142e-12 0)
(1.00047 3.29878e-12 0)
(1.00047 2.97434e-12 0)
(1.00047 2.69528e-12 0)
(1.00047 2.45945e-12 0)
(1.00047 2.24644e-12 0)
(1.00047 2.06458e-12 0)
(1.00047 1.90738e-12 0)
(1.00047 1.75025e-12 0)
(1.00047 1.61094e-12 0)
(1.00047 1.47065e-12 0)
(1.00047 1.33515e-12 0)
(1.00047 1.22632e-12 0)
(1.00047 1.13585e-12 0)
(1.00047 1.05559e-12 0)
(1.00047 9.75403e-13 0)
(1.00047 8.91982e-13 0)
(1.00047 8.14402e-13 0)
(1.00047 7.27046e-13 0)
(1.00047 6.30295e-13 0)
(1.00047 5.16483e-13 0)
(1.00047 3.77368e-13 0)
(1.00047 2.32883e-13 0)
(1.00047 6.16296e-14 0)
(1.00047 -8.10305e-14 0)
(1.00047 -2.22668e-13 0)
(1.00047 -3.32492e-13 0)
(1.00047 -4.04307e-13 0)
(1.00047 -4.49128e-13 0)
(1.00047 -4.40135e-13 0)
(1.00047 -3.90364e-13 0)
(1.00047 -2.90966e-13 0)
(1.00047 -1.68386e-13 0)
(1.00047 -2.09853e-14 0)
(1.00047 1.31588e-13 0)
(1.00047 2.72633e-13 0)
(1.00047 4.26033e-13 0)
(1.00047 5.61131e-13 0)
(1.00047 6.54455e-13 0)
(1.00047 7.24348e-13 0)
(1.00047 7.5347e-13 0)
(1.00047 7.71931e-13 0)
(1.00047 7.74642e-13 0)
(1.00047 7.199e-13 0)
(1.00047 6.57851e-13 0)
(1.00047 5.66104e-13 0)
(1.00047 4.55176e-13 0)
(1.00047 3.51397e-13 0)
(1.00047 2.2597e-13 0)
(1.00047 1.2294e-13 0)
(1.00047 -3.66037e-14 0)
(1.00047 -1.43925e-13 0)
(1.00047 -2.03996e-13 0)
(1.00047 -2.86794e-13 0)
(1.00047 -3.38884e-13 0)
(1.00047 -4.0755e-13 0)
(1.00047 -3.88488e-13 0)
(1.00047 -3.44362e-13 0)
(1.00047 -3.72284e-13 0)
(1.00047 -3.10037e-13 0)
(1.00047 -2.89948e-13 0)
(1.00047 -2.1068e-13 0)
(1.00047 -1.63944e-13 0)
(1.00047 -1.35964e-13 0)
(1.00047 -1.23376e-13 0)
(1.00047 -9.52803e-14 0)
(1.00047 -6.66178e-14 0)
(1.00047 -3.72937e-14 0)
(1 2.76481e-05 0)
(1.00001 8.31454e-05 0)
(1.00003 0.000134427 0)
(1.00005 0.000176987 0)
(1.00008 0.000214752 0)
(1.00012 0.000251333 0)
(1.00016 0.000277289 0)
(1.0002 0.000286164 0)
(1.00024 0.000289794 0)
(1.00026 0.000302115 0)
(1.00029 0.000323002 0)
(1.00033 0.000344792 0)
(1.00037 0.000361343 0)
(1.0004 0.000367964 0)
(1.00044 0.000361129 0)
(1.00046 0.000340847 0)
(1.00049 0.000310821 0)
(1.0005 0.000275928 0)
(1.00051 0.000240156 0)
(1.00052 0.000206108 0)
(1.00052 0.000175237 0)
(1.00052 0.00014814 0)
(1.00052 0.00012485 0)
(1.00051 0.000105085 0)
(1.00051 8.84376e-05 0)
(1.00051 7.44707e-05 0)
(1.0005 6.27726e-05 0)
(1.0005 5.29766e-05 0)
(1.00049 4.47673e-05 0)
(1.00049 3.7879e-05 0)
(1.00049 3.20903e-05 0)
(1.00049 2.72174e-05 0)
(1.00048 2.31087e-05 0)
(1.00048 1.96388e-05 0)
(1.00048 1.67039e-05 0)
(1.00048 1.42183e-05 0)
(1.00048 1.21104e-05 0)
(1.00048 1.03209e-05 0)
(1.00048 8.80031e-06 0)
(1.00048 7.50699e-06 0)
(1.00048 6.40616e-06 0)
(1.00047 5.46855e-06 0)
(1.00047 4.6695e-06 0)
(1.00047 3.98819e-06 0)
(1.00047 3.407e-06 0)
(1.00047 2.91105e-06 0)
(1.00047 2.48769e-06 0)
(1.00047 2.12618e-06 0)
(1.00047 1.81743e-06 0)
(1.00047 1.55367e-06 0)
(1.00047 1.3283e-06 0)
(1.00047 1.13572e-06 0)
(1.00047 9.71115e-07 0)
(1.00047 8.30416e-07 0)
(1.00047 7.10136e-07 0)
(1.00047 6.07304e-07 0)
(1.00047 5.19381e-07 0)
(1.00047 4.44201e-07 0)
(1.00047 3.79913e-07 0)
(1.00047 3.24938e-07 0)
(1.00047 2.77923e-07 0)
(1.00047 2.37715e-07 0)
(1.00047 2.03327e-07 0)
(1.00047 1.73915e-07 0)
(1.00047 1.48759e-07 0)
(1.00047 1.27244e-07 0)
(1.00047 1.08841e-07 0)
(1.00047 9.3101e-08 0)
(1.00047 7.96374e-08 0)
(1.00047 6.8121e-08 0)
(1.00047 5.82701e-08 0)
(1.00047 4.9844e-08 0)
(1.00047 4.26366e-08 0)
(1.00047 3.64716e-08 0)
(1.00047 3.11981e-08 0)
(1.00047 2.66871e-08 0)
(1.00047 2.28283e-08 0)
(1.00047 1.95276e-08 0)
(1.00047 1.67042e-08 0)
(1.00047 1.42892e-08 0)
(1.00047 1.22233e-08 0)
(1.00047 1.04561e-08 0)
(1.00047 8.94433e-09 0)
(1.00047 7.65108e-09 0)
(1.00047 6.54485e-09 0)
(1.00047 5.59863e-09 0)
(1.00047 4.78925e-09 0)
(1.00047 4.09689e-09 0)
(1.00047 3.50458e-09 0)
(1.00047 2.99789e-09 0)
(1.00047 2.56446e-09 0)
(1.00047 2.19375e-09 0)
(1.00047 1.87666e-09 0)
(1.00047 1.60542e-09 0)
(1.00047 1.37335e-09 0)
(1.00047 1.17476e-09 0)
(1.00047 1.00483e-09 0)
(1.00047 8.59471e-10 0)
(1.00047 7.35204e-10 0)
(1.00047 6.29007e-10 0)
(1.00047 5.38208e-10 0)
(1.00047 4.60555e-10 0)
(1.00047 3.94045e-10 0)
(1.00047 3.37028e-10 0)
(1.00047 2.88175e-10 0)
(1.00047 2.46351e-10 0)
(1.00047 2.10635e-10 0)
(1.00047 1.80177e-10 0)
(1.00047 1.5421e-10 0)
(1.00047 1.32031e-10 0)
(1.00047 1.13002e-10 0)
(1.00047 9.6642e-11 0)
(1.00047 8.25305e-11 0)
(1.00047 7.03977e-11 0)
(1.00047 6.00322e-11 0)
(1.00047 5.12216e-11 0)
(1.00047 4.37929e-11 0)
(1.00047 3.75125e-11 0)
(1.00047 3.21805e-11 0)
(1.00047 2.76097e-11 0)
(1.00047 2.36382e-11 0)
(1.00047 2.01763e-11 0)
(1.00047 1.71753e-11 0)
(1.00047 1.45854e-11 0)
(1.00047 1.23967e-11 0)
(1.00047 1.0579e-11 0)
(1.00047 9.06286e-12 0)
(1.00047 7.82952e-12 0)
(1.00047 6.79973e-12 0)
(1.00047 5.94617e-12 0)
(1.00047 5.23059e-12 0)
(1.00047 4.61202e-12 0)
(1.00047 4.10744e-12 0)
(1.00047 3.67748e-12 0)
(1.00047 3.32407e-12 0)
(1.00047 3.02293e-12 0)
(1.00047 2.76401e-12 0)
(1.00047 2.5504e-12 0)
(1.00047 2.35791e-12 0)
(1.00047 2.18335e-12 0)
(1.00047 2.01252e-12 0)
(1.00047 1.84089e-12 0)
(1.00047 1.68225e-12 0)
(1.00047 1.52916e-12 0)
(1.00047 1.40208e-12 0)
(1.00047 1.30126e-12 0)
(1.00047 1.2015e-12 0)
(1.00047 1.11441e-12 0)
(1.00047 1.02317e-12 0)
(1.00047 9.44192e-13 0)
(1.00047 8.44357e-13 0)
(1.00047 7.34567e-13 0)
(1.00047 5.96899e-13 0)
(1.00047 4.16693e-13 0)
(1.00047 2.5266e-13 0)
(1.00047 6.0352e-14 0)
(1.00047 -1.04741e-13 0)
(1.00047 -2.66438e-13 0)
(1.00047 -4.08387e-13 0)
(1.00047 -4.8535e-13 0)
(1.00047 -5.28722e-13 0)
(1.00047 -5.13073e-13 0)
(1.00047 -4.40606e-13 0)
(1.00047 -3.27168e-13 0)
(1.00047 -1.85239e-13 0)
(1.00047 -2.96331e-14 0)
(1.00047 1.47627e-13 0)
(1.00047 3.16078e-13 0)
(1.00047 4.80344e-13 0)
(1.00047 6.23816e-13 0)
(1.00047 7.1487e-13 0)
(1.00047 8.05039e-13 0)
(1.00047 8.42748e-13 0)
(1.00047 8.59334e-13 0)
(1.00047 8.61038e-13 0)
(1.00047 7.91291e-13 0)
(1.00047 7.03504e-13 0)
(1.00047 6.15964e-13 0)
(1.00047 5.10437e-13 0)
(1.00047 3.79702e-13 0)
(1.00047 2.04204e-13 0)
(1.00047 9.36864e-14 0)
(1.00047 -4.30642e-14 0)
(1.00047 -1.79419e-13 0)
(1.00047 -2.68068e-13 0)
(1.00047 -3.56225e-13 0)
(1.00047 -4.15034e-13 0)
(1.00047 -4.44384e-13 0)
(1.00047 -4.6733e-13 0)
(1.00047 -4.33177e-13 0)
(1.00047 -4.20856e-13 0)
(1.00047 -3.59802e-13 0)
(1.00047 -3.52684e-13 0)
(1.00047 -2.91402e-13 0)
(1.00047 -2.44453e-13 0)
(1.00047 -1.90269e-13 0)
(1.00047 -1.33925e-13 0)
(1.00047 -1.18095e-13 0)
(1.00047 -1.27164e-13 0)
(1.00047 -7.46485e-14 0)
(1 2.29417e-05 0)
(1.00001 6.93969e-05 0)
(1.00002 0.000112374 0)
(1.00004 0.000149644 0)
(1.00007 0.000183792 0)
(1.0001 0.000217028 0)
(1.00013 0.000243572 0)
(1.00017 0.000257362 0)
(1.0002 0.000264524 0)
(1.00023 0.000276484 0)
(1.00025 0.000296136 0)
(1.00029 0.000317753 0)
(1.00032 0.000334532 0)
(1.00036 0.000341758 0)
(1.00039 0.000336889 0)
(1.00042 0.000320181 0)
(1.00044 0.000294603 0)
(1.00046 0.000264202 0)
(1.00048 0.000232475 0)
(1.00048 0.000201795 0)
(1.00049 0.000173529 0)
(1.00049 0.000148309 0)
(1.00049 0.000126276 0)
(1.00049 0.000107282 0)
(1.00049 9.10447e-05 0)
(1.00049 7.72343e-05 0)
(1.00049 6.55228e-05 0)
(1.00049 5.56065e-05 0)
(1.00049 4.72152e-05 0)
(1.00048 4.01141e-05 0)
(1.00048 3.41025e-05 0)
(1.00048 2.901e-05 0)
(1.00048 2.46929e-05 0)
(1.00048 2.103e-05 0)
(1.00048 1.79199e-05 0)
(1.00048 1.52768e-05 0)
(1.00048 1.30292e-05 0)
(1.00048 1.11164e-05 0)
(1.00048 9.4876e-06 0)
(1.00047 8.09986e-06 0)
(1.00047 6.9169e-06 0)
(1.00047 5.90804e-06 0)
(1.00047 5.04733e-06 0)
(1.00047 4.31276e-06 0)
(1.00047 3.68565e-06 0)
(1.00047 3.15014e-06 0)
(1.00047 2.69274e-06 0)
(1.00047 2.30198e-06 0)
(1.00047 1.9681e-06 0)
(1.00047 1.68276e-06 0)
(1.00047 1.43889e-06 0)
(1.00047 1.23042e-06 0)
(1.00047 1.05221e-06 0)
(1.00047 8.99846e-07 0)
(1.00047 7.69573e-07 0)
(1.00047 6.5818e-07 0)
(1.00047 5.62925e-07 0)
(1.00047 4.81467e-07 0)
(1.00047 4.11805e-07 0)
(1.00047 3.52228e-07 0)
(1.00047 3.01274e-07 0)
(1.00047 2.57695e-07 0)
(1.00047 2.20422e-07 0)
(1.00047 1.88541e-07 0)
(1.00047 1.61273e-07 0)
(1.00047 1.3795e-07 0)
(1.00047 1.18001e-07 0)
(1.00047 1.00937e-07 0)
(1.00047 8.63409e-08 0)
(1.00047 7.38555e-08 0)
(1.00047 6.31758e-08 0)
(1.00047 5.40407e-08 0)
(1.00047 4.62268e-08 0)
(1.00047 3.95429e-08 0)
(1.00047 3.38254e-08 0)
(1.00047 2.89346e-08 0)
(1.00047 2.47509e-08 0)
(1.00047 2.11723e-08 0)
(1.00047 1.81112e-08 0)
(1.00047 1.54928e-08 0)
(1.00047 1.3253e-08 0)
(1.00047 1.13369e-08 0)
(1.00047 9.69775e-09 0)
(1.00047 8.29558e-09 0)
(1.00047 7.09617e-09 0)
(1.00047 6.07026e-09 0)
(1.00047 5.1927e-09 0)
(1.00047 4.44203e-09 0)
(1.00047 3.79985e-09 0)
(1.00047 3.25049e-09 0)
(1.00047 2.78058e-09 0)
(1.00047 2.37863e-09 0)
(1.00047 2.0348e-09 0)
(1.00047 1.74065e-09 0)
(1.00047 1.48895e-09 0)
(1.00047 1.27359e-09 0)
(1.00047 1.08935e-09 0)
(1.00047 9.31792e-10 0)
(1.00047 7.97106e-10 0)
(1.00047 6.82003e-10 0)
(1.00047 5.83589e-10 0)
(1.00047 4.99353e-10 0)
(1.00047 4.27196e-10 0)
(1.00047 3.65346e-10 0)
(1.00047 3.12379e-10 0)
(1.00047 2.67078e-10 0)
(1.00047 2.28404e-10 0)
(1.00047 1.95419e-10 0)
(1.00047 1.67256e-10 0)
(1.00047 1.43173e-10 0)
(1.00047 1.225e-10 0)
(1.00047 1.04708e-10 0)
(1.00047 8.93917e-11 0)
(1.00047 7.62722e-11 0)
(1.00047 6.50865e-11 0)
(1.00047 5.56072e-11 0)
(1.00047 4.75826e-11 0)
(1.00047 4.07871e-11 0)
(1.00047 3.49814e-11 0)
(1.00047 2.99631e-11 0)
(1.00047 2.56018e-11 0)
(1.00047 2.18178e-11 0)
(1.00047 1.85443e-11 0)
(1.00047 1.57528e-11 0)
(1.00047 1.34116e-11 0)
(1.00047 1.14618e-11 0)
(1.00047 9.85796e-12 0)
(1.00047 8.51302e-12 0)
(1.00047 7.39532e-12 0)
(1.00047 6.44566e-12 0)
(1.00047 5.64565e-12 0)
(1.00047 4.97405e-12 0)
(1.00047 4.41063e-12 0)
(1.00047 3.949e-12 0)
(1.00047 3.5774e-12 0)
(1.00047 3.27474e-12 0)
(1.00047 3.01668e-12 0)
(1.00047 2.79781e-12 0)
(1.00047 2.60347e-12 0)
(1.00047 2.40953e-12 0)
(1.00047 2.21588e-12 0)
(1.00047 2.0275e-12 0)
(1.00047 1.84771e-12 0)
(1.00047 1.68674e-12 0)
(1.00047 1.54796e-12 0)
(1.00047 1.42935e-12 0)
(1.00047 1.32222e-12 0)
(1.00047 1.22251e-12 0)
(1.00047 1.12983e-12 0)
(1.00047 1.04055e-12 0)
(1.00047 9.35088e-13 0)
(1.00047 7.99438e-13 0)
(1.00047 6.36898e-13 0)
(1.00047 4.51132e-13 0)
(1.00047 2.46176e-13 0)
(1.00047 5.84541e-14 0)
(1.00047 -1.33618e-13 0)
(1.00047 -3.08175e-13 0)
(1.00047 -4.459e-13 0)
(1.00047 -5.37404e-13 0)
(1.00047 -5.60638e-13 0)
(1.00047 -5.39782e-13 0)
(1.00047 -4.60028e-13 0)
(1.00047 -3.40281e-13 0)
(1.00047 -1.90772e-13 0)
(1.00047 -1.17907e-14 0)
(1.00047 1.74407e-13 0)
(1.00047 3.59719e-13 0)
(1.00047 5.2473e-13 0)
(1.00047 6.60321e-13 0)
(1.00047 7.6444e-13 0)
(1.00047 8.58058e-13 0)
(1.00047 9.16389e-13 0)
(1.00047 9.0959e-13 0)
(1.00047 8.91279e-13 0)
(1.00047 8.43973e-13 0)
(1.00047 7.3648e-13 0)
(1.00047 6.36945e-13 0)
(1.00047 5.19309e-13 0)
(1.00047 3.7309e-13 0)
(1.00047 1.84975e-13 0)
(1.00047 5.26703e-14 0)
(1.00047 -5.77868e-14 0)
(1.00047 -2.15807e-13 0)
(1.00047 -3.28902e-13 0)
(1.00047 -4.44454e-13 0)
(1.00047 -4.24927e-13 0)
(1.00047 -5.03388e-13 0)
(1.00047 -5.4921e-13 0)
(1.00047 -4.64097e-13 0)
(1.00047 -5.16415e-13 0)
(1.00047 -3.68038e-13 0)
(1.00047 -3.60763e-13 0)
(1.00047 -3.35852e-13 0)
(1.00047 -2.57964e-13 0)
(1.00047 -2.12527e-13 0)
(1.00047 -1.82532e-13 0)
(1.00047 -1.34257e-13 0)
(1.00047 -1.01061e-13 0)
(1.00047 -6.59233e-14 0)
(1 1.93246e-05 0)
(1.00001 5.8723e-05 0)
(1.00002 9.53805e-05 0)
(1.00003 0.000127731 0)
(1.00005 0.000158227 0)
(1.00008 0.000188329 0)
(1.00011 0.000213507 0)
(1.00014 0.000228618 0)
(1.00017 0.000237069 0)
(1.0002 0.000247733 0)
(1.00023 0.000264563 0)
(1.00026 0.0002839 0)
(1.00029 0.000299586 0)
(1.00032 0.000307072 0)
(1.00035 0.000304244 0)
(1.00038 0.000291371 0)
(1.00041 0.000270728 0)
(1.00043 0.000245492 0)
(1.00044 0.000218552 0)
(1.00046 0.000191973 0)
(1.00046 0.000167011 0)
(1.00047 0.000144316 0)
(1.00048 0.000124128 0)
(1.00048 0.000106428 0)
(1.00048 9.10598e-05 0)
(1.00048 7.78035e-05 0)
(1.00048 6.642e-05 0)
(1.00048 5.66742e-05 0)
(1.00048 4.8347e-05 0)
(1.00048 4.12409e-05 0)
(1.00048 3.51813e-05 0)
(1.00048 3.00161e-05 0)
(1.00048 2.56137e-05 0)
(1.00048 2.18613e-05 0)
(1.00048 1.86625e-05 0)
(1.00047 1.5935e-05 0)
(1.00047 1.36089e-05 0)
(1.00047 1.16244e-05 0)
(1.00047 9.93096e-06 0)
(1.00047 8.48553e-06 0)
(1.00047 7.25149e-06 0)
(1.00047 6.19769e-06 0)
(1.00047 5.2976e-06 0)
(1.00047 4.52868e-06 0)
(1.00047 3.87169e-06 0)
(1.00047 3.31026e-06 0)
(1.00047 2.83043e-06 0)
(1.00047 2.4203e-06 0)
(1.00047 2.06969e-06 0)
(1.00047 1.76995e-06 0)
(1.00047 1.51368e-06 0)
(1.00047 1.29456e-06 0)
(1.00047 1.10718e-06 0)
(1.00047 9.46956e-07 0)
(1.00047 8.09932e-07 0)
(1.00047 6.92749e-07 0)
(1.00047 5.92529e-07 0)
(1.00047 5.06815e-07 0)
(1.00047 4.33506e-07 0)
(1.00047 3.70805e-07 0)
(1.00047 3.17175e-07 0)
(1.00047 2.71304e-07 0)
(1.00047 2.32068e-07 0)
(1.00047 1.98508e-07 0)
(1.00047 1.69802e-07 0)
(1.00047 1.45248e-07 0)
(1.00047 1.24245e-07 0)
(1.00047 1.06279e-07 0)
(1.00047 9.09114e-08 0)
(1.00047 7.77658e-08 0)
(1.00047 6.65213e-08 0)
(1.00047 5.6903e-08 0)
(1.00047 4.86756e-08 0)
(1.00047 4.16378e-08 0)
(1.00047 3.56175e-08 0)
(1.00047 3.04676e-08 0)
(1.00047 2.60624e-08 0)
(1.00047 2.22942e-08 0)
(1.00047 1.9071e-08 0)
(1.00047 1.63139e-08 0)
(1.00047 1.39554e-08 0)
(1.00047 1.19377e-08 0)
(1.00047 1.02117e-08 0)
(1.00047 8.73525e-09 0)
(1.00047 7.4723e-09 0)
(1.00047 6.39202e-09 0)
(1.00047 5.46797e-09 0)
(1.00047 4.67751e-09 0)
(1.00047 4.00133e-09 0)
(1.00047 3.42288e-09 0)
(1.00047 2.92806e-09 0)
(1.00047 2.50477e-09 0)
(1.00047 2.14266e-09 0)
(1.00047 1.83285e-09 0)
(1.00047 1.56776e-09 0)
(1.00047 1.34098e-09 0)
(1.00047 1.14701e-09 0)
(1.00047 9.8115e-10 0)
(1.00047 8.39397e-10 0)
(1.00047 7.18182e-10 0)
(1.00047 6.14517e-10 0)
(1.00047 5.25769e-10 0)
(1.00047 4.49736e-10 0)
(1.00047 3.8462e-10 0)
(1.00047 3.2887e-10 0)
(1.00047 2.81224e-10 0)
(1.00047 2.40557e-10 0)
(1.00047 2.05845e-10 0)
(1.00047 1.76191e-10 0)
(1.00047 1.50765e-10 0)
(1.00047 1.28934e-10 0)
(1.00047 1.10177e-10 0)
(1.00047 9.40577e-11 0)
(1.00047 8.02959e-11 0)
(1.00047 6.85796e-11 0)
(1.00047 5.86603e-11 0)
(1.00047 5.02426e-11 0)
(1.00047 4.30679e-11 0)
(1.00047 3.68927e-11 0)
(1.00047 3.15471e-11 0)
(1.00047 2.69019e-11 0)
(1.00047 2.28894e-11 0)
(1.00047 1.94497e-11 0)
(1.00047 1.65394e-11 0)
(1.00047 1.41157e-11 0)
(1.00047 1.20828e-11 0)
(1.00047 1.04149e-11 0)
(1.00047 8.98964e-12 0)
(1.00047 7.79533e-12 0)
(1.00047 6.7808e-12 0)
(1.00047 5.91191e-12 0)
(1.00047 5.1986e-12 0)
(1.00047 4.60395e-12 0)
(1.00047 4.13439e-12 0)
(1.00047 3.75085e-12 0)
(1.00047 3.44779e-12 0)
(1.00047 3.20481e-12 0)
(1.00047 2.98258e-12 0)
(1.00047 2.78008e-12 0)
(1.00047 2.56872e-12 0)
(1.00047 2.35429e-12 0)
(1.00047 2.16117e-12 0)
(1.00047 1.97317e-12 0)
(1.00047 1.80382e-12 0)
(1.00047 1.65543e-12 0)
(1.00047 1.51842e-12 0)
(1.00047 1.41662e-12 0)
(1.00047 1.30538e-12 0)
(1.00047 1.21746e-12 0)
(1.00047 1.11213e-12 0)
(1.00047 9.85688e-13 0)
(1.00047 8.50467e-13 0)
(1.00047 6.49144e-13 0)
(1.00047 4.7478e-13 0)
(1.00047 2.56457e-13 0)
(1.00047 4.6679e-14 0)
(1.00047 -1.44225e-13 0)
(1.00047 -3.43468e-13 0)
(1.00047 -4.74924e-13 0)
(1.00047 -5.62959e-13 0)
(1.00047 -5.85301e-13 0)
(1.00047 -5.51577e-13 0)
(1.00047 -4.7133e-13 0)
(1.00047 -3.45107e-13 0)
(1.00047 -1.932e-13 0)
(1.00047 -3.9536e-15 0)
(1.00047 1.95805e-13 0)
(1.00047 3.70269e-13 0)
(1.00047 5.40308e-13 0)
(1.00047 6.81418e-13 0)
(1.00047 7.90827e-13 0)
(1.00047 8.90913e-13 0)
(1.00047 9.40043e-13 0)
(1.00047 9.24419e-13 0)
(1.00047 8.95594e-13 0)
(1.00047 8.60308e-13 0)
(1.00047 7.57302e-13 0)
(1.00047 6.26848e-13 0)
(1.00047 4.92774e-13 0)
(1.00047 3.49702e-13 0)
(1.00047 2.103e-13 0)
(1.00047 1.41361e-14 0)
(1.00047 -1.1444e-13 0)
(1.00047 -2.36632e-13 0)
(1.00047 -3.59988e-13 0)
(1.00047 -4.50155e-13 0)
(1.00047 -5.3857e-13 0)
(1.00047 -5.05803e-13 0)
(1.00047 -5.49454e-13 0)
(1.00047 -5.48276e-13 0)
(1.00047 -5.08081e-13 0)
(1.00047 -4.50867e-13 0)
(1.00047 -4.06781e-13 0)
(1.00047 -3.33646e-13 0)
(1.00047 -3.10638e-13 0)
(1.00047 -2.4013e-13 0)
(1.00047 -2.001e-13 0)
(1.00047 -1.56881e-13 0)
(1.00047 -1.55678e-13 0)
(1.00047 -1.07527e-13 0)
(1 1.63972e-05 0)
(1 5.00115e-05 0)
(1.00001 8.13845e-05 0)
(1.00003 0.000109357 0)
(1.00005 0.000136442 0)
(1.00007 0.000163347 0)
(1.00009 0.00018618 0)
(1.00012 0.000201071 0)
(1.00015 0.000210224 0)
(1.00018 0.000220438 0)
(1.0002 0.000235595 0)
(1.00023 0.000253318 0)
(1.00026 0.000268239 0)
(1.00029 0.000276028 0)
(1.00032 0.000274757 0)
(1.00035 0.000264707 0)
(1.00038 0.000247763 0)
(1.0004 0.000226532 0)
(1.00042 0.00020345 0)
(1.00043 0.000180318 0)
(1.00044 0.000158277 0)
(1.00045 0.000137952 0)
(1.00046 0.000119621 0)
(1.00046 0.000103337 0)
(1.00047 8.90214e-05 0)
(1.00047 7.65312e-05 0)
(1.00047 6.56929e-05 0)
(1.00047 5.63259e-05 0)
(1.00047 4.82547e-05 0)
(1.00047 4.13154e-05 0)
(1.00047 3.5359e-05 0)
(1.00047 3.02523e-05 0)
(1.00047 2.58779e-05 0)
(1.00047 2.21332e-05 0)
(1.00047 1.89288e-05 0)
(1.00047 1.61876e-05 0)
(1.00047 1.38431e-05 0)
(1.00047 1.18381e-05 0)
(1.00047 1.01236e-05 0)
(1.00047 8.65751e-06 0)
(1.00047 7.40389e-06 0)
(1.00047 6.33193e-06 0)
(1.00047 5.41529e-06 0)
(1.00047 4.63145e-06 0)
(1.00047 3.96115e-06 0)
(1.00047 3.38792e-06 0)
(1.00047 2.8977e-06 0)
(1.00047 2.47845e-06 0)
(1.00047 2.11989e-06 0)
(1.00047 1.81322e-06 0)
(1.00047 1.55094e-06 0)
(1.00047 1.32661e-06 0)
(1.00047 1.13473e-06 0)
(1.00047 9.7062e-07 0)
(1.00047 8.30247e-07 0)
(1.00047 7.10179e-07 0)
(1.00047 6.07478e-07 0)
(1.00047 5.19632e-07 0)
(1.00047 4.44491e-07 0)
(1.00047 3.80217e-07 0)
(1.00047 3.25237e-07 0)
(1.00047 2.78209e-07 0)
(1.00047 2.37981e-07 0)
(1.00047 2.0357e-07 0)
(1.00047 1.74136e-07 0)
(1.00047 1.48958e-07 0)
(1.00047 1.2742e-07 0)
(1.00047 1.08997e-07 0)
(1.00047 9.32368e-08 0)
(1.00047 7.97558e-08 0)
(1.00047 6.82243e-08 0)
(1.00047 5.83603e-08 0)
(1.00047 4.99225e-08 0)
(1.00047 4.27046e-08 0)
(1.00047 3.65301e-08 0)
(1.00047 3.12484e-08 0)
(1.00047 2.67304e-08 0)
(1.00047 2.28657e-08 0)
(1.00047 1.956e-08 0)
(1.00047 1.67322e-08 0)
(1.00047 1.43132e-08 0)
(1.00047 1.22438e-08 0)
(1.00047 1.04735e-08 0)
(1.00047 8.95922e-09 0)
(1.00047 7.66393e-09 0)
(1.00047 6.55599e-09 0)
(1.00047 5.60828e-09 0)
(1.00047 4.79758e-09 0)
(1.00047 4.10404e-09 0)
(1.00047 3.51074e-09 0)
(1.00047 3.0032e-09 0)
(1.00047 2.56902e-09 0)
(1.00047 2.19758e-09 0)
(1.00047 1.87979e-09 0)
(1.00047 1.6079e-09 0)
(1.00047 1.37533e-09 0)
(1.00047 1.17643e-09 0)
(1.00047 1.00635e-09 0)
(1.00047 8.60954e-10 0)
(1.00047 7.36613e-10 0)
(1.00047 6.3023e-10 0)
(1.00047 5.39163e-10 0)
(1.00047 4.61149e-10 0)
(1.00047 3.9437e-10 0)
(1.00047 3.37248e-10 0)
(1.00047 2.88447e-10 0)
(1.00047 2.46793e-10 0)
(1.00047 2.11189e-10 0)
(1.00047 1.80737e-10 0)
(1.00047 1.54621e-10 0)
(1.00047 1.32186e-10 0)
(1.00047 1.12924e-10 0)
(1.00047 9.6429e-11 0)
(1.00047 8.23752e-11 0)
(1.00047 7.04186e-11 0)
(1.00047 6.0282e-11 0)
(1.00047 5.16577e-11 0)
(1.00047 4.42605e-11 0)
(1.00047 3.78736e-11 0)
(1.00047 3.23302e-11 0)
(1.00047 2.75314e-11 0)
(1.00047 2.34005e-11 0)
(1.00047 1.98889e-11 0)
(1.00047 1.69366e-11 0)
(1.00047 1.44787e-11 0)
(1.00047 1.24232e-11 0)
(1.00047 1.0702e-11 0)
(1.00047 9.24151e-12 0)
(1.00047 7.98876e-12 0)
(1.00047 6.92405e-12 0)
(1.00047 6.01823e-12 0)
(1.00047 5.27794e-12 0)
(1.00047 4.67668e-12 0)
(1.00047 4.20079e-12 0)
(1.00047 3.83098e-12 0)
(1.00047 3.54622e-12 0)
(1.00047 3.30674e-12 0)
(1.00047 3.08967e-12 0)
(1.00047 2.87749e-12 0)
(1.00047 2.66431e-12 0)
(1.00047 2.45226e-12 0)
(1.00047 2.23842e-12 0)
(1.00047 2.05101e-12 0)
(1.00047 1.8746e-12 0)
(1.00047 1.71285e-12 0)
(1.00047 1.58011e-12 0)
(1.00047 1.46411e-12 0)
(1.00047 1.35669e-12 0)
(1.00047 1.26232e-12 0)
(1.00047 1.14859e-12 0)
(1.00047 1.0109e-12 0)
(1.00047 8.63897e-13 0)
(1.00047 6.67233e-13 0)
(1.00047 4.72923e-13 0)
(1.00047 2.64336e-13 0)
(1.00047 4.17715e-14 0)
(1.00047 -1.62656e-13 0)
(1.00047 -3.48807e-13 0)
(1.00047 -4.86693e-13 0)
(1.00047 -5.62054e-13 0)
(1.00047 -5.91619e-13 0)
(1.00047 -5.5705e-13 0)
(1.00047 -4.69624e-13 0)
(1.00047 -3.41716e-13 0)
(1.00047 -1.73444e-13 0)
(1.00047 1.26496e-14 0)
(1.00047 2.04037e-13 0)
(1.00047 3.8613e-13 0)
(1.00047 5.59397e-13 0)
(1.00047 7.06367e-13 0)
(1.00047 8.16493e-13 0)
(1.00047 8.93898e-13 0)
(1.00047 9.35545e-13 0)
(1.00047 9.38816e-13 0)
(1.00047 8.99234e-13 0)
(1.00047 8.48895e-13 0)
(1.00047 7.53855e-13 0)
(1.00047 6.12963e-13 0)
(1.00047 4.75761e-13 0)
(1.00047 3.26126e-13 0)
(1.00047 1.85432e-13 0)
(1.00047 -3.40844e-15 0)
(1.00047 -1.61098e-13 0)
(1.00047 -2.71772e-13 0)
(1.00047 -3.84569e-13 0)
(1.00047 -4.81296e-13 0)
(1.00047 -5.3622e-13 0)
(1.00047 -5.73518e-13 0)
(1.00047 -5.69185e-13 0)
(1.00047 -5.18474e-13 0)
(1.00047 -5.63318e-13 0)
(1.00047 -4.46837e-13 0)
(1.00047 -4.43534e-13 0)
(1.00047 -3.90507e-13 0)
(1.00047 -3.15178e-13 0)
(1.00047 -2.6543e-13 0)
(1.00047 -2.56137e-13 0)
(1.00047 -1.82963e-13 0)
(1.00047 -1.4456e-13 0)
(1.00047 -1.01218e-13 0)
(1 1.39551e-05 0)
(1 4.26693e-05 0)
(1.00001 6.95464e-05 0)
(1.00002 9.37063e-05 0)
(1.00004 0.000117423 0)
(1.00006 0.000141155 0)
(1.00008 0.000161633 0)
(1.00011 0.000175821 0)
(1.00013 0.000185307 0)
(1.00016 0.000195249 0)
(1.00018 0.000208951 0)
(1.00021 0.000224853 0)
(1.00024 0.000238534 0)
(1.00027 0.000246103 0)
(1.0003 0.000245798 0)
(1.00033 0.000237875 0)
(1.00035 0.000223933 0)
(1.00037 0.000206125 0)
(1.00039 0.000186481 0)
(1.00041 0.000166539 0)
(1.00042 0.000147302 0)
(1.00043 0.000129347 0)
(1.00044 0.000112957 0)
(1.00045 9.8227e-05 0)
(1.00045 8.5135e-05 0)
(1.00046 7.35947e-05 0)
(1.00046 6.3486e-05 0)
(1.00046 5.46746e-05 0)
(1.00046 4.70236e-05 0)
(1.00047 4.04003e-05 0)
(1.00047 3.46804e-05 0)
(1.00047 2.97503e-05 0)
(1.00047 2.55072e-05 0)
(1.00047 2.18598e-05 0)
(1.00047 1.87275e-05 0)
(1.00047 1.60396e-05 0)
(1.00047 1.37344e-05 0)
(1.00047 1.17584e-05 0)
(1.00047 1.00652e-05 0)
(1.00047 8.61485e-06 0)
(1.00047 7.37276e-06 0)
(1.00047 6.30926e-06 0)
(1.00047 5.39882e-06 0)
(1.00047 4.61952e-06 0)
(1.00047 3.95253e-06 0)
(1.00047 3.38172e-06 0)
(1.00047 2.89325e-06 0)
(1.00047 2.47528e-06 0)
(1.00047 2.11765e-06 0)
(1.00047 1.81165e-06 0)
(1.00047 1.54985e-06 0)
(1.00047 1.32587e-06 0)
(1.00047 1.13424e-06 0)
(1.00047 9.70298e-07 0)
(1.00047 8.30047e-07 0)
(1.00047 7.10064e-07 0)
(1.00047 6.07421e-07 0)
(1.00047 5.19613e-07 0)
(1.00047 4.44496e-07 0)
(1.00047 3.80238e-07 0)
(1.00047 3.25268e-07 0)
(1.00047 2.78243e-07 0)
(1.00047 2.38017e-07 0)
(1.00047 2.03606e-07 0)
(1.00047 1.7417e-07 0)
(1.00047 1.4899e-07 0)
(1.00047 1.27449e-07 0)
(1.00047 1.09023e-07 0)
(1.00047 9.32602e-08 0)
(1.00047 7.97767e-08 0)
(1.00047 6.82429e-08 0)
(1.00047 5.83767e-08 0)
(1.00047 4.99369e-08 0)
(1.00047 4.2717e-08 0)
(1.00047 3.65409e-08 0)
(1.00047 3.12577e-08 0)
(1.00047 2.67384e-08 0)
(1.00047 2.28728e-08 0)
(1.00047 1.95661e-08 0)
(1.00047 1.67374e-08 0)
(1.00047 1.43176e-08 0)
(1.00047 1.22475e-08 0)
(1.00047 1.04767e-08 0)
(1.00047 8.96202e-09 0)
(1.00047 7.6664e-09 0)
(1.00047 6.55816e-09 0)
(1.00047 5.61015e-09 0)
(1.00047 4.79918e-09 0)
(1.00047 4.1054e-09 0)
(1.00047 3.51188e-09 0)
(1.00047 3.00415e-09 0)
(1.00047 2.5698e-09 0)
(1.00047 2.19824e-09 0)
(1.00047 1.88035e-09 0)
(1.00047 1.60841e-09 0)
(1.00047 1.37578e-09 0)
(1.00047 1.17684e-09 0)
(1.00047 1.00674e-09 0)
(1.00047 8.61256e-10 0)
(1.00047 7.36834e-10 0)
(1.00047 6.30351e-10 0)
(1.00047 5.39195e-10 0)
(1.00047 4.61162e-10 0)
(1.00047 3.94392e-10 0)
(1.00047 3.37318e-10 0)
(1.00047 2.88561e-10 0)
(1.00047 2.46917e-10 0)
(1.00047 2.11319e-10 0)
(1.00047 1.80811e-10 0)
(1.00047 1.54635e-10 0)
(1.00047 1.32171e-10 0)
(1.00047 1.129e-10 0)
(1.00047 9.64539e-11 0)
(1.00047 8.24411e-11 0)
(1.00047 7.05539e-11 0)
(1.00047 6.04334e-11 0)
(1.00047 5.17908e-11 0)
(1.00047 4.43395e-11 0)
(1.00047 3.78908e-11 0)
(1.00047 3.22847e-11 0)
(1.00047 2.74692e-11 0)
(1.00047 2.33366e-11 0)
(1.00047 1.98487e-11 0)
(1.00047 1.69437e-11 0)
(1.00047 1.44947e-11 0)
(1.00047 1.24616e-11 0)
(1.00047 1.07298e-11 0)
(1.00047 9.25122e-12 0)
(1.00047 7.97843e-12 0)
(1.00047 6.88649e-12 0)
(1.00047 5.96193e-12 0)
(1.00047 5.22344e-12 0)
(1.00047 4.63403e-12 0)
(1.00047 4.18055e-12 0)
(1.00047 3.83494e-12 0)
(1.00047 3.57084e-12 0)
(1.00047 3.33413e-12 0)
(1.00047 3.12286e-12 0)
(1.00047 2.90896e-12 0)
(1.00047 2.69113e-12 0)
(1.00047 2.47416e-12 0)
(1.00047 2.26504e-12 0)
(1.00047 2.07078e-12 0)
(1.00047 1.89388e-12 0)
(1.00047 1.73436e-12 0)
(1.00047 1.60139e-12 0)
(1.00047 1.48176e-12 0)
(1.00047 1.38211e-12 0)
(1.00047 1.277e-12 0)
(1.00047 1.15229e-12 0)
(1.00047 1.01751e-12 0)
(1.00047 8.44987e-13 0)
(1.00047 6.79818e-13 0)
(1.00047 4.67995e-13 0)
(1.00047 2.57943e-13 0)
(1.00047 3.68399e-14 0)
(1.00047 -1.79093e-13 0)
(1.00047 -3.362e-13 0)
(1.00047 -4.72298e-13 0)
(1.00047 -5.43189e-13 0)
(1.00047 -5.75441e-13 0)
(1.00047 -5.46918e-13 0)
(1.00047 -4.46719e-13 0)
(1.00047 -3.23421e-13 0)
(1.00047 -1.62708e-13 0)
(1.00047 2.14468e-14 0)
(1.00047 1.96733e-13 0)
(1.00047 3.91868e-13 0)
(1.00047 5.53363e-13 0)
(1.00047 6.92767e-13 0)
(1.00047 7.99171e-13 0)
(1.00047 8.44542e-13 0)
(1.00047 9.04764e-13 0)
(1.00047 9.12127e-13 0)
(1.00047 8.58435e-13 0)
(1.00047 7.90832e-13 0)
(1.00047 7.02126e-13 0)
(1.00047 6.02149e-13 0)
(1.00047 4.34597e-13 0)
(1.00047 2.81197e-13 0)
(1.00047 1.37216e-13 0)
(1.00047 -1.52177e-14 0)
(1.00047 -1.83989e-13 0)
(1.00047 -3.15826e-13 0)
(1.00047 -3.87085e-13 0)
(1.00047 -5.06253e-13 0)
(1.00047 -5.33375e-13 0)
(1.00047 -5.78133e-13 0)
(1.00047 -6.21313e-13 0)
(1.00047 -5.40238e-13 0)
(1.00047 -5.70095e-13 0)
(1.00047 -4.82748e-13 0)
(1.00047 -4.2665e-13 0)
(1.00047 -3.73647e-13 0)
(1.00047 -3.46909e-13 0)
(1.00047 -2.89614e-13 0)
(1.00047 -2.46876e-13 0)
(1.00047 -2.08756e-13 0)
(1.00047 -1.87497e-13 0)
(1.00047 -1.27348e-13 0)
(1 1.1863e-05 0)
(1 3.63297e-05 0)
(1.00001 5.92985e-05 0)
(1.00002 8.00497e-05 0)
(1.00004 0.000100615 0)
(1.00005 0.000121415 0)
(1.00007 0.000139612 0)
(1.0001 0.000152682 0)
(1.00012 0.000161883 0)
(1.00014 0.000171256 0)
(1.00017 0.00018353 0)
(1.00019 0.000197643 0)
(1.00022 0.000209993 0)
(1.00025 0.000217178 0)
(1.00028 0.000217578 0)
(1.0003 0.000211389 0)
(1.00033 0.00019996 0)
(1.00035 0.000185088 0)
(1.00037 0.000168468 0)
(1.00039 0.000151404 0)
(1.0004 0.000134769 0)
(1.00042 0.000119081 0)
(1.00043 0.000104617 0)
(1.00043 9.14883e-05 0)
(1.00044 7.97104e-05 0)
(1.00045 6.92368e-05 0)
(1.00045 5.99876e-05 0)
(1.00045 5.1865e-05 0)
(1.00046 4.4764e-05 0)
(1.00046 3.85793e-05 0)
(1.00046 3.32089e-05 0)
(1.00046 2.85573e-05 0)
(1.00046 2.45368e-05 0)
(1.00047 2.10676e-05 0)
(1.00047 1.80783e-05 0)
(1.00047 1.55056e-05 0)
(1.00047 1.32937e-05 0)
(1.00047 1.13933e-05 0)
(1.00047 9.76183e-06 0)
(1.00047 8.36194e-06 0)
(1.00047 7.16133e-06 0)
(1.00047 6.13205e-06 0)
(1.00047 5.24993e-06 0)
(1.00047 4.49415e-06 0)
(1.00047 3.84676e-06 0)
(1.00047 3.29234e-06 0)
(1.00047 2.81761e-06 0)
(1.00047 2.41117e-06 0)
(1.00047 2.06325e-06 0)
(1.00047 1.76545e-06 0)
(1.00047 1.51057e-06 0)
(1.00047 1.29244e-06 0)
(1.00047 1.10577e-06 0)
(1.00047 9.46047e-07 0)
(1.00047 8.09373e-07 0)
(1.00047 6.92432e-07 0)
(1.00047 5.92377e-07 0)
(1.00047 5.06772e-07 0)
(1.00047 4.33534e-07 0)
(1.00047 3.70876e-07 0)
(1.00047 3.1727e-07 0)
(1.00047 2.71411e-07 0)
(1.00047 2.32179e-07 0)
(1.00047 1.98617e-07 0)
(1.00047 1.69906e-07 0)
(1.00047 1.45344e-07 0)
(1.00047 1.24332e-07 0)
(1.00047 1.06358e-07 0)
(1.00047 9.09816e-08 0)
(1.00047 7.78285e-08 0)
(1.00047 6.65771e-08 0)
(1.00047 5.69521e-08 0)
(1.00047 4.87184e-08 0)
(1.00047 4.16748e-08 0)
(1.00047 3.56495e-08 0)
(1.00047 3.04953e-08 0)
(1.00047 2.60865e-08 0)
(1.00047 2.23152e-08 0)
(1.00047 1.90891e-08 0)
(1.00047 1.63293e-08 0)
(1.00047 1.39685e-08 0)
(1.00047 1.19489e-08 0)
(1.00047 1.02213e-08 0)
(1.00047 8.74363e-09 0)
(1.00047 7.47965e-09 0)
(1.00047 6.39844e-09 0)
(1.00047 5.47351e-09 0)
(1.00047 4.68227e-09 0)
(1.00047 4.00536e-09 0)
(1.00047 3.42627e-09 0)
(1.00047 2.93091e-09 0)
(1.00047 2.50714e-09 0)
(1.00047 2.14465e-09 0)
(1.00047 1.83454e-09 0)
(1.00047 1.56924e-09 0)
(1.00047 1.34234e-09 0)
(1.00047 1.14824e-09 0)
(1.00047 9.82268e-10 0)
(1.00047 8.40296e-10 0)
(1.00047 7.18824e-10 0)
(1.00047 6.14883e-10 0)
(1.00047 5.25905e-10 0)
(1.00047 4.49781e-10 0)
(1.00047 3.84687e-10 0)
(1.00047 3.29068e-10 0)
(1.00047 2.81578e-10 0)
(1.00047 2.40963e-10 0)
(1.00047 2.06209e-10 0)
(1.00047 1.76416e-10 0)
(1.00047 1.50832e-10 0)
(1.00047 1.28899e-10 0)
(1.00047 1.10114e-10 0)
(1.00047 9.41167e-11 0)
(1.00047 8.05051e-11 0)
(1.00047 6.89424e-11 0)
(1.00047 5.90813e-11 0)
(1.00047 5.06147e-11 0)
(1.00047 4.32922e-11 0)
(1.00047 3.69398e-11 0)
(1.00047 3.14386e-11 0)
(1.00047 2.67121e-11 0)
(1.00047 2.27053e-11 0)
(1.00047 1.9335e-11 0)
(1.00047 1.65341e-11 0)
(1.00047 1.41708e-11 0)
(1.00047 1.21825e-11 0)
(1.00047 1.04874e-11 0)
(1.00047 9.01823e-12 0)
(1.00047 7.75508e-12 0)
(1.00047 6.66606e-12 0)
(1.00047 5.77404e-12 0)
(1.00047 5.04136e-12 0)
(1.00047 4.48074e-12 0)
(1.00047 4.07043e-12 0)
(1.00047 3.74626e-12 0)
(1.00047 3.50044e-12 0)
(1.00047 3.27889e-12 0)
(1.00047 3.06247e-12 0)
(1.00047 2.86238e-12 0)
(1.00047 2.64477e-12 0)
(1.00047 2.43432e-12 0)
(1.00047 2.23392e-12 0)
(1.00047 2.04274e-12 0)
(1.00047 1.87535e-12 0)
(1.00047 1.71615e-12 0)
(1.00047 1.5893e-12 0)
(1.00047 1.46354e-12 0)
(1.00047 1.35976e-12 0)
(1.00047 1.26097e-12 0)
(1.00047 1.11875e-12 0)
(1.00047 9.98169e-13 0)
(1.00047 8.24835e-13 0)
(1.00047 6.52792e-13 0)
(1.00047 4.588e-13 0)
(1.00047 2.38545e-13 0)
(1.00047 3.31094e-14 0)
(1.00047 -1.63011e-13 0)
(1.00047 -3.15707e-13 0)
(1.00047 -4.39017e-13 0)
(1.00047 -5.16487e-13 0)
(1.00047 -5.42302e-13 0)
(1.00047 -5.05993e-13 0)
(1.00047 -4.11832e-13 0)
(1.00047 -2.99392e-13 0)
(1.00047 -1.50263e-13 0)
(1.00047 2.83263e-14 0)
(1.00047 2.00186e-13 0)
(1.00047 3.85997e-13 0)
(1.00047 5.27797e-13 0)
(1.00047 6.49702e-13 0)
(1.00047 7.65102e-13 0)
(1.00047 7.98104e-13 0)
(1.00047 8.47738e-13 0)
(1.00047 8.5105e-13 0)
(1.00047 7.98907e-13 0)
(1.00047 7.45015e-13 0)
(1.00047 6.18833e-13 0)
(1.00047 5.42915e-13 0)
(1.00047 3.80992e-13 0)
(1.00047 2.30386e-13 0)
(1.00047 9.87212e-14 0)
(1.00047 -5.01996e-14 0)
(1.00047 -1.95648e-13 0)
(1.00047 -3.43735e-13 0)
(1.00047 -4.09755e-13 0)
(1.00047 -4.9415e-13 0)
(1.00047 -5.53792e-13 0)
(1.00047 -5.8616e-13 0)
(1.00047 -5.70208e-13 0)
(1.00047 -5.48031e-13 0)
(1.00047 -5.88566e-13 0)
(1.00047 -4.80777e-13 0)
(1.00047 -4.72868e-13 0)
(1.00047 -4.15716e-13 0)
(1.00047 -3.35247e-13 0)
(1.00047 -2.85958e-13 0)
(1.00047 -2.84664e-13 0)
(1.00047 -2.33355e-13 0)
(1.00047 -2.00996e-13 0)
(1.00047 -1.44596e-13 0)
(1 1.00303e-05 0)
(1 3.07434e-05 0)
(1.00001 5.02448e-05 0)
(1.00002 6.79323e-05 0)
(1.00003 8.5594e-05 0)
(1.00005 0.000103603 0)
(1.00007 0.000119505 0)
(1.00009 0.000131191 0)
(1.00011 0.000139721 0)
(1.00013 0.00014835 0)
(1.00015 0.000159277 0)
(1.00018 0.000171698 0)
(1.0002 0.00018267 0)
(1.00023 0.000189294 0)
(1.00026 0.00019013 0)
(1.00029 0.000185314 0)
(1.00031 0.00017598 0)
(1.00033 0.000163632 0)
(1.00036 0.00014968 0)
(1.00037 0.000135222 0)
(1.00039 0.000121004 0)
(1.0004 0.00010748 0)
(1.00041 9.49037e-05 0)
(1.00042 8.33944e-05 0)
(1.00043 7.29863e-05 0)
(1.00044 6.36606e-05 0)
(1.00044 5.53669e-05 0)
(1.00045 4.80358e-05 0)
(1.00045 4.15886e-05 0)
(1.00045 3.59428e-05 0)
(1.00046 3.10164e-05 0)
(1.00046 2.67309e-05 0)
(1.00046 2.30123e-05 0)
(1.00046 1.97925e-05 0)
(1.00046 1.70098e-05 0)
(1.00046 1.46084e-05 0)
(1.00047 1.25388e-05 0)
(1.00047 1.07572e-05 0)
(1.00047 9.22487e-06 0)
(1.00047 7.90799e-06 0)
(1.00047 6.77703e-06 0)
(1.00047 5.8063e-06 0)
(1.00047 4.97351e-06 0)
(1.00047 4.25936e-06 0)
(1.00047 3.64715e-06 0)
(1.00047 3.1225e-06 0)
(1.00047 2.673e-06 0)
(1.00047 2.28798e-06 0)
(1.00047 1.95824e-06 0)
(1.00047 1.67589e-06 0)
(1.00047 1.43416e-06 0)
(1.00047 1.22723e-06 0)
(1.00047 1.05011e-06 0)
(1.00047 8.98508e-07 0)
(1.00047 7.68768e-07 0)
(1.00047 6.57742e-07 0)
(1.00047 5.62735e-07 0)
(1.00047 4.81441e-07 0)
(1.00047 4.11883e-07 0)
(1.00047 3.52368e-07 0)
(1.00047 3.01448e-07 0)
(1.00047 2.57884e-07 0)
(1.00047 2.20613e-07 0)
(1.00047 1.88727e-07 0)
(1.00047 1.61449e-07 0)
(1.00047 1.38112e-07 0)
(1.00047 1.18147e-07 0)
(1.00047 1.01068e-07 0)
(1.00047 8.64578e-08 0)
(1.00047 7.39595e-08 0)
(1.00047 6.32679e-08 0)
(1.00047 5.41216e-08 0)
(1.00047 4.62973e-08 0)
(1.00047 3.96039e-08 0)
(1.00047 3.38781e-08 0)
(1.00047 2.89802e-08 0)
(1.00047 2.47906e-08 0)
(1.00047 2.12067e-08 0)
(1.00047 1.81408e-08 0)
(1.00047 1.55181e-08 0)
(1.00047 1.32745e-08 0)
(1.00047 1.13553e-08 0)
(1.00047 9.71363e-09 0)
(1.00047 8.30941e-09 0)
(1.00047 7.10825e-09 0)
(1.00047 6.08074e-09 0)
(1.00047 5.20173e-09 0)
(1.00047 4.44971e-09 0)
(1.00047 3.80638e-09 0)
(1.00047 3.25604e-09 0)
(1.00047 2.78529e-09 0)
(1.00047 2.38261e-09 0)
(1.00047 2.03815e-09 0)
(1.00047 1.74349e-09 0)
(1.00047 1.49141e-09 0)
(1.00047 1.27576e-09 0)
(1.00047 1.09131e-09 0)
(1.00047 9.33535e-10 0)
(1.00047 7.98558e-10 0)
(1.00047 6.83052e-10 0)
(1.00047 5.84216e-10 0)
(1.00047 4.99642e-10 0)
(1.00047 4.27318e-10 0)
(1.00047 3.65523e-10 0)
(1.00047 3.12721e-10 0)
(1.00047 2.67618e-10 0)
(1.00047 2.29055e-10 0)
(1.00047 1.95994e-10 0)
(1.00047 1.67641e-10 0)
(1.00047 1.43301e-10 0)
(1.00047 1.22445e-10 0)
(1.00047 1.04636e-10 0)
(1.00047 8.94695e-11 0)
(1.00047 7.65918e-11 0)
(1.00047 6.56257e-11 0)
(1.00047 5.62426e-11 0)
(1.00047 4.81521e-11 0)
(1.00047 4.11398e-11 0)
(1.00047 3.50515e-11 0)
(1.00047 2.98035e-11 0)
(1.00047 2.53164e-11 0)
(1.00047 2.15316e-11 0)
(1.00047 1.83642e-11 0)
(1.00047 1.57215e-11 0)
(1.00047 1.35057e-11 0)
(1.00047 1.16107e-11 0)
(1.00047 9.98243e-12 0)
(1.00047 8.55422e-12 0)
(1.00047 7.33165e-12 0)
(1.00047 6.2774e-12 0)
(1.00047 5.42365e-12 0)
(1.00047 4.74855e-12 0)
(1.00047 4.23694e-12 0)
(1.00047 3.86236e-12 0)
(1.00047 3.5727e-12 0)
(1.00047 3.34113e-12 0)
(1.00047 3.13636e-12 0)
(1.00047 2.9294e-12 0)
(1.00047 2.73048e-12 0)
(1.00047 2.52769e-12 0)
(1.00047 2.32936e-12 0)
(1.00047 2.13757e-12 0)
(1.00047 1.95886e-12 0)
(1.00047 1.80283e-12 0)
(1.00047 1.65576e-12 0)
(1.00047 1.53176e-12 0)
(1.00047 1.40929e-12 0)
(1.00047 1.30635e-12 0)
(1.00047 1.19965e-12 0)
(1.00047 1.07294e-12 0)
(1.00047 9.428e-13 0)
(1.00047 7.93885e-13 0)
(1.00047 6.18565e-13 0)
(1.00047 4.36649e-13 0)
(1.00047 2.29053e-13 0)
(1.00047 4.27354e-14 0)
(1.00047 -1.27881e-13 0)
(1.00047 -2.87591e-13 0)
(1.00047 -3.92943e-13 0)
(1.00047 -4.69414e-13 0)
(1.00047 -4.88949e-13 0)
(1.00047 -4.52984e-13 0)
(1.00047 -3.75806e-13 0)
(1.00047 -2.66297e-13 0)
(1.00047 -1.20979e-13 0)
(1.00047 4.16088e-14 0)
(1.00047 2.01622e-13 0)
(1.00047 3.615e-13 0)
(1.00047 4.91207e-13 0)
(1.00047 5.90559e-13 0)
(1.00047 7.04643e-13 0)
(1.00047 7.37731e-13 0)
(1.00047 7.44086e-13 0)
(1.00047 7.73358e-13 0)
(1.00047 7.08995e-13 0)
(1.00047 6.61049e-13 0)
(1.00047 5.42568e-13 0)
(1.00047 4.42076e-13 0)
(1.00047 3.31823e-13 0)
(1.00047 1.84065e-13 0)
(1.00047 3.61908e-14 0)
(1.00047 -8.39892e-14 0)
(1.00047 -2.03787e-13 0)
(1.00047 -3.44546e-13 0)
(1.00047 -4.11409e-13 0)
(1.00047 -5.19124e-13 0)
(1.00047 -5.29801e-13 0)
(1.00047 -5.75072e-13 0)
(1.00047 -6.1603e-13 0)
(1.00047 -5.10913e-13 0)
(1.00047 -5.48931e-13 0)
(1.00047 -4.88554e-13 0)
(1.00047 -4.58217e-13 0)
(1.00047 -4.01494e-13 0)
(1.00047 -3.64941e-13 0)
(1.00047 -3.12168e-13 0)
(1.00047 -2.77488e-13 0)
(1.00047 -2.26914e-13 0)
(1.00047 -2.2263e-13 0)
(1.00047 -1.67827e-13 0)
(1 8.39116e-06 0)
(1 2.57309e-05 0)
(1.00001 4.20991e-05 0)
(1.00002 5.69891e-05 0)
(1.00003 7.19379e-05 0)
(1.00004 8.7266e-05 0)
(1.00006 0.00010091 0)
(1.00008 0.000111112 0)
(1.0001 0.000118757 0)
(1.00012 0.000126486 0)
(1.00014 0.000136054 0)
(1.00017 0.000146809 0)
(1.00019 0.000156359 0)
(1.00022 0.000162287 0)
(1.00025 0.000163351 0)
(1.00027 0.000159636 0)
(1.0003 0.000152082 0)
(1.00032 0.000141936 0)
(1.00034 0.000130366 0)
(1.00036 0.000118281 0)
(1.00038 0.000106309 0)
(1.00039 9.48398e-05 0)
(1.0004 8.40984e-05 0)
(1.00041 7.41997e-05 0)
(1.00042 6.51876e-05 0)
(1.00043 5.70609e-05 0)
(1.00043 4.97899e-05 0)
(1.00044 4.33268e-05 0)
(1.00044 3.76136e-05 0)
(1.00045 3.25871e-05 0)
(1.00045 2.81825e-05 0)
(1.00046 2.43361e-05 0)
(1.00046 2.0987e-05 0)
(1.00046 1.80784e-05 0)
(1.00046 1.55577e-05 0)
(1.00046 1.33773e-05 0)
(1.00046 1.14941e-05 0)
(1.00047 9.86996e-06 0)
(1.00047 8.47077e-06 0)
(1.00047 7.2666e-06 0)
(1.00047 6.23114e-06 0)
(1.00047 5.34142e-06 0)
(1.00047 4.5774e-06 0)
(1.00047 3.92168e-06 0)
(1.00047 3.35917e-06 0)
(1.00047 2.8768e-06 0)
(1.00047 2.46331e-06 0)
(1.00047 2.10896e-06 0)
(1.00047 1.80536e-06 0)
(1.00047 1.54532e-06 0)
(1.00047 1.32261e-06 0)
(1.00047 1.13192e-06 0)
(1.00047 9.68654e-07 0)
(1.00047 8.28892e-07 0)
(1.00047 7.09261e-07 0)
(1.00047 6.06871e-07 0)
(1.00047 5.19243e-07 0)
(1.00047 4.44255e-07 0)
(1.00047 3.80086e-07 0)
(1.00047 3.25178e-07 0)
(1.00047 2.78197e-07 0)
(1.00047 2.38e-07 0)
(1.00047 2.03608e-07 0)
(1.00047 1.74183e-07 0)
(1.00047 1.49009e-07 0)
(1.00047 1.27472e-07 0)
(1.00047 1.09047e-07 0)
(1.00047 9.3285e-08 0)
(1.00047 7.98007e-08 0)
(1.00047 6.82654e-08 0)
(1.00047 5.83972e-08 0)
(1.00047 4.99552e-08 0)
(1.00047 4.27334e-08 0)
(1.00047 3.65554e-08 0)
(1.00047 3.12706e-08 0)
(1.00047 2.67499e-08 0)
(1.00047 2.28828e-08 0)
(1.00047 1.95747e-08 0)
(1.00047 1.67447e-08 0)
(1.00047 1.43238e-08 0)
(1.00047 1.22529e-08 0)
(1.00047 1.04815e-08 0)
(1.00047 8.96619e-09 0)
(1.00047 7.67007e-09 0)
(1.00047 6.56136e-09 0)
(1.00047 5.61288e-09 0)
(1.00047 4.80145e-09 0)
(1.00047 4.10726e-09 0)
(1.00047 3.51341e-09 0)
(1.00047 3.00544e-09 0)
(1.00047 2.57094e-09 0)
(1.00047 2.1993e-09 0)
(1.00047 1.88139e-09 0)
(1.00047 1.60942e-09 0)
(1.00047 1.37676e-09 0)
(1.00047 1.17771e-09 0)
(1.00047 1.00742e-09 0)
(1.00047 8.6174e-10 0)
(1.00047 7.37079e-10 0)
(1.00047 6.3041e-10 0)
(1.00047 5.39134e-10 0)
(1.00047 4.61077e-10 0)
(1.00047 3.94348e-10 0)
(1.00047 3.37352e-10 0)
(1.00047 2.88684e-10 0)
(1.00047 2.47072e-10 0)
(1.00047 2.11465e-10 0)
(1.00047 1.80928e-10 0)
(1.00047 1.54711e-10 0)
(1.00047 1.32238e-10 0)
(1.00047 1.12983e-10 0)
(1.00047 9.65874e-11 0)
(1.00047 8.26369e-11 0)
(1.00047 7.07803e-11 0)
(1.00047 6.06642e-11 0)
(1.00047 5.1974e-11 0)
(1.00047 4.44592e-11 0)
(1.00047 3.79365e-11 0)
(1.00047 3.22877e-11 0)
(1.00047 2.74302e-11 0)
(1.00047 2.33114e-11 0)
(1.00047 1.98411e-11 0)
(1.00047 1.69499e-11 0)
(1.00047 1.45315e-11 0)
(1.00047 1.24924e-11 0)
(1.00047 1.07392e-11 0)
(1.00047 9.20541e-12 0)
(1.00047 7.86442e-12 0)
(1.00047 6.71505e-12 0)
(1.00047 5.7491e-12 0)
(1.00047 4.95953e-12 0)
(1.00047 4.35905e-12 0)
(1.00047 3.9087e-12 0)
(1.00047 3.57637e-12 0)
(1.00047 3.32972e-12 0)
(1.00047 3.11057e-12 0)
(1.00047 2.91356e-12 0)
(1.00047 2.72315e-12 0)
(1.00047 2.53379e-12 0)
(1.00047 2.34673e-12 0)
(1.00047 2.15824e-12 0)
(1.00047 1.9854e-12 0)
(1.00047 1.82811e-12 0)
(1.00047 1.67866e-12 0)
(1.00047 1.55963e-12 0)
(1.00047 1.44007e-12 0)
(1.00047 1.32259e-12 0)
(1.00047 1.23133e-12 0)
(1.00047 1.11245e-12 0)
(1.00047 1.00661e-12 0)
(1.00047 8.73248e-13 0)
(1.00047 7.29215e-13 0)
(1.00047 5.7903e-13 0)
(1.00047 4.0523e-13 0)
(1.00047 2.27932e-13 0)
(1.00047 6.12993e-14 0)
(1.00047 -9.24184e-14 0)
(1.00047 -2.37448e-13 0)
(1.00047 -3.30072e-13 0)
(1.00047 -3.95965e-13 0)
(1.00047 -4.15193e-13 0)
(1.00047 -3.898e-13 0)
(1.00047 -3.25506e-13 0)
(1.00047 -2.23212e-13 0)
(1.00047 -9.09953e-14 0)
(1.00047 5.12249e-14 0)
(1.00047 1.72413e-13 0)
(1.00047 3.18062e-13 0)
(1.00047 4.43163e-13 0)
(1.00047 5.22283e-13 0)
(1.00047 6.03346e-13 0)
(1.00047 6.42412e-13 0)
(1.00047 6.34069e-13 0)
(1.00047 6.41068e-13 0)
(1.00047 6.00893e-13 0)
(1.00047 5.21989e-13 0)
(1.00047 4.5911e-13 0)
(1.00047 3.39325e-13 0)
(1.00047 2.54155e-13 0)
(1.00047 1.30542e-13 0)
(1.00047 -2.24581e-14 0)
(1.00047 -1.24345e-13 0)
(1.00047 -2.38026e-13 0)
(1.00047 -3.29952e-13 0)
(1.00047 -4.29594e-13 0)
(1.00047 -4.84562e-13 0)
(1.00047 -5.11199e-13 0)
(1.00047 -5.44257e-13 0)
(1.00047 -5.5839e-13 0)
(1.00047 -5.45115e-13 0)
(1.00047 -5.27544e-13 0)
(1.00047 -4.47001e-13 0)
(1.00047 -4.65948e-13 0)
(1.00047 -4.12531e-13 0)
(1.00047 -3.83161e-13 0)
(1.00047 -3.29489e-13 0)
(1.00047 -2.90129e-13 0)
(1.00047 -2.6336e-13 0)
(1.00047 -2.37181e-13 0)
(1.00047 -1.63293e-13 0)
(1 6.89715e-06 0)
(1 2.1157e-05 0)
(1.00001 3.46434e-05 0)
(1.00002 4.69433e-05 0)
(1.00003 5.93379e-05 0)
(1.00004 7.21046e-05 0)
(1.00006 8.35452e-05 0)
(1.00007 9.22103e-05 0)
(1.00009 9.88246e-05 0)
(1.00011 0.00010552 0)
(1.00014 0.000113689 0)
(1.00016 0.000122794 0)
(1.00018 0.000130903 0)
(1.00021 0.000136043 0)
(1.00023 0.000137174 0)
(1.00026 0.000134346 0)
(1.00028 0.000128323 0)
(1.00031 0.000120122 0)
(1.00033 0.000110696 0)
(1.00035 0.000100787 0)
(1.00036 9.09107e-05 0)
(1.00038 8.13934e-05 0)
(1.00039 7.24279e-05 0)
(1.0004 6.41181e-05 0)
(1.00041 5.65103e-05 0)
(1.00042 4.96132e-05 0)
(1.00043 4.34112e-05 0)
(1.00043 3.78722e-05 0)
(1.00044 3.29546e-05 0)
(1.00044 2.86107e-05 0)
(1.00045 2.47904e-05 0)
(1.00045 2.14432e-05 0)
(1.00045 1.85202e-05 0)
(1.00046 1.59749e-05 0)
(1.00046 1.37639e-05 0)
(1.00046 1.18473e-05 0)
(1.00046 1.01889e-05 0)
(1.00046 8.75623e-06 0)
(1.00046 7.52025e-06 0)
(1.00047 6.4552e-06 0)
(1.00047 5.53836e-06 0)
(1.00047 4.74979e-06 0)
(1.00047 4.07207e-06 0)
(1.00047 3.48998e-06 0)
(1.00047 2.99031e-06 0)
(1.00047 2.5616e-06 0)
(1.00047 2.19392e-06 0)
(1.00047 1.8787e-06 0)
(1.00047 1.60853e-06 0)
(1.00047 1.37705e-06 0)
(1.00047 1.17875e-06 0)
(1.00047 1.00891e-06 0)
(1.00047 8.63469e-07 0)
(1.00047 7.38945e-07 0)
(1.00047 6.32342e-07 0)
(1.00047 5.4109e-07 0)
(1.00047 4.62986e-07 0)
(1.00047 3.96141e-07 0)
(1.00047 3.38935e-07 0)
(1.00047 2.89982e-07 0)
(1.00047 2.48093e-07 0)
(1.00047 2.12251e-07 0)
(1.00047 1.81584e-07 0)
(1.00047 1.55345e-07 0)
(1.00047 1.32896e-07 0)
(1.00047 1.1369e-07 0)
(1.00047 9.72581e-08 0)
(1.00047 8.32008e-08 0)
(1.00047 7.11748e-08 0)
(1.00047 6.08868e-08 0)
(1.00047 5.20855e-08 0)
(1.00047 4.45561e-08 0)
(1.00047 3.81149e-08 0)
(1.00047 3.26048e-08 0)
(1.00047 2.78913e-08 0)
(1.00047 2.38593e-08 0)
(1.00047 2.04101e-08 0)
(1.00047 1.74595e-08 0)
(1.00047 1.49353e-08 0)
(1.00047 1.2776e-08 0)
(1.00047 1.09289e-08 0)
(1.00047 9.34891e-09 0)
(1.00047 7.99746e-09 0)
(1.00047 6.84142e-09 0)
(1.00047 5.85247e-09 0)
(1.00047 5.00641e-09 0)
(1.00047 4.28258e-09 0)
(1.00047 3.66337e-09 0)
(1.00047 3.13369e-09 0)
(1.00047 2.68066e-09 0)
(1.00047 2.29317e-09 0)
(1.00047 1.96172e-09 0)
(1.00047 1.67821e-09 0)
(1.00047 1.43563e-09 0)
(1.00047 1.2281e-09 0)
(1.00047 1.05055e-09 0)
(1.00047 8.98623e-10 0)
(1.00047 7.68644e-10 0)
(1.00047 6.57407e-10 0)
(1.00047 5.62218e-10 0)
(1.00047 4.80787e-10 0)
(1.00047 4.11162e-10 0)
(1.00047 3.51693e-10 0)
(1.00047 3.00898e-10 0)
(1.00047 2.57514e-10 0)
(1.00047 2.20424e-10 0)
(1.00047 1.88647e-10 0)
(1.00047 1.61382e-10 0)
(1.00047 1.37957e-10 0)
(1.00047 1.17894e-10 0)
(1.00047 1.0075e-10 0)
(1.00047 8.6157e-11 0)
(1.00047 7.37584e-11 0)
(1.00047 6.32077e-11 0)
(1.00047 5.4177e-11 0)
(1.00047 4.63972e-11 0)
(1.00047 3.96382e-11 0)
(1.00047 3.37646e-11 0)
(1.00047 2.87007e-11 0)
(1.00047 2.43762e-11 0)
(1.00047 2.07251e-11 0)
(1.00047 1.76756e-11 0)
(1.00047 1.51336e-11 0)
(1.00047 1.29939e-11 0)
(1.00047 1.11675e-11 0)
(1.00047 9.58152e-12 0)
(1.00047 8.17937e-12 0)
(1.00047 6.9746e-12 0)
(1.00047 5.92876e-12 0)
(1.00047 5.07363e-12 0)
(1.00047 4.39498e-12 0)
(1.00047 3.86921e-12 0)
(1.00047 3.49971e-12 0)
(1.00047 3.20739e-12 0)
(1.00047 2.989e-12 0)
(1.00047 2.79294e-12 0)
(1.00047 2.60164e-12 0)
(1.00047 2.43001e-12 0)
(1.00047 2.25534e-12 0)
(1.00047 2.08558e-12 0)
(1.00047 1.93036e-12 0)
(1.00047 1.78019e-12 0)
(1.00047 1.64917e-12 0)
(1.00047 1.52536e-12 0)
(1.00047 1.42099e-12 0)
(1.00047 1.31305e-12 0)
(1.00047 1.19834e-12 0)
(1.00047 1.10889e-12 0)
(1.00047 1.00125e-12 0)
(1.00047 8.92489e-13 0)
(1.00047 7.76077e-13 0)
(1.00047 6.41032e-13 0)
(1.00047 5.09866e-13 0)
(1.00047 3.65454e-13 0)
(1.00047 2.22956e-13 0)
(1.00047 8.17643e-14 0)
(1.00047 -5.55369e-14 0)
(1.00047 -1.69251e-13 0)
(1.00047 -2.60752e-13 0)
(1.00047 -3.16278e-13 0)
(1.00047 -3.32278e-13 0)
(1.00047 -3.08223e-13 0)
(1.00047 -2.53507e-13 0)
(1.00047 -1.65754e-13 0)
(1.00047 -5.04806e-14 0)
(1.00047 6.00418e-14 0)
(1.00047 1.55229e-13 0)
(1.00047 2.88977e-13 0)
(1.00047 3.92284e-13 0)
(1.00047 4.46437e-13 0)
(1.00047 4.97538e-13 0)
(1.00047 5.35831e-13 0)
(1.00047 5.31906e-13 0)
(1.00047 4.86958e-13 0)
(1.00047 4.7888e-13 0)
(1.00047 3.91881e-13 0)
(1.00047 3.36341e-13 0)
(1.00047 2.37789e-13 0)
(1.00047 1.42692e-13 0)
(1.00047 6.71013e-14 0)
(1.00047 -7.04816e-14 0)
(1.00047 -1.68249e-13 0)
(1.00047 -2.52217e-13 0)
(1.00047 -3.27341e-13 0)
(1.00047 -4.32101e-13 0)
(1.00047 -4.58187e-13 0)
(1.00047 -4.81125e-13 0)
(1.00047 -5.25922e-13 0)
(1.00047 -5.11089e-13 0)
(1.00047 -4.85802e-13 0)
(1.00047 -5.19038e-13 0)
(1.00047 -4.44914e-13 0)
(1.00047 -4.51036e-13 0)
(1.00047 -4.01933e-13 0)
(1.00047 -3.58142e-13 0)
(1.00047 -3.2432e-13 0)
(1.00047 -3.25175e-13 0)
(1.00047 -2.31739e-13 0)
(1.00047 -2.38778e-13 0)
(1.00047 -2.04752e-13 0)
(1 5.5128e-06 0)
(1 1.69154e-05 0)
(1.00001 2.77138e-05 0)
(1.00002 3.75839e-05 0)
(1.00003 4.75564e-05 0)
(1.00004 5.78648e-05 0)
(1.00005 6.71491e-05 0)
(1.00007 7.42488e-05 0)
(1.00009 7.97402e-05 0)
(1.00011 8.531e-05 0)
(1.00013 9.2044e-05 0)
(1.00015 9.95041e-05 0)
(1.00017 0.000106159 0)
(1.0002 0.000110442 0)
(1.00023 0.000111516 0)
(1.00025 0.000109407 0)
(1.00028 0.00010472 0)
(1.0003 9.82621e-05 0)
(1.00032 9.079e-05 0)
(1.00034 8.28944e-05 0)
(1.00036 7.49864e-05 0)
(1.00037 6.73296e-05 0)
(1.00038 6.00827e-05 0)
(1.0004 5.33346e-05 0)
(1.00041 4.71284e-05 0)
(1.00042 4.14776e-05 0)
(1.00042 3.63751e-05 0)
(1.00043 3.18006e-05 0)
(1.00044 2.77246e-05 0)
(1.00044 2.41122e-05 0)
(1.00045 2.09256e-05 0)
(1.00045 1.81261e-05 0)
(1.00045 1.56752e-05 0)
(1.00045 1.35362e-05 0)
(1.00046 1.16745e-05 0)
(1.00046 1.00578e-05 0)
(1.00046 8.6567e-06 0)
(1.00046 7.44464e-06 0)
(1.00046 6.39768e-06 0)
(1.00046 5.49453e-06 0)
(1.00047 4.71633e-06 0)
(1.00047 4.04645e-06 0)
(1.00047 3.47031e-06 0)
(1.00047 2.97515e-06 0)
(1.00047 2.54987e-06 0)
(1.00047 2.18481e-06 0)
(1.00047 1.87159e-06 0)
(1.00047 1.60296e-06 0)
(1.00047 1.37266e-06 0)
(1.00047 1.17527e-06 0)
(1.00047 1.00614e-06 0)
(1.00047 8.61256e-07 0)
(1.00047 7.37165e-07 0)
(1.00047 6.30903e-07 0)
(1.00047 5.3992e-07 0)
(1.00047 4.62031e-07 0)
(1.00047 3.95357e-07 0)
(1.00047 3.3829e-07 0)
(1.00047 2.89448e-07 0)
(1.00047 2.4765e-07 0)
(1.00047 2.11882e-07 0)
(1.00047 1.81275e-07 0)
(1.00047 1.55087e-07 0)
(1.00047 1.32679e-07 0)
(1.00047 1.13507e-07 0)
(1.00047 9.71041e-08 0)
(1.00047 8.30706e-08 0)
(1.00047 7.10646e-08 0)
(1.00047 6.07933e-08 0)
(1.00047 5.20061e-08 0)
(1.00047 4.44887e-08 0)
(1.00047 3.80576e-08 0)
(1.00047 3.2556e-08 0)
(1.00047 2.78497e-08 0)
(1.00047 2.38238e-08 0)
(1.00047 2.03799e-08 0)
(1.00047 1.74337e-08 0)
(1.00047 1.49134e-08 0)
(1.00047 1.27572e-08 0)
(1.00047 1.09128e-08 0)
(1.00047 9.33512e-09 0)
(1.00047 7.98561e-09 0)
(1.00047 6.83129e-09 0)
(1.00047 5.84383e-09 0)
(1.00047 4.99906e-09 0)
(1.00047 4.27633e-09 0)
(1.00047 3.65801e-09 0)
(1.00047 3.12908e-09 0)
(1.00047 2.67667e-09 0)
(1.00047 2.28975e-09 0)
(1.00047 1.95881e-09 0)
(1.00047 1.67573e-09 0)
(1.00047 1.43356e-09 0)
(1.00047 1.22638e-09 0)
(1.00047 1.0491e-09 0)
(1.00047 8.97412e-10 0)
(1.00047 7.67619e-10 0)
(1.00047 6.56555e-10 0)
(1.00047 5.61506e-10 0)
(1.00047 4.80186e-10 0)
(1.00047 4.10632e-10 0)
(1.00047 3.51169e-10 0)
(1.00047 3.00389e-10 0)
(1.00047 2.57051e-10 0)
(1.00047 2.19999e-10 0)
(1.00047 1.88311e-10 0)
(1.00047 1.61143e-10 0)
(1.00047 1.37814e-10 0)
(1.00047 1.17804e-10 0)
(1.00047 1.00651e-10 0)
(1.00047 8.60298e-11 0)
(1.00047 7.35947e-11 0)
(1.00047 6.30287e-11 0)
(1.00047 5.40343e-11 0)
(1.00047 4.63104e-11 0)
(1.00047 3.96217e-11 0)
(1.00047 3.38225e-11 0)
(1.00047 2.87735e-11 0)
(1.00047 2.44283e-11 0)
(1.00047 2.07423e-11 0)
(1.00047 1.76461e-11 0)
(1.00047 1.50712e-11 0)
(1.00047 1.29223e-11 0)
(1.00047 1.1116e-11 0)
(1.00047 9.55888e-12 0)
(1.00047 8.19097e-12 0)
(1.00047 6.97782e-12 0)
(1.00047 5.92198e-12 0)
(1.00047 5.02747e-12 0)
(1.00047 4.2967e-12 0)
(1.00047 3.72689e-12 0)
(1.00047 3.31562e-12 0)
(1.00047 3.00851e-12 0)
(1.00047 2.77414e-12 0)
(1.00047 2.5859e-12 0)
(1.00047 2.41271e-12 0)
(1.00047 2.2412e-12 0)
(1.00047 2.084e-12 0)
(1.00047 1.92494e-12 0)
(1.00047 1.78418e-12 0)
(1.00047 1.65503e-12 0)
(1.00047 1.53797e-12 0)
(1.00047 1.44165e-12 0)
(1.00047 1.34e-12 0)
(1.00047 1.25783e-12 0)
(1.00047 1.15213e-12 0)
(1.00047 1.067e-12 0)
(1.00047 9.73361e-13 0)
(1.00047 8.78533e-13 0)
(1.00047 7.8649e-13 0)
(1.00047 6.79779e-13 0)
(1.00047 5.74817e-13 0)
(1.00047 4.66544e-13 0)
(1.00047 3.60159e-13 0)
(1.00047 2.38686e-13 0)
(1.00047 1.26617e-13 0)
(1.00047 8.29684e-15 0)
(1.00047 -9.01814e-14 0)
(1.00047 -1.65084e-13 0)
(1.00047 -2.22617e-13 0)
(1.00047 -2.42613e-13 0)
(1.00047 -2.24743e-13 0)
(1.00047 -1.83098e-13 0)
(1.00047 -1.19934e-13 0)
(1.00047 -3.97392e-14 0)
(1.00047 4.24429e-14 0)
(1.00047 1.32493e-13 0)
(1.00047 2.1856e-13 0)
(1.00047 2.89469e-13 0)
(1.00047 3.3516e-13 0)
(1.00047 3.55281e-13 0)
(1.00047 3.78708e-13 0)
(1.00047 3.73532e-13 0)
(1.00047 3.35912e-13 0)
(1.00047 3.14205e-13 0)
(1.00047 2.61346e-13 0)
(1.00047 2.03422e-13 0)
(1.00047 1.14473e-13 0)
(1.00047 3.31834e-14 0)
(1.00047 -3.57281e-14 0)
(1.00047 -1.1857e-13 0)
(1.00047 -2.1318e-13 0)
(1.00047 -2.72311e-13 0)
(1.00047 -3.16083e-13 0)
(1.00047 -4.03525e-13 0)
(1.00047 -4.23066e-13 0)
(1.00047 -4.89748e-13 0)
(1.00047 -4.57728e-13 0)
(1.00047 -4.72003e-13 0)
(1.00047 -4.91706e-13 0)
(1.00047 -4.57612e-13 0)
(1.00047 -4.1494e-13 0)
(1.00047 -4.12426e-13 0)
(1.00047 -3.72722e-13 0)
(1.00047 -3.85821e-13 0)
(1.00047 -3.20236e-13 0)
(1.00047 -3.06748e-13 0)
(1.00047 -2.89993e-13 0)
(1.00047 -2.34917e-13 0)
(1.00047 -1.68822e-13 0)
(1 4.21048e-06 0)
(1 1.29222e-05 0)
(1.00001 2.11802e-05 0)
(1.00001 2.87413e-05 0)
(1.00002 3.63957e-05 0)
(1.00004 4.43285e-05 0)
(1.00005 5.14999e-05 0)
(1.00007 5.70232e-05 0)
(1.00008 6.1336e-05 0)
(1.0001 6.57186e-05 0)
(1.00012 7.09864e-05 0)
(1.00015 7.67973e-05 0)
(1.00017 8.19867e-05 0)
(1.00019 8.53633e-05 0)
(1.00022 8.62858e-05 0)
(1.00024 8.47687e-05 0)
(1.00027 8.12678e-05 0)
(1.00029 7.6397e-05 0)
(1.00031 7.07312e-05 0)
(1.00033 6.47197e-05 0)
(1.00035 5.8676e-05 0)
(1.00036 5.28026e-05 0)
(1.00038 4.72231e-05 0)
(1.00039 4.20088e-05 0)
(1.0004 3.71963e-05 0)
(1.00041 3.27994e-05 0)
(1.00042 2.88163e-05 0)
(1.00043 2.52344e-05 0)
(1.00043 2.20337e-05 0)
(1.00044 1.91896e-05 0)
(1.00044 1.66747e-05 0)
(1.00045 1.44604e-05 0)
(1.00045 1.2518e-05 0)
(1.00045 1.08198e-05 0)
(1.00046 9.33928e-06 0)
(1.00046 8.05178e-06 0)
(1.00046 6.93459e-06 0)
(1.00046 5.96702e-06 0)
(1.00046 5.13041e-06 0)
(1.00046 4.40808e-06 0)
(1.00047 3.7852e-06 0)
(1.00047 3.24865e-06 0)
(1.00047 2.78691e-06 0)
(1.00047 2.38987e-06 0)
(1.00047 2.04871e-06 0)
(1.00047 1.75574e-06 0)
(1.00047 1.50428e-06 0)
(1.00047 1.28856e-06 0)
(1.00047 1.10356e-06 0)
(1.00047 9.44974e-07 0)
(1.00047 8.09061e-07 0)
(1.00047 6.92611e-07 0)
(1.00047 5.92861e-07 0)
(1.00047 5.0743e-07 0)
(1.00047 4.34277e-07 0)
(1.00047 3.71644e-07 0)
(1.00047 3.18027e-07 0)
(1.00047 2.7213e-07 0)
(1.00047 2.32848e-07 0)
(1.00047 1.99228e-07 0)
(1.00047 1.70457e-07 0)
(1.00047 1.45837e-07 0)
(1.00047 1.2477e-07 0)
(1.00047 1.06745e-07 0)
(1.00047 9.13211e-08 0)
(1.00047 7.8125e-08 0)
(1.00047 6.6835e-08 0)
(1.00047 5.71759e-08 0)
(1.00047 4.89123e-08 0)
(1.00047 4.18426e-08 0)
(1.00047 3.57944e-08 0)
(1.00047 3.06202e-08 0)
(1.00047 2.61939e-08 0)
(1.00047 2.24074e-08 0)
(1.00047 1.91684e-08 0)
(1.00047 1.63974e-08 0)
(1.00047 1.4027e-08 0)
(1.00047 1.19991e-08 0)
(1.00047 1.02643e-08 0)
(1.00047 8.78036e-09 0)
(1.00047 7.51102e-09 0)
(1.00047 6.42524e-09 0)
(1.00047 5.49647e-09 0)
(1.00047 4.70192e-09 0)
(1.00047 4.02215e-09 0)
(1.00047 3.44061e-09 0)
(1.00047 2.94312e-09 0)
(1.00047 2.51759e-09 0)
(1.00047 2.15365e-09 0)
(1.00047 1.84239e-09 0)
(1.00047 1.57615e-09 0)
(1.00047 1.34838e-09 0)
(1.00047 1.1535e-09 0)
(1.00047 9.86778e-10 0)
(1.00047 8.44128e-10 0)
(1.00047 7.22078e-10 0)
(1.00047 6.17645e-10 0)
(1.00047 5.28272e-10 0)
(1.00047 4.51787e-10 0)
(1.00047 3.86336e-10 0)
(1.00047 3.30367e-10 0)
(1.00047 2.82555e-10 0)
(1.00047 2.41719e-10 0)
(1.00047 2.06861e-10 0)
(1.00047 1.77074e-10 0)
(1.00047 1.51557e-10 0)
(1.00047 1.29666e-10 0)
(1.00047 1.1086e-10 0)
(1.00047 9.47391e-11 0)
(1.00047 8.09465e-11 0)
(1.00047 6.92076e-11 0)
(1.00047 5.92369e-11 0)
(1.00047 5.07512e-11 0)
(1.00047 4.35002e-11 0)
(1.00047 3.72587e-11 0)
(1.00047 3.18352e-11 0)
(1.00047 2.71224e-11 0)
(1.00047 2.30493e-11 0)
(1.00047 1.95571e-11 0)
(1.00047 1.66199e-11 0)
(1.00047 1.41594e-11 0)
(1.00047 1.21187e-11 0)
(1.00047 1.0402e-11 0)
(1.00047 8.94274e-12 0)
(1.00047 7.67557e-12 0)
(1.00047 6.54154e-12 0)
(1.00047 5.55129e-12 0)
(1.00047 4.69023e-12 0)
(1.00047 3.98041e-12 0)
(1.00047 3.42357e-12 0)
(1.00047 2.99583e-12 0)
(1.00047 2.69744e-12 0)
(1.00047 2.46039e-12 0)
(1.00047 2.26513e-12 0)
(1.00047 2.10326e-12 0)
(1.00047 1.94595e-12 0)
(1.00047 1.79153e-12 0)
(1.00047 1.64407e-12 0)
(1.00047 1.51545e-12 0)
(1.00047 1.4126e-12 0)
(1.00047 1.32013e-12 0)
(1.00047 1.24659e-12 0)
(1.00047 1.17793e-12 0)
(1.00047 1.10918e-12 0)
(1.00047 1.04343e-12 0)
(1.00047 9.51182e-13 0)
(1.00047 8.71406e-13 0)
(1.00047 7.83352e-13 0)
(1.00047 6.92703e-13 0)
(1.00047 6.12823e-13 0)
(1.00047 5.32226e-13 0)
(1.00047 4.51842e-13 0)
(1.00047 3.80896e-13 0)
(1.00047 3.00785e-13 0)
(1.00047 2.23174e-13 0)
(1.00047 1.49773e-13 0)
(1.00047 6.75543e-14 0)
(1.00047 -8.29882e-15 0)
(1.00047 -6.50728e-14 0)
(1.00047 -1.10465e-13 0)
(1.00047 -1.19104e-13 0)
(1.00047 -1.10886e-13 0)
(1.00047 -9.06988e-14 0)
(1.00047 -4.34835e-14 0)
(1.00047 1.03341e-14 0)
(1.00047 6.97206e-14 0)
(1.00047 1.38648e-13 0)
(1.00047 1.6767e-13 0)
(1.00047 2.21234e-13 0)
(1.00047 2.46139e-13 0)
(1.00047 2.24273e-13 0)
(1.00047 2.33055e-13 0)
(1.00047 2.0031e-13 0)
(1.00047 1.83577e-13 0)
(1.00047 1.32722e-13 0)
(1.00047 9.05557e-14 0)
(1.00047 6.95405e-14 0)
(1.00047 -1.65542e-14 0)
(1.00047 -5.85165e-14 0)
(1.00047 -1.18602e-13 0)
(1.00047 -1.67995e-13 0)
(1.00047 -2.24777e-13 0)
(1.00047 -3.17263e-13 0)
(1.00047 -3.00948e-13 0)
(1.00047 -3.71594e-13 0)
(1.00047 -3.96681e-13 0)
(1.00047 -3.92609e-13 0)
(1.00047 -4.55793e-13 0)
(1.00047 -4.02618e-13 0)
(1.00047 -4.06461e-13 0)
(1.00047 -4.65605e-13 0)
(1.00047 -3.93467e-13 0)
(1.00047 -4.25616e-13 0)
(1.00047 -3.91464e-13 0)
(1.00047 -3.49525e-13 0)
(1.00047 -3.41835e-13 0)
(1.00047 -3.37851e-13 0)
(1.00047 -2.62753e-13 0)
(1.00047 -2.61621e-13 0)
(1.00047 -2.03454e-13 0)
(1 2.96761e-06 0)
(1 9.10914e-06 0)
(1.00001 1.49349e-05 0)
(1.00001 2.02754e-05 0)
(1.00002 2.56894e-05 0)
(1.00004 3.13103e-05 0)
(1.00005 3.64056e-05 0)
(1.00006 4.03498e-05 0)
(1.00008 4.34497e-05 0)
(1.0001 4.66044e-05 0)
(1.00012 5.03823e-05 0)
(1.00014 5.45383e-05 0)
(1.00016 5.82524e-05 0)
(1.00019 6.06877e-05 0)
(1.00021 6.13918e-05 0)
(1.00024 6.03721e-05 0)
(1.00026 5.79468e-05 0)
(1.00029 5.45471e-05 0)
(1.00031 5.05768e-05 0)
(1.00033 4.63513e-05 0)
(1.00034 4.20913e-05 0)
(1.00036 3.79402e-05 0)
(1.00037 3.39862e-05 0)
(1.00039 3.0281e-05 0)
(1.0004 2.68524e-05 0)
(1.00041 2.37121e-05 0)
(1.00042 2.08604e-05 0)
(1.00042 1.82901e-05 0)
(1.00043 1.59885e-05 0)
(1.00044 1.39393e-05 0)
(1.00044 1.2124e-05 0)
(1.00044 1.05231e-05 0)
(1.00045 9.11663e-06 0)
(1.00045 7.88532e-06 0)
(1.00045 6.81055e-06 0)
(1.00046 5.87489e-06 0)
(1.00046 5.06221e-06 0)
(1.00046 4.35776e-06 0)
(1.00046 3.7482e-06 0)
(1.00046 3.22155e-06 0)
(1.00046 2.76713e-06 0)
(1.00047 2.3755e-06 0)
(1.00047 2.03832e-06 0)
(1.00047 1.74827e-06 0)
(1.00047 1.49895e-06 0)
(1.00047 1.28479e-06 0)
(1.00047 1.10092e-06 0)
(1.00047 9.43146e-07 0)
(1.00047 8.07819e-07 0)
(1.00047 6.91788e-07 0)
(1.00047 5.92332e-07 0)
(1.00047 5.07109e-07 0)
(1.00047 4.34098e-07 0)
(1.00047 3.71563e-07 0)
(1.00047 3.18009e-07 0)
(1.00047 2.72155e-07 0)
(1.00047 2.32897e-07 0)
(1.00047 1.99292e-07 0)
(1.00047 1.70527e-07 0)
(1.00047 1.45909e-07 0)
(1.00047 1.2484e-07 0)
(1.00047 1.0681e-07 0)
(1.00047 9.13823e-08 0)
(1.00047 7.81808e-08 0)
(1.00047 6.68851e-08 0)
(1.00047 5.72206e-08 0)
(1.00047 4.89519e-08 0)
(1.00047 4.18775e-08 0)
(1.00047 3.58251e-08 0)
(1.00047 3.06471e-08 0)
(1.00047 2.62172e-08 0)
(1.00047 2.24275e-08 0)
(1.00047 1.91856e-08 0)
(1.00047 1.64123e-08 0)
(1.00047 1.40399e-08 0)
(1.00047 1.20104e-08 0)
(1.00047 1.02741e-08 0)
(1.00047 8.78868e-09 0)
(1.00047 7.51803e-09 0)
(1.00047 6.43116e-09 0)
(1.00047 5.50149e-09 0)
(1.00047 4.70626e-09 0)
(1.00047 4.02598e-09 0)
(1.00047 3.44397e-09 0)
(1.00047 2.946e-09 0)
(1.00047 2.51999e-09 0)
(1.00047 2.1556e-09 0)
(1.00047 1.84396e-09 0)
(1.00047 1.57745e-09 0)
(1.00047 1.34951e-09 0)
(1.00047 1.15453e-09 0)
(1.00047 9.87699e-10 0)
(1.00047 8.44939e-10 0)
(1.00047 7.228e-10 0)
(1.00047 6.18302e-10 0)
(1.00047 5.289e-10 0)
(1.00047 4.52415e-10 0)
(1.00047 3.8696e-10 0)
(1.00047 3.30939e-10 0)
(1.00047 2.83002e-10 0)
(1.00047 2.42009e-10 0)
(1.00047 2.0698e-10 0)
(1.00047 1.77092e-10 0)
(1.00047 1.51555e-10 0)
(1.00047 1.29723e-10 0)
(1.00047 1.11002e-10 0)
(1.00047 9.49389e-11 0)
(1.00047 8.11475e-11 0)
(1.00047 6.9314e-11 0)
(1.00047 5.92259e-11 0)
(1.00047 5.06531e-11 0)
(1.00047 4.33791e-11 0)
(1.00047 3.71806e-11 0)
(1.00047 3.18565e-11 0)
(1.00047 2.72548e-11 0)
(1.00047 2.32514e-11 0)
(1.00047 1.97589e-11 0)
(1.00047 1.67553e-11 0)
(1.00047 1.4205e-11 0)
(1.00047 1.2083e-11 0)
(1.00047 1.03222e-11 0)
(1.00047 8.85635e-12 0)
(1.00047 7.62815e-12 0)
(1.00047 6.55701e-12 0)
(1.00047 5.61895e-12 0)
(1.00047 4.76895e-12 0)
(1.00047 4.02187e-12 0)
(1.00047 3.38184e-12 0)
(1.00047 2.86411e-12 0)
(1.00047 2.48043e-12 0)
(1.00047 2.19945e-12 0)
(1.00047 1.99994e-12 0)
(1.00047 1.8493e-12 0)
(1.00047 1.7033e-12 0)
(1.00047 1.57639e-12 0)
(1.00047 1.44828e-12 0)
(1.00047 1.33433e-12 0)
(1.00047 1.21853e-12 0)
(1.00047 1.12226e-12 0)
(1.00047 1.05735e-12 0)
(1.00047 1.00129e-12 0)
(1.00047 9.66641e-13 0)
(1.00047 9.20077e-13 0)
(1.00047 8.91613e-13 0)
(1.00047 8.46723e-13 0)
(1.00047 7.97944e-13 0)
(1.00047 7.40737e-13 0)
(1.00047 6.72196e-13 0)
(1.00047 5.96979e-13 0)
(1.00047 5.28044e-13 0)
(1.00047 4.63787e-13 0)
(1.00047 4.09589e-13 0)
(1.00047 3.63459e-13 0)
(1.00047 3.00501e-13 0)
(1.00047 2.58638e-13 0)
(1.00047 2.03666e-13 0)
(1.00047 1.44761e-13 0)
(1.00047 7.38319e-14 0)
(1.00047 1.18916e-14 0)
(1.00047 -1.43332e-14 0)
(1.00047 -4.6045e-14 0)
(1.00047 -5.80098e-14 0)
(1.00047 -5.81558e-14 0)
(1.00047 -3.22063e-14 0)
(1.00047 8.70039e-16 0)
(1.00047 2.31564e-14 0)
(1.00047 6.73076e-14 0)
(1.00047 6.50031e-14 0)
(1.00047 8.923e-14 0)
(1.00047 9.75527e-14 0)
(1.00047 6.41489e-14 0)
(1.00047 7.72731e-14 0)
(1.00047 2.34633e-14 0)
(1.00047 4.29097e-15 0)
(1.00047 -3.19385e-14 0)
(1.00047 -9.06746e-14 0)
(1.00047 -1.12569e-13 0)
(1.00047 -1.36322e-13 0)
(1.00047 -2.00978e-13 0)
(1.00047 -2.13197e-13 0)
(1.00047 -2.41765e-13 0)
(1.00047 -2.66322e-13 0)
(1.00047 -3.01359e-13 0)
(1.00047 -3.68423e-13 0)
(1.00047 -3.14813e-13 0)
(1.00047 -3.71451e-13 0)
(1.00047 -3.74793e-13 0)
(1.00047 -3.91457e-13 0)
(1.00047 -4.09518e-13 0)
(1.00047 -3.43155e-13 0)
(1.00047 -3.9909e-13 0)
(1.00047 -3.58157e-13 0)
(1.00047 -3.57742e-13 0)
(1.00047 -3.63919e-13 0)
(1.00047 -3.46719e-13 0)
(1.00047 -2.87944e-13 0)
(1.00047 -3.11729e-13 0)
(1.00047 -2.69874e-13 0)
(1.00047 -2.42844e-13 0)
(1.00047 -1.81446e-13 0)
(1 1.76503e-06 0)
(1 5.41833e-06 0)
(1.00001 8.88531e-06 0)
(1.00001 1.2066e-05 0)
(1.00002 1.52935e-05 0)
(1.00003 1.86479e-05 0)
(1.00005 2.16941e-05 0)
(1.00006 2.40596e-05 0)
(1.00008 2.59265e-05 0)
(1.0001 2.78282e-05 0)
(1.00012 3.01008e-05 0)
(1.00014 3.25966e-05 0)
(1.00016 3.48282e-05 0)
(1.00019 3.62985e-05 0)
(1.00021 3.67386e-05 0)
(1.00023 3.61517e-05 0)
(1.00026 3.47262e-05 0)
(1.00028 3.27176e-05 0)
(1.0003 3.03656e-05 0)
(1.00032 2.78574e-05 0)
(1.00034 2.53242e-05 0)
(1.00036 2.28512e-05 0)
(1.00037 2.04915e-05 0)
(1.00038 1.82764e-05 0)
(1.00039 1.62232e-05 0)
(1.0004 1.43394e-05 0)
(1.00041 1.26261e-05 0)
(1.00042 1.10795e-05 0)
(1.00043 9.69265e-06 0)
(1.00043 8.45627e-06 0)
(1.00044 7.3597e-06 0)
(1.00044 6.39154e-06 0)
(1.00045 5.54017e-06 0)
(1.00045 4.79413e-06 0)
(1.00045 4.14241e-06 0)
(1.00046 3.57463e-06 0)
(1.00046 3.08116e-06 0)
(1.00046 2.65316e-06 0)
(1.00046 2.28262e-06 0)
(1.00046 1.96233e-06 0)
(1.00046 1.68587e-06 0)
(1.00047 1.44752e-06 0)
(1.00047 1.24224e-06 0)
(1.00047 1.06561e-06 0)
(1.00047 9.13753e-07 0)
(1.00047 7.83276e-07 0)
(1.00047 6.7124e-07 0)
(1.00047 5.75087e-07 0)
(1.00047 4.92603e-07 0)
(1.00047 4.21872e-07 0)
(1.00047 3.61239e-07 0)
(1.00047 3.09278e-07 0)
(1.00047 2.64759e-07 0)
(1.00047 2.26626e-07 0)
(1.00047 1.93968e-07 0)
(1.00047 1.66003e-07 0)
(1.00047 1.4206e-07 0)
(1.00047 1.21564e-07 0)
(1.00047 1.0402e-07 0)
(1.00047 8.90041e-08 0)
(1.00047 7.61533e-08 0)
(1.00047 6.51558e-08 0)
(1.00047 5.57448e-08 0)
(1.00047 4.76919e-08 0)
(1.00047 4.08015e-08 0)
(1.00047 3.49061e-08 0)
(1.00047 2.98622e-08 0)
(1.00047 2.55468e-08 0)
(1.00047 2.18547e-08 0)
(1.00047 1.86959e-08 0)
(1.00047 1.59935e-08 0)
(1.00047 1.36816e-08 0)
(1.00047 1.1704e-08 0)
(1.00047 1.00122e-08 0)
(1.00047 8.565e-09 0)
(1.00047 7.32686e-09 0)
(1.00047 6.26762e-09 0)
(1.00047 5.36143e-09 0)
(1.00047 4.58628e-09 0)
(1.00047 3.92326e-09 0)
(1.00047 3.35615e-09 0)
(1.00047 2.87105e-09 0)
(1.00047 2.45602e-09 0)
(1.00047 2.10095e-09 0)
(1.00047 1.79715e-09 0)
(1.00047 1.53727e-09 0)
(1.00047 1.31501e-09 0)
(1.00047 1.12495e-09 0)
(1.00047 9.62412e-10 0)
(1.00047 8.23369e-10 0)
(1.00047 7.04393e-10 0)
(1.00047 6.02568e-10 0)
(1.00047 5.15437e-10 0)
(1.00047 4.40904e-10 0)
(1.00047 3.7717e-10 0)
(1.00047 3.22673e-10 0)
(1.00047 2.76054e-10 0)
(1.00047 2.36154e-10 0)
(1.00047 2.01983e-10 0)
(1.00047 1.72736e-10 0)
(1.00047 1.47736e-10 0)
(1.00047 1.26373e-10 0)
(1.00047 1.08149e-10 0)
(1.00047 9.25619e-11 0)
(1.00047 7.92189e-11 0)
(1.00047 6.77677e-11 0)
(1.00047 5.79119e-11 0)
(1.00047 4.94595e-11 0)
(1.00047 4.22139e-11 0)
(1.00047 3.60678e-11 0)
(1.00047 3.0863e-11 0)
(1.00047 2.64501e-11 0)
(1.00047 2.26846e-11 0)
(1.00047 1.94281e-11 0)
(1.00047 1.65732e-11 0)
(1.00047 1.40829e-11 0)
(1.00047 1.1918e-11 0)
(1.00047 1.00573e-11 0)
(1.00047 8.51872e-12 0)
(1.00047 7.25913e-12 0)
(1.00047 6.23724e-12 0)
(1.00047 5.3891e-12 0)
(1.00047 4.66757e-12 0)
(1.00047 4.01416e-12 0)
(1.00047 3.41721e-12 0)
(1.00047 2.87823e-12 0)
(1.00047 2.40523e-12 0)
(1.00047 2.01921e-12 0)
(1.00047 1.72944e-12 0)
(1.00047 1.53732e-12 0)
(1.00047 1.41569e-12 0)
(1.00047 1.3214e-12 0)
(1.00047 1.2277e-12 0)
(1.00047 1.13068e-12 0)
(1.00047 1.01668e-12 0)
(1.00047 8.97887e-13 0)
(1.00047 7.85464e-13 0)
(1.00047 6.71393e-13 0)
(1.00047 5.98579e-13 0)
(1.00047 5.6734e-13 0)
(1.00047 5.58889e-13 0)
(1.00047 5.88074e-13 0)
(1.00047 5.81999e-13 0)
(1.00047 5.71907e-13 0)
(1.00047 5.43529e-13 0)
(1.00047 4.96986e-13 0)
(1.00047 4.60819e-13 0)
(1.00047 3.98229e-13 0)
(1.00047 3.40572e-13 0)
(1.00047 3.02632e-13 0)
(1.00047 2.71802e-13 0)
(1.00047 2.55892e-13 0)
(1.00047 2.44972e-13 0)
(1.00047 2.26961e-13 0)
(1.00047 2.23224e-13 0)
(1.00047 1.99993e-13 0)
(1.00047 1.68055e-13 0)
(1.00047 1.41332e-13 0)
(1.00047 1.21334e-13 0)
(1.00047 1.08904e-13 0)
(1.00047 9.4348e-14 0)
(1.00047 8.28033e-14 0)
(1.00047 8.14307e-14 0)
(1.00047 9.95178e-14 0)
(1.00047 1.0043e-13 0)
(1.00047 8.832e-14 0)
(1.00047 8.98245e-14 0)
(1.00047 4.8015e-14 0)
(1.00047 1.82611e-14 0)
(1.00047 1.89287e-15 0)
(1.00047 -6.21034e-14 0)
(1.00047 -8.65145e-14 0)
(1.00047 -1.32485e-13 0)
(1.00047 -1.81522e-13 0)
(1.00047 -1.93177e-13 0)
(1.00047 -2.46111e-13 0)
(1.00047 -2.78006e-13 0)
(1.00047 -2.69808e-13 0)
(1.00047 -3.16107e-13 0)
(1.00047 -3.1868e-13 0)
(1.00047 -3.16347e-13 0)
(1.00047 -3.32069e-13 0)
(1.00047 -3.00402e-13 0)
(1.00047 -3.49348e-13 0)
(1.00047 -3.40333e-13 0)
(1.00047 -3.18817e-13 0)
(1.00047 -3.44452e-13 0)
(1.00047 -3.54492e-13 0)
(1.00047 -3.75357e-13 0)
(1.00047 -3.4357e-13 0)
(1.00047 -3.73494e-13 0)
(1.00047 -3.58969e-13 0)
(1.00047 -3.52148e-13 0)
(1.00047 -3.52872e-13 0)
(1.00047 -3.95189e-13 0)
(1.00047 -3.36793e-13 0)
(1.00047 -3.03728e-13 0)
(1.00047 -2.99402e-13 0)
(1.00047 -2.70244e-13 0)
(1.00047 -1.67761e-13 0)
(1 5.85794e-07 0)
(1 1.79838e-06 0)
(1.00001 2.94937e-06 0)
(1.00001 4.0057e-06 0)
(1.00002 5.07807e-06 0)
(1.00003 6.19319e-06 0)
(1.00005 7.20677e-06 0)
(1.00006 7.99502e-06 0)
(1.00008 8.61839e-06 0)
(1.0001 9.25371e-06 0)
(1.00012 1.00122e-05 0)
(1.00014 1.08445e-05 0)
(1.00016 1.15889e-05 0)
(1.00018 1.20805e-05 0)
(1.00021 1.22301e-05 0)
(1.00023 1.20386e-05 0)
(1.00026 1.15683e-05 0)
(1.00028 1.09039e-05 0)
(1.0003 1.01249e-05 0)
(1.00032 9.29333e-06 0)
(1.00034 8.45269e-06 0)
(1.00035 7.63133e-06 0)
(1.00037 6.8469e-06 0)
(1.00038 6.10991e-06 0)
(1.00039 5.42618e-06 0)
(1.0004 4.79836e-06 0)
(1.00041 4.22689e-06 0)
(1.00042 3.71066e-06 0)
(1.00043 3.24742e-06 0)
(1.00043 2.83417e-06 0)
(1.00044 2.46743e-06 0)
(1.00044 2.14346e-06 0)
(1.00045 1.85843e-06 0)
(1.00045 1.60855e-06 0)
(1.00045 1.39017e-06 0)
(1.00046 1.19985e-06 0)
(1.00046 1.03438e-06 0)
(1.00046 8.90828e-07 0)
(1.00046 7.66513e-07 0)
(1.00046 6.59034e-07 0)
(1.00046 5.66243e-07 0)
(1.00047 4.86229e-07 0)
(1.00047 4.17308e-07 0)
(1.00047 3.57996e-07 0)
(1.00047 3.06996e-07 0)
(1.00047 2.63172e-07 0)
(1.00047 2.25539e-07 0)
(1.00047 1.93239e-07 0)
(1.00047 1.65528e-07 0)
(1.00047 1.41765e-07 0)
(1.00047 1.21393e-07 0)
(1.00047 1.03934e-07 0)
(1.00047 8.89748e-08 0)
(1.00047 7.61611e-08 0)
(1.00047 6.51867e-08 0)
(1.00047 5.57893e-08 0)
(1.00047 4.77433e-08 0)
(1.00047 4.08553e-08 0)
(1.00047 3.49593e-08 0)
(1.00047 2.9913e-08 0)
(1.00047 2.55942e-08 0)
(1.00047 2.18982e-08 0)
(1.00047 1.87353e-08 0)
(1.00047 1.60288e-08 0)
(1.00047 1.3713e-08 0)
(1.00047 1.17316e-08 0)
(1.00047 1.00365e-08 0)
(1.00047 8.58615e-09 0)
(1.00047 7.34528e-09 0)
(1.00047 6.28363e-09 0)
(1.00047 5.37536e-09 0)
(1.00047 4.59835e-09 0)
(1.00047 3.93367e-09 0)
(1.00047 3.36508e-09 0)
(1.00047 2.87867e-09 0)
(1.00047 2.46253e-09 0)
(1.00047 2.10651e-09 0)
(1.00047 1.80195e-09 0)
(1.00047 1.54143e-09 0)
(1.00047 1.3186e-09 0)
(1.00047 1.128e-09 0)
(1.00047 9.64956e-10 0)
(1.00047 8.25452e-10 0)
(1.00047 7.06086e-10 0)
(1.00047 6.03978e-10 0)
(1.00047 5.16656e-10 0)
(1.00047 4.41986e-10 0)
(1.00047 3.78145e-10 0)
(1.00047 3.23539e-10 0)
(1.00047 2.76805e-10 0)
(1.00047 2.36791e-10 0)
(1.00047 2.02526e-10 0)
(1.00047 1.73215e-10 0)
(1.00047 1.48155e-10 0)
(1.00047 1.26745e-10 0)
(1.00047 1.08453e-10 0)
(1.00047 9.28086e-11 0)
(1.00047 7.94192e-11 0)
(1.00047 6.7944e-11 0)
(1.00047 5.81046e-11 0)
(1.00047 4.96974e-11 0)
(1.00047 4.25265e-11 0)
(1.00047 3.64137e-11 0)
(1.00047 3.11752e-11 0)
(1.00047 2.66878e-11 0)
(1.00047 2.2826e-11 0)
(1.00047 1.94891e-11 0)
(1.00047 1.66262e-11 0)
(1.00047 1.41726e-11 0)
(1.00047 1.21052e-11 0)
(1.00047 1.03691e-11 0)
(1.00047 8.89997e-12 0)
(1.00047 7.63902e-12 0)
(1.00047 6.53787e-12 0)
(1.00047 5.55715e-12 0)
(1.00047 4.69544e-12 0)
(1.00047 3.94243e-12 0)
(1.00047 3.30523e-12 0)
(1.00047 2.79453e-12 0)
(1.00047 2.39239e-12 0)
(1.00047 2.07769e-12 0)
(1.00047 1.81672e-12 0)
(1.00047 1.58215e-12 0)
(1.00047 1.35728e-12 0)
(1.00047 1.13411e-12 0)
(1.00047 9.3171e-13 0)
(1.00047 7.66303e-13 0)
(1.00047 6.4767e-13 0)
(1.00047 5.69486e-13 0)
(1.00047 5.33159e-13 0)
(1.00047 5.2214e-13 0)
(1.00047 5.02541e-13 0)
(1.00047 4.664e-13 0)
(1.00047 4.21091e-13 0)
(1.00047 3.55761e-13 0)
(1.00047 2.86582e-13 0)
(1.00047 2.1265e-13 0)
(1.00047 1.46094e-13 0)
(1.00047 1.11164e-13 0)
(1.00047 1.03514e-13 0)
(1.00047 1.18943e-13 0)
(1.00047 1.58755e-13 0)
(1.00047 1.71558e-13 0)
(1.00047 1.69583e-13 0)
(1.00047 1.50606e-13 0)
(1.00047 1.14267e-13 0)
(1.00047 9.09529e-14 0)
(1.00047 5.43986e-14 0)
(1.00047 2.65287e-14 0)
(1.00047 1.69396e-14 0)
(1.00047 1.5637e-14 0)
(1.00047 1.85551e-14 0)
(1.00047 3.05308e-14 0)
(1.00047 4.15031e-14 0)
(1.00047 5.95008e-14 0)
(1.00047 6.46224e-14 0)
(1.00047 6.46113e-14 0)
(1.00047 8.07395e-14 0)
(1.00047 9.73415e-14 0)
(1.00047 9.75328e-14 0)
(1.00047 1.16681e-13 0)
(1.00047 1.22101e-13 0)
(1.00047 1.24048e-13 0)
(1.00047 1.43813e-13 0)
(1.00047 1.38513e-13 0)
(1.00047 1.23022e-13 0)
(1.00047 1.10645e-13 0)
(1.00047 7.26212e-14 0)
(1.00047 4.12633e-14 0)
(1.00047 1.70157e-14 0)
(1.00047 -3.3632e-14 0)
(1.00047 -7.01723e-14 0)
(1.00047 -9.75407e-14 0)
(1.00047 -1.32103e-13 0)
(1.00047 -1.4084e-13 0)
(1.00047 -1.66593e-13 0)
(1.00047 -1.69343e-13 0)
(1.00047 -1.73304e-13 0)
(1.00047 -1.71044e-13 0)
(1.00047 -1.75497e-13 0)
(1.00047 -1.66547e-13 0)
(1.00047 -1.73165e-13 0)
(1.00047 -1.73688e-13 0)
(1.00047 -1.27923e-13 0)
(1.00047 -1.86287e-13 0)
(1.00047 -1.61996e-13 0)
(1.00047 -1.33487e-13 0)
(1.00047 -1.72342e-13 0)
(1.00047 -1.92155e-13 0)
(1.00047 -1.77684e-13 0)
(1.00047 -1.7429e-13 0)
(1.00047 -2.18473e-13 0)
(1.00047 -1.99653e-13 0)
(1.00047 -1.75029e-13 0)
(1.00047 -2.15467e-13 0)
(1.00047 -2.1315e-13 0)
(1.00047 -1.60734e-13 0)
(1.00047 -1.11785e-13 0)
(1.00047 -1.97002e-13 0)
(1.00047 -1.49493e-13 0)
)
;

boundaryField
{
    inlet
    {
        type            fixedValue;
        value           uniform (1 0 0);
    }
    outlet
    {
        type            zeroGradient;
    }
    top
    {
        type            slip;
    }
    bottom
    {
        type            noSlip;
    }
    frontAndBack
    {
        type            empty;
    }
}


// ************************************************************************* //
