/*--------------------------------*- C++ -*----------------------------------*\
  =========                 |
  \\      /  F ield         | OpenFOAM: The Open Source CFD Toolbox
   \\    /   O peration     | Website:  https://openfoam.org
    \\  /    A nd           | Version:  dev
     \\/     M anipulation  |
\*---------------------------------------------------------------------------*/
FoamFile
{
    format      ascii;
    class       volScalarField;
    location    "0.9";
    object      p;
}
// * * * * * * * * * * * * * * * * * * * * * * * * * * * * * * * * * * * * * //

dimensions      [0 2 -2 0 0 0 0];

internalField   nonuniform List<scalar> 
4000
(
0.00684082
0.0065729
0.00632165
0.00610702
0.00594246
0.00583174
0.00578302
0.0057826
0.00577063
0.00571144
0.00563507
0.00558122
0.0055498
0.0055191
0.00548074
0.00544063
0.00540383
0.00536975
0.00533658
0.00530389
0.00527188
0.00524055
0.00520966
0.00517906
0.00514868
0.00511847
0.0050884
0.00505844
0.00502857
0.00499878
0.00496907
0.00493941
0.0049098
0.00488024
0.00485071
0.00482121
0.00479175
0.0047623
0.00473288
0.00470347
0.00467408
0.0046447
0.00461533
0.00458597
0.00455662
0.00452728
0.00449794
0.00446861
0.00443928
0.00440996
0.00438063
0.00435132
0.004322
0.00429268
0.00426337
0.00423406
0.00420475
0.00417544
0.00414613
0.00411683
0.00408752
0.00405821
0.00402891
0.0039996
0.0039703
0.003941
0.00391169
0.00388239
0.00385308
0.00382378
0.00379448
0.00376518
0.00373587
0.00370657
0.00367727
0.00364797
0.00361866
0.00358936
0.00356006
0.00353076
0.00350146
0.00347216
0.00344285
0.00341355
0.00338425
0.00335495
0.00332565
0.00329635
0.00326705
0.00323774
0.00320844
0.00317914
0.00314984
0.00312054
0.00309124
0.00306194
0.00303264
0.00300334
0.00297404
0.00294474
0.00291544
0.00288614
0.00285683
0.00282753
0.00279823
0.00276893
0.00273963
0.00271033
0.00268103
0.00265173
0.00262243
0.00259313
0.00256383
0.00253453
0.00250522
0.00247592
0.00244662
0.00241732
0.00238802
0.00235872
0.00232942
0.00230012
0.00227082
0.00224152
0.00221221
0.00218291
0.00215361
0.00212431
0.00209501
0.00206571
0.00203641
0.00200711
0.00197781
0.00194851
0.0019192
0.0018899
0.0018606
0.0018313
0.001802
0.0017727
0.0017434
0.0017141
0.0016848
0.0016555
0.00162619
0.00159689
0.00156759
0.00153829
0.00150899
0.00147969
0.00145039
0.00142109
0.00139178
0.00136248
0.00133318
0.00130388
0.00127458
0.00124528
0.00121598
0.00118667
0.00115737
0.00112807
0.00109877
0.00106947
0.00104017
0.00101087
0.000981567
0.000952266
0.000922965
0.000893664
0.000864363
0.000835062
0.000805762
0.000776461
0.00074716
0.00071786
0.000688559
0.000659258
0.000629958
0.000600657
0.000571357
0.000542057
0.000512756
0.000483456
0.000454156
0.000424855
0.000395555
0.000366255
0.000336954
0.000307654
0.000278354
0.000249053
0.000219753
0.000190452
0.000161152
0.000131852
0.000102551
7.32509e-05
4.39506e-05
1.46502e-05
0.00636063
0.00628986
0.00619277
0.006077
0.00595979
0.00585013
0.00576928
0.00574031
0.00573757
0.0057051
0.00563831
0.00557817
0.00554185
0.00551274
0.00547715
0.00543805
0.00540142
0.00536775
0.00533515
0.0053029
0.00527119
0.00524006
0.00520933
0.00517884
0.00514853
0.00511836
0.00508832
0.00505838
0.00502852
0.00499875
0.00496903
0.00493938
0.00490978
0.00488021
0.00485069
0.0048212
0.00479173
0.00476229
0.00473287
0.00470346
0.00467407
0.00464469
0.00461533
0.00458597
0.00455662
0.00452728
0.00449794
0.00446861
0.00443928
0.00440995
0.00438063
0.00435131
0.004322
0.00429268
0.00426337
0.00423406
0.00420475
0.00417544
0.00414613
0.00411683
0.00408752
0.00405821
0.00402891
0.0039996
0.0039703
0.00394099
0.00391169
0.00388239
0.00385308
0.00382378
0.00379448
0.00376518
0.00373587
0.00370657
0.00367727
0.00364797
0.00361866
0.00358936
0.00356006
0.00353076
0.00350146
0.00347215
0.00344285
0.00341355
0.00338425
0.00335495
0.00332565
0.00329635
0.00326705
0.00323774
0.00320844
0.00317914
0.00314984
0.00312054
0.00309124
0.00306194
0.00303264
0.00300334
0.00297404
0.00294474
0.00291544
0.00288614
0.00285683
0.00282753
0.00279823
0.00276893
0.00273963
0.00271033
0.00268103
0.00265173
0.00262243
0.00259313
0.00256383
0.00253453
0.00250522
0.00247592
0.00244662
0.00241732
0.00238802
0.00235872
0.00232942
0.00230012
0.00227082
0.00224152
0.00221221
0.00218291
0.00215361
0.00212431
0.00209501
0.00206571
0.00203641
0.00200711
0.00197781
0.00194851
0.0019192
0.0018899
0.0018606
0.0018313
0.001802
0.0017727
0.0017434
0.0017141
0.0016848
0.0016555
0.00162619
0.00159689
0.00156759
0.00153829
0.00150899
0.00147969
0.00145039
0.00142109
0.00139178
0.00136248
0.00133318
0.00130388
0.00127458
0.00124528
0.00121598
0.00118667
0.00115737
0.00112807
0.00109877
0.00106947
0.00104017
0.00101087
0.000981567
0.000952266
0.000922965
0.000893664
0.000864363
0.000835062
0.000805762
0.000776461
0.00074716
0.00071786
0.000688559
0.000659258
0.000629958
0.000600657
0.000571357
0.000542057
0.000512756
0.000483456
0.000454156
0.000424855
0.000395555
0.000366255
0.000336954
0.000307654
0.000278354
0.000249053
0.000219753
0.000190452
0.000161152
0.000131852
0.000102551
7.32509e-05
4.39506e-05
1.46502e-05
0.0062569
0.00621665
0.00615088
0.00606257
0.00596693
0.00586844
0.0057774
0.00572816
0.00571974
0.00570068
0.00564561
0.00558396
0.00554216
0.0055123
0.00547901
0.00544121
0.00540442
0.00537031
0.00533741
0.00530481
0.00527266
0.00524108
0.00520999
0.00517923
0.00514873
0.00511844
0.00508832
0.00505834
0.00502847
0.00499868
0.00496897
0.00493932
0.00490972
0.00488016
0.00485064
0.00482116
0.0047917
0.00476226
0.00473284
0.00470344
0.00467405
0.00464468
0.00461531
0.00458596
0.00455661
0.00452727
0.00449793
0.0044686
0.00443927
0.00440995
0.00438063
0.00435131
0.00432199
0.00429268
0.00426337
0.00423406
0.00420475
0.00417544
0.00414613
0.00411682
0.00408752
0.00405821
0.00402891
0.0039996
0.0039703
0.00394099
0.00391169
0.00388239
0.00385308
0.00382378
0.00379448
0.00376518
0.00373587
0.00370657
0.00367727
0.00364797
0.00361866
0.00358936
0.00356006
0.00353076
0.00350146
0.00347215
0.00344285
0.00341355
0.00338425
0.00335495
0.00332565
0.00329635
0.00326705
0.00323774
0.00320844
0.00317914
0.00314984
0.00312054
0.00309124
0.00306194
0.00303264
0.00300334
0.00297404
0.00294474
0.00291544
0.00288614
0.00285683
0.00282753
0.00279823
0.00276893
0.00273963
0.00271033
0.00268103
0.00265173
0.00262243
0.00259313
0.00256383
0.00253453
0.00250522
0.00247592
0.00244662
0.00241732
0.00238802
0.00235872
0.00232942
0.00230012
0.00227082
0.00224152
0.00221221
0.00218291
0.00215361
0.00212431
0.00209501
0.00206571
0.00203641
0.00200711
0.00197781
0.00194851
0.0019192
0.0018899
0.0018606
0.0018313
0.001802
0.0017727
0.0017434
0.0017141
0.0016848
0.0016555
0.00162619
0.00159689
0.00156759
0.00153829
0.00150899
0.00147969
0.00145039
0.00142109
0.00139178
0.00136248
0.00133318
0.00130388
0.00127458
0.00124528
0.00121598
0.00118667
0.00115737
0.00112807
0.00109877
0.00106947
0.00104017
0.00101087
0.000981567
0.000952266
0.000922965
0.000893664
0.000864363
0.000835062
0.000805762
0.000776461
0.00074716
0.00071786
0.000688559
0.000659258
0.000629958
0.000600657
0.000571357
0.000542057
0.000512756
0.000483456
0.000454156
0.000424855
0.000395555
0.000366255
0.000336954
0.000307654
0.000278354
0.000249053
0.000219753
0.000190452
0.000161152
0.000131852
0.000102551
7.32509e-05
4.39506e-05
1.46502e-05
0.00610852
0.00608306
0.00604128
0.00598217
0.00591425
0.00584346
0.00577055
0.00571404
0.00568875
0.00567062
0.00563075
0.00557742
0.00553351
0.00550137
0.00546982
0.00543467
0.00539927
0.0053659
0.00533383
0.00530212
0.00527067
0.00523962
0.00520891
0.00517844
0.00514815
0.00511801
0.00508799
0.00505807
0.00502825
0.0049985
0.00496882
0.00493919
0.00490961
0.00488007
0.00485056
0.00482109
0.00479164
0.00476221
0.0047328
0.0047034
0.00467402
0.00464465
0.00461529
0.00458594
0.00455659
0.00452725
0.00449792
0.00446859
0.00443926
0.00440994
0.00438062
0.0043513
0.00432199
0.00429268
0.00426336
0.00423405
0.00420474
0.00417544
0.00414613
0.00411682
0.00408752
0.00405821
0.00402891
0.0039996
0.0039703
0.00394099
0.00391169
0.00388239
0.00385308
0.00382378
0.00379448
0.00376518
0.00373587
0.00370657
0.00367727
0.00364797
0.00361866
0.00358936
0.00356006
0.00353076
0.00350146
0.00347215
0.00344285
0.00341355
0.00338425
0.00335495
0.00332565
0.00329635
0.00326705
0.00323774
0.00320844
0.00317914
0.00314984
0.00312054
0.00309124
0.00306194
0.00303264
0.00300334
0.00297404
0.00294474
0.00291544
0.00288614
0.00285683
0.00282753
0.00279823
0.00276893
0.00273963
0.00271033
0.00268103
0.00265173
0.00262243
0.00259313
0.00256383
0.00253453
0.00250522
0.00247592
0.00244662
0.00241732
0.00238802
0.00235872
0.00232942
0.00230012
0.00227082
0.00224152
0.00221221
0.00218291
0.00215361
0.00212431
0.00209501
0.00206571
0.00203641
0.00200711
0.00197781
0.00194851
0.0019192
0.0018899
0.0018606
0.0018313
0.001802
0.0017727
0.0017434
0.0017141
0.0016848
0.0016555
0.00162619
0.00159689
0.00156759
0.00153829
0.00150899
0.00147969
0.00145039
0.00142109
0.00139178
0.00136248
0.00133318
0.00130388
0.00127458
0.00124528
0.00121598
0.00118667
0.00115737
0.00112807
0.00109877
0.00106947
0.00104017
0.00101087
0.000981567
0.000952266
0.000922965
0.000893664
0.000864363
0.000835062
0.000805762
0.000776461
0.00074716
0.00071786
0.000688559
0.000659258
0.000629958
0.000600657
0.000571357
0.000542057
0.000512756
0.000483456
0.000454155
0.000424855
0.000395555
0.000366255
0.000336954
0.000307654
0.000278353
0.000249053
0.000219753
0.000190452
0.000161152
0.000131852
0.000102551
7.32509e-05
4.39505e-05
1.46502e-05
0.00602154
0.00600622
0.00597877
0.00593761
0.00588652
0.00583167
0.00577181
0.00571493
0.00567789
0.00565524
0.00562388
0.005579
0.0055354
0.00550061
0.00546894
0.00543526
0.00540057
0.00536699
0.00533459
0.00530268
0.00527104
0.00523977
0.00520888
0.00517829
0.00514793
0.00511775
0.00508772
0.00505782
0.00502801
0.00499828
0.00496863
0.00493902
0.00490946
0.00487994
0.00485045
0.00482099
0.00479156
0.00476214
0.00473274
0.00470335
0.00467398
0.00464461
0.00461526
0.00458591
0.00455657
0.00452723
0.0044979
0.00446857
0.00443925
0.00440993
0.00438061
0.0043513
0.00432198
0.00429267
0.00426336
0.00423405
0.00420474
0.00417543
0.00414613
0.00411682
0.00408751
0.00405821
0.0040289
0.0039996
0.0039703
0.00394099
0.00391169
0.00388239
0.00385308
0.00382378
0.00379448
0.00376518
0.00373587
0.00370657
0.00367727
0.00364797
0.00361866
0.00358936
0.00356006
0.00353076
0.00350146
0.00347215
0.00344285
0.00341355
0.00338425
0.00335495
0.00332565
0.00329635
0.00326705
0.00323774
0.00320844
0.00317914
0.00314984
0.00312054
0.00309124
0.00306194
0.00303264
0.00300334
0.00297404
0.00294474
0.00291544
0.00288614
0.00285683
0.00282753
0.00279823
0.00276893
0.00273963
0.00271033
0.00268103
0.00265173
0.00262243
0.00259313
0.00256383
0.00253453
0.00250522
0.00247592
0.00244662
0.00241732
0.00238802
0.00235872
0.00232942
0.00230012
0.00227082
0.00224152
0.00221221
0.00218291
0.00215361
0.00212431
0.00209501
0.00206571
0.00203641
0.00200711
0.00197781
0.00194851
0.0019192
0.0018899
0.0018606
0.0018313
0.001802
0.0017727
0.0017434
0.0017141
0.0016848
0.00165549
0.00162619
0.00159689
0.00156759
0.00153829
0.00150899
0.00147969
0.00145039
0.00142109
0.00139178
0.00136248
0.00133318
0.00130388
0.00127458
0.00124528
0.00121598
0.00118667
0.00115737
0.00112807
0.00109877
0.00106947
0.00104017
0.00101087
0.000981567
0.000952266
0.000922965
0.000893664
0.000864363
0.000835062
0.000805762
0.000776461
0.00074716
0.00071786
0.000688559
0.000659258
0.000629958
0.000600657
0.000571357
0.000542057
0.000512756
0.000483456
0.000454155
0.000424855
0.000395555
0.000366254
0.000336954
0.000307654
0.000278353
0.000249053
0.000219753
0.000190452
0.000161152
0.000131852
0.000102551
7.32509e-05
4.39505e-05
1.46502e-05
0.00594776
0.00593591
0.00591446
0.00588287
0.0058424
0.00579762
0.00574942
0.00570048
0.00566119
0.00563366
0.00560499
0.00556715
0.0055269
0.00549166
0.00546002
0.00542794
0.00539494
0.00536242
0.0053308
0.00529966
0.00526873
0.00523801
0.00520752
0.00517723
0.0051471
0.00511709
0.00508718
0.00505737
0.00502764
0.00499797
0.00496836
0.0049388
0.00490927
0.00487978
0.00485031
0.00482087
0.00479145
0.00476205
0.00473266
0.00470329
0.00467392
0.00464456
0.00461522
0.00458587
0.00455654
0.00452721
0.00449788
0.00446856
0.00443923
0.00440992
0.0043806
0.00435129
0.00432197
0.00429266
0.00426335
0.00423404
0.00420474
0.00417543
0.00414612
0.00411682
0.00408751
0.00405821
0.0040289
0.0039996
0.0039703
0.00394099
0.00391169
0.00388239
0.00385308
0.00382378
0.00379448
0.00376517
0.00373587
0.00370657
0.00367727
0.00364797
0.00361866
0.00358936
0.00356006
0.00353076
0.00350146
0.00347215
0.00344285
0.00341355
0.00338425
0.00335495
0.00332565
0.00329635
0.00326705
0.00323774
0.00320844
0.00317914
0.00314984
0.00312054
0.00309124
0.00306194
0.00303264
0.00300334
0.00297404
0.00294474
0.00291544
0.00288614
0.00285683
0.00282753
0.00279823
0.00276893
0.00273963
0.00271033
0.00268103
0.00265173
0.00262243
0.00259313
0.00256383
0.00253453
0.00250522
0.00247592
0.00244662
0.00241732
0.00238802
0.00235872
0.00232942
0.00230012
0.00227082
0.00224152
0.00221221
0.00218291
0.00215361
0.00212431
0.00209501
0.00206571
0.00203641
0.00200711
0.00197781
0.00194851
0.0019192
0.0018899
0.0018606
0.0018313
0.001802
0.0017727
0.0017434
0.0017141
0.0016848
0.00165549
0.00162619
0.00159689
0.00156759
0.00153829
0.00150899
0.00147969
0.00145039
0.00142109
0.00139178
0.00136248
0.00133318
0.00130388
0.00127458
0.00124528
0.00121598
0.00118667
0.00115737
0.00112807
0.00109877
0.00106947
0.00104017
0.00101087
0.000981567
0.000952266
0.000922965
0.000893664
0.000864363
0.000835062
0.000805762
0.000776461
0.00074716
0.00071786
0.000688559
0.000659258
0.000629958
0.000600657
0.000571357
0.000542057
0.000512756
0.000483456
0.000454155
0.000424855
0.000395555
0.000366254
0.000336954
0.000307654
0.000278353
0.000249053
0.000219753
0.000190452
0.000161152
0.000131852
0.000102551
7.32508e-05
4.39505e-05
1.46502e-05
0.00588744
0.00587844
0.00586184
0.00583761
0.0058059
0.00576964
0.0057307
0.00568969
0.00565175
0.0056211
0.00559261
0.00555947
0.00552306
0.00548848
0.00545663
0.00542517
0.00539309
0.00536104
0.00532956
0.00529852
0.0052677
0.00523708
0.00520668
0.00517647
0.00514641
0.00511648
0.00508665
0.00505691
0.00502724
0.00499763
0.00496806
0.00493854
0.00490905
0.00487959
0.00485015
0.00482073
0.00479133
0.00476195
0.00473257
0.00470321
0.00467386
0.00464451
0.00461517
0.00458583
0.0045565
0.00452718
0.00449785
0.00446853
0.00443922
0.0044099
0.00438059
0.00435128
0.00432196
0.00429265
0.00426335
0.00423404
0.00420473
0.00417543
0.00414612
0.00411681
0.00408751
0.00405821
0.0040289
0.0039996
0.00397029
0.00394099
0.00391169
0.00388238
0.00385308
0.00382378
0.00379448
0.00376517
0.00373587
0.00370657
0.00367727
0.00364797
0.00361866
0.00358936
0.00356006
0.00353076
0.00350146
0.00347215
0.00344285
0.00341355
0.00338425
0.00335495
0.00332565
0.00329635
0.00326705
0.00323774
0.00320844
0.00317914
0.00314984
0.00312054
0.00309124
0.00306194
0.00303264
0.00300334
0.00297404
0.00294474
0.00291544
0.00288614
0.00285683
0.00282753
0.00279823
0.00276893
0.00273963
0.00271033
0.00268103
0.00265173
0.00262243
0.00259313
0.00256383
0.00253453
0.00250522
0.00247592
0.00244662
0.00241732
0.00238802
0.00235872
0.00232942
0.00230012
0.00227082
0.00224152
0.00221221
0.00218291
0.00215361
0.00212431
0.00209501
0.00206571
0.00203641
0.00200711
0.00197781
0.00194851
0.0019192
0.0018899
0.0018606
0.0018313
0.001802
0.0017727
0.0017434
0.0017141
0.0016848
0.00165549
0.00162619
0.00159689
0.00156759
0.00153829
0.00150899
0.00147969
0.00145039
0.00142109
0.00139178
0.00136248
0.00133318
0.00130388
0.00127458
0.00124528
0.00121598
0.00118667
0.00115737
0.00112807
0.00109877
0.00106947
0.00104017
0.00101087
0.000981567
0.000952266
0.000922965
0.000893664
0.000864363
0.000835063
0.000805762
0.000776461
0.00074716
0.00071786
0.000688559
0.000659258
0.000629958
0.000600657
0.000571357
0.000542057
0.000512756
0.000483456
0.000454155
0.000424855
0.000395555
0.000366254
0.000336954
0.000307654
0.000278353
0.000249053
0.000219752
0.000190452
0.000161152
0.000131851
0.000102551
7.32508e-05
4.39505e-05
1.46502e-05
0.00583761
0.00583054
0.00581719
0.00579768
0.00577204
0.00574189
0.00570887
0.00567345
0.00563836
0.00560719
0.00557854
0.00554795
0.00551464
0.00548148
0.00545002
0.00541927
0.00538826
0.00535716
0.00532635
0.00529585
0.00526552
0.00523531
0.00520524
0.00517528
0.00514543
0.00511566
0.00508597
0.00505634
0.00502675
0.00499722
0.00496771
0.00493824
0.0049088
0.00487937
0.00484997
0.00482058
0.0047912
0.00476183
0.00473248
0.00470313
0.00467378
0.00464445
0.00461512
0.00458579
0.00455646
0.00452714
0.00449783
0.00446851
0.0044392
0.00440988
0.00438057
0.00435126
0.00432195
0.00429265
0.00426334
0.00423403
0.00420473
0.00417542
0.00414612
0.00411681
0.00408751
0.0040582
0.0040289
0.0039996
0.00397029
0.00394099
0.00391169
0.00388238
0.00385308
0.00382378
0.00379448
0.00376517
0.00373587
0.00370657
0.00367727
0.00364796
0.00361866
0.00358936
0.00356006
0.00353076
0.00350146
0.00347215
0.00344285
0.00341355
0.00338425
0.00335495
0.00332565
0.00329635
0.00326705
0.00323774
0.00320844
0.00317914
0.00314984
0.00312054
0.00309124
0.00306194
0.00303264
0.00300334
0.00297404
0.00294474
0.00291544
0.00288614
0.00285683
0.00282753
0.00279823
0.00276893
0.00273963
0.00271033
0.00268103
0.00265173
0.00262243
0.00259313
0.00256383
0.00253453
0.00250522
0.00247592
0.00244662
0.00241732
0.00238802
0.00235872
0.00232942
0.00230012
0.00227082
0.00224152
0.00221221
0.00218291
0.00215361
0.00212431
0.00209501
0.00206571
0.00203641
0.00200711
0.00197781
0.00194851
0.0019192
0.0018899
0.0018606
0.0018313
0.001802
0.0017727
0.0017434
0.0017141
0.0016848
0.00165549
0.00162619
0.00159689
0.00156759
0.00153829
0.00150899
0.00147969
0.00145039
0.00142109
0.00139178
0.00136248
0.00133318
0.00130388
0.00127458
0.00124528
0.00121598
0.00118667
0.00115737
0.00112807
0.00109877
0.00106947
0.00104017
0.00101087
0.000981567
0.000952266
0.000922965
0.000893664
0.000864363
0.000835063
0.000805762
0.000776461
0.00074716
0.00071786
0.000688559
0.000659259
0.000629958
0.000600657
0.000571357
0.000542057
0.000512756
0.000483456
0.000454155
0.000424855
0.000395555
0.000366254
0.000336954
0.000307654
0.000278353
0.000249053
0.000219752
0.000190452
0.000161152
0.000131851
0.000102551
7.32507e-05
4.39504e-05
1.46501e-05
0.00579566
0.00578988
0.00577879
0.00576255
0.00574126
0.00571571
0.00568714
0.00565628
0.0056246
0.00559452
0.00556629
0.00553741
0.00550661
0.00547521
0.00544457
0.00541449
0.00538431
0.00535396
0.00532369
0.00529359
0.00526361
0.00523371
0.00520388
0.00517413
0.00514445
0.00511483
0.00508526
0.00505573
0.00502624
0.00499677
0.00496734
0.00493792
0.00490852
0.00487914
0.00484977
0.00482041
0.00479105
0.00476171
0.00473237
0.00470304
0.00467371
0.00464438
0.00461506
0.00458574
0.00455642
0.00452711
0.0044978
0.00446848
0.00443917
0.00440986
0.00438056
0.00435125
0.00432194
0.00429264
0.00426333
0.00423402
0.00420472
0.00417541
0.00414611
0.00411681
0.0040875
0.0040582
0.0040289
0.00399959
0.00397029
0.00394099
0.00391169
0.00388238
0.00385308
0.00382378
0.00379448
0.00376517
0.00373587
0.00370657
0.00367727
0.00364796
0.00361866
0.00358936
0.00356006
0.00353076
0.00350146
0.00347215
0.00344285
0.00341355
0.00338425
0.00335495
0.00332565
0.00329635
0.00326705
0.00323774
0.00320844
0.00317914
0.00314984
0.00312054
0.00309124
0.00306194
0.00303264
0.00300334
0.00297404
0.00294474
0.00291544
0.00288614
0.00285683
0.00282753
0.00279823
0.00276893
0.00273963
0.00271033
0.00268103
0.00265173
0.00262243
0.00259313
0.00256383
0.00253453
0.00250522
0.00247592
0.00244662
0.00241732
0.00238802
0.00235872
0.00232942
0.00230012
0.00227082
0.00224152
0.00221221
0.00218291
0.00215361
0.00212431
0.00209501
0.00206571
0.00203641
0.00200711
0.00197781
0.00194851
0.0019192
0.0018899
0.0018606
0.0018313
0.001802
0.0017727
0.0017434
0.0017141
0.0016848
0.00165549
0.00162619
0.00159689
0.00156759
0.00153829
0.00150899
0.00147969
0.00145039
0.00142109
0.00139178
0.00136248
0.00133318
0.00130388
0.00127458
0.00124528
0.00121598
0.00118667
0.00115737
0.00112807
0.00109877
0.00106947
0.00104017
0.00101087
0.000981567
0.000952266
0.000922965
0.000893664
0.000864363
0.000835063
0.000805762
0.000776461
0.00074716
0.00071786
0.000688559
0.000659259
0.000629958
0.000600657
0.000571357
0.000542057
0.000512756
0.000483456
0.000454155
0.000424855
0.000395555
0.000366254
0.000336954
0.000307653
0.000278353
0.000249053
0.000219752
0.000190452
0.000161152
0.000131851
0.000102551
7.32507e-05
4.39504e-05
1.46501e-05
0.00576002
0.00575516
0.00574573
0.00573188
0.00571372
0.00569168
0.0056667
0.00563951
0.00561099
0.00558266
0.00555521
0.00552751
0.0054985
0.00546866
0.00543893
0.00540951
0.00538003
0.00535038
0.00532069
0.00529105
0.00526147
0.0052319
0.00520236
0.00517285
0.00514337
0.00511392
0.00508449
0.00505508
0.00502568
0.0049963
0.00496694
0.00493758
0.00490823
0.00487889
0.00484956
0.00482023
0.0047909
0.00476158
0.00473226
0.00470294
0.00467362
0.00464431
0.004615
0.00458569
0.00455638
0.00452707
0.00449776
0.00446846
0.00443915
0.00440984
0.00438054
0.00435123
0.00432193
0.00429262
0.00426332
0.00423402
0.00420471
0.00417541
0.00414611
0.0041168
0.0040875
0.0040582
0.00402889
0.00399959
0.00397029
0.00394099
0.00391168
0.00388238
0.00385308
0.00382378
0.00379447
0.00376517
0.00373587
0.00370657
0.00367727
0.00364796
0.00361866
0.00358936
0.00356006
0.00353076
0.00350146
0.00347215
0.00344285
0.00341355
0.00338425
0.00335495
0.00332565
0.00329635
0.00326705
0.00323774
0.00320844
0.00317914
0.00314984
0.00312054
0.00309124
0.00306194
0.00303264
0.00300334
0.00297404
0.00294474
0.00291544
0.00288614
0.00285683
0.00282753
0.00279823
0.00276893
0.00273963
0.00271033
0.00268103
0.00265173
0.00262243
0.00259313
0.00256383
0.00253453
0.00250522
0.00247592
0.00244662
0.00241732
0.00238802
0.00235872
0.00232942
0.00230012
0.00227082
0.00224152
0.00221221
0.00218291
0.00215361
0.00212431
0.00209501
0.00206571
0.00203641
0.00200711
0.00197781
0.00194851
0.0019192
0.0018899
0.0018606
0.0018313
0.001802
0.0017727
0.0017434
0.0017141
0.0016848
0.00165549
0.00162619
0.00159689
0.00156759
0.00153829
0.00150899
0.00147969
0.00145039
0.00142109
0.00139178
0.00136248
0.00133318
0.00130388
0.00127458
0.00124528
0.00121598
0.00118667
0.00115737
0.00112807
0.00109877
0.00106947
0.00104017
0.00101087
0.000981567
0.000952266
0.000922965
0.000893664
0.000864364
0.000835063
0.000805762
0.000776461
0.000747161
0.00071786
0.000688559
0.000659259
0.000629958
0.000600658
0.000571357
0.000542057
0.000512756
0.000483456
0.000454155
0.000424855
0.000395554
0.000366254
0.000336954
0.000307653
0.000278353
0.000249053
0.000219752
0.000190452
0.000161151
0.000131851
0.000102551
7.32506e-05
4.39504e-05
1.46501e-05
0.00572963
0.00572543
0.00571725
0.00570518
0.00568935
0.00567006
0.00564795
0.00562364
0.00559776
0.00557124
0.0055448
0.0055181
0.00549049
0.00546204
0.00543333
0.00540464
0.00537585
0.00534686
0.00531773
0.00528855
0.00525934
0.0052301
0.00520084
0.00517156
0.00514228
0.00511299
0.0050837
0.00505441
0.00502512
0.00499582
0.00496653
0.00493723
0.00490793
0.00487864
0.00484934
0.00482004
0.00479074
0.00476144
0.00473214
0.00470284
0.00467354
0.00464424
0.00461494
0.00458564
0.00455634
0.00452703
0.00449773
0.00446843
0.00443913
0.00440982
0.00438052
0.00435122
0.00432192
0.00429261
0.00426331
0.00423401
0.00420471
0.0041754
0.0041461
0.0041168
0.0040875
0.00405819
0.00402889
0.00399959
0.00397029
0.00394098
0.00391168
0.00388238
0.00385308
0.00382378
0.00379447
0.00376517
0.00373587
0.00370657
0.00367727
0.00364796
0.00361866
0.00358936
0.00356006
0.00353076
0.00350146
0.00347215
0.00344285
0.00341355
0.00338425
0.00335495
0.00332565
0.00329635
0.00326705
0.00323774
0.00320844
0.00317914
0.00314984
0.00312054
0.00309124
0.00306194
0.00303264
0.00300334
0.00297404
0.00294474
0.00291544
0.00288614
0.00285683
0.00282753
0.00279823
0.00276893
0.00273963
0.00271033
0.00268103
0.00265173
0.00262243
0.00259313
0.00256383
0.00253453
0.00250522
0.00247592
0.00244662
0.00241732
0.00238802
0.00235872
0.00232942
0.00230012
0.00227082
0.00224152
0.00221221
0.00218291
0.00215361
0.00212431
0.00209501
0.00206571
0.00203641
0.00200711
0.00197781
0.00194851
0.0019192
0.0018899
0.0018606
0.0018313
0.001802
0.0017727
0.0017434
0.0017141
0.0016848
0.00165549
0.00162619
0.00159689
0.00156759
0.00153829
0.00150899
0.00147969
0.00145039
0.00142109
0.00139178
0.00136248
0.00133318
0.00130388
0.00127458
0.00124528
0.00121598
0.00118667
0.00115737
0.00112807
0.00109877
0.00106947
0.00104017
0.00101087
0.000981567
0.000952266
0.000922965
0.000893664
0.000864364
0.000835063
0.000805762
0.000776461
0.000747161
0.00071786
0.000688559
0.000659259
0.000629958
0.000600658
0.000571357
0.000542057
0.000512756
0.000483456
0.000454155
0.000424855
0.000395554
0.000366254
0.000336954
0.000307653
0.000278353
0.000249052
0.000219752
0.000190452
0.000161151
0.000131851
0.000102551
7.32506e-05
4.39504e-05
1.46501e-05
0.00570371
0.00570001
0.00569278
0.00568208
0.00566803
0.00565085
0.00563099
0.00560893
0.00558519
0.0055604
0.00553515
0.00550945
0.00548299
0.00545572
0.00542797
0.0054
0.00537184
0.00534344
0.00531483
0.00528609
0.00525724
0.00522832
0.00519933
0.00517028
0.00514119
0.00511207
0.00508292
0.00505374
0.00502455
0.00499534
0.00496612
0.00493688
0.00490764
0.00487838
0.00484912
0.00481986
0.00479059
0.00476131
0.00473203
0.00470274
0.00467346
0.00464417
0.00461488
0.00458559
0.00455629
0.004527
0.0044977
0.0044684
0.0044391
0.0044098
0.0043805
0.0043512
0.0043219
0.0042926
0.0042633
0.004234
0.0042047
0.0041754
0.0041461
0.00411679
0.00408749
0.00405819
0.00402889
0.00399959
0.00397028
0.00394098
0.00391168
0.00388238
0.00385308
0.00382378
0.00379447
0.00376517
0.00373587
0.00370657
0.00367727
0.00364796
0.00361866
0.00358936
0.00356006
0.00353076
0.00350146
0.00347215
0.00344285
0.00341355
0.00338425
0.00335495
0.00332565
0.00329635
0.00326705
0.00323774
0.00320844
0.00317914
0.00314984
0.00312054
0.00309124
0.00306194
0.00303264
0.00300334
0.00297404
0.00294474
0.00291544
0.00288614
0.00285683
0.00282753
0.00279823
0.00276893
0.00273963
0.00271033
0.00268103
0.00265173
0.00262243
0.00259313
0.00256383
0.00253453
0.00250522
0.00247592
0.00244662
0.00241732
0.00238802
0.00235872
0.00232942
0.00230012
0.00227082
0.00224152
0.00221222
0.00218291
0.00215361
0.00212431
0.00209501
0.00206571
0.00203641
0.00200711
0.00197781
0.00194851
0.0019192
0.0018899
0.0018606
0.0018313
0.001802
0.0017727
0.0017434
0.0017141
0.0016848
0.00165549
0.00162619
0.00159689
0.00156759
0.00153829
0.00150899
0.00147969
0.00145039
0.00142108
0.00139178
0.00136248
0.00133318
0.00130388
0.00127458
0.00124528
0.00121598
0.00118667
0.00115737
0.00112807
0.00109877
0.00106947
0.00104017
0.00101087
0.000981567
0.000952266
0.000922965
0.000893665
0.000864364
0.000835063
0.000805762
0.000776461
0.000747161
0.00071786
0.000688559
0.000659259
0.000629958
0.000600658
0.000571357
0.000542057
0.000512756
0.000483456
0.000454155
0.000424855
0.000395554
0.000366254
0.000336954
0.000307653
0.000278353
0.000249052
0.000219752
0.000190452
0.000161151
0.000131851
0.000102551
7.32505e-05
4.39503e-05
1.46501e-05
0.00568169
0.00567838
0.00567187
0.00566223
0.00564954
0.005634
0.0056159
0.00559565
0.00557366
0.00555041
0.00552633
0.00550159
0.00547609
0.0054498
0.00542292
0.00539564
0.00536807
0.0053402
0.00531207
0.00528373
0.00525524
0.00522661
0.00519788
0.00516905
0.00514014
0.00511118
0.00508216
0.0050531
0.005024
0.00499487
0.00496572
0.00493654
0.00490735
0.00487814
0.00484891
0.00481968
0.00479043
0.00476118
0.00473192
0.00470265
0.00467338
0.0046441
0.00461482
0.00458554
0.00455625
0.00452696
0.00449767
0.00446837
0.00443908
0.00440978
0.00438049
0.00435119
0.00432189
0.00429259
0.00426329
0.00423399
0.00420469
0.00417539
0.00414609
0.00411679
0.00408749
0.00405819
0.00402889
0.00399958
0.00397028
0.00394098
0.00391168
0.00388238
0.00385308
0.00382377
0.00379447
0.00376517
0.00373587
0.00370657
0.00367727
0.00364796
0.00361866
0.00358936
0.00356006
0.00353076
0.00350146
0.00347215
0.00344285
0.00341355
0.00338425
0.00335495
0.00332565
0.00329635
0.00326705
0.00323774
0.00320844
0.00317914
0.00314984
0.00312054
0.00309124
0.00306194
0.00303264
0.00300334
0.00297404
0.00294474
0.00291544
0.00288614
0.00285684
0.00282753
0.00279823
0.00276893
0.00273963
0.00271033
0.00268103
0.00265173
0.00262243
0.00259313
0.00256383
0.00253453
0.00250522
0.00247592
0.00244662
0.00241732
0.00238802
0.00235872
0.00232942
0.00230012
0.00227082
0.00224152
0.00221222
0.00218291
0.00215361
0.00212431
0.00209501
0.00206571
0.00203641
0.00200711
0.00197781
0.00194851
0.0019192
0.0018899
0.0018606
0.0018313
0.001802
0.0017727
0.0017434
0.0017141
0.0016848
0.00165549
0.00162619
0.00159689
0.00156759
0.00153829
0.00150899
0.00147969
0.00145039
0.00142108
0.00139178
0.00136248
0.00133318
0.00130388
0.00127458
0.00124528
0.00121598
0.00118667
0.00115737
0.00112807
0.00109877
0.00106947
0.00104017
0.00101087
0.000981567
0.000952266
0.000922966
0.000893665
0.000864364
0.000835063
0.000805762
0.000776461
0.000747161
0.00071786
0.000688559
0.000659259
0.000629958
0.000600658
0.000571357
0.000542057
0.000512756
0.000483456
0.000454155
0.000424855
0.000395554
0.000366254
0.000336953
0.000307653
0.000278353
0.000249052
0.000219752
0.000190452
0.000161151
0.000131851
0.000102551
7.32505e-05
4.39503e-05
1.46501e-05
0.00566314
0.00566012
0.00565418
0.00564535
0.00563372
0.00561944
0.00560274
0.00558393
0.00556337
0.00554142
0.00551841
0.00549455
0.00546988
0.00544442
0.00541829
0.00539165
0.00536461
0.00533722
0.00530952
0.00528155
0.00525337
0.00522502
0.00519652
0.00516789
0.00513916
0.00511034
0.00508145
0.00505249
0.00502349
0.00499444
0.00496535
0.00493623
0.00490708
0.00487791
0.00484872
0.00481951
0.00479029
0.00476106
0.00473181
0.00470256
0.0046733
0.00464404
0.00461476
0.00458549
0.00455621
0.00452692
0.00449764
0.00446835
0.00443906
0.00440977
0.00438047
0.00435118
0.00432188
0.00429258
0.00426328
0.00423399
0.00420469
0.00417539
0.00414609
0.00411679
0.00408749
0.00405818
0.00402888
0.00399958
0.00397028
0.00394098
0.00391168
0.00388238
0.00385308
0.00382377
0.00379447
0.00376517
0.00373587
0.00370657
0.00367726
0.00364796
0.00361866
0.00358936
0.00356006
0.00353076
0.00350146
0.00347215
0.00344285
0.00341355
0.00338425
0.00335495
0.00332565
0.00329635
0.00326705
0.00323774
0.00320844
0.00317914
0.00314984
0.00312054
0.00309124
0.00306194
0.00303264
0.00300334
0.00297404
0.00294474
0.00291544
0.00288614
0.00285684
0.00282753
0.00279823
0.00276893
0.00273963
0.00271033
0.00268103
0.00265173
0.00262243
0.00259313
0.00256383
0.00253453
0.00250522
0.00247592
0.00244662
0.00241732
0.00238802
0.00235872
0.00232942
0.00230012
0.00227082
0.00224152
0.00221222
0.00218291
0.00215361
0.00212431
0.00209501
0.00206571
0.00203641
0.00200711
0.00197781
0.00194851
0.0019192
0.0018899
0.0018606
0.0018313
0.001802
0.0017727
0.0017434
0.0017141
0.0016848
0.00165549
0.00162619
0.00159689
0.00156759
0.00153829
0.00150899
0.00147969
0.00145039
0.00142108
0.00139178
0.00136248
0.00133318
0.00130388
0.00127458
0.00124528
0.00121598
0.00118667
0.00115737
0.00112807
0.00109877
0.00106947
0.00104017
0.00101087
0.000981567
0.000952267
0.000922966
0.000893665
0.000864364
0.000835063
0.000805762
0.000776462
0.000747161
0.00071786
0.000688559
0.000659259
0.000629958
0.000600658
0.000571357
0.000542057
0.000512756
0.000483456
0.000454155
0.000424855
0.000395554
0.000366254
0.000336953
0.000307653
0.000278352
0.000249052
0.000219752
0.000190451
0.000161151
0.000131851
0.000102551
7.32505e-05
4.39503e-05
1.46501e-05
0.00564774
0.00564494
0.00563943
0.00563123
0.00562042
0.00560712
0.00559151
0.00557385
0.00555443
0.00553354
0.00551146
0.0054884
0.00546444
0.00543967
0.00541417
0.00538809
0.00536153
0.00533456
0.00530723
0.00527959
0.00525169
0.00522358
0.00519529
0.00516684
0.00513827
0.00510958
0.0050808
0.00505194
0.00502302
0.00499404
0.00496501
0.00493594
0.00490683
0.0048777
0.00484854
0.00481936
0.00479016
0.00476095
0.00473172
0.00470248
0.00467323
0.00464398
0.00461471
0.00458545
0.00455617
0.00452689
0.00449761
0.00446833
0.00443904
0.00440975
0.00438046
0.00435116
0.00432187
0.00429257
0.00426328
0.00423398
0.00420468
0.00417538
0.00414608
0.00411678
0.00408748
0.00405818
0.00402888
0.00399958
0.00397028
0.00394098
0.00391168
0.00388238
0.00385307
0.00382377
0.00379447
0.00376517
0.00373587
0.00370657
0.00367726
0.00364796
0.00361866
0.00358936
0.00356006
0.00353076
0.00350146
0.00347215
0.00344285
0.00341355
0.00338425
0.00335495
0.00332565
0.00329635
0.00326705
0.00323774
0.00320844
0.00317914
0.00314984
0.00312054
0.00309124
0.00306194
0.00303264
0.00300334
0.00297404
0.00294474
0.00291544
0.00288614
0.00285684
0.00282753
0.00279823
0.00276893
0.00273963
0.00271033
0.00268103
0.00265173
0.00262243
0.00259313
0.00256383
0.00253453
0.00250522
0.00247592
0.00244662
0.00241732
0.00238802
0.00235872
0.00232942
0.00230012
0.00227082
0.00224152
0.00221222
0.00218291
0.00215361
0.00212431
0.00209501
0.00206571
0.00203641
0.00200711
0.00197781
0.00194851
0.0019192
0.0018899
0.0018606
0.0018313
0.001802
0.0017727
0.0017434
0.0017141
0.0016848
0.00165549
0.00162619
0.00159689
0.00156759
0.00153829
0.00150899
0.00147969
0.00145039
0.00142108
0.00139178
0.00136248
0.00133318
0.00130388
0.00127458
0.00124528
0.00121598
0.00118667
0.00115737
0.00112807
0.00109877
0.00106947
0.00104017
0.00101087
0.000981567
0.000952267
0.000922966
0.000893665
0.000864364
0.000835063
0.000805762
0.000776462
0.000747161
0.00071786
0.00068856
0.000659259
0.000629958
0.000600658
0.000571357
0.000542057
0.000512756
0.000483456
0.000454155
0.000424855
0.000395554
0.000366254
0.000336953
0.000307653
0.000278352
0.000249052
0.000219752
0.000190451
0.000161151
0.000131851
0.000102551
7.32504e-05
4.39502e-05
1.46501e-05
0.00563522
0.0056326
0.00562742
0.00561971
0.00560952
0.00559697
0.0055822
0.00556544
0.00554691
0.00552687
0.00550557
0.00548318
0.00545983
0.00543562
0.00541065
0.00538504
0.00535888
0.00533227
0.00530525
0.00527789
0.00525023
0.00522233
0.00519422
0.00516593
0.00513749
0.00510891
0.00508023
0.00505146
0.0050226
0.00499368
0.00496471
0.00493568
0.00490661
0.00487751
0.00484838
0.00481922
0.00479005
0.00476085
0.00473164
0.00470241
0.00467317
0.00464393
0.00461467
0.00458541
0.00455614
0.00452687
0.00449759
0.00446831
0.00443902
0.00440973
0.00438044
0.00435115
0.00432186
0.00429257
0.00426327
0.00423397
0.00420468
0.00417538
0.00414608
0.00411678
0.00408748
0.00405818
0.00402888
0.00399958
0.00397028
0.00394098
0.00391168
0.00388238
0.00385307
0.00382377
0.00379447
0.00376517
0.00373587
0.00370657
0.00367726
0.00364796
0.00361866
0.00358936
0.00356006
0.00353076
0.00350146
0.00347215
0.00344285
0.00341355
0.00338425
0.00335495
0.00332565
0.00329635
0.00326705
0.00323774
0.00320844
0.00317914
0.00314984
0.00312054
0.00309124
0.00306194
0.00303264
0.00300334
0.00297404
0.00294474
0.00291544
0.00288614
0.00285684
0.00282753
0.00279823
0.00276893
0.00273963
0.00271033
0.00268103
0.00265173
0.00262243
0.00259313
0.00256383
0.00253453
0.00250522
0.00247592
0.00244662
0.00241732
0.00238802
0.00235872
0.00232942
0.00230012
0.00227082
0.00224152
0.00221222
0.00218291
0.00215361
0.00212431
0.00209501
0.00206571
0.00203641
0.00200711
0.00197781
0.00194851
0.0019192
0.0018899
0.0018606
0.0018313
0.001802
0.0017727
0.0017434
0.0017141
0.0016848
0.00165549
0.00162619
0.00159689
0.00156759
0.00153829
0.00150899
0.00147969
0.00145039
0.00142108
0.00139178
0.00136248
0.00133318
0.00130388
0.00127458
0.00124528
0.00121598
0.00118667
0.00115737
0.00112807
0.00109877
0.00106947
0.00104017
0.00101087
0.000981568
0.000952267
0.000922966
0.000893665
0.000864364
0.000835063
0.000805762
0.000776462
0.000747161
0.00071786
0.00068856
0.000659259
0.000629958
0.000600658
0.000571357
0.000542057
0.000512756
0.000483456
0.000454155
0.000424855
0.000395554
0.000366254
0.000336953
0.000307653
0.000278352
0.000249052
0.000219752
0.000190451
0.000161151
0.000131851
0.000102551
7.32504e-05
4.39502e-05
1.46501e-05
0.00562542
0.00562292
0.00561798
0.00561063
0.00560091
0.00558892
0.00557479
0.0055587
0.00554086
0.00552148
0.00550079
0.00547894
0.00545608
0.00543232
0.00540777
0.00538253
0.00535671
0.00533038
0.00530362
0.00527649
0.00524903
0.0052213
0.00519333
0.00516517
0.00513684
0.00510836
0.00507976
0.00505106
0.00502226
0.00499339
0.00496446
0.00493547
0.00490643
0.00487736
0.00484825
0.00481911
0.00478995
0.00476077
0.00473157
0.00470235
0.00467312
0.00464388
0.00461463
0.00458538
0.00455611
0.00452684
0.00449757
0.00446829
0.00443901
0.00440972
0.00438043
0.00435114
0.00432185
0.00429256
0.00426326
0.00423397
0.00420467
0.00417537
0.00414608
0.00411678
0.00408748
0.00405818
0.00402888
0.00399958
0.00397028
0.00394098
0.00391168
0.00388237
0.00385307
0.00382377
0.00379447
0.00376517
0.00373587
0.00370657
0.00367726
0.00364796
0.00361866
0.00358936
0.00356006
0.00353076
0.00350146
0.00347215
0.00344285
0.00341355
0.00338425
0.00335495
0.00332565
0.00329635
0.00326705
0.00323774
0.00320844
0.00317914
0.00314984
0.00312054
0.00309124
0.00306194
0.00303264
0.00300334
0.00297404
0.00294474
0.00291544
0.00288614
0.00285684
0.00282753
0.00279823
0.00276893
0.00273963
0.00271033
0.00268103
0.00265173
0.00262243
0.00259313
0.00256383
0.00253453
0.00250522
0.00247592
0.00244662
0.00241732
0.00238802
0.00235872
0.00232942
0.00230012
0.00227082
0.00224152
0.00221222
0.00218291
0.00215361
0.00212431
0.00209501
0.00206571
0.00203641
0.00200711
0.00197781
0.00194851
0.0019192
0.0018899
0.0018606
0.0018313
0.001802
0.0017727
0.0017434
0.0017141
0.0016848
0.00165549
0.00162619
0.00159689
0.00156759
0.00153829
0.00150899
0.00147969
0.00145039
0.00142108
0.00139178
0.00136248
0.00133318
0.00130388
0.00127458
0.00124528
0.00121598
0.00118667
0.00115737
0.00112807
0.00109877
0.00106947
0.00104017
0.00101087
0.000981568
0.000952267
0.000922966
0.000893665
0.000864364
0.000835063
0.000805762
0.000776462
0.000747161
0.00071786
0.00068856
0.000659259
0.000629958
0.000600658
0.000571357
0.000542057
0.000512756
0.000483456
0.000454155
0.000424855
0.000395554
0.000366254
0.000336953
0.000307653
0.000278352
0.000249052
0.000219752
0.000190451
0.000161151
0.000131851
0.000102551
7.32504e-05
4.39502e-05
1.46501e-05
0.00561817
0.00561577
0.005611
0.00560391
0.00559453
0.00558293
0.00556926
0.00555365
0.0055363
0.00551741
0.00549717
0.00547573
0.00545323
0.00542981
0.00540557
0.00538062
0.00535505
0.00532894
0.00530237
0.00527541
0.0052481
0.0052205
0.00519265
0.00516459
0.00513634
0.00510793
0.0050794
0.00505074
0.005022
0.00499317
0.00496427
0.00493531
0.00490629
0.00487724
0.00484815
0.00481903
0.00478988
0.0047607
0.00473151
0.0047023
0.00467308
0.00464385
0.0046146
0.00458535
0.00455609
0.00452683
0.00449755
0.00446828
0.004439
0.00440971
0.00438043
0.00435114
0.00432185
0.00429255
0.00426326
0.00423396
0.00420467
0.00417537
0.00414607
0.00411678
0.00408748
0.00405818
0.00402888
0.00399958
0.00397028
0.00394098
0.00391168
0.00388237
0.00385307
0.00382377
0.00379447
0.00376517
0.00373587
0.00370657
0.00367726
0.00364796
0.00361866
0.00358936
0.00356006
0.00353076
0.00350146
0.00347215
0.00344285
0.00341355
0.00338425
0.00335495
0.00332565
0.00329635
0.00326705
0.00323774
0.00320844
0.00317914
0.00314984
0.00312054
0.00309124
0.00306194
0.00303264
0.00300334
0.00297404
0.00294474
0.00291544
0.00288614
0.00285684
0.00282753
0.00279823
0.00276893
0.00273963
0.00271033
0.00268103
0.00265173
0.00262243
0.00259313
0.00256383
0.00253453
0.00250522
0.00247592
0.00244662
0.00241732
0.00238802
0.00235872
0.00232942
0.00230012
0.00227082
0.00224152
0.00221222
0.00218291
0.00215361
0.00212431
0.00209501
0.00206571
0.00203641
0.00200711
0.00197781
0.00194851
0.0019192
0.0018899
0.0018606
0.0018313
0.001802
0.0017727
0.0017434
0.0017141
0.00168479
0.00165549
0.00162619
0.00159689
0.00156759
0.00153829
0.00150899
0.00147969
0.00145039
0.00142108
0.00139178
0.00136248
0.00133318
0.00130388
0.00127458
0.00124528
0.00121598
0.00118667
0.00115737
0.00112807
0.00109877
0.00106947
0.00104017
0.00101087
0.000981568
0.000952267
0.000922966
0.000893665
0.000864364
0.000835063
0.000805763
0.000776462
0.000747161
0.00071786
0.00068856
0.000659259
0.000629958
0.000600658
0.000571357
0.000542057
0.000512756
0.000483456
0.000454155
0.000424855
0.000395554
0.000366254
0.000336953
0.000307653
0.000278352
0.000249052
0.000219752
0.000190451
0.000161151
0.000131851
0.000102551
7.32504e-05
4.39502e-05
1.46501e-05
0.0056134
0.00561105
0.0056064
0.00559947
0.0055903
0.00557896
0.00556558
0.00555028
0.00553326
0.00551468
0.00549474
0.00547357
0.00545132
0.00542812
0.00540409
0.00537932
0.00535392
0.00532796
0.00530153
0.00527468
0.00524747
0.00521996
0.00519219
0.00516419
0.005136
0.00510764
0.00507915
0.00505053
0.00502182
0.00499301
0.00496413
0.00493519
0.0049062
0.00487716
0.00484808
0.00481897
0.00478983
0.00476066
0.00473148
0.00470227
0.00467306
0.00464383
0.00461459
0.00458534
0.00455608
0.00452681
0.00449754
0.00446827
0.00443899
0.00440971
0.00438042
0.00435113
0.00432184
0.00429255
0.00426326
0.00423396
0.00420467
0.00417537
0.00414607
0.00411677
0.00408748
0.00405818
0.00402888
0.00399958
0.00397028
0.00394098
0.00391167
0.00388237
0.00385307
0.00382377
0.00379447
0.00376517
0.00373587
0.00370657
0.00367726
0.00364796
0.00361866
0.00358936
0.00356006
0.00353076
0.00350146
0.00347215
0.00344285
0.00341355
0.00338425
0.00335495
0.00332565
0.00329635
0.00326705
0.00323774
0.00320844
0.00317914
0.00314984
0.00312054
0.00309124
0.00306194
0.00303264
0.00300334
0.00297404
0.00294474
0.00291544
0.00288614
0.00285684
0.00282753
0.00279823
0.00276893
0.00273963
0.00271033
0.00268103
0.00265173
0.00262243
0.00259313
0.00256383
0.00253453
0.00250522
0.00247592
0.00244662
0.00241732
0.00238802
0.00235872
0.00232942
0.00230012
0.00227082
0.00224152
0.00221222
0.00218291
0.00215361
0.00212431
0.00209501
0.00206571
0.00203641
0.00200711
0.00197781
0.00194851
0.0019192
0.0018899
0.0018606
0.0018313
0.001802
0.0017727
0.0017434
0.0017141
0.00168479
0.00165549
0.00162619
0.00159689
0.00156759
0.00153829
0.00150899
0.00147969
0.00145039
0.00142108
0.00139178
0.00136248
0.00133318
0.00130388
0.00127458
0.00124528
0.00121598
0.00118667
0.00115737
0.00112807
0.00109877
0.00106947
0.00104017
0.00101087
0.000981568
0.000952267
0.000922966
0.000893665
0.000864364
0.000835063
0.000805763
0.000776462
0.000747161
0.00071786
0.00068856
0.000659259
0.000629958
0.000600658
0.000571357
0.000542057
0.000512756
0.000483456
0.000454155
0.000424855
0.000395554
0.000366254
0.000336953
0.000307653
0.000278352
0.000249052
0.000219752
0.000190451
0.000161151
0.000131851
0.000102551
7.32504e-05
4.39502e-05
1.46501e-05
0.00561102
0.0056087
0.00560411
0.00559726
0.00558819
0.00557698
0.00556374
0.0055486
0.00553173
0.00551332
0.00549352
0.00547249
0.00545036
0.00542728
0.00540335
0.00537867
0.00535335
0.00532747
0.0053011
0.00527431
0.00524716
0.00521969
0.00519195
0.00516399
0.00513583
0.0051075
0.00507902
0.00505043
0.00502172
0.00499293
0.00496407
0.00493514
0.00490615
0.00487712
0.00484804
0.00481894
0.0047898
0.00476064
0.00473146
0.00470226
0.00467304
0.00464381
0.00461458
0.00458533
0.00455607
0.00452681
0.00449754
0.00446826
0.00443899
0.0044097
0.00438042
0.00435113
0.00432184
0.00429255
0.00426326
0.00423396
0.00420467
0.00417537
0.00414607
0.00411677
0.00408747
0.00405818
0.00402888
0.00399958
0.00397028
0.00394098
0.00391167
0.00388237
0.00385307
0.00382377
0.00379447
0.00376517
0.00373587
0.00370657
0.00367726
0.00364796
0.00361866
0.00358936
0.00356006
0.00353076
0.00350146
0.00347215
0.00344285
0.00341355
0.00338425
0.00335495
0.00332565
0.00329635
0.00326705
0.00323774
0.00320844
0.00317914
0.00314984
0.00312054
0.00309124
0.00306194
0.00303264
0.00300334
0.00297404
0.00294474
0.00291544
0.00288614
0.00285684
0.00282753
0.00279823
0.00276893
0.00273963
0.00271033
0.00268103
0.00265173
0.00262243
0.00259313
0.00256383
0.00253453
0.00250522
0.00247592
0.00244662
0.00241732
0.00238802
0.00235872
0.00232942
0.00230012
0.00227082
0.00224152
0.00221222
0.00218291
0.00215361
0.00212431
0.00209501
0.00206571
0.00203641
0.00200711
0.00197781
0.00194851
0.0019192
0.0018899
0.0018606
0.0018313
0.001802
0.0017727
0.0017434
0.0017141
0.00168479
0.00165549
0.00162619
0.00159689
0.00156759
0.00153829
0.00150899
0.00147969
0.00145039
0.00142108
0.00139178
0.00136248
0.00133318
0.00130388
0.00127458
0.00124528
0.00121598
0.00118667
0.00115737
0.00112807
0.00109877
0.00106947
0.00104017
0.00101087
0.000981568
0.000952267
0.000922966
0.000893665
0.000864364
0.000835063
0.000805763
0.000776462
0.000747161
0.00071786
0.00068856
0.000659259
0.000629958
0.000600658
0.000571357
0.000542057
0.000512756
0.000483456
0.000454155
0.000424855
0.000395554
0.000366254
0.000336953
0.000307653
0.000278352
0.000249052
0.000219752
0.000190451
0.000161151
0.000131851
0.000102551
7.32504e-05
4.39502e-05
1.46501e-05
)
;

boundaryField
{
    inlet
    {
        type            zeroGradient;
    }
    outlet
    {
        type            fixedValue;
        value           uniform 0;
    }
    top
    {
        type            zeroGradient;
    }
    bottom
    {
        type            zeroGradient;
    }
    frontAndBack
    {
        type            empty;
    }
}


// ************************************************************************* //
