/*--------------------------------*- C++ -*----------------------------------*\
  =========                 |
  \\      /  F ield         | OpenFOAM: The Open Source CFD Toolbox
   \\    /   O peration     | Website:  https://openfoam.org
    \\  /    A nd           | Version:  dev
     \\/     M anipulation  |
\*---------------------------------------------------------------------------*/
FoamFile
{
    format      ascii;
    class       surfaceScalarField;
    location    "0.9";
    object      phi;
}
// * * * * * * * * * * * * * * * * * * * * * * * * * * * * * * * * * * * * * //

dimensions      [0 3 -1 0 0 0 0];

internalField   nonuniform List<scalar> 
7780
(
0.00499907
9.31748e-07
0.00499706
2.0121e-06
0.0049945
2.55991e-06
0.00499184
2.65171e-06
0.00498936
2.48266e-06
0.00498694
2.41866e-06
0.00498443
2.51382e-06
0.00498175
2.67988e-06
0.004979
2.74741e-06
0.00497637
2.62728e-06
0.00497382
2.5512e-06
0.00497114
2.6865e-06
0.0049682
2.94013e-06
0.00496509
3.10746e-06
0.00496203
3.05843e-06
0.00495924
2.78627e-06
0.00495688
2.36107e-06
0.00495501
1.87717e-06
0.00495359
1.41595e-06
0.00495256
1.02691e-06
0.00495184
7.26651e-07
0.00495133
5.09178e-07
0.00495097
3.58242e-07
0.00495071
2.55989e-07
0.00495053
1.87209e-07
0.00495039
1.40557e-07
0.00495028
1.08257e-07
0.00495019
8.52524e-08
0.00495012
6.83581e-08
0.00495007
5.55842e-08
0.00495002
4.56797e-08
0.00494998
3.78415e-08
0.00494995
3.15393e-08
0.00494993
2.64101e-08
0.0049499
2.21963e-08
0.00494989
1.87095e-08
0.00494987
1.58077e-08
0.00494986
1.33818e-08
0.00494985
1.13463e-08
0.00494984
9.63324e-09
0.00494983
8.18794e-09
0.00494982
6.96601e-09
0.00494981
5.93115e-09
0.00494981
5.05341e-09
0.00494981
4.30803e-09
0.0049498
3.67439e-09
0.0049498
3.13524e-09
0.0049498
2.67615e-09
0.00494979
2.28498e-09
0.00494979
1.95149e-09
0.00494979
1.66704e-09
0.00494979
1.42433e-09
0.00494979
1.21716e-09
0.00494979
1.04026e-09
0.00494979
8.89183e-10
0.00494978
7.60124e-10
0.00494978
6.49855e-10
0.00494978
5.55625e-10
0.00494978
4.75089e-10
0.00494978
4.0625e-10
0.00494978
3.47402e-10
0.00494978
2.9709e-10
0.00494978
2.54074e-10
0.00494978
2.17293e-10
0.00494978
1.85842e-10
0.00494978
1.58947e-10
0.00494978
1.35947e-10
0.00494978
1.16277e-10
0.00494978
9.94546e-11
0.00494978
8.50674e-11
0.00494978
7.27624e-11
0.00494978
6.22379e-11
0.00494978
5.3236e-11
0.00494978
4.55364e-11
0.00494978
3.89508e-11
0.00494978
3.3318e-11
0.00494978
2.85002e-11
0.00494978
2.43792e-11
0.00494978
2.08539e-11
0.00494978
1.78381e-11
0.00494978
1.52583e-11
0.00494978
1.30518e-11
0.00494978
1.11645e-11
0.00494978
9.55036e-12
0.00494978
8.16968e-12
0.00494978
6.98846e-12
0.00494978
5.97769e-12
0.00494978
5.11306e-12
0.00494978
4.37369e-12
0.00494978
3.74163e-12
0.00494978
3.20117e-12
0.00494978
2.73886e-12
0.00494978
2.34316e-12
0.00494978
2.00416e-12
0.00494978
1.714e-12
0.00494978
1.46594e-12
0.00494978
1.25401e-12
0.00494978
1.07294e-12
0.00494978
9.18096e-13
0.00494978
7.85414e-13
0.00494978
6.71514e-13
0.00494978
5.73852e-13
0.00494978
4.90279e-13
0.00494978
4.19007e-13
0.00494978
3.58305e-13
0.00494978
3.06608e-13
0.00494978
2.62421e-13
0.00494978
2.24471e-13
0.00494978
1.91808e-13
0.00494978
1.63674e-13
0.00494978
1.39615e-13
0.00494978
1.19164e-13
0.00494978
1.01925e-13
0.00494978
8.74121e-14
0.00494978
7.50646e-14
0.00494978
6.4525e-14
0.00494978
5.52972e-14
0.00494978
4.72809e-14
0.00494978
4.026e-14
0.00494978
3.41318e-14
0.00494978
2.89758e-14
0.00494978
2.45744e-14
0.00494978
2.09722e-14
0.00494978
1.80219e-14
0.00494978
1.55534e-14
0.00494978
1.34877e-14
0.00494978
1.16907e-14
0.00494978
1.00531e-14
0.00494978
8.57569e-15
0.00494978
7.22841e-15
0.00494978
6.06656e-15
0.00494978
5.08683e-15
0.00494978
4.2435e-15
0.00494978
3.62071e-15
0.00494978
3.17222e-15
0.00494978
2.82795e-15
0.00494978
2.63652e-15
0.00494978
2.48597e-15
0.00494978
2.33329e-15
0.00494978
2.19041e-15
0.00494978
2.02662e-15
0.00494978
1.94359e-15
0.00494978
1.96424e-15
0.00494978
2.07416e-15
0.00494978
2.33749e-15
0.00494978
2.43956e-15
0.00494978
2.90527e-15
0.00494978
3.16665e-15
0.00494978
3.28392e-15
0.00494978
3.2433e-15
0.00494978
3.09469e-15
0.00494978
2.74565e-15
0.00494978
2.26031e-15
0.00494978
1.82919e-15
0.00494978
1.308e-15
0.00494978
1.21257e-15
0.00494978
1.02269e-15
0.00494978
9.24619e-16
0.00494978
1.04462e-15
0.00494978
1.0884e-15
0.00494978
1.13986e-15
0.00494978
1.14354e-15
0.00494978
1.01174e-15
0.00494978
1.0404e-15
0.00494978
9.14418e-16
0.00494978
7.12137e-16
0.00494978
5.32175e-16
0.00494978
4.10823e-16
0.00494978
3.02782e-16
0.00494978
3.31413e-16
0.00494978
4.55082e-16
0.00494978
5.52289e-16
0.00494978
6.57022e-16
0.00494978
8.62252e-16
0.00494978
8.75975e-16
0.00494978
1.10733e-15
0.00494978
1.10987e-15
0.00494978
1.09245e-15
0.00494978
9.30699e-16
0.00494978
6.73701e-16
0.00494978
5.16943e-16
0.00494978
2.63837e-16
0.00494978
9.05756e-17
0.00494978
-2.19042e-16
0.00494978
-1.81272e-16
0.00494978
-2.37132e-16
0.00494978
-3.29761e-16
0.00494978
3.57973e-16
0.00494978
1.31009e-16
0.00494978
8.1752e-16
0.00494978
1.14521e-15
0.00494978
1.15578e-15
0.00494978
1.99441e-15
0.00494978
2.02918e-15
0.00494978
1.99598e-15
0.00494978
2.10168e-15
0.00494978
1.77503e-15
0.00494978
1.34274e-15
0.00494978
1.12705e-15
3.91112e-16
0.0050004
5.29212e-07
0.00500104
1.37774e-06
0.00500163
1.96489e-06
0.00500206
2.22503e-06
0.00500227
2.27172e-06
0.00500245
2.24307e-06
0.00500272
2.24238e-06
0.00500305
2.34631e-06
0.00500332
2.47406e-06
0.00500348
2.47552e-06
0.00500361
2.41194e-06
0.00500384
2.46563e-06
0.00500412
2.65712e-06
0.00500439
2.83476e-06
0.00500459
2.85881e-06
0.00500468
2.69559e-06
0.00500465
2.38759e-06
0.00500453
2.00319e-06
0.00500434
1.60798e-06
0.00500411
1.24967e-06
0.00500389
9.52349e-07
0.00500368
7.20117e-07
0.00500349
5.45496e-07
0.00500333
4.16835e-07
0.00500319
3.22619e-07
0.00500308
2.53287e-07
0.00500299
2.01626e-07
0.00500291
1.62493e-07
0.00500285
1.32331e-07
0.00500279
1.08699e-07
0.00500275
8.9914e-08
0.00500271
7.47985e-08
0.00500268
6.25115e-08
0.00500266
5.24398e-08
0.00500263
4.41272e-08
0.00500261
3.72274e-08
0.0050026
3.14733e-08
0.00500259
2.66559e-08
0.00500257
2.26095e-08
0.00500257
1.92014e-08
0.00500256
1.63243e-08
0.00500255
1.38907e-08
0.00500254
1.1829e-08
0.00500254
1.00797e-08
0.00500253
8.59389e-09
0.00500253
7.33052e-09
0.00500253
6.25539e-09
0.00500253
5.33977e-09
0.00500252
4.55951e-09
0.00500252
3.89424e-09
0.00500252
3.32676e-09
0.00500252
2.84249e-09
0.00500252
2.42911e-09
0.00500252
2.07613e-09
0.00500251
1.77465e-09
0.00500251
1.51709e-09
0.00500251
1.29703e-09
0.00500251
1.10898e-09
0.00500251
9.48246e-10
0.00500251
8.10855e-10
0.00500251
6.93403e-10
0.00500251
5.92987e-10
0.00500251
5.07131e-10
0.00500251
4.33719e-10
0.00500251
3.70945e-10
0.00500251
3.17264e-10
0.00500251
2.71355e-10
0.00500251
2.32094e-10
0.00500251
1.98515e-10
0.00500251
1.69798e-10
0.00500251
1.45236e-10
0.00500251
1.24228e-10
0.00500251
1.0626e-10
0.00500251
9.08911e-11
0.00500251
7.77461e-11
0.00500251
6.65027e-11
0.00500251
5.68855e-11
0.00500251
4.86593e-11
0.00500251
4.16227e-11
0.00500251
3.56038e-11
0.00500251
3.04555e-11
0.00500251
2.60518e-11
0.00500251
2.22848e-11
0.00500251
1.90624e-11
0.00500251
1.63059e-11
0.00500251
1.39481e-11
0.00500251
1.19314e-11
0.00500251
1.02066e-11
0.00500251
8.73138e-12
0.00500251
7.46949e-12
0.00500251
6.38986e-12
0.00500251
5.46603e-12
0.00500251
4.67542e-12
0.00500251
3.99903e-12
0.00500251
3.42053e-12
0.00500251
2.92599e-12
0.00500251
2.50318e-12
0.00500251
2.14151e-12
0.00500251
1.8319e-12
0.00500251
1.56663e-12
0.00500251
1.33947e-12
0.00500251
1.14516e-12
0.00500251
9.79204e-13
0.00500251
8.37518e-13
0.00500251
7.16475e-13
0.00500251
6.12914e-13
0.00500251
5.24102e-13
0.00500251
4.47825e-13
0.00500251
3.8244e-13
0.00500251
3.26471e-13
0.00500251
2.78864e-13
0.00500251
2.38393e-13
0.00500251
2.03915e-13
0.00500251
1.74444e-13
0.00500251
1.48994e-13
0.00500251
1.26965e-13
0.00500251
1.07749e-13
0.00500251
9.11607e-14
0.00500251
7.6946e-14
0.00500251
6.48347e-14
0.00500251
5.47348e-14
0.00500251
4.6246e-14
0.00500251
3.91655e-14
0.00500251
3.31954e-14
0.00500251
2.81117e-14
0.00500251
2.37447e-14
0.00500251
2.00911e-14
0.00500251
1.69961e-14
0.00500251
1.45011e-14
0.00500251
1.25233e-14
0.00500251
1.10353e-14
0.00500251
9.98519e-15
0.00500251
9.18412e-15
0.00500251
8.70675e-15
0.00500251
8.3968e-15
0.00500251
8.21694e-15
0.00500251
8.14126e-15
0.00500251
8.12981e-15
0.00500251
7.99398e-15
0.00500251
7.80548e-15
0.00500251
7.6531e-15
0.00500251
7.62937e-15
0.00500251
7.45039e-15
0.00500251
7.35921e-15
0.00500251
7.17956e-15
0.00500251
6.91287e-15
0.00500251
6.64145e-15
0.00500251
6.23593e-15
0.00500251
5.69727e-15
0.00500251
5.05243e-15
0.00500251
4.5026e-15
0.00500251
3.54895e-15
0.00500251
2.73073e-15
0.00500251
1.99267e-15
0.00500251
1.27683e-15
0.00500251
7.984e-16
0.00500251
3.69036e-16
0.00500251
-9.24646e-18
0.00500251
-2.64725e-16
0.00500251
-6.63318e-16
0.00500251
-1.00522e-15
0.00500251
-1.33137e-15
0.00500251
-1.6719e-15
0.00500251
-1.90812e-15
0.00500251
-2.18272e-15
0.00500251
-2.37077e-15
0.00500251
-2.49908e-15
0.00500251
-2.52133e-15
0.00500251
-2.41718e-15
0.00500251
-2.29606e-15
0.00500251
-2.03068e-15
0.00500251
-1.914e-15
0.00500251
-1.69378e-15
0.00500251
-1.43466e-15
0.00500251
-1.38328e-15
0.00500251
-1.13688e-15
0.00500251
-1.07764e-15
0.00500251
-1.15353e-15
0.00500251
-1.18271e-15
0.00500251
-1.05401e-15
0.00500251
-1.07244e-15
0.00500251
-1.0003e-15
0.00500251
-7.69625e-16
0.00500251
-7.98432e-16
0.00500251
-2.72751e-16
0.00500251
1.82164e-16
0.00500251
6.1893e-16
0.00500251
1.40532e-15
0.00500251
1.57587e-15
0.00500251
2.41876e-15
0.00500251
2.91356e-15
0.00500251
3.07937e-15
0.00500251
3.58117e-15
0.00500251
3.57177e-15
0.00500251
3.33802e-15
0.00500251
3.26104e-15
0.00500251
2.77306e-15
0.00500251
2.00623e-15
0.00500251
1.34857e-15
4.35591e-16
0.00500018
3.49145e-07
0.00500062
9.37004e-07
0.00500113
1.45535e-06
0.00500157
1.78655e-06
0.00500188
1.95626e-06
0.00500208
2.04452e-06
0.00500227
2.05301e-06
0.00500255
2.07223e-06
0.00500284
2.17962e-06
0.00500305
2.26906e-06
0.0050032
2.26399e-06
0.00500339
2.27053e-06
0.00500366
2.38376e-06
0.00500396
2.53734e-06
0.00500421
2.60717e-06
0.00500437
2.53556e-06
0.00500442
2.33668e-06
0.00500437
2.05375e-06
0.00500425
1.7342e-06
0.00500408
1.41929e-06
0.00500389
1.137e-06
0.00500371
8.99991e-07
0.00500355
7.09354e-07
0.00500341
5.59953e-07
0.00500328
4.44444e-07
0.00500318
3.55495e-07
0.0050031
2.86788e-07
0.00500303
2.33309e-07
0.00500297
1.91264e-07
0.00500292
1.57854e-07
0.00500288
1.31029e-07
0.00500284
1.09287e-07
0.00500281
9.15203e-08
0.00500279
7.68979e-08
0.00500277
6.47914e-08
0.00500275
5.47175e-08
0.00500274
4.62995e-08
0.00500272
3.92403e-08
0.00500271
3.3303e-08
0.0050027
2.82967e-08
0.0050027
2.40666e-08
0.00500269
2.04858e-08
0.00500268
1.74501e-08
0.00500268
1.48732e-08
0.00500267
1.26834e-08
0.00500267
1.08207e-08
0.00500267
9.23503e-09
0.00500267
7.88426e-09
0.00500266
6.73291e-09
0.00500266
5.75105e-09
0.00500266
4.91337e-09
0.00500266
4.19843e-09
0.00500266
3.58806e-09
0.00500266
3.06681e-09
0.00500266
2.62158e-09
0.00500265
2.24119e-09
0.00500265
1.91616e-09
0.00500265
1.63838e-09
0.00500265
1.40095e-09
0.00500265
1.19799e-09
0.00500265
1.02448e-09
0.00500265
8.76129e-10
0.00500265
7.49288e-10
0.00500265
6.4083e-10
0.00500265
5.48085e-10
0.00500265
4.68771e-10
0.00500265
4.00942e-10
0.00500265
3.42932e-10
0.00500265
2.9332e-10
0.00500265
2.50889e-10
0.00500265
2.14598e-10
0.00500265
1.83558e-10
0.00500265
1.57008e-10
0.00500265
1.343e-10
0.00500265
1.14877e-10
0.00500265
9.82636e-11
0.00500265
8.40534e-11
0.00500265
7.18984e-11
0.00500265
6.15013e-11
0.00500265
5.2608e-11
0.00500265
4.50009e-11
0.00500265
3.8494e-11
0.00500265
3.29279e-11
0.00500265
2.81666e-11
0.00500265
2.40938e-11
0.00500265
2.06101e-11
0.00500265
1.76305e-11
0.00500265
1.5082e-11
0.00500265
1.2902e-11
0.00500265
1.1037e-11
0.00500265
9.44139e-12
0.00500265
8.07604e-12
0.00500265
6.90792e-12
0.00500265
5.90879e-12
0.00500265
5.0544e-12
0.00500265
4.32386e-12
0.00500265
3.69893e-12
0.00500265
3.16413e-12
0.00500265
2.70628e-12
0.00500265
2.31427e-12
0.00500265
1.97888e-12
0.00500265
1.69218e-12
0.00500265
1.4473e-12
0.00500265
1.23808e-12
0.00500265
1.0591e-12
0.00500265
9.05801e-13
0.00500265
7.74248e-13
0.00500265
6.61399e-13
0.00500265
5.64872e-13
0.00500265
4.8248e-13
0.00500265
4.1239e-13
0.00500265
3.52688e-13
0.00500265
3.01635e-13
0.00500265
2.57749e-13
0.00500265
2.19738e-13
0.00500265
1.86826e-13
0.00500265
1.58265e-13
0.00500265
1.33734e-13
0.00500265
1.12878e-13
0.00500265
9.5261e-14
0.00500265
8.04759e-14
0.00500265
6.801e-14
0.00500265
5.747e-14
0.00500265
4.85311e-14
0.00500265
4.08651e-14
0.00500265
3.43424e-14
0.00500265
2.88994e-14
0.00500265
2.44547e-14
0.00500265
2.09525e-14
0.00500265
1.82423e-14
0.00500265
1.62915e-14
0.00500265
1.49275e-14
0.00500265
1.39729e-14
0.00500265
1.33647e-14
0.00500265
1.29913e-14
0.00500265
1.28005e-14
0.00500265
1.26834e-14
0.00500265
1.25794e-14
0.00500265
1.24523e-14
0.00500265
1.22618e-14
0.00500265
1.2167e-14
0.00500265
1.20162e-14
0.00500265
1.17927e-14
0.00500265
1.15268e-14
0.00500265
1.10964e-14
0.00500265
1.05338e-14
0.00500265
9.81156e-15
0.00500265
8.96346e-15
0.00500265
8.0303e-15
0.00500265
6.99641e-15
0.00500265
5.93157e-15
0.00500265
4.7376e-15
0.00500265
3.63391e-15
0.00500265
2.60081e-15
0.00500265
1.66663e-15
0.00500265
9.5929e-16
0.00500265
2.11415e-16
0.00500265
-4.15847e-16
0.00500265
-1.03948e-15
0.00500265
-1.7008e-15
0.00500265
-2.24223e-15
0.00500265
-2.79269e-15
0.00500265
-3.27136e-15
0.00500265
-3.68919e-15
0.00500265
-4.04187e-15
0.00500265
-4.27355e-15
0.00500265
-4.36607e-15
0.00500265
-4.27743e-15
0.00500265
-4.11731e-15
0.00500265
-3.91025e-15
0.00500265
-3.59002e-15
0.00500265
-3.36065e-15
0.00500265
-3.0431e-15
0.00500265
-2.70712e-15
0.00500265
-2.55856e-15
0.00500265
-2.40924e-15
0.00500265
-2.33099e-15
0.00500265
-2.31734e-15
0.00500265
-2.24707e-15
0.00500265
-2.02138e-15
0.00500265
-1.91206e-15
0.00500265
-1.7363e-15
0.00500265
-1.29837e-15
0.00500265
-9.31108e-16
0.00500265
-2.30923e-16
0.00500265
5.59808e-16
0.00500265
1.21396e-15
0.00500265
2.16444e-15
0.00500265
2.76051e-15
0.00500265
3.69271e-15
0.00500265
4.42201e-15
0.00500265
4.81135e-15
0.00500265
5.00759e-15
0.00500265
5.0359e-15
0.00500265
4.8629e-15
0.00500265
4.52643e-15
0.00500265
3.72742e-15
0.00500265
2.79445e-15
0.00500265
1.80028e-15
5.89043e-16
0.00500011
2.41478e-07
0.00500035
6.9285e-07
0.00500068
1.13115e-06
0.00500101
1.45647e-06
0.00500131
1.64834e-06
0.00500156
1.79414e-06
0.00500174
1.87747e-06
0.00500191
1.89862e-06
0.00500214
1.95128e-06
0.00500238
2.03504e-06
0.00500257
2.07449e-06
0.00500274
2.0975e-06
0.00500294
2.18444e-06
0.00500316
2.31825e-06
0.00500336
2.4036e-06
0.00500352
2.37539e-06
0.00500362
2.23306e-06
0.00500367
2.00943e-06
0.00500366
1.74325e-06
0.00500361
1.46927e-06
0.00500353
1.2133e-06
0.00500344
9.89616e-07
0.00500335
8.02493e-07
0.00500326
6.50061e-07
0.00500318
5.27709e-07
0.0050031
4.30127e-07
0.00500304
3.52334e-07
0.00500298
2.90107e-07
0.00500293
2.40059e-07
0.00500289
1.99551e-07
0.00500285
1.66551e-07
0.00500282
1.39501e-07
0.0050028
1.17203e-07
0.00500278
9.87268e-08
0.00500276
8.335e-08
0.00500274
7.05028e-08
0.00500273
5.97329e-08
0.00500272
5.06785e-08
0.00500271
4.30474e-08
0.0050027
3.66022e-08
0.00500269
3.11488e-08
0.00500269
2.65274e-08
0.00500268
2.26058e-08
0.00500268
1.92743e-08
0.00500267
1.64414e-08
0.00500267
1.40303e-08
0.00500267
1.19768e-08
0.00500266
1.02269e-08
0.00500266
8.7348e-09
0.00500266
7.46199e-09
0.00500266
6.37582e-09
0.00500266
5.44861e-09
0.00500266
4.65687e-09
0.00500266
3.98064e-09
0.00500266
3.40295e-09
0.00500265
2.90934e-09
0.00500265
2.48752e-09
0.00500265
2.12699e-09
0.00500265
1.81881e-09
0.00500265
1.55536e-09
0.00500265
1.33012e-09
0.00500265
1.13754e-09
0.00500265
9.72872e-10
0.00500265
8.32063e-10
0.00500265
7.1165e-10
0.00500265
6.08674e-10
0.00500265
5.20606e-10
0.00500265
4.45287e-10
0.00500265
3.80871e-10
0.00500265
3.25776e-10
0.00500265
2.78654e-10
0.00500265
2.3835e-10
0.00500265
2.03876e-10
0.00500265
1.74389e-10
0.00500265
1.49169e-10
0.00500265
1.27596e-10
0.00500265
1.09144e-10
0.00500265
9.33609e-11
0.00500265
7.98603e-11
0.00500265
6.83123e-11
0.00500265
5.84345e-11
0.00500265
4.99853e-11
0.00500265
4.27578e-11
0.00500265
3.65755e-11
0.00500265
3.1287e-11
0.00500265
2.67635e-11
0.00500265
2.28943e-11
0.00500265
1.95848e-11
0.00500265
1.67537e-11
0.00500265
1.43317e-11
0.00500265
1.22596e-11
0.00500265
1.04867e-11
0.00500265
8.97011e-12
0.00500265
7.67301e-12
0.00500265
6.56372e-12
0.00500265
5.61496e-12
0.00500265
4.80319e-12
0.00500265
4.10837e-12
0.00500265
3.51365e-12
0.00500265
3.00468e-12
0.00500265
2.56946e-12
0.00500265
2.19752e-12
0.00500265
1.87975e-12
0.00500265
1.60803e-12
0.00500265
1.37544e-12
0.00500265
1.17615e-12
0.00500265
1.00519e-12
0.00500265
8.58756e-13
0.00500265
7.33587e-13
0.00500265
6.2683e-13
0.00500265
5.35922e-13
0.00500265
4.58303e-13
0.00500265
3.91765e-13
0.00500265
3.34434e-13
0.00500265
2.8486e-13
0.00500265
2.41955e-13
0.00500265
2.04895e-13
0.00500265
1.73196e-13
0.00500265
1.46313e-13
0.00500265
1.23587e-13
0.00500265
1.04437e-13
0.00500265
8.82616e-14
0.00500265
7.44315e-14
0.00500265
6.26519e-14
0.00500265
5.25763e-14
0.00500265
4.41057e-14
0.00500265
3.70617e-14
0.00500265
3.14055e-14
0.00500265
2.70182e-14
0.00500265
2.367e-14
0.00500265
2.12598e-14
0.00500265
1.95545e-14
0.00500265
1.83722e-14
0.00500265
1.76323e-14
0.00500265
1.71762e-14
0.00500265
1.69156e-14
0.00500265
1.67933e-14
0.00500265
1.66891e-14
0.00500265
1.65459e-14
0.00500265
1.64423e-14
0.00500265
1.62949e-14
0.00500265
1.60666e-14
0.00500265
1.5757e-14
0.00500265
1.52742e-14
0.00500265
1.45785e-14
0.00500265
1.37042e-14
0.00500265
1.26419e-14
0.00500265
1.14338e-14
0.00500265
1.01278e-14
0.00500265
8.74693e-15
0.00500265
7.29146e-15
0.00500265
5.82151e-15
0.00500265
4.43979e-15
0.00500265
3.214e-15
0.00500265
2.07166e-15
0.00500265
1.07715e-15
0.00500265
9.28866e-17
0.00500265
-8.09645e-16
0.00500265
-1.69915e-15
0.00500265
-2.54697e-15
0.00500265
-3.34399e-15
0.00500265
-4.0385e-15
0.00500265
-4.70529e-15
0.00500265
-5.2604e-15
0.00500265
-5.65691e-15
0.00500265
-5.93091e-15
0.00500265
-5.94842e-15
0.00500265
-5.81963e-15
0.00500265
-5.64469e-15
0.00500265
-5.33028e-15
0.00500265
-4.99434e-15
0.00500265
-4.60358e-15
0.00500265
-4.20077e-15
0.00500265
-3.91244e-15
0.00500265
-3.65446e-15
0.00500265
-3.57389e-15
0.00500265
-3.43463e-15
0.00500265
-3.28364e-15
0.00500265
-3.15347e-15
0.00500265
-2.91782e-15
0.00500265
-2.74655e-15
0.00500265
-2.30283e-15
0.00500265
-1.72198e-15
0.00500265
-1.01959e-15
0.00500265
-1.18232e-16
0.00500265
8.33825e-16
0.00500265
1.78222e-15
0.00500265
2.97063e-15
0.00500265
3.93181e-15
0.00500265
4.9636e-15
0.00500265
5.61653e-15
0.00500265
6.19075e-15
0.00500265
6.53489e-15
0.00500265
6.55299e-15
0.00500265
6.17303e-15
0.00500265
5.63881e-15
0.00500265
4.70374e-15
0.00500265
3.52695e-15
0.00500265
2.21605e-15
6.93022e-16
0.00500005
1.90582e-07
0.00500019
5.49449e-07
0.00500042
9.03154e-07
0.00500068
1.19801e-06
0.00500094
1.38919e-06
0.00500119
1.54539e-06
0.00500139
1.67599e-06
0.00500155
1.73482e-06
0.00500174
1.76784e-06
0.00500194
1.82796e-06
0.00500213
1.88497e-06
0.0050023
1.92691e-06
0.00500249
1.99763e-06
0.00500271
2.10449e-06
0.00500292
2.18786e-06
0.00500311
2.18841e-06
0.00500325
2.09318e-06
0.00500333
1.92297e-06
0.00500337
1.70777e-06
0.00500336
1.47578e-06
0.00500333
1.24959e-06
0.00500327
1.04381e-06
0.00500321
8.65088e-07
0.00500315
7.14383e-07
0.00500308
5.89566e-07
0.00500303
4.87216e-07
0.00500298
4.03647e-07
0.00500293
3.35436e-07
0.00500289
2.79646e-07
0.00500286
2.33862e-07
0.00500283
1.9614e-07
0.0050028
1.64934e-07
0.00500278
1.39015e-07
0.00500276
1.17408e-07
0.00500274
9.93355e-08
0.00500273
8.41737e-08
0.00500272
7.14206e-08
0.00500271
6.06687e-08
0.0050027
5.15861e-08
0.00500269
4.39001e-08
0.00500269
3.73863e-08
0.00500268
3.18589e-08
0.00500268
2.71631e-08
0.00500267
2.31701e-08
0.00500267
1.97718e-08
0.00500267
1.68777e-08
0.00500266
1.44113e-08
0.00500266
1.23085e-08
0.00500266
1.05148e-08
0.00500266
8.98408e-09
0.00500266
7.67745e-09
0.00500266
6.56176e-09
0.00500266
5.60885e-09
0.00500266
4.79482e-09
0.00500265
4.09928e-09
0.00500265
3.5049e-09
0.00500265
2.9969e-09
0.00500265
2.56267e-09
0.00500265
2.19146e-09
0.00500265
1.8741e-09
0.00500265
1.60275e-09
0.00500265
1.37074e-09
0.00500265
1.17234e-09
0.00500265
1.00268e-09
0.00500265
8.57589e-10
0.00500265
7.33505e-10
0.00500265
6.27384e-10
0.00500265
5.36624e-10
0.00500265
4.58999e-10
0.00500265
3.92606e-10
0.00500265
3.3582e-10
0.00500265
2.87248e-10
0.00500265
2.45703e-10
0.00500265
2.10168e-10
0.00500265
1.79773e-10
0.00500265
1.53775e-10
0.00500265
1.31537e-10
0.00500265
1.12516e-10
0.00500265
9.62455e-11
0.00500265
8.23284e-11
0.00500265
7.04243e-11
0.00500265
6.02417e-11
0.00500265
5.15316e-11
0.00500265
4.40808e-11
0.00500265
3.77074e-11
0.00500265
3.22557e-11
0.00500265
2.75925e-11
0.00500265
2.36037e-11
0.00500265
2.01914e-11
0.00500265
1.72723e-11
0.00500265
1.47749e-11
0.00500265
1.26384e-11
0.00500265
1.08109e-11
0.00500265
9.24784e-12
0.00500265
7.91096e-12
0.00500265
6.7673e-12
0.00500265
5.7886e-12
0.00500265
4.95092e-12
0.00500265
4.23402e-12
0.00500265
3.62079e-12
0.00500265
3.09657e-12
0.00500265
2.6486e-12
0.00500265
2.26576e-12
0.00500265
1.93833e-12
0.00500265
1.65785e-12
0.00500265
1.41744e-12
0.00500265
1.21129e-12
0.00500265
1.03491e-12
0.00500265
8.84237e-13
0.00500265
7.55801e-13
0.00500265
6.46284e-13
0.00500265
5.52613e-13
0.00500265
4.72198e-13
0.00500265
4.02773e-13
0.00500265
3.42817e-13
0.00500265
2.91026e-13
0.00500265
2.46494e-13
0.00500265
2.0851e-13
0.00500265
1.76288e-13
0.00500265
1.49069e-13
0.00500265
1.26016e-13
0.00500265
1.06352e-13
0.00500265
8.95678e-14
0.00500265
7.52057e-14
0.00500265
6.29344e-14
0.00500265
5.27175e-14
0.00500265
4.42879e-14
0.00500265
3.7608e-14
0.00500265
3.2441e-14
0.00500265
2.85488e-14
0.00500265
2.57322e-14
0.00500265
2.36928e-14
0.00500265
2.23205e-14
0.00500265
2.14233e-14
0.00500265
2.08765e-14
0.00500265
2.05543e-14
0.00500265
2.04196e-14
0.00500265
2.03554e-14
0.00500265
2.02671e-14
0.00500265
2.02111e-14
0.00500265
2.00515e-14
0.00500265
1.97759e-14
0.00500265
1.93521e-14
0.00500265
1.86351e-14
0.00500265
1.76553e-14
0.00500265
1.6478e-14
0.00500265
1.50957e-14
0.00500265
1.35702e-14
0.00500265
1.19068e-14
0.00500265
1.01801e-14
0.00500265
8.46069e-15
0.00500265
6.76357e-15
0.00500265
5.206e-15
0.00500265
3.75215e-15
0.00500265
2.44908e-15
0.00500265
1.19894e-15
0.00500265
-1.18553e-17
0.00500265
-1.19118e-15
0.00500265
-2.29827e-15
0.00500265
-3.32721e-15
0.00500265
-4.33394e-15
0.00500265
-5.20257e-15
0.00500265
-6.03061e-15
0.00500265
-6.67021e-15
0.00500265
-7.10963e-15
0.00500265
-7.36073e-15
0.00500265
-7.33026e-15
0.00500265
-7.19257e-15
0.00500265
-6.98279e-15
0.00500265
-6.58503e-15
0.00500265
-6.14885e-15
0.00500265
-5.68045e-15
0.00500265
-5.26574e-15
0.00500265
-5.01454e-15
0.00500265
-4.69826e-15
0.00500265
-4.5472e-15
0.00500265
-4.36791e-15
0.00500265
-4.14918e-15
0.00500265
-4.01879e-15
0.00500265
-3.72909e-15
0.00500265
-3.46178e-15
0.00500265
-2.73352e-15
0.00500265
-1.96364e-15
0.00500265
-1.18959e-15
0.00500265
-2.19202e-17
0.00500265
1.07224e-15
0.00500265
2.43849e-15
0.00500265
3.76369e-15
0.00500265
4.83059e-15
0.00500265
6.11751e-15
0.00500265
6.77594e-15
0.00500265
7.52583e-15
0.00500265
7.8465e-15
0.00500265
7.77135e-15
0.00500265
7.24078e-15
0.00500265
6.59423e-15
0.00500265
5.62983e-15
0.00500265
4.1596e-15
0.00500265
2.50659e-15
7.87312e-16
0.00500004
1.52793e-07
0.00500014
4.44309e-07
0.00500031
7.35388e-07
0.00500051
9.94176e-07
0.00500073
1.17815e-06
0.00500094
1.33051e-06
0.00500114
1.47672e-06
0.00500131
1.56905e-06
0.00500147
1.60716e-06
0.00500165
1.64587e-06
0.00500183
1.70006e-06
0.005002
1.75764e-06
0.00500217
1.8311e-06
0.00500235
1.92523e-06
0.00500253
2.00288e-06
0.0050027
2.01673e-06
0.00500285
1.94957e-06
0.00500296
1.81455e-06
0.00500303
1.63612e-06
0.00500307
1.43809e-06
0.00500308
1.23977e-06
0.00500307
1.05445e-06
0.00500304
8.89191e-07
0.00500301
7.46208e-07
0.00500297
6.24822e-07
0.00500294
5.22946e-07
0.0050029
4.37983e-07
0.00500287
3.67318e-07
0.00500284
3.08571e-07
0.00500282
2.59685e-07
0.00500279
2.18933e-07
0.00500277
1.8489e-07
0.00500276
1.56385e-07
0.00500274
1.32463e-07
0.00500273
1.12343e-07
0.00500272
9.53858e-08
0.00500271
8.10687e-08
0.0050027
6.89604e-08
0.00500269
5.8705e-08
0.00500269
5.00075e-08
0.00500268
4.26229e-08
0.00500268
3.63467e-08
0.00500267
3.10079e-08
0.00500267
2.64631e-08
0.00500267
2.25916e-08
0.00500266
1.92918e-08
0.00500266
1.64779e-08
0.00500266
1.40773e-08
0.00500266
1.20285e-08
0.00500266
1.02795e-08
0.00500266
8.78594e-09
0.00500266
7.51024e-09
0.00500266
6.42039e-09
0.00500265
5.48916e-09
0.00500265
4.69333e-09
0.00500265
4.01313e-09
0.00500265
3.4317e-09
0.00500265
2.93464e-09
0.00500265
2.50967e-09
0.00500265
2.14632e-09
0.00500265
1.83563e-09
0.00500265
1.56995e-09
0.00500265
1.34275e-09
0.00500265
1.14846e-09
0.00500265
9.82293e-10
0.00500265
8.40181e-10
0.00500265
7.18638e-10
0.00500265
6.14684e-10
0.00500265
5.25774e-10
0.00500265
4.49726e-10
0.00500265
3.84681e-10
0.00500265
3.29044e-10
0.00500265
2.81455e-10
0.00500265
2.40751e-10
0.00500265
2.05934e-10
0.00500265
1.76153e-10
0.00500265
1.5068e-10
0.00500265
1.2889e-10
0.00500265
1.10252e-10
0.00500265
9.43103e-11
0.00500265
8.0674e-11
0.00500265
6.90097e-11
0.00500265
5.90321e-11
0.00500265
5.04971e-11
0.00500265
4.31962e-11
0.00500265
3.69511e-11
0.00500265
3.1609e-11
0.00500265
2.70394e-11
0.00500265
2.31302e-11
0.00500265
1.97861e-11
0.00500265
1.69252e-11
0.00500265
1.44781e-11
0.00500265
1.23849e-11
0.00500265
1.05944e-11
0.00500265
9.06283e-12
0.00500265
7.75229e-12
0.00500265
6.63077e-12
0.00500265
5.67092e-12
0.00500265
4.84967e-12
0.00500265
4.14748e-12
0.00500265
3.5473e-12
0.00500265
3.03444e-12
0.00500265
2.59597e-12
0.00500265
2.22066e-12
0.00500265
1.89912e-12
0.00500265
1.62354e-12
0.00500265
1.38748e-12
0.00500265
1.1856e-12
0.00500265
1.01325e-12
0.00500265
8.66242e-13
0.00500265
7.40744e-13
0.00500265
6.33254e-13
0.00500265
5.40815e-13
0.00500265
4.6099e-13
0.00500265
3.92205e-13
0.00500265
3.329e-13
0.00500265
2.82084e-13
0.00500265
2.38838e-13
0.00500265
2.02157e-13
0.00500265
1.71031e-13
0.00500265
1.44549e-13
0.00500265
1.21854e-13
0.00500265
1.02415e-13
0.00500265
8.57964e-14
0.00500265
7.16889e-14
0.00500265
6.00202e-14
0.00500265
5.04641e-14
0.00500265
4.29448e-14
0.00500265
3.71334e-14
0.00500265
3.27496e-14
0.00500265
2.95621e-14
0.00500265
2.72235e-14
0.00500265
2.56358e-14
0.00500265
2.45876e-14
0.00500265
2.39924e-14
0.00500265
2.36878e-14
0.00500265
2.35541e-14
0.00500265
2.35296e-14
0.00500265
2.35193e-14
0.00500265
2.35011e-14
0.00500265
2.33579e-14
0.00500265
2.30182e-14
0.00500265
2.24187e-14
0.00500265
2.14849e-14
0.00500265
2.02431e-14
0.00500265
1.87853e-14
0.00500265
1.71195e-14
0.00500265
1.53089e-14
0.00500265
1.33334e-14
0.00500265
1.13574e-14
0.00500265
9.4008e-15
0.00500265
7.52577e-15
0.00500265
5.82746e-15
0.00500265
4.15921e-15
0.00500265
2.69917e-15
0.00500265
1.22132e-15
0.00500265
-1.61445e-16
0.00500265
-1.48617e-15
0.00500265
-2.81076e-15
0.00500265
-3.99605e-15
0.00500265
-5.16387e-15
0.00500265
-6.22779e-15
0.00500265
-7.14413e-15
0.00500265
-7.85242e-15
0.00500265
-8.31114e-15
0.00500265
-8.55811e-15
0.00500265
-8.54327e-15
0.00500265
-8.3959e-15
0.00500265
-8.12698e-15
0.00500265
-7.61654e-15
0.00500265
-7.13658e-15
0.00500265
-6.63524e-15
0.00500265
-6.20716e-15
0.00500265
-5.97092e-15
0.00500265
-5.63191e-15
0.00500265
-5.37346e-15
0.00500265
-5.21263e-15
0.00500265
-5.025e-15
0.00500265
-4.85207e-15
0.00500265
-4.36136e-15
0.00500265
-3.94887e-15
0.00500265
-3.20614e-15
0.00500265
-2.23634e-15
0.00500265
-1.28789e-15
0.00500265
1.77491e-17
0.00500265
1.46337e-15
0.00500265
2.97701e-15
0.00500265
4.48508e-15
0.00500265
5.63434e-15
0.00500265
7.03148e-15
0.00500265
7.89571e-15
0.00500265
8.67345e-15
0.00500265
8.90542e-15
0.00500265
8.72552e-15
0.00500265
8.26839e-15
0.00500265
7.40504e-15
0.00500265
6.15037e-15
0.00500265
4.68378e-15
0.00500265
2.81394e-15
8.28892e-16
0.00500003
1.25306e-07
0.0050001
3.68871e-07
0.00500023
6.11717e-07
0.00500039
8.34451e-07
0.00500056
1.00912e-06
0.00500073
1.15135e-06
0.00500092
1.29273e-06
0.00500109
1.4019e-06
0.00500124
1.45487e-06
0.0050014
1.48692e-06
0.00500156
1.5324e-06
0.00500173
1.59289e-06
0.00500189
1.66713e-06
0.00500207
1.75196e-06
0.00500225
1.82237e-06
0.00500242
1.84321e-06
0.00500257
1.79716e-06
0.0050027
1.69125e-06
0.00500279
1.54451e-06
0.00500285
1.37683e-06
0.00500288
1.20468e-06
0.0050029
1.03987e-06
0.0050029
8.89414e-07
0.00500289
7.56291e-07
0.00500287
6.40873e-07
0.00500285
5.42097e-07
0.00500283
4.58241e-07
0.00500281
3.87382e-07
0.00500279
3.27648e-07
0.00500278
2.77336e-07
0.00500276
2.34958e-07
0.00500275
1.99241e-07
0.00500273
1.69108e-07
0.00500272
1.43658e-07
0.00500271
1.22137e-07
0.0050027
1.03917e-07
0.0050027
8.84745e-08
0.00500269
7.53716e-08
0.00500268
6.42432e-08
0.00500268
5.47834e-08
0.00500268
4.67358e-08
0.00500267
3.98847e-08
0.00500267
3.40485e-08
0.00500267
2.90743e-08
0.00500266
2.48326e-08
0.00500266
2.12141e-08
0.00500266
1.81261e-08
0.00500266
1.549e-08
0.00500266
1.3239e-08
0.00500266
1.13165e-08
0.00500266
9.67408e-09
0.00500266
8.27076e-09
0.00500265
7.07153e-09
0.00500265
6.04657e-09
0.00500265
5.17046e-09
0.00500265
4.4215e-09
0.00500265
3.78119e-09
0.00500265
3.23372e-09
0.00500265
2.7656e-09
0.00500265
2.3653e-09
0.00500265
2.023e-09
0.00500265
1.73026e-09
0.00500265
1.47991e-09
0.00500265
1.2658e-09
0.00500265
1.08268e-09
0.00500265
9.26067e-10
0.00500265
7.92113e-10
0.00500265
6.77542e-10
0.00500265
5.79546e-10
0.00500265
4.95726e-10
0.00500265
4.24031e-10
0.00500265
3.62705e-10
0.00500265
3.1025e-10
0.00500265
2.65383e-10
0.00500265
2.27005e-10
0.00500265
1.94178e-10
0.00500265
1.66098e-10
0.00500265
1.4208e-10
0.00500265
1.21535e-10
0.00500265
1.03962e-10
0.00500265
8.89303e-11
0.00500265
7.60726e-11
0.00500265
6.50741e-11
0.00500265
5.56658e-11
0.00500265
4.76178e-11
0.00500265
4.07333e-11
0.00500265
3.48443e-11
0.00500265
2.98067e-11
0.00500265
2.54974e-11
0.00500265
2.18111e-11
0.00500265
1.86577e-11
0.00500265
1.59604e-11
0.00500265
1.36531e-11
0.00500265
1.16793e-11
0.00500265
9.99061e-12
0.00500265
8.54554e-12
0.00500265
7.30888e-12
0.00500265
6.25075e-12
0.00500265
5.3457e-12
0.00500265
4.57195e-12
0.00500265
3.91065e-12
0.00500265
3.34539e-12
0.00500265
2.8619e-12
0.00500265
2.44795e-12
0.00500265
2.09335e-12
0.00500265
1.78948e-12
0.00500265
1.52938e-12
0.00500265
1.30712e-12
0.00500265
1.11737e-12
0.00500265
9.55443e-13
0.00500265
8.16896e-13
0.00500265
6.98103e-13
0.00500265
5.9588e-13
0.00500265
5.07748e-13
0.00500265
4.3183e-13
0.00500265
3.66626e-13
0.00500265
3.10923e-13
0.00500265
2.63499e-13
0.00500265
2.23167e-13
0.00500265
1.88844e-13
0.00500265
1.59476e-13
0.00500265
1.34265e-13
0.00500265
1.1265e-13
0.00500265
9.41973e-14
0.00500265
7.86771e-14
0.00500265
6.58516e-14
0.00500265
5.54712e-14
0.00500265
4.72803e-14
0.00500265
4.09474e-14
0.00500265
3.61569e-14
0.00500265
3.2614e-14
0.00500265
3.00342e-14
0.00500265
2.82498e-14
0.00500265
2.7113e-14
0.00500265
2.6455e-14
0.00500265
2.61649e-14
0.00500265
2.61013e-14
0.00500265
2.61549e-14
0.00500265
2.62344e-14
0.00500265
2.6254e-14
0.00500265
2.61068e-14
0.00500265
2.56602e-14
0.00500265
2.49046e-14
0.00500265
2.37725e-14
0.00500265
2.2301e-14
0.00500265
2.06189e-14
0.00500265
1.86717e-14
0.00500265
1.65788e-14
0.00500265
1.43777e-14
0.00500265
1.21937e-14
0.00500265
1.00981e-14
0.00500265
8.10926e-15
0.00500265
6.2812e-15
0.00500265
4.49273e-15
0.00500265
2.82777e-15
0.00500265
1.22181e-15
0.00500265
-2.93376e-16
0.00500265
-1.73793e-15
0.00500265
-3.19615e-15
0.00500265
-4.59789e-15
0.00500265
-5.89282e-15
0.00500265
-7.09107e-15
0.00500265
-8.06783e-15
0.00500265
-8.80818e-15
0.00500265
-9.29117e-15
0.00500265
-9.53163e-15
0.00500265
-9.53024e-15
0.00500265
-9.33355e-15
0.00500265
-8.98373e-15
0.00500265
-8.4234e-15
0.00500265
-7.95091e-15
0.00500265
-7.49972e-15
0.00500265
-7.00681e-15
0.00500265
-6.68865e-15
0.00500265
-6.41449e-15
0.00500265
-6.08911e-15
0.00500265
-5.931e-15
0.00500265
-5.76298e-15
0.00500265
-5.53055e-15
0.00500265
-4.90406e-15
0.00500265
-4.326e-15
0.00500265
-3.65897e-15
0.00500265
-2.49805e-15
0.00500265
-1.27783e-15
0.00500265
2.75639e-16
0.00500265
1.6935e-15
0.00500265
3.33157e-15
0.00500265
5.16061e-15
0.00500265
6.34582e-15
0.00500265
7.90071e-15
0.00500265
8.70613e-15
0.00500265
9.43916e-15
0.00500265
9.77501e-15
0.00500265
9.60664e-15
0.00500265
8.94613e-15
0.00500265
7.93721e-15
0.00500265
6.60187e-15
0.00500265
4.98495e-15
0.00500265
2.99872e-15
8.61123e-16
0.00500002
1.04864e-07
0.00500008
3.10745e-07
0.00500017
5.16635e-07
0.0050003
7.07776e-07
0.00500044
8.65571e-07
0.0050006
9.97341e-07
0.00500076
1.12948e-06
0.00500092
1.24256e-06
0.00500107
1.30601e-06
0.00500122
1.33861e-06
0.00500137
1.37738e-06
0.00500153
1.43548e-06
0.00500169
1.50928e-06
0.00500185
1.58906e-06
0.00500202
1.65411e-06
0.00500218
1.67815e-06
0.00500234
1.64628e-06
0.00500246
1.5621e-06
0.00500257
1.44044e-06
0.00500265
1.29801e-06
0.0050027
1.14896e-06
0.00500274
1.0036e-06
0.00500276
8.68418e-07
0.00500277
7.46628e-07
0.00500277
6.39183e-07
0.00500277
5.45701e-07
0.00500276
4.65112e-07
0.00500275
3.96055e-07
0.00500274
3.37106e-07
0.00500273
2.86902e-07
0.00500272
2.44204e-07
0.00500272
2.07912e-07
0.00500271
1.77073e-07
0.0050027
1.50863e-07
0.00500269
1.28581e-07
0.00500269
1.09631e-07
0.00500268
9.35069e-08
0.00500268
7.97807e-08
0.00500267
6.80901e-08
0.00500267
5.81286e-08
0.00500267
4.96368e-08
0.00500267
4.23948e-08
0.00500266
3.62165e-08
0.00500266
3.09439e-08
0.00500266
2.64429e-08
0.00500266
2.25996e-08
0.00500266
1.93172e-08
0.00500266
1.65132e-08
0.00500266
1.41174e-08
0.00500266
1.20701e-08
0.00500265
1.03205e-08
0.00500265
8.82491e-09
0.00500265
7.54647e-09
0.00500265
6.4535e-09
0.00500265
5.51904e-09
0.00500265
4.72004e-09
0.00500265
4.03682e-09
0.00500265
3.45258e-09
0.00500265
2.95296e-09
0.00500265
2.52568e-09
0.00500265
2.16026e-09
0.00500265
1.84773e-09
0.00500265
1.58044e-09
0.00500265
1.35183e-09
0.00500265
1.15629e-09
0.00500265
9.89047e-10
0.00500265
8.45999e-10
0.00500265
7.23645e-10
0.00500265
6.18989e-10
0.00500265
5.2947e-10
0.00500265
4.52898e-10
0.00500265
3.87401e-10
0.00500265
3.31378e-10
0.00500265
2.83457e-10
0.00500265
2.42467e-10
0.00500265
2.07405e-10
0.00500265
1.77413e-10
0.00500265
1.51759e-10
0.00500265
1.29815e-10
0.00500265
1.11045e-10
0.00500265
9.49894e-11
0.00500265
8.1256e-11
0.00500265
6.95084e-11
0.00500265
5.94591e-11
0.00500265
5.08626e-11
0.00500265
4.35089e-11
0.00500265
3.72185e-11
0.00500265
3.18377e-11
0.00500265
2.72349e-11
0.00500265
2.32976e-11
0.00500265
1.99296e-11
0.00500265
1.70486e-11
0.00500265
1.4584e-11
0.00500265
1.24755e-11
0.00500265
1.06713e-11
0.00500265
9.12748e-12
0.00500265
7.80651e-12
0.00500265
6.67634e-12
0.00500265
5.70989e-12
0.00500265
4.88369e-12
0.00500265
4.17749e-12
0.00500265
3.57367e-12
0.00500265
3.057e-12
0.00500265
2.6146e-12
0.00500265
2.23564e-12
0.00500265
1.91115e-12
0.00500265
1.63361e-12
0.00500265
1.39647e-12
0.00500265
1.19398e-12
0.00500265
1.02099e-12
0.00500265
8.72834e-13
0.00500265
7.45673e-13
0.00500265
6.36187e-13
0.00500265
5.41937e-13
0.00500265
4.60896e-13
0.00500265
3.91483e-13
0.00500265
3.32214e-13
0.00500265
2.81756e-13
0.00500265
2.38764e-13
0.00500265
2.02013e-13
0.00500265
1.70457e-13
0.00500265
1.43317e-13
0.00500265
1.20068e-13
0.00500265
1.00286e-13
0.00500265
8.37627e-14
0.00500265
7.01189e-14
0.00500265
5.91852e-14
0.00500265
5.05081e-14
0.00500265
4.37878e-14
0.00500265
3.86778e-14
0.00500265
3.48351e-14
0.00500265
3.20612e-14
0.00500265
3.01151e-14
0.00500265
2.89058e-14
0.00500265
2.82579e-14
0.00500265
2.79899e-14
0.00500265
2.80229e-14
0.00500265
2.81655e-14
0.00500265
2.83303e-14
0.00500265
2.83895e-14
0.00500265
2.81576e-14
0.00500265
2.7608e-14
0.00500265
2.66954e-14
0.00500265
2.53836e-14
0.00500265
2.37662e-14
0.00500265
2.18091e-14
0.00500265
1.96937e-14
0.00500265
1.74158e-14
0.00500265
1.50506e-14
0.00500265
1.27565e-14
0.00500265
1.05164e-14
0.00500265
8.50392e-15
0.00500265
6.50431e-15
0.00500265
4.66818e-15
0.00500265
2.90265e-15
0.00500265
1.1975e-15
0.00500265
-3.76023e-16
0.00500265
-1.98765e-15
0.00500265
-3.55295e-15
0.00500265
-5.08326e-15
0.00500265
-6.48633e-15
0.00500265
-7.72007e-15
0.00500265
-8.74067e-15
0.00500265
-9.49992e-15
0.00500265
-1.00322e-14
0.00500265
-1.02969e-14
0.00500265
-1.02726e-14
0.00500265
-1.00213e-14
0.00500265
-9.61992e-15
0.00500265
-9.09104e-15
0.00500265
-8.60706e-15
0.00500265
-8.17279e-15
0.00500265
-7.63283e-15
0.00500265
-7.24177e-15
0.00500265
-7.05317e-15
0.00500265
-6.7693e-15
0.00500265
-6.52135e-15
0.00500265
-6.29915e-15
0.00500265
-5.98456e-15
0.00500265
-5.46612e-15
0.00500265
-4.66491e-15
0.00500265
-3.85659e-15
0.00500265
-2.65781e-15
0.00500265
-1.26375e-15
0.00500265
3.90864e-16
0.00500265
2.01371e-15
0.00500265
3.64928e-15
0.00500265
5.59437e-15
0.00500265
6.95233e-15
0.00500265
8.50051e-15
0.00500265
9.29659e-15
0.00500265
1.00135e-14
0.00500265
1.02953e-14
0.00500265
1.00969e-14
0.00500265
9.42529e-15
0.00500265
8.37092e-15
0.00500265
6.83122e-15
0.00500265
5.12024e-15
0.00500265
3.06201e-15
8.3217e-16
0.00500002
8.88202e-08
0.00500006
2.63853e-07
0.00500014
4.40133e-07
0.00500024
6.04457e-07
0.00500037
7.43046e-07
0.0050005
8.64435e-07
0.00500064
9.85124e-07
0.00500079
1.09368e-06
0.00500093
1.16321e-06
0.00500107
1.19958e-06
0.00500122
1.23466e-06
0.00500136
1.28806e-06
0.00500151
1.35844e-06
0.00500167
1.43312e-06
0.00500183
1.49315e-06
0.00500199
1.51814e-06
0.00500214
1.49612e-06
0.00500227
1.42893e-06
0.00500239
1.32804e-06
0.00500248
1.20735e-06
0.00500255
1.07893e-06
0.0050026
9.51725e-07
0.00500264
8.31566e-07
0.00500266
7.21631e-07
0.00500268
6.2319e-07
0.00500269
5.36319e-07
0.00500269
4.60431e-07
0.00500269
3.94604e-07
0.00500269
3.37788e-07
0.00500269
2.88921e-07
0.00500269
2.46993e-07
0.00500268
2.11082e-07
0.00500268
1.80359e-07
0.00500268
1.54095e-07
0.00500267
1.31654e-07
0.00500267
1.12485e-07
0.00500267
9.61124e-08
0.00500267
8.21296e-08
0.00500266
7.01871e-08
0.00500266
5.99866e-08
0.00500266
5.12729e-08
0.00500266
4.38287e-08
0.00500266
3.74682e-08
0.00500266
3.2033e-08
0.00500266
2.7388e-08
0.00500266
2.3418e-08
0.00500265
2.00244e-08
0.00500265
1.71235e-08
0.00500265
1.46434e-08
0.00500265
1.25229e-08
0.00500265
1.07099e-08
0.00500265
9.15958e-09
0.00500265
7.83388e-09
0.00500265
6.7002e-09
0.00500265
5.73068e-09
0.00500265
4.90153e-09
0.00500265
4.1924e-09
0.00500265
3.58591e-09
0.00500265
3.06719e-09
0.00500265
2.62353e-09
0.00500265
2.24406e-09
0.00500265
1.91949e-09
0.00500265
1.64187e-09
0.00500265
1.40441e-09
0.00500265
1.2013e-09
0.00500265
1.02757e-09
0.00500265
8.7897e-10
0.00500265
7.51859e-10
0.00500265
6.43131e-10
0.00500265
5.50127e-10
0.00500265
4.70573e-10
0.00500265
4.02524e-10
0.00500265
3.44316e-10
0.00500265
2.94527e-10
0.00500265
2.51937e-10
0.00500265
2.15507e-10
0.00500265
1.84344e-10
0.00500265
1.57688e-10
0.00500265
1.34887e-10
0.00500265
1.15384e-10
0.00500265
9.87018e-11
0.00500265
8.44318e-11
0.00500265
7.2225e-11
0.00500265
6.17829e-11
0.00500265
5.28504e-11
0.00500265
4.52093e-11
0.00500265
3.86732e-11
0.00500265
3.30822e-11
0.00500265
2.82998e-11
0.00500265
2.42088e-11
0.00500265
2.07092e-11
0.00500265
1.77155e-11
0.00500265
1.51544e-11
0.00500265
1.29632e-11
0.00500265
1.10883e-11
0.00500265
9.48395e-12
0.00500265
8.11137e-12
0.00500265
6.93726e-12
0.00500265
5.93334e-12
0.00500265
5.07504e-12
0.00500265
4.34116e-12
0.00500265
3.71354e-12
0.00500265
3.17636e-12
0.00500265
2.71643e-12
0.00500265
2.32263e-12
0.00500265
1.98558e-12
0.00500265
1.69749e-12
0.00500265
1.4514e-12
0.00500265
1.24118e-12
0.00500265
1.06133e-12
0.00500265
9.07153e-13
0.00500265
7.74728e-13
0.00500265
6.60708e-13
0.00500265
5.62737e-13
0.00500265
4.78669e-13
0.00500265
4.06782e-13
0.00500265
3.45457e-13
0.00500265
2.93187e-13
0.00500265
2.48509e-13
0.00500265
2.10163e-13
0.00500265
1.7714e-13
0.00500265
1.48764e-13
0.00500265
1.24474e-13
0.00500265
1.03884e-13
0.00500265
8.6819e-14
0.00500265
7.27471e-14
0.00500265
6.15138e-14
0.00500265
5.25887e-14
0.00500265
4.55726e-14
0.00500265
4.02154e-14
0.00500265
3.61514e-14
0.00500265
3.32244e-14
0.00500265
3.12048e-14
0.00500265
2.99624e-14
0.00500265
2.93138e-14
0.00500265
2.91258e-14
0.00500265
2.92814e-14
0.00500265
2.95065e-14
0.00500265
2.97202e-14
0.00500265
2.97576e-14
0.00500265
2.94747e-14
0.00500265
2.87986e-14
0.00500265
2.7759e-14
0.00500265
2.63332e-14
0.00500265
2.45455e-14
0.00500265
2.24288e-14
0.00500265
2.01777e-14
0.00500265
1.77544e-14
0.00500265
1.53205e-14
0.00500265
1.29811e-14
0.00500265
1.06579e-14
0.00500265
8.63059e-15
0.00500265
6.56497e-15
0.00500265
4.68117e-15
0.00500265
2.90658e-15
0.00500265
1.13763e-15
0.00500265
-4.73515e-16
0.00500265
-2.15975e-15
0.00500265
-3.83389e-15
0.00500265
-5.4032e-15
0.00500265
-6.87148e-15
0.00500265
-8.13997e-15
0.00500265
-9.17006e-15
0.00500265
-9.96099e-15
0.00500265
-1.04975e-14
0.00500265
-1.07556e-14
0.00500265
-1.068e-14
0.00500265
-1.0423e-14
0.00500265
-1.00203e-14
0.00500265
-9.5261e-15
0.00500265
-9.02219e-15
0.00500265
-8.52515e-15
0.00500265
-8.07479e-15
0.00500265
-7.67611e-15
0.00500265
-7.48573e-15
0.00500265
-7.27624e-15
0.00500265
-6.94983e-15
0.00500265
-6.67409e-15
0.00500265
-6.30065e-15
0.00500265
-5.85116e-15
0.00500265
-4.91019e-15
0.00500265
-3.89929e-15
0.00500265
-2.72367e-15
0.00500265
-1.21174e-15
0.00500265
4.42839e-16
0.00500265
2.3132e-15
0.00500265
3.96307e-15
0.00500265
5.84437e-15
0.00500265
7.31024e-15
0.00500265
8.84993e-15
0.00500265
9.70818e-15
0.00500265
1.03763e-14
0.00500265
1.05604e-14
0.00500265
1.03122e-14
0.00500265
9.49079e-15
0.00500265
8.48565e-15
0.00500265
6.90138e-15
0.00500265
5.11584e-15
0.00500265
3.01723e-15
7.62716e-16
0.00500001
7.56249e-08
0.00500005
2.24927e-07
0.00500012
3.76273e-07
0.0050002
5.17603e-07
0.00500031
6.38286e-07
0.00500042
7.47833e-07
0.00500055
8.5712e-07
0.00500069
9.57852e-07
0.00500082
1.02817e-06
0.00500096
1.06733e-06
0.00500109
1.10019e-06
0.00500123
1.14835e-06
0.00500137
1.21349e-06
0.00500152
1.28283e-06
0.00500168
1.33845e-06
0.00500183
1.36355e-06
0.00500198
1.34864e-06
0.00500212
1.29482e-06
0.00500223
1.21107e-06
0.00500233
1.10893e-06
0.00500241
9.9869e-07
0.00500247
8.88077e-07
0.00500252
7.82239e-07
0.00500256
6.84161e-07
0.00500259
5.95231e-07
0.00500261
5.15806e-07
0.00500262
4.45627e-07
0.00500264
3.84105e-07
0.00500264
3.30485e-07
0.00500265
2.8396e-07
0.00500265
2.43725e-07
0.00500265
2.09021e-07
0.00500265
1.79146e-07
0.00500265
1.53467e-07
0.00500266
1.31422e-07
0.00500266
1.12512e-07
0.00500265
9.6303e-08
0.00500265
8.2416e-08
0.00500265
7.05232e-08
0.00500265
6.03411e-08
0.00500265
5.16257e-08
0.00500265
4.41669e-08
0.00500265
3.77843e-08
0.00500265
3.23231e-08
0.00500265
2.76508e-08
0.00500265
2.36534e-08
0.00500265
2.02337e-08
0.00500265
1.73083e-08
0.00500265
1.48057e-08
0.00500265
1.2665e-08
0.00500265
1.08337e-08
0.00500265
9.26721e-09
0.00500265
7.92721e-09
0.00500265
6.78095e-09
0.00500265
5.80044e-09
0.00500265
4.9617e-09
0.00500265
4.24425e-09
0.00500265
3.63053e-09
0.00500265
3.10556e-09
0.00500265
2.6565e-09
0.00500265
2.27237e-09
0.00500265
1.94379e-09
0.00500265
1.66271e-09
0.00500265
1.42229e-09
0.00500265
1.21662e-09
0.00500265
1.0407e-09
0.00500265
8.90218e-10
0.00500265
7.61493e-10
0.00500265
6.5138e-10
0.00500265
5.5719e-10
0.00500265
4.7662e-10
0.00500265
4.07701e-10
0.00500265
3.48748e-10
0.00500265
2.9832e-10
0.00500265
2.55183e-10
0.00500265
2.18284e-10
0.00500265
1.8672e-10
0.00500265
1.59721e-10
0.00500265
1.36627e-10
0.00500265
1.16873e-10
0.00500265
9.99755e-11
0.00500265
8.55214e-11
0.00500265
7.3157e-11
0.00500265
6.258e-11
0.00500265
5.35323e-11
0.00500265
4.57928e-11
0.00500265
3.91725e-11
0.00500265
3.35097e-11
0.00500265
2.86657e-11
0.00500265
2.4522e-11
0.00500265
2.09772e-11
0.00500265
1.79446e-11
0.00500265
1.53502e-11
0.00500265
1.31305e-11
0.00500265
1.12312e-11
0.00500265
9.60625e-12
0.00500265
8.21612e-12
0.00500265
7.02717e-12
0.00500265
6.01045e-12
0.00500265
5.14108e-12
0.00500265
4.39757e-12
0.00500265
3.76149e-12
0.00500265
3.21703e-12
0.00500265
2.75093e-12
0.00500265
2.35208e-12
0.00500265
2.01099e-12
0.00500265
1.71955e-12
0.00500265
1.47054e-12
0.00500265
1.25768e-12
0.00500265
1.07542e-12
0.00500265
9.1903e-13
0.00500265
7.84561e-13
0.00500265
6.68944e-13
0.00500265
5.6972e-13
0.00500265
4.84764e-13
0.00500265
4.12192e-13
0.00500265
3.50334e-13
0.00500265
2.97425e-13
0.00500265
2.52105e-13
0.00500265
2.13034e-13
0.00500265
1.79389e-13
0.00500265
1.50484e-13
0.00500265
1.25791e-13
0.00500265
1.05032e-13
0.00500265
8.78047e-14
0.00500265
7.37347e-14
0.00500265
6.23766e-14
0.00500265
5.33509e-14
0.00500265
4.62302e-14
0.00500265
4.07502e-14
0.00500265
3.65597e-14
0.00500265
3.35084e-14
0.00500265
3.147e-14
0.00500265
3.02324e-14
0.00500265
2.96485e-14
0.00500265
2.95753e-14
0.00500265
2.9786e-14
0.00500265
3.00975e-14
0.00500265
3.03449e-14
0.00500265
3.03363e-14
0.00500265
2.99949e-14
0.00500265
2.92301e-14
0.00500265
2.80624e-14
0.00500265
2.6537e-14
0.00500265
2.46236e-14
0.00500265
2.24443e-14
0.00500265
2.00895e-14
0.00500265
1.76242e-14
0.00500265
1.52087e-14
0.00500265
1.28359e-14
0.00500265
1.05918e-14
0.00500265
8.47511e-15
0.00500265
6.47752e-15
0.00500265
4.56907e-15
0.00500265
2.80624e-15
0.00500265
1.10552e-15
0.00500265
-6.30131e-16
0.00500265
-2.29453e-15
0.00500265
-3.99749e-15
0.00500265
-5.59114e-15
0.00500265
-7.03198e-15
0.00500265
-8.33952e-15
0.00500265
-9.37048e-15
0.00500265
-1.01655e-14
0.00500265
-1.07036e-14
0.00500265
-1.08744e-14
0.00500265
-1.08381e-14
0.00500265
-1.05662e-14
0.00500265
-1.01593e-14
0.00500265
-9.71899e-15
0.00500265
-9.14844e-15
0.00500265
-8.68841e-15
0.00500265
-8.35044e-15
0.00500265
-7.96096e-15
0.00500265
-7.71688e-15
0.00500265
-7.5033e-15
0.00500265
-7.28146e-15
0.00500265
-6.92532e-15
0.00500265
-6.46056e-15
0.00500265
-5.94842e-15
0.00500265
-5.07485e-15
0.00500265
-3.91767e-15
0.00500265
-2.62315e-15
0.00500265
-1.20737e-15
0.00500265
6.39072e-16
0.00500265
2.3827e-15
0.00500265
4.16536e-15
0.00500265
6.12395e-15
0.00500265
7.38354e-15
0.00500265
8.97201e-15
0.00500265
9.73205e-15
0.00500265
1.0396e-14
0.00500265
1.05578e-14
0.00500265
1.02244e-14
0.00500265
9.43203e-15
0.00500265
8.34328e-15
0.00500265
6.74012e-15
0.00500265
4.9406e-15
0.00500265
2.83647e-15
6.50748e-16
0.00500001
6.44365e-08
0.00500004
1.91778e-07
0.0050001
3.21403e-07
0.00500017
4.42833e-07
0.00500026
5.47719e-07
0.00500037
6.44518e-07
0.00500048
7.42406e-07
0.00500061
8.33627e-07
0.00500073
9.00726e-07
0.00500086
9.40685e-07
0.00500099
9.72333e-07
0.00500112
1.01582e-06
0.00500126
1.07489e-06
0.0050014
1.13827e-06
0.00500155
1.18938e-06
0.0050017
1.21382e-06
0.00500185
1.204e-06
0.00500198
1.16076e-06
0.0050021
1.0913e-06
0.00500221
1.00515e-06
0.00500229
9.11019e-07
0.00500237
8.15547e-07
0.00500242
7.23216e-07
0.00500247
6.36732e-07
0.00500251
5.57481e-07
0.00500254
4.8597e-07
0.00500256
4.22163e-07
0.00500258
3.6571e-07
0.0050026
3.16089e-07
0.00500261
2.72698e-07
0.00500262
2.34908e-07
0.00500262
2.02107e-07
0.00500263
1.73711e-07
0.00500263
1.49181e-07
0.00500264
1.28029e-07
0.00500264
1.09816e-07
0.00500264
9.41503e-08
0.00500264
8.06895e-08
0.00500264
6.91318e-08
0.00500265
5.92144e-08
0.00500265
5.07091e-08
0.00500265
4.34177e-08
0.00500265
3.71694e-08
0.00500265
3.18163e-08
0.00500265
2.72314e-08
0.00500265
2.33051e-08
0.00500265
1.99435e-08
0.00500265
1.70658e-08
0.00500265
1.46025e-08
0.00500265
1.24942e-08
0.00500265
1.06899e-08
0.00500265
9.14593e-09
0.00500265
7.82471e-09
0.00500265
6.6942e-09
0.00500265
5.72691e-09
0.00500265
4.89931e-09
0.00500265
4.19124e-09
0.00500265
3.58546e-09
0.00500265
3.06721e-09
0.00500265
2.62384e-09
0.00500265
2.24454e-09
0.00500265
1.92006e-09
0.00500265
1.64248e-09
0.00500265
1.40502e-09
0.00500265
1.20189e-09
0.00500265
1.02812e-09
0.00500265
8.79473e-10
0.00500265
7.52313e-10
0.00500265
6.43538e-10
0.00500265
5.50488e-10
0.00500265
4.70893e-10
0.00500265
4.02806e-10
0.00500265
3.44564e-10
0.00500265
2.94743e-10
0.00500265
2.52125e-10
0.00500265
2.15669e-10
0.00500265
1.84484e-10
0.00500265
1.57809e-10
0.00500265
1.34992e-10
0.00500265
1.15474e-10
0.00500265
9.87793e-11
0.00500265
8.4498e-11
0.00500265
7.22814e-11
0.00500265
6.1831e-11
0.00500265
5.28916e-11
0.00500265
4.52451e-11
0.00500265
3.87044e-11
0.00500265
3.31095e-11
0.00500265
2.83235e-11
0.00500265
2.42293e-11
0.00500265
2.07267e-11
0.00500265
1.77302e-11
0.00500265
1.51666e-11
0.00500265
1.29733e-11
0.00500265
1.10968e-11
0.00500265
9.49148e-12
0.00500265
8.11823e-12
0.00500265
6.94375e-12
0.00500265
5.93926e-12
0.00500265
5.08011e-12
0.00500265
4.34517e-12
0.00500265
3.71627e-12
0.00500265
3.17801e-12
0.00500265
2.71744e-12
0.00500265
2.32346e-12
0.00500265
1.9868e-12
0.00500265
1.69921e-12
0.00500265
1.45345e-12
0.00500265
1.24317e-12
0.00500265
1.06283e-12
0.00500265
9.08058e-13
0.00500265
7.74977e-13
0.00500265
6.60705e-13
0.00500265
5.62732e-13
0.00500265
4.79033e-13
0.00500265
4.0756e-13
0.00500265
3.46576e-13
0.00500265
2.94326e-13
0.00500265
2.49413e-13
0.00500265
2.10599e-13
0.00500265
1.77156e-13
0.00500265
1.48473e-13
0.00500265
1.24047e-13
0.00500265
1.03649e-13
0.00500265
8.67345e-14
0.00500265
7.29269e-14
0.00500265
6.1795e-14
0.00500265
5.28611e-14
0.00500265
4.57903e-14
0.00500265
4.02515e-14
0.00500265
3.60497e-14
0.00500265
3.29959e-14
0.00500265
3.09387e-14
0.00500265
2.97925e-14
0.00500265
2.92869e-14
0.00500265
2.92929e-14
0.00500265
2.95911e-14
0.00500265
2.99167e-14
0.00500265
3.01431e-14
0.00500265
3.0081e-14
0.00500265
2.96581e-14
0.00500265
2.88311e-14
0.00500265
2.75817e-14
0.00500265
2.60037e-14
0.00500265
2.40443e-14
0.00500265
2.1858e-14
0.00500265
1.95e-14
0.00500265
1.70605e-14
0.00500265
1.47411e-14
0.00500265
1.23723e-14
0.00500265
1.0224e-14
0.00500265
8.11667e-15
0.00500265
6.17825e-15
0.00500265
4.37761e-15
0.00500265
2.62891e-15
0.00500265
9.75699e-16
0.00500265
-7.73943e-16
0.00500265
-2.42744e-15
0.00500265
-4.05776e-15
0.00500265
-5.59635e-15
0.00500265
-7.0121e-15
0.00500265
-8.33308e-15
0.00500265
-9.33731e-15
0.00500265
-1.0083e-14
0.00500265
-1.06088e-14
0.00500265
-1.0772e-14
0.00500265
-1.07864e-14
0.00500265
-1.05022e-14
0.00500265
-1.00373e-14
0.00500265
-9.67716e-15
0.00500265
-9.10609e-15
0.00500265
-8.71748e-15
0.00500265
-8.45413e-15
0.00500265
-8.04216e-15
0.00500265
-7.84339e-15
0.00500265
-7.56087e-15
0.00500265
-7.45516e-15
0.00500265
-7.02991e-15
0.00500265
-6.49715e-15
0.00500265
-5.92474e-15
0.00500265
-5.08182e-15
0.00500265
-3.93185e-15
0.00500265
-2.46703e-15
0.00500265
-1.11002e-15
0.00500265
7.11544e-16
0.00500265
2.50537e-15
0.00500265
4.23496e-15
0.00500265
6.08651e-15
0.00500265
7.31994e-15
0.00500265
8.86635e-15
0.00500265
9.53577e-15
0.00500265
1.00252e-14
0.00500265
1.01793e-14
0.00500265
9.8333e-15
0.00500265
8.99069e-15
0.00500265
7.92825e-15
0.00500265
6.3958e-15
0.00500265
4.67562e-15
0.00500265
2.61452e-15
4.93853e-16
0.00500001
5.47156e-08
0.00500004
1.62874e-07
0.00500009
2.73353e-07
0.00500015
3.77251e-07
0.00500023
4.67683e-07
0.00500032
5.51845e-07
0.00500043
6.38159e-07
0.00500054
7.19324e-07
0.00500066
7.81053e-07
0.00500078
8.19936e-07
0.00500091
8.50243e-07
0.00500103
8.89352e-07
0.00500117
9.41953e-07
0.0050013
9.98806e-07
0.00500145
1.0451e-06
0.00500159
1.06831e-06
0.00500174
1.06218e-06
0.00500187
1.02748e-06
0.00500199
9.70071e-07
0.0050021
8.97819e-07
0.00500219
8.18038e-07
0.00500227
7.36372e-07
0.00500234
6.56688e-07
0.00500239
5.81378e-07
0.00500244
5.1175e-07
0.00500248
4.48374e-07
0.00500251
3.91353e-07
0.00500253
3.40503e-07
0.00500255
2.95478e-07
0.00500257
2.55836e-07
0.00500258
2.21098e-07
0.00500259
1.90775e-07
0.0050026
1.64393e-07
0.00500261
1.415e-07
0.00500262
1.2168e-07
0.00500262
1.04553e-07
0.00500263
8.9776e-08
0.00500263
7.70439e-08
0.00500263
6.60856e-08
0.00500264
5.6663e-08
0.00500264
4.85671e-08
0.00500264
4.16157e-08
0.00500264
3.56504e-08
0.00500264
3.05337e-08
0.00500264
2.61466e-08
0.00500265
2.23865e-08
0.00500265
1.91645e-08
0.00500265
1.64045e-08
0.00500265
1.40406e-08
0.00500265
1.20163e-08
0.00500265
1.02832e-08
0.00500265
8.79951e-09
0.00500265
7.5295e-09
0.00500265
6.4425e-09
0.00500265
5.51221e-09
0.00500265
4.7161e-09
0.00500265
4.03486e-09
0.00500265
3.45194e-09
0.00500265
2.95317e-09
0.00500265
2.52643e-09
0.00500265
2.16131e-09
0.00500265
1.84894e-09
0.00500265
1.5817e-09
0.00500265
1.35307e-09
0.00500265
1.15748e-09
0.00500265
9.90151e-10
0.00500265
8.47009e-10
0.00500265
7.24555e-10
0.00500265
6.19801e-10
0.00500265
5.30191e-10
0.00500265
4.53536e-10
0.00500265
3.87963e-10
0.00500265
3.3187e-10
0.00500265
2.83886e-10
0.00500265
2.42839e-10
0.00500265
2.07726e-10
0.00500265
1.77691e-10
0.00500265
1.51999e-10
0.00500265
1.30022e-10
0.00500265
1.11223e-10
0.00500265
9.51427e-11
0.00500265
8.1387e-11
0.00500265
6.962e-11
0.00500265
5.95545e-11
0.00500265
5.09445e-11
0.00500265
4.35798e-11
0.00500265
3.72801e-11
0.00500265
3.18913e-11
0.00500265
2.72815e-11
0.00500265
2.33377e-11
0.00500265
1.99638e-11
0.00500265
1.70775e-11
0.00500265
1.46081e-11
0.00500265
1.24956e-11
0.00500265
1.06884e-11
0.00500265
9.14248e-12
0.00500265
7.82004e-12
0.00500265
6.68889e-12
0.00500265
5.72134e-12
0.00500265
4.89352e-12
0.00500265
4.18523e-12
0.00500265
3.57908e-12
0.00500265
3.06036e-12
0.00500265
2.61673e-12
0.00500265
2.23758e-12
0.00500265
1.91369e-12
0.00500265
1.63699e-12
0.00500265
1.40039e-12
0.00500265
1.19781e-12
0.00500265
1.02397e-12
0.00500265
8.74616e-13
0.00500265
7.46256e-13
0.00500265
6.36182e-13
0.00500265
5.41976e-13
0.00500265
4.61569e-13
0.00500265
3.92964e-13
0.00500265
3.3427e-13
0.00500265
2.83873e-13
0.00500265
2.40412e-13
0.00500265
2.02882e-13
0.00500265
1.70497e-13
0.00500265
1.42842e-13
0.00500265
1.19355e-13
0.00500265
9.97783e-14
0.00500265
8.36339e-14
0.00500265
7.04266e-14
0.00500265
5.97497e-14
0.00500265
5.10659e-14
0.00500265
4.41955e-14
0.00500265
3.87613e-14
0.00500265
3.46349e-14
0.00500265
3.16367e-14
0.00500265
2.96682e-14
0.00500265
2.8615e-14
0.00500265
2.82031e-14
0.00500265
2.82876e-14
0.00500265
2.86228e-14
0.00500265
2.89076e-14
0.00500265
2.91013e-14
0.00500265
2.89751e-14
0.00500265
2.84767e-14
0.00500265
2.76041e-14
0.00500265
2.63279e-14
0.00500265
2.47404e-14
0.00500265
2.28067e-14
0.00500265
2.07015e-14
0.00500265
1.84158e-14
0.00500265
1.60607e-14
0.00500265
1.38597e-14
0.00500265
1.16077e-14
0.00500265
9.52934e-15
0.00500265
7.58e-15
0.00500265
5.73195e-15
0.00500265
4.08035e-15
0.00500265
2.38128e-15
0.00500265
7.36549e-16
0.00500265
-8.63352e-16
0.00500265
-2.46985e-15
0.00500265
-3.9941e-15
0.00500265
-5.47451e-15
0.00500265
-6.86378e-15
0.00500265
-8.09221e-15
0.00500265
-9.03723e-15
0.00500265
-9.74707e-15
0.00500265
-1.02246e-14
0.00500265
-1.03716e-14
0.00500265
-1.03733e-14
0.00500265
-1.01248e-14
0.00500265
-9.64629e-15
0.00500265
-9.37834e-15
0.00500265
-8.89913e-15
0.00500265
-8.4591e-15
0.00500265
-8.29189e-15
0.00500265
-7.90894e-15
0.00500265
-7.77663e-15
0.00500265
-7.45145e-15
0.00500265
-7.3211e-15
0.00500265
-6.96548e-15
0.00500265
-6.41848e-15
0.00500265
-5.76216e-15
0.00500265
-4.88191e-15
0.00500265
-3.81243e-15
0.00500265
-2.31285e-15
0.00500265
-9.60303e-16
0.00500265
8.02262e-16
0.00500265
2.50069e-15
0.00500265
4.16804e-15
0.00500265
5.88398e-15
0.00500265
6.99407e-15
0.00500265
8.42649e-15
0.00500265
9.02968e-15
0.00500265
9.50558e-15
0.00500265
9.51165e-15
0.00500265
9.12372e-15
0.00500265
8.31827e-15
0.00500265
7.29836e-15
0.00500265
5.79057e-15
0.00500265
4.18769e-15
0.00500265
2.28599e-15
3.21518e-16
0.00500001
4.6087e-08
0.00500003
1.37183e-07
0.00500008
2.30498e-07
0.00500014
3.18529e-07
0.00500021
3.95556e-07
0.00500029
4.67795e-07
0.00500039
5.42433e-07
0.00500049
6.13433e-07
0.00500061
6.68553e-07
0.00500072
7.04738e-07
0.00500084
7.33024e-07
0.00500096
7.67848e-07
0.00500109
8.13941e-07
0.00500122
8.63949e-07
0.00500136
9.05102e-07
0.0050015
9.2655e-07
0.00500164
9.23069e-07
0.00500178
8.95351e-07
0.0050019
8.48227e-07
0.00500201
7.88161e-07
0.0050021
7.2124e-07
0.00500219
6.52209e-07
0.00500226
5.84353e-07
0.00500232
5.19744e-07
0.00500237
4.59564e-07
0.00500242
4.04385e-07
0.00500246
3.54388e-07
0.00500249
3.09502e-07
0.00500251
2.69504e-07
0.00500253
2.34082e-07
0.00500255
2.02874e-07
0.00500257
1.755e-07
0.00500258
1.51576e-07
0.00500259
1.30733e-07
0.0050026
1.12624e-07
0.00500261
9.69257e-08
0.00500261
8.33434e-08
0.00500262
7.16115e-08
0.00500262
6.1492e-08
0.00500263
5.27738e-08
0.00500263
4.52706e-08
0.00500263
3.88187e-08
0.00500264
3.3275e-08
0.00500264
2.85145e-08
0.00500264
2.4429e-08
0.00500264
2.09243e-08
0.00500264
1.79191e-08
0.00500264
1.53431e-08
0.00500265
1.31356e-08
0.00500265
1.12443e-08
0.00500265
9.62445e-09
0.00500265
8.2372e-09
0.00500265
7.04937e-09
0.00500265
6.03245e-09
0.00500265
5.16194e-09
0.00500265
4.41683e-09
0.00500265
3.77913e-09
0.00500265
3.23338e-09
0.00500265
2.76636e-09
0.00500265
2.36673e-09
0.00500265
2.02479e-09
0.00500265
1.73221e-09
0.00500265
1.48189e-09
0.00500265
1.26772e-09
0.00500265
1.0845e-09
0.00500265
9.27741e-10
0.00500265
7.93635e-10
0.00500265
6.78908e-10
0.00500265
5.80762e-10
0.00500265
4.96803e-10
0.00500265
4.24979e-10
0.00500265
3.63538e-10
0.00500265
3.10978e-10
0.00500265
2.66016e-10
0.00500265
2.27554e-10
0.00500265
1.94653e-10
0.00500265
1.66509e-10
0.00500265
1.42434e-10
0.00500265
1.2184e-10
0.00500265
1.04225e-10
0.00500265
8.91557e-11
0.00500265
7.62654e-11
0.00500265
6.52388e-11
0.00500265
5.58068e-11
0.00500265
4.7739e-11
0.00500265
4.08381e-11
0.00500265
3.4935e-11
0.00500265
2.98852e-11
0.00500265
2.55652e-11
0.00500265
2.18693e-11
0.00500265
1.87075e-11
0.00500265
1.60027e-11
0.00500265
1.36888e-11
0.00500265
1.17094e-11
0.00500265
1.00162e-11
0.00500265
8.56778e-12
0.00500265
7.32874e-12
0.00500265
6.26876e-12
0.00500265
5.36189e-12
0.00500265
4.58583e-12
0.00500265
3.92166e-12
0.00500265
3.35335e-12
0.00500265
2.86718e-12
0.00500265
2.45161e-12
0.00500265
2.09658e-12
0.00500265
1.79336e-12
0.00500265
1.53438e-12
0.00500265
1.31279e-12
0.00500265
1.12278e-12
0.00500265
9.59673e-13
0.00500265
8.19475e-13
0.00500265
6.99136e-13
0.00500265
5.9603e-13
0.00500265
5.07948e-13
0.00500265
4.3281e-13
0.00500265
3.68651e-13
0.00500265
3.13677e-13
0.00500265
2.66334e-13
0.00500265
2.25404e-13
0.00500265
1.90047e-13
0.00500265
1.59633e-13
0.00500265
1.33656e-13
0.00500265
1.11812e-13
0.00500265
9.35961e-14
0.00500265
7.86017e-14
0.00500265
6.6286e-14
0.00500265
5.62638e-14
0.00500265
4.80504e-14
0.00500265
4.15034e-14
0.00500265
3.63217e-14
0.00500265
3.23527e-14
0.00500265
2.95313e-14
0.00500265
2.77089e-14
0.00500265
2.67553e-14
0.00500265
2.64702e-14
0.00500265
2.65801e-14
0.00500265
2.68833e-14
0.00500265
2.71539e-14
0.00500265
2.72222e-14
0.00500265
2.70322e-14
0.00500265
2.65007e-14
0.00500265
2.55927e-14
0.00500265
2.43462e-14
0.00500265
2.27729e-14
0.00500265
2.09563e-14
0.00500265
1.89994e-14
0.00500265
1.68427e-14
0.00500265
1.4717e-14
0.00500265
1.26125e-14
0.00500265
1.05756e-14
0.00500265
8.63207e-15
0.00500265
6.84219e-15
0.00500265
5.1537e-15
0.00500265
3.59913e-15
0.00500265
2.05022e-15
0.00500265
4.92428e-16
0.00500265
-9.41226e-16
0.00500265
-2.42654e-15
0.00500265
-3.84035e-15
0.00500265
-5.22657e-15
0.00500265
-6.53042e-15
0.00500265
-7.63627e-15
0.00500265
-8.52152e-15
0.00500265
-9.18535e-15
0.00500265
-9.63194e-15
0.00500265
-9.74079e-15
0.00500265
-9.68819e-15
0.00500265
-9.51999e-15
0.00500265
-9.11318e-15
0.00500265
-8.84017e-15
0.00500265
-8.51474e-15
0.00500265
-8.07125e-15
0.00500265
-7.91804e-15
0.00500265
-7.67747e-15
0.00500265
-7.49529e-15
0.00500265
-7.28132e-15
0.00500265
-7.00643e-15
0.00500265
-6.73901e-15
0.00500265
-6.22305e-15
0.00500265
-5.44286e-15
0.00500265
-4.60944e-15
0.00500265
-3.55164e-15
0.00500265
-2.15078e-15
0.00500265
-7.61171e-16
0.00500265
8.77019e-16
0.00500265
2.38218e-15
0.00500265
3.91503e-15
0.00500265
5.55012e-15
0.00500265
6.53022e-15
0.00500265
7.74243e-15
0.00500265
8.22982e-15
0.00500265
8.65193e-15
0.00500265
8.57757e-15
0.00500265
8.17903e-15
0.00500265
7.37111e-15
0.00500265
6.28984e-15
0.00500265
4.93764e-15
0.00500265
3.58715e-15
0.00500265
1.8683e-15
1.3364e-16
0.00500001
3.82789e-08
0.00500003
1.13933e-07
0.00500007
1.91588e-07
0.00500012
2.65037e-07
0.00500019
3.29583e-07
0.00500027
3.90503e-07
0.00500036
4.53668e-07
0.00500045
5.14392e-07
0.00500056
5.62214e-07
0.00500067
5.9456e-07
0.00500078
6.20102e-07
0.0050009
6.50551e-07
0.00500103
6.90157e-07
0.00500116
7.33148e-07
0.00500129
7.68852e-07
0.00500143
7.88066e-07
0.00500157
7.86412e-07
0.0050017
7.6449e-07
0.00500182
7.26264e-07
0.00500193
6.77011e-07
0.00500203
6.21722e-07
0.00500212
5.64322e-07
0.0050022
5.07554e-07
0.00500226
4.5317e-07
0.00500232
4.02202e-07
0.00500237
3.55186e-07
0.00500241
3.12333e-07
0.00500245
2.73642e-07
0.00500248
2.38981e-07
0.0050025
2.08131e-07
0.00500252
1.80827e-07
0.00500254
1.56774e-07
0.00500256
1.35673e-07
0.00500257
1.17227e-07
0.00500258
1.01149e-07
0.00500259
8.71725e-08
0.0050026
7.50503e-08
0.00500261
6.45564e-08
0.00500262
5.54872e-08
0.00500262
4.76606e-08
0.00500263
4.09145e-08
0.00500263
3.5106e-08
0.00500263
3.01094e-08
0.00500263
2.58144e-08
0.00500264
2.21252e-08
0.00500264
1.8958e-08
0.00500264
1.62404e-08
0.00500264
1.39095e-08
0.00500264
1.19111e-08
0.00500264
1.01983e-08
0.00500265
8.73069e-09
0.00500265
7.47343e-09
0.00500265
6.3966e-09
0.00500265
5.47448e-09
0.00500265
4.68495e-09
0.00500265
4.00905e-09
0.00500265
3.43047e-09
0.00500265
2.93526e-09
0.00500265
2.51144e-09
0.00500265
2.14874e-09
0.00500265
1.83837e-09
0.00500265
1.57279e-09
0.00500265
1.34555e-09
0.00500265
1.15112e-09
0.00500265
9.84763e-10
0.00500265
8.4244e-10
0.00500265
7.20676e-10
0.00500265
6.16506e-10
0.00500265
5.27388e-10
0.00500265
4.5115e-10
0.00500265
3.8593e-10
0.00500265
3.30137e-10
0.00500265
2.82408e-10
0.00500265
2.41578e-10
0.00500265
2.0665e-10
0.00500265
1.76772e-10
0.00500265
1.51214e-10
0.00500265
1.29351e-10
0.00500265
1.10649e-10
0.00500265
9.46515e-11
0.00500265
8.09665e-11
0.00500265
6.926e-11
0.00500265
5.92463e-11
0.00500265
5.06809e-11
0.00500265
4.33545e-11
0.00500265
3.70876e-11
0.00500265
3.17267e-11
0.00500265
2.71406e-11
0.00500265
2.32171e-11
0.00500265
1.98605e-11
0.00500265
1.6989e-11
0.00500265
1.45326e-11
0.00500265
1.24314e-11
0.00500265
1.06341e-11
0.00500265
9.09669e-12
0.00500265
7.78148e-12
0.00500265
6.65628e-12
0.00500265
5.69356e-12
0.00500265
4.86972e-12
0.00500265
4.16463e-12
0.00500265
3.56119e-12
0.00500265
3.04483e-12
0.00500265
2.60332e-12
0.00500265
2.22609e-12
0.00500265
1.904e-12
0.00500265
1.62894e-12
0.00500265
1.39385e-12
0.00500265
1.19262e-12
0.00500265
1.01991e-12
0.00500265
8.71602e-13
0.00500265
7.44098e-13
0.00500265
6.34764e-13
0.00500265
5.41216e-13
0.00500265
4.61404e-13
0.00500265
3.93324e-13
0.00500265
3.35164e-13
0.00500265
2.85236e-13
0.00500265
2.42105e-13
0.00500265
2.04776e-13
0.00500265
1.72539e-13
0.00500265
1.44853e-13
0.00500265
1.21308e-13
0.00500265
1.01546e-13
0.00500265
8.51578e-14
0.00500265
7.16499e-14
0.00500265
6.05662e-14
0.00500265
5.13881e-14
0.00500265
4.38853e-14
0.00500265
3.77753e-14
0.00500265
3.29777e-14
0.00500265
2.93404e-14
0.00500265
2.67335e-14
0.00500265
2.51345e-14
0.00500265
2.42705e-14
0.00500265
2.40511e-14
0.00500265
2.42009e-14
0.00500265
2.44283e-14
0.00500265
2.45914e-14
0.00500265
2.45771e-14
0.00500265
2.42846e-14
0.00500265
2.37139e-14
0.00500265
2.28036e-14
0.00500265
2.16423e-14
0.00500265
2.01958e-14
0.00500265
1.85706e-14
0.00500265
1.68457e-14
0.00500265
1.48843e-14
0.00500265
1.29949e-14
0.00500265
1.10855e-14
0.00500265
9.24516e-15
0.00500265
7.53397e-15
0.00500265
5.89296e-15
0.00500265
4.39724e-15
0.00500265
2.97059e-15
0.00500265
1.59174e-15
0.00500265
2.6693e-16
0.00500265
-1.03005e-15
0.00500265
-2.34903e-15
0.00500265
-3.61431e-15
0.00500265
-4.84433e-15
0.00500265
-6.00066e-15
0.00500265
-6.97041e-15
0.00500265
-7.7642e-15
0.00500265
-8.35764e-15
0.00500265
-8.74299e-15
0.00500265
-8.80922e-15
0.00500265
-8.8186e-15
0.00500265
-8.70445e-15
0.00500265
-8.35438e-15
0.00500265
-8.07202e-15
0.00500265
-7.8445e-15
0.00500265
-7.57582e-15
0.00500265
-7.30552e-15
0.00500265
-7.25163e-15
0.00500265
-7.01764e-15
0.00500265
-6.92937e-15
0.00500265
-6.61591e-15
0.00500265
-6.29491e-15
0.00500265
-5.85227e-15
0.00500265
-5.02111e-15
0.00500265
-4.21856e-15
0.00500265
-3.16477e-15
0.00500265
-2.01767e-15
0.00500265
-5.42157e-16
0.00500265
8.54254e-16
0.00500265
2.20564e-15
0.00500265
3.65799e-15
0.00500265
4.92166e-15
0.00500265
5.87375e-15
0.00500265
6.8782e-15
0.00500265
7.16053e-15
0.00500265
7.51268e-15
0.00500265
7.33029e-15
0.00500265
6.91443e-15
0.00500265
6.14491e-15
0.00500265
5.29072e-15
0.00500265
3.99381e-15
0.00500265
2.76761e-15
0.00500265
1.35132e-15
-8.2857e-17
0.00500001
3.10898e-08
0.00500003
9.25375e-08
0.00500006
1.55694e-07
0.00500011
2.15568e-07
0.00500018
2.68362e-07
0.00500025
3.18421e-07
0.00500033
3.7048e-07
0.00500042
4.20862e-07
0.00500053
4.61031e-07
0.00500063
4.88779e-07
0.00500074
5.10931e-07
0.00500085
5.36787e-07
0.00500097
5.69901e-07
0.0050011
6.05792e-07
0.00500123
6.35815e-07
0.00500137
6.52394e-07
0.0050015
6.5192e-07
0.00500163
6.34881e-07
0.00500176
6.04476e-07
0.00500187
5.64938e-07
0.00500197
5.2028e-07
0.00500206
4.73673e-07
0.00500214
4.27349e-07
0.00500221
3.8275e-07
0.00500227
3.40743e-07
0.00500233
3.01801e-07
0.00500237
2.66135e-07
0.00500241
2.33783e-07
0.00500245
2.04672e-07
0.00500248
1.78654e-07
0.0050025
1.55538e-07
0.00500252
1.35103e-07
0.00500254
1.17117e-07
0.00500256
1.01347e-07
0.00500257
8.75665e-08
0.00500258
7.55583e-08
0.00500259
6.5121e-08
0.0050026
5.60686e-08
0.00500261
4.82321e-08
0.00500261
4.14593e-08
0.00500262
3.56139e-08
0.00500262
3.05752e-08
0.00500263
2.62363e-08
0.00500263
2.25035e-08
0.00500263
1.92946e-08
0.00500264
1.6538e-08
0.00500264
1.41713e-08
0.00500264
1.21404e-08
0.00500264
1.03984e-08
0.00500264
8.90473e-09
0.00500264
7.62447e-09
0.00500264
6.52741e-09
0.00500265
5.58755e-09
0.00500265
4.78255e-09
0.00500265
4.09318e-09
0.00500265
3.50292e-09
0.00500265
2.99759e-09
0.00500265
2.56502e-09
0.00500265
2.19476e-09
0.00500265
1.87788e-09
0.00500265
1.60669e-09
0.00500265
1.37462e-09
0.00500265
1.17604e-09
0.00500265
1.00613e-09
0.00500265
8.60748e-10
0.00500265
7.3636e-10
0.00500265
6.29939e-10
0.00500265
5.38892e-10
0.00500265
4.60999e-10
0.00500265
3.94362e-10
0.00500265
3.37354e-10
0.00500265
2.88585e-10
0.00500265
2.46864e-10
0.00500265
2.11174e-10
0.00500265
1.80643e-10
0.00500265
1.54526e-10
0.00500265
1.32185e-10
0.00500265
1.13074e-10
0.00500265
9.67254e-11
0.00500265
8.27405e-11
0.00500265
7.07773e-11
0.00500265
6.05439e-11
0.00500265
5.17906e-11
0.00500265
4.43034e-11
0.00500265
3.7899e-11
0.00500265
3.24208e-11
0.00500265
2.77343e-11
0.00500265
2.37251e-11
0.00500265
2.02951e-11
0.00500265
1.73609e-11
0.00500265
1.48508e-11
0.00500265
1.27036e-11
0.00500265
1.08671e-11
0.00500265
9.29615e-12
0.00500265
7.95231e-12
0.00500265
6.8027e-12
0.00500265
5.81907e-12
0.00500265
4.97739e-12
0.00500265
4.25703e-12
0.00500265
3.6404e-12
0.00500265
3.11269e-12
0.00500265
2.66128e-12
0.00500265
2.27542e-12
0.00500265
1.94593e-12
0.00500265
1.66459e-12
0.00500265
1.42433e-12
0.00500265
1.2189e-12
0.00500265
1.04286e-12
0.00500265
8.91724e-13
0.00500265
7.6183e-13
0.00500265
6.50304e-13
0.00500265
5.54765e-13
0.00500265
4.73128e-13
0.00500265
4.03549e-13
0.00500265
3.44196e-13
0.00500265
2.9336e-13
0.00500265
2.49612e-13
0.00500265
2.11774e-13
0.00500265
1.78999e-13
0.00500265
1.50723e-13
0.00500265
1.26532e-13
0.00500265
1.06048e-13
0.00500265
8.89364e-14
0.00500265
7.47463e-14
0.00500265
6.30257e-14
0.00500265
5.33469e-14
0.00500265
4.52707e-14
0.00500265
3.86118e-14
0.00500265
3.31513e-14
0.00500265
2.88437e-14
0.00500265
2.56109e-14
0.00500265
2.33224e-14
0.00500265
2.1946e-14
0.00500265
2.12448e-14
0.00500265
2.10433e-14
0.00500265
2.11482e-14
0.00500265
2.12554e-14
0.00500265
2.13115e-14
0.00500265
2.11793e-14
0.00500265
2.08062e-14
0.00500265
2.02502e-14
0.00500265
1.9386e-14
0.00500265
1.83619e-14
0.00500265
1.70988e-14
0.00500265
1.57435e-14
0.00500265
1.42447e-14
0.00500265
1.2585e-14
0.00500265
1.09451e-14
0.00500265
9.27821e-15
0.00500265
7.7011e-15
0.00500265
6.22423e-15
0.00500265
4.81609e-15
0.00500265
3.50079e-15
0.00500265
2.28624e-15
0.00500265
1.10679e-15
0.00500265
8.31764e-18
0.00500265
-1.09336e-15
0.00500265
-2.21287e-15
0.00500265
-3.30587e-15
0.00500265
-4.35087e-15
0.00500265
-5.31862e-15
0.00500265
-6.15287e-15
0.00500265
-6.82366e-15
0.00500265
-7.32231e-15
0.00500265
-7.62567e-15
0.00500265
-7.71791e-15
0.00500265
-7.74786e-15
0.00500265
-7.67019e-15
0.00500265
-7.4317e-15
0.00500265
-7.16315e-15
0.00500265
-7.01656e-15
0.00500265
-6.89069e-15
0.00500265
-6.6192e-15
0.00500265
-6.61844e-15
0.00500265
-6.4443e-15
0.00500265
-6.33643e-15
0.00500265
-6.0575e-15
0.00500265
-5.68599e-15
0.00500265
-5.3171e-15
0.00500265
-4.58869e-15
0.00500265
-3.74296e-15
0.00500265
-2.78018e-15
0.00500265
-1.76809e-15
0.00500265
-3.73487e-16
0.00500265
7.79264e-16
0.00500265
2.01787e-15
0.00500265
3.18403e-15
0.00500265
4.21565e-15
0.00500265
4.97847e-15
0.00500265
5.74882e-15
0.00500265
5.94046e-15
0.00500265
6.08985e-15
0.00500265
5.84908e-15
0.00500265
5.44941e-15
0.00500265
4.67978e-15
0.00500265
3.99784e-15
0.00500265
2.91214e-15
0.00500265
1.87429e-15
0.00500265
7.84583e-16
-2.96192e-16
0.00500001
2.43689e-08
0.00500003
7.25388e-08
0.00500006
1.22091e-07
0.00500011
1.69158e-07
0.00500016
2.10762e-07
0.00500023
2.50348e-07
0.00500031
2.91626e-07
0.0050004
3.31722e-07
0.0050005
3.64023e-07
0.0050006
3.8667e-07
0.00500071
4.04919e-07
0.00500082
4.25938e-07
0.00500093
4.52526e-07
0.00500106
4.81277e-07
0.00500119
5.05456e-07
0.00500132
5.19077e-07
0.00500145
5.19271e-07
0.00500158
5.06412e-07
0.0050017
4.82998e-07
0.00500182
4.5232e-07
0.00500192
4.17496e-07
0.00500201
3.81001e-07
0.0050021
3.44583e-07
0.00500217
3.09384e-07
0.00500223
2.761e-07
0.00500229
2.45122e-07
0.00500234
2.1664e-07
0.00500238
1.90709e-07
0.00500242
1.67293e-07
0.00500245
1.46295e-07
0.00500248
1.2758e-07
0.0050025
1.10988e-07
0.00500253
9.63466e-08
0.00500254
8.34781e-08
0.00500256
7.22081e-08
0.00500257
6.23686e-08
0.00500258
5.38012e-08
0.00500259
4.6359e-08
0.0050026
3.99075e-08
0.00500261
3.43247e-08
0.00500261
2.95011e-08
0.00500262
2.53392e-08
0.00500262
2.17524e-08
0.00500263
1.86643e-08
0.00500263
1.60079e-08
0.00500263
1.37246e-08
0.00500264
1.17634e-08
0.00500264
1.00796e-08
0.00500264
8.63487e-09
0.00500264
7.3957e-09
0.00500264
6.33325e-09
0.00500264
5.42261e-09
0.00500264
4.6423e-09
0.00500265
3.97383e-09
0.00500265
3.40129e-09
0.00500265
2.91099e-09
0.00500265
2.4912e-09
0.00500265
2.1318e-09
0.00500265
1.82416e-09
0.00500265
1.56084e-09
0.00500265
1.33548e-09
0.00500265
1.14261e-09
0.00500265
9.77575e-10
0.00500265
8.36353e-10
0.00500265
7.15516e-10
0.00500265
6.12125e-10
0.00500265
5.23666e-10
0.00500265
4.47984e-10
0.00500265
3.83235e-10
0.00500265
3.27841e-10
0.00500265
2.80451e-10
0.00500265
2.39909e-10
0.00500265
2.05226e-10
0.00500265
1.75557e-10
0.00500265
1.50176e-10
0.00500265
1.28464e-10
0.00500265
1.09892e-10
0.00500265
9.40036e-11
0.00500265
8.04123e-11
0.00500265
6.87857e-11
0.00500265
5.88401e-11
0.00500265
5.03327e-11
0.00500265
4.30559e-11
0.00500265
3.68317e-11
0.00500265
3.15075e-11
0.00500265
2.6953e-11
0.00500265
2.30567e-11
0.00500265
1.97233e-11
0.00500265
1.68717e-11
0.00500265
1.44323e-11
0.00500265
1.23458e-11
0.00500265
1.0561e-11
0.00500265
9.03435e-12
0.00500265
7.72845e-12
0.00500265
6.61132e-12
0.00500265
5.65557e-12
0.00500265
4.83776e-12
0.00500265
4.1379e-12
0.00500265
3.5389e-12
0.00500265
3.02619e-12
0.00500265
2.58745e-12
0.00500265
2.21226e-12
0.00500265
1.89161e-12
0.00500265
1.61788e-12
0.00500265
1.3842e-12
0.00500265
1.18458e-12
0.00500265
1.01377e-12
0.00500265
8.67271e-13
0.00500265
7.41441e-13
0.00500265
6.33243e-13
0.00500265
5.40422e-13
0.00500265
4.61067e-13
0.00500265
3.93391e-13
0.00500265
3.35712e-13
0.00500265
2.8651e-13
0.00500265
2.44232e-13
0.00500265
2.07777e-13
0.00500265
1.76169e-13
0.00500265
1.48764e-13
0.00500265
1.25193e-13
0.00500265
1.05131e-13
0.00500265
8.82712e-14
0.00500265
7.42137e-14
0.00500265
6.2561e-14
0.00500265
5.29218e-14
0.00500265
4.4849e-14
0.00500265
3.80735e-14
0.00500265
3.24064e-14
0.00500265
2.77293e-14
0.00500265
2.40404e-14
0.00500265
2.12582e-14
0.00500265
1.93807e-14
0.00500265
1.82658e-14
0.00500265
1.76952e-14
0.00500265
1.75015e-14
0.00500265
1.75182e-14
0.00500265
1.74972e-14
0.00500265
1.73857e-14
0.00500265
1.71149e-14
0.00500265
1.6711e-14
0.00500265
1.61617e-14
0.00500265
1.54134e-14
0.00500265
1.4569e-14
0.00500265
1.3552e-14
0.00500265
1.25208e-14
0.00500265
1.12822e-14
0.00500265
9.98253e-15
0.00500265
8.65694e-15
0.00500265
7.27878e-15
0.00500265
5.98107e-15
0.00500265
4.74677e-15
0.00500265
3.57196e-15
0.00500265
2.4855e-15
0.00500265
1.50709e-15
0.00500265
5.77937e-16
0.00500265
-2.74652e-16
0.00500265
-1.14726e-15
0.00500265
-2.06027e-15
0.00500265
-2.89891e-15
0.00500265
-3.73867e-15
0.00500265
-4.52398e-15
0.00500265
-5.18864e-15
0.00500265
-5.74538e-15
0.00500265
-6.13553e-15
0.00500265
-6.33682e-15
0.00500265
-6.51403e-15
0.00500265
-6.49538e-15
0.00500265
-6.4293e-15
0.00500265
-6.37071e-15
0.00500265
-6.1199e-15
0.00500265
-6.06002e-15
0.00500265
-6.00804e-15
0.00500265
-5.89837e-15
0.00500265
-5.86214e-15
0.00500265
-5.74137e-15
0.00500265
-5.69353e-15
0.00500265
-5.37166e-15
0.00500265
-5.03511e-15
0.00500265
-4.62172e-15
0.00500265
-4.00848e-15
0.00500265
-3.26702e-15
0.00500265
-2.26958e-15
0.00500265
-1.50129e-15
0.00500265
-3.32131e-16
0.00500265
6.94405e-16
0.00500265
1.70464e-15
0.00500265
2.64365e-15
0.00500265
3.33303e-15
0.00500265
3.90748e-15
0.00500265
4.4419e-15
0.00500265
4.45423e-15
0.00500265
4.53822e-15
0.00500265
4.1471e-15
0.00500265
3.74436e-15
0.00500265
3.08586e-15
0.00500265
2.45944e-15
0.00500265
1.6663e-15
0.00500265
9.34044e-16
0.00500265
8.66021e-17
-5.6981e-16
0.00500001
1.79951e-08
0.00500003
5.35702e-08
0.00500006
9.01886e-08
0.0050001
1.25018e-07
0.00500016
1.55864e-07
0.00500022
1.85287e-07
0.0050003
2.16031e-07
0.00500038
2.4596e-07
0.00500048
2.70261e-07
0.00500058
2.87478e-07
0.00500068
3.01453e-07
0.00500079
3.17417e-07
0.0050009
3.37426e-07
0.00500103
3.59013e-07
0.00500115
3.77232e-07
0.00500128
3.8765e-07
0.00500142
3.88122e-07
0.00500154
3.78915e-07
0.00500166
3.61868e-07
0.00500178
3.39399e-07
0.00500188
3.13796e-07
0.00500198
2.86879e-07
0.00500206
2.59939e-07
0.00500214
2.33823e-07
0.0050022
2.09054e-07
0.00500226
1.85932e-07
0.00500231
1.6461e-07
0.00500236
1.45143e-07
0.0050024
1.27516e-07
0.00500243
1.11668e-07
0.00500246
9.75103e-08
0.00500249
8.49302e-08
0.00500251
7.3806e-08
0.00500253
6.40108e-08
0.00500255
5.54177e-08
0.00500256
4.79039e-08
0.00500258
4.13524e-08
0.00500259
3.56544e-08
0.0050026
3.07095e-08
0.0050026
2.64263e-08
0.00500261
2.27224e-08
0.00500262
1.95242e-08
0.00500262
1.6766e-08
0.00500263
1.439e-08
0.00500263
1.2345e-08
0.00500263
1.05865e-08
0.00500263
9.07542e-09
0.00500264
7.77771e-09
0.00500264
6.66385e-09
0.00500264
5.70825e-09
0.00500264
4.88875e-09
0.00500264
4.1862e-09
0.00500264
3.5841e-09
0.00500265
3.06822e-09
0.00500265
2.62632e-09
0.00500265
2.24785e-09
0.00500265
1.92378e-09
0.00500265
1.64631e-09
0.00500265
1.40877e-09
0.00500265
1.20545e-09
0.00500265
1.03143e-09
0.00500265
8.82493e-10
0.00500265
7.5504e-10
0.00500265
6.45976e-10
0.00500265
5.52653e-10
0.00500265
4.72802e-10
0.00500265
4.04481e-10
0.00500265
3.46027e-10
0.00500265
2.96016e-10
0.00500265
2.53231e-10
0.00500265
2.16627e-10
0.00500265
1.85312e-10
0.00500265
1.58523e-10
0.00500265
1.35605e-10
0.00500265
1.16001e-10
0.00500265
9.92307e-11
0.00500265
8.48845e-11
0.00500265
7.2612e-11
0.00500265
6.21133e-11
0.00500265
5.31323e-11
0.00500265
4.54499e-11
0.00500265
3.88785e-11
0.00500265
3.32577e-11
0.00500265
2.845e-11
0.00500265
2.43374e-11
0.00500265
2.08191e-11
0.00500265
1.78092e-11
0.00500265
1.52343e-11
0.00500265
1.30316e-11
0.00500265
1.11475e-11
0.00500265
9.53593e-12
0.00500265
8.15748e-12
0.00500265
6.9783e-12
0.00500265
5.96962e-12
0.00500265
5.10667e-12
0.00500265
4.36833e-12
0.00500265
3.73661e-12
0.00500265
3.196e-12
0.00500265
2.7333e-12
0.00500265
2.33729e-12
0.00500265
1.9985e-12
0.00500265
1.70881e-12
0.00500265
1.46136e-12
0.00500265
1.25009e-12
0.00500265
1.06972e-12
0.00500265
9.15507e-13
0.00500265
7.83479e-13
0.00500265
6.70127e-13
0.00500265
5.72708e-13
0.00500265
4.89008e-13
0.00500265
4.17289e-13
0.00500265
3.56075e-13
0.00500265
3.03964e-13
0.00500265
2.59551e-13
0.00500265
2.21598e-13
0.00500265
1.88958e-13
0.00500265
1.60683e-13
0.00500265
1.3615e-13
0.00500265
1.1487e-13
0.00500265
9.66915e-14
0.00500265
8.12817e-14
0.00500265
6.83853e-14
0.00500265
5.7706e-14
0.00500265
4.88338e-14
0.00500265
4.14689e-14
0.00500265
3.52234e-14
0.00500265
2.99067e-14
0.00500265
2.54057e-14
0.00500265
2.16479e-14
0.00500265
1.86863e-14
0.00500265
1.64747e-14
0.00500265
1.49979e-14
0.00500265
1.41621e-14
0.00500265
1.36684e-14
0.00500265
1.34604e-14
0.00500265
1.33275e-14
0.00500265
1.31693e-14
0.00500265
1.2917e-14
0.00500265
1.25399e-14
0.00500265
1.21378e-14
0.00500265
1.16039e-14
0.00500265
1.10424e-14
0.00500265
1.04123e-14
0.00500265
9.71436e-15
0.00500265
8.96643e-15
0.00500265
8.08378e-15
0.00500265
7.12607e-15
0.00500265
6.13657e-15
0.00500265
5.08761e-15
0.00500265
4.11021e-15
0.00500265
3.14857e-15
0.00500265
2.19605e-15
0.00500265
1.41614e-15
0.00500265
6.62721e-16
0.00500265
-1.09058e-17
0.00500265
-6.03535e-16
0.00500265
-1.20288e-15
0.00500265
-1.82566e-15
0.00500265
-2.44192e-15
0.00500265
-3.03738e-15
0.00500265
-3.62019e-15
0.00500265
-4.08284e-15
0.00500265
-4.49535e-15
0.00500265
-4.81145e-15
0.00500265
-4.93524e-15
0.00500265
-5.13936e-15
0.00500265
-5.09371e-15
0.00500265
-5.08232e-15
0.00500265
-5.15309e-15
0.00500265
-4.94455e-15
0.00500265
-5.02523e-15
0.00500265
-4.95841e-15
0.00500265
-5.00664e-15
0.00500265
-4.99419e-15
0.00500265
-4.84902e-15
0.00500265
-4.84143e-15
0.00500265
-4.62564e-15
0.00500265
-4.24277e-15
0.00500265
-3.87051e-15
0.00500265
-3.31954e-15
0.00500265
-2.67038e-15
0.00500265
-1.82631e-15
0.00500265
-1.04004e-15
0.00500265
-3.62696e-16
0.00500265
5.70771e-16
0.00500265
1.23371e-15
0.00500265
1.97875e-15
0.00500265
2.48464e-15
0.00500265
2.57427e-15
0.00500265
3.01888e-15
0.00500265
2.78816e-15
0.00500265
2.69464e-15
0.00500265
2.36649e-15
0.00500265
1.86884e-15
0.00500265
1.28638e-15
0.00500265
9.26945e-16
0.00500265
2.71689e-16
0.00500265
-9.03876e-17
0.00500265
-5.73711e-16
-8.37109e-16
0.00500001
1.18668e-08
0.00500002
3.53285e-08
0.00500006
5.94884e-08
0.0050001
8.24889e-08
0.00500015
1.02887e-07
0.00500021
1.22376e-07
0.00500029
1.4277e-07
0.00500037
1.62651e-07
0.00500046
1.78877e-07
0.00500056
1.90457e-07
0.00500066
1.99904e-07
0.00500077
2.10641e-07
0.00500088
2.24017e-07
0.005001
2.3842e-07
0.00500113
2.50604e-07
0.00500126
2.57643e-07
0.00500139
2.5811e-07
0.00500151
2.52176e-07
0.00500163
2.4105e-07
0.00500175
2.26322e-07
0.00500185
2.09495e-07
0.00500195
1.91765e-07
0.00500203
1.73982e-07
0.00500211
1.56707e-07
0.00500218
1.40288e-07
0.00500224
1.2493e-07
0.00500229
1.10738e-07
0.00500234
9.7754e-08
0.00500238
8.59748e-08
0.00500242
7.53659e-08
0.00500245
6.58715e-08
0.00500248
5.7422e-08
0.0050025
4.99395e-08
0.00500252
4.33421e-08
0.00500254
3.75474e-08
0.00500256
3.24749e-08
0.00500257
2.80477e-08
0.00500258
2.41938e-08
0.00500259
2.08467e-08
0.0050026
1.79454e-08
0.00500261
1.5435e-08
0.00500261
1.32661e-08
0.00500262
1.13947e-08
0.00500262
9.78193e-09
0.00500263
8.39337e-09
0.00500263
7.19892e-09
0.00500263
6.17221e-09
0.00500264
5.29028e-09
0.00500264
4.53313e-09
0.00500264
3.88343e-09
0.00500264
3.32616e-09
0.00500264
2.84837e-09
0.00500264
2.43883e-09
0.00500264
2.08791e-09
0.00500265
1.78727e-09
0.00500265
1.52978e-09
0.00500265
1.30927e-09
0.00500265
1.12046e-09
0.00500265
9.58822e-10
0.00500265
8.20457e-10
0.00500265
7.02026e-10
0.00500265
6.00666e-10
0.00500265
5.13923e-10
0.00500265
4.39694e-10
0.00500265
3.76175e-10
0.00500265
3.21826e-10
0.00500265
2.75323e-10
0.00500265
2.35536e-10
0.00500265
2.01496e-10
0.00500265
1.72373e-10
0.00500265
1.47457e-10
0.00500265
1.26142e-10
0.00500265
1.07907e-10
0.00500265
9.23071e-11
0.00500265
7.89626e-11
0.00500265
6.75469e-11
0.00500265
5.77813e-11
0.00500265
4.94271e-11
0.00500265
4.22803e-11
0.00500265
3.61667e-11
0.00500265
3.09373e-11
0.00500265
2.64642e-11
0.00500265
2.26383e-11
0.00500265
1.93656e-11
0.00500265
1.65659e-11
0.00500265
1.41707e-11
0.00500265
1.21217e-11
0.00500265
1.0369e-11
0.00500265
8.86975e-12
0.00500265
7.58746e-12
0.00500265
6.49065e-12
0.00500265
5.55245e-12
0.00500265
4.74975e-12
0.00500265
4.06297e-12
0.00500265
3.47546e-12
0.00500265
2.97286e-12
0.00500265
2.54289e-12
0.00500265
2.17501e-12
0.00500265
1.86024e-12
0.00500265
1.59086e-12
0.00500265
1.36044e-12
0.00500265
1.1634e-12
0.00500265
9.95146e-13
0.00500265
8.51476e-13
0.00500265
7.28775e-13
0.00500265
6.23809e-13
0.00500265
5.33722e-13
0.00500265
4.56384e-13
0.00500265
3.8984e-13
0.00500265
3.32715e-13
0.00500265
2.83875e-13
0.00500265
2.42312e-13
0.00500265
2.0701e-13
0.00500265
1.76974e-13
0.00500265
1.51163e-13
0.00500265
1.28893e-13
0.00500265
1.09567e-13
0.00500265
9.27184e-14
0.00500265
7.81897e-14
0.00500265
6.58268e-14
0.00500265
5.54855e-14
0.00500265
4.68691e-14
0.00500265
3.98164e-14
0.00500265
3.39524e-14
0.00500265
2.90021e-14
0.00500265
2.47205e-14
0.00500265
2.09579e-14
0.00500265
1.7727e-14
0.00500265
1.49977e-14
0.00500265
1.28698e-14
0.00500265
1.13396e-14
0.00500265
1.03039e-14
0.00500265
9.6802e-15
0.00500265
9.27959e-15
0.00500265
9.02506e-15
0.00500265
8.73791e-15
0.00500265
8.42273e-15
0.00500265
8.02235e-15
0.00500265
7.56352e-15
0.00500265
7.17871e-15
0.00500265
6.72331e-15
0.00500265
6.38557e-15
0.00500265
6.03231e-15
0.00500265
5.63209e-15
0.00500265
5.21328e-15
0.00500265
4.7073e-15
0.00500265
4.10335e-15
0.00500265
3.44314e-15
0.00500265
2.73014e-15
0.00500265
2.13298e-15
0.00500265
1.40189e-15
0.00500265
7.21305e-16
0.00500265
2.63276e-16
0.00500265
-2.04874e-16
0.00500265
-5.84747e-16
0.00500265
-9.05318e-16
0.00500265
-1.22077e-15
0.00500265
-1.54289e-15
0.00500265
-1.95621e-15
0.00500265
-2.27989e-15
0.00500265
-2.60893e-15
0.00500265
-2.91877e-15
0.00500265
-3.19744e-15
0.00500265
-3.41326e-15
0.00500265
-3.44807e-15
0.00500265
-3.61135e-15
0.00500265
-3.63354e-15
0.00500265
-3.67841e-15
0.00500265
-3.87123e-15
0.00500265
-3.71943e-15
0.00500265
-3.88123e-15
0.00500265
-3.91064e-15
0.00500265
-3.95828e-15
0.00500265
-4.06041e-15
0.00500265
-3.95891e-15
0.00500265
-3.84701e-15
0.00500265
-3.81649e-15
0.00500265
-3.40296e-15
0.00500265
-3.07367e-15
0.00500265
-2.66948e-15
0.00500265
-2.00114e-15
0.00500265
-1.51536e-15
0.00500265
-6.85753e-16
0.00500265
-2.55215e-16
0.00500265
3.20083e-16
0.00500265
8.34837e-16
0.00500265
1.11361e-15
0.00500265
1.46513e-15
0.00500265
1.24295e-15
0.00500265
1.36445e-15
0.00500265
1.0847e-15
0.00500265
7.42105e-16
0.00500265
3.51969e-16
0.00500265
1.06557e-16
0.00500265
-5.22796e-16
0.00500265
-8.96209e-16
0.00500265
-1.10787e-15
0.00500265
-1.15765e-15
0.00500265
-1.35995e-15
-1.11696e-15
0.00500001
5.89527e-09
0.00500002
1.75512e-08
0.00500005
2.95571e-08
0.0050001
4.09926e-08
0.00500015
5.11427e-08
0.00500021
6.08493e-08
0.00500028
7.10149e-08
0.00500036
8.09345e-08
0.00500045
8.90525e-08
0.00500055
9.48715e-08
0.00500065
9.96323e-08
0.00500075
1.05029e-07
0.00500087
1.11729e-07
0.00500098
1.18934e-07
0.00500111
1.25038e-07
0.00500124
1.28584e-07
0.00500137
1.28863e-07
0.0050015
1.25956e-07
0.00500162
1.20464e-07
0.00500173
1.13174e-07
0.00500183
1.04832e-07
0.00500193
9.6031e-08
0.00500202
8.71926e-08
0.00500209
7.8596e-08
0.00500216
7.04154e-08
0.00500223
6.27535e-08
0.00500228
5.56649e-08
0.00500233
4.91719e-08
0.00500237
4.32747e-08
0.00500241
3.79575e-08
0.00500244
3.31942e-08
0.00500247
2.8951e-08
0.0050025
2.51902e-08
0.00500252
2.18716e-08
0.00500254
1.89546e-08
0.00500255
1.63995e-08
0.00500257
1.41682e-08
0.00500258
1.22247e-08
0.00500259
1.0536e-08
0.0050026
9.07161e-09
0.0050026
7.80404e-09
0.00500261
6.70853e-09
0.00500262
5.76304e-09
0.00500262
4.94797e-09
0.00500263
4.24607e-09
0.00500263
3.64217e-09
0.00500263
3.12299e-09
0.00500264
2.67695e-09
0.00500264
2.29397e-09
0.00500264
1.9653e-09
0.00500264
1.68336e-09
0.00500264
1.44161e-09
0.00500264
1.23438e-09
0.00500264
1.0568e-09
0.00500265
9.04654e-10
0.00500265
7.74337e-10
0.00500265
6.62733e-10
0.00500265
5.67172e-10
0.00500265
4.85358e-10
0.00500265
4.15323e-10
0.00500265
3.55377e-10
0.00500265
3.0407e-10
0.00500265
2.60162e-10
0.00500265
2.22586e-10
0.00500265
1.90433e-10
0.00500265
1.6292e-10
0.00500265
1.3938e-10
0.00500265
1.19239e-10
0.00500265
1.02006e-10
0.00500265
8.72633e-11
0.00500265
7.46499e-11
0.00500265
6.38589e-11
0.00500265
5.46274e-11
0.00500265
4.67302e-11
0.00500265
3.99747e-11
0.00500265
3.41954e-11
0.00500265
2.92513e-11
0.00500265
2.50216e-11
0.00500265
2.14032e-11
0.00500265
1.83081e-11
0.00500265
1.56606e-11
0.00500265
1.33963e-11
0.00500265
1.14594e-11
0.00500265
9.80257e-12
0.00500265
8.38507e-12
0.00500265
7.17237e-12
0.00500265
6.13497e-12
0.00500265
5.24771e-12
0.00500265
4.48894e-12
0.00500265
3.84001e-12
0.00500265
3.28497e-12
0.00500265
2.81003e-12
0.00500265
2.40357e-12
0.00500265
2.05577e-12
0.00500265
1.75822e-12
0.00500265
1.5038e-12
0.00500265
1.2863e-12
0.00500265
1.10035e-12
0.00500265
9.41362e-13
0.00500265
8.05282e-13
0.00500265
6.88915e-13
0.00500265
5.89397e-13
0.00500265
5.04436e-13
0.00500265
4.31854e-13
0.00500265
3.69741e-13
0.00500265
3.16537e-13
0.00500265
2.70713e-13
0.00500265
2.31285e-13
0.00500265
1.97329e-13
0.00500265
1.68264e-13
0.00500265
1.43559e-13
0.00500265
1.2263e-13
0.00500265
1.04919e-13
0.00500265
8.98747e-14
0.00500265
7.68846e-14
0.00500265
6.55881e-14
0.00500265
5.5723e-14
0.00500265
4.70653e-14
0.00500265
3.96533e-14
0.00500265
3.34518e-14
0.00500265
2.83776e-14
0.00500265
2.42573e-14
0.00500265
2.09427e-14
0.00500265
1.81881e-14
0.00500265
1.57554e-14
0.00500265
1.35313e-14
0.00500265
1.14867e-14
0.00500265
9.65382e-15
0.00500265
8.06449e-15
0.00500265
6.81413e-15
0.00500265
5.9381e-15
0.00500265
5.34563e-15
0.00500265
4.89043e-15
0.00500265
4.54144e-15
0.00500265
4.19399e-15
0.00500265
3.79254e-15
0.00500265
3.34384e-15
0.00500265
2.78234e-15
0.00500265
2.48036e-15
0.00500265
2.12089e-15
0.00500265
1.7363e-15
0.00500265
1.61934e-15
0.00500265
1.53395e-15
0.00500265
1.41198e-15
0.00500265
1.32938e-15
0.00500265
1.19407e-15
0.00500265
9.8841e-16
0.00500265
7.04544e-16
0.00500265
2.65608e-16
0.00500265
2.84298e-17
0.00500265
-3.08257e-16
0.00500265
-7.0842e-16
0.00500265
-9.1243e-16
0.00500265
-1.06189e-15
0.00500265
-1.12912e-15
0.00500265
-1.18094e-15
0.00500265
-1.24482e-15
0.00500265
-1.2945e-15
0.00500265
-1.36501e-15
0.00500265
-1.49006e-15
0.00500265
-1.60683e-15
0.00500265
-1.69867e-15
0.00500265
-1.82523e-15
0.00500265
-1.97881e-15
0.00500265
-1.9925e-15
0.00500265
-2.11789e-15
0.00500265
-2.16503e-15
0.00500265
-2.25603e-15
0.00500265
-2.47133e-15
0.00500265
-2.49866e-15
0.00500265
-2.65546e-15
0.00500265
-2.82411e-15
0.00500265
-2.88759e-15
0.00500265
-3.06092e-15
0.00500265
-3.00264e-15
0.00500265
-2.89735e-15
0.00500265
-2.81781e-15
0.00500265
-2.50075e-15
0.00500265
-2.15569e-15
0.00500265
-1.83293e-15
0.00500265
-1.3484e-15
0.00500265
-9.57731e-16
0.00500265
-6.45841e-16
0.00500265
-1.25863e-16
0.00500265
1.36442e-16
0.00500265
2.27696e-16
0.00500265
2.75267e-16
0.00500265
3.10216e-16
0.00500265
-7.74138e-17
0.00500265
-4.22213e-16
0.00500265
-7.30819e-16
0.00500265
-1.23477e-15
0.00500265
-1.84384e-15
0.00500265
-1.91249e-15
0.00500265
-2.25229e-15
0.00500265
-2.59213e-15
0.00500265
-2.69885e-15
0.00500265
-2.22838e-15
0.00500265
-2.10053e-15
-1.43832e-15
0.00500001
0.00500002
0.00500005
0.00500009
0.00500015
0.00500021
0.00500028
0.00500036
0.00500045
0.00500054
0.00500064
0.00500075
0.00500086
0.00500098
0.0050011
0.00500123
0.00500136
0.00500149
0.00500161
0.00500172
0.00500182
0.00500192
0.00500201
0.00500209
0.00500216
0.00500222
0.00500227
0.00500232
0.00500237
0.00500241
0.00500244
0.00500247
0.00500249
0.00500251
0.00500253
0.00500255
0.00500256
0.00500258
0.00500259
0.0050026
0.0050026
0.00500261
0.00500262
0.00500262
0.00500263
0.00500263
0.00500263
0.00500263
0.00500264
0.00500264
0.00500264
0.00500264
0.00500264
0.00500264
0.00500265
0.00500265
0.00500265
0.00500265
0.00500265
0.00500265
0.00500265
0.00500265
0.00500265
0.00500265
0.00500265
0.00500265
0.00500265
0.00500265
0.00500265
0.00500265
0.00500265
0.00500265
0.00500265
0.00500265
0.00500265
0.00500265
0.00500265
0.00500265
0.00500265
0.00500265
0.00500265
0.00500265
0.00500265
0.00500265
0.00500265
0.00500265
0.00500265
0.00500265
0.00500265
0.00500265
0.00500265
0.00500265
0.00500265
0.00500265
0.00500265
0.00500265
0.00500265
0.00500265
0.00500265
0.00500265
0.00500265
0.00500265
0.00500265
0.00500265
0.00500265
0.00500265
0.00500265
0.00500265
0.00500265
0.00500265
0.00500265
0.00500265
0.00500265
0.00500265
0.00500265
0.00500265
0.00500265
0.00500265
0.00500265
0.00500265
0.00500265
0.00500265
0.00500265
0.00500265
0.00500265
0.00500265
0.00500265
0.00500265
0.00500265
0.00500265
0.00500265
0.00500265
0.00500265
0.00500265
0.00500265
0.00500265
0.00500265
0.00500265
0.00500265
0.00500265
0.00500265
0.00500265
0.00500265
0.00500265
0.00500265
0.00500265
0.00500265
0.00500265
0.00500265
0.00500265
0.00500265
0.00500265
0.00500265
0.00500265
0.00500265
0.00500265
0.00500265
0.00500265
0.00500265
0.00500265
0.00500265
0.00500265
0.00500265
0.00500265
0.00500265
0.00500265
0.00500265
0.00500265
0.00500265
0.00500265
0.00500265
0.00500265
0.00500265
0.00500265
0.00500265
0.00500265
0.00500265
0.00500265
0.00500265
0.00500265
0.00500265
0.00500265
0.00500265
0.00500265
0.00500265
0.00500265
0.00500265
0.00500265
0.00500265
0.00500265
0.00500265
0.00500265
0.00500265
0.00500265
0.00500265
0.00500265
0.00500265
0.00500265
0.00500265
)
;

boundaryField
{
    inlet
    {
        type            calculated;
        value           nonuniform List<scalar> 
20
(
-0.005
-0.005
-0.005
-0.005
-0.005
-0.005
-0.005
-0.005
-0.005
-0.005
-0.005
-0.005
-0.005
-0.005
-0.005
-0.005
-0.005
-0.005
-0.005
-0.005
)
;
    }
    outlet
    {
        type            calculated;
        value           nonuniform List<scalar> 
20
(
0.00494978
0.00500251
0.00500265
0.00500265
0.00500265
0.00500265
0.00500265
0.00500265
0.00500265
0.00500265
0.00500265
0.00500265
0.00500265
0.00500265
0.00500265
0.00500265
0.00500265
0.00500265
0.00500265
0.00500265
)
;
    }
    top
    {
        type            calculated;
        value           uniform 0;
    }
    bottom
    {
        type            calculated;
        value           uniform 0;
    }
    frontAndBack
    {
        type            empty;
    }
}


// ************************************************************************* //
