/*--------------------------------*- C++ -*----------------------------------*\
  =========                 |
  \\      /  F ield         | OpenFOAM: The Open Source CFD Toolbox
   \\    /   O peration     | Website:  https://openfoam.org
    \\  /    A nd           | Version:  dev
     \\/     M anipulation  |
\*---------------------------------------------------------------------------*/
FoamFile
{
    format      ascii;
    class       volVectorField;
    location    "0.9";
    object      U;
}
// * * * * * * * * * * * * * * * * * * * * * * * * * * * * * * * * * * * * * //

dimensions      [0 1 -1 0 0 0 0];

internalField   nonuniform List<vector> 
4000
(
(0.999705 0.000144598 0)
(0.999383 0.000334241 0)
(0.99904 0.000436196 0)
(0.998661 0.000460633 0)
(0.998239 0.000446218 0)
(0.997783 0.000435844 0)
(0.997246 0.000444873 0)
(0.996616 0.000470884 0)
(0.996004 0.000478924 0)
(0.995499 0.000459706 0)
(0.995042 0.000451021 0)
(0.994534 0.000479732 0)
(0.99395 0.000527461 0)
(0.993326 0.000556071 0)
(0.992701 0.000542511 0)
(0.992111 0.000487178 0)
(0.991591 0.000404875 0)
(0.991165 0.000314057 0)
(0.990838 0.000229757 0)
(0.990599 0.000160484 0)
(0.990428 0.000108516 0)
(0.990308 7.20998e-05 0)
(0.990224 4.7809e-05 0)
(0.990164 3.21225e-05 0)
(0.990121 2.21498e-05 0)
(0.990089 1.58005e-05 0)
(0.990065 1.16853e-05 0)
(0.990046 8.93354e-06 0)
(0.990031 7.02007e-06 0)
(0.990019 5.63419e-06 0)
(0.990009 4.59264e-06 0)
(0.99 3.78579e-06 0)
(0.989994 3.14597e-06 0)
(0.989988 2.62972e-06 0)
(0.989983 2.20786e-06 0)
(0.989979 1.85987e-06 0)
(0.989976 1.57083e-06 0)
(0.989973 1.32946e-06 0)
(0.98997 1.12707e-06 0)
(0.989968 9.56816e-07 0)
(0.989966 8.13208e-07 0)
(0.989965 6.91817e-07 0)
(0.989964 5.8902e-07 0)
(0.989962 5.01839e-07 0)
(0.989961 4.27809e-07 0)
(0.989961 3.64878e-07 0)
(0.98996 3.11335e-07 0)
(0.989959 2.65744e-07 0)
(0.989959 2.26898e-07 0)
(0.989959 1.93781e-07 0)
(0.989958 1.65535e-07 0)
(0.989958 1.41433e-07 0)
(0.989958 1.2086e-07 0)
(0.989957 1.03295e-07 0)
(0.989957 8.82928e-08 0)
(0.989957 7.54775e-08 0)
(0.989957 6.45281e-08 0)
(0.989957 5.51713e-08 0)
(0.989957 4.71744e-08 0)
(0.989957 4.03389e-08 0)
(0.989956 3.44954e-08 0)
(0.989956 2.94997e-08 0)
(0.989956 2.52283e-08 0)
(0.989956 2.15761e-08 0)
(0.989956 1.84532e-08 0)
(0.989956 1.57827e-08 0)
(0.989956 1.34989e-08 0)
(0.989956 1.15457e-08 0)
(0.989956 9.87534e-09 0)
(0.989956 8.44678e-09 0)
(0.989956 7.225e-09 0)
(0.989956 6.18001e-09 0)
(0.989956 5.28617e-09 0)
(0.989956 4.52159e-09 0)
(0.989956 3.8676e-09 0)
(0.989956 3.30824e-09 0)
(0.989956 2.82984e-09 0)
(0.989956 2.42068e-09 0)
(0.989956 2.07069e-09 0)
(0.989956 1.77127e-09 0)
(0.989956 1.51511e-09 0)
(0.989956 1.29599e-09 0)
(0.989956 1.10858e-09 0)
(0.989956 9.48303e-10 0)
(0.989956 8.11219e-10 0)
(0.989956 6.93955e-10 0)
(0.989956 5.93612e-10 0)
(0.989956 5.0774e-10 0)
(0.989956 4.34293e-10 0)
(0.989956 3.71518e-10 0)
(0.989956 3.17855e-10 0)
(0.989956 2.71972e-10 0)
(0.989956 2.32716e-10 0)
(0.989956 1.9908e-10 0)
(0.989956 1.70251e-10 0)
(0.989956 1.45584e-10 0)
(0.989956 1.24508e-10 0)
(0.989956 1.06515e-10 0)
(0.989956 9.11448e-11 0)
(0.989956 7.79883e-11 0)
(0.989956 6.66959e-11 0)
(0.989956 5.70035e-11 0)
(0.989956 4.86979e-11 0)
(0.989956 4.15987e-11 0)
(0.989956 3.55623e-11 0)
(0.989956 3.0435e-11 0)
(0.989956 2.60564e-11 0)
(0.989956 2.23028e-11 0)
(0.989956 1.90616e-11 0)
(0.989956 1.62584e-11 0)
(0.989956 1.38537e-11 0)
(0.989956 1.18102e-11 0)
(0.989956 1.00871e-11 0)
(0.989956 8.64526e-12 0)
(0.989956 7.43918e-12 0)
(0.989956 6.42232e-12 0)
(0.989956 5.53158e-12 0)
(0.989956 4.75877e-12 0)
(0.989956 4.06414e-12 0)
(0.989956 3.44516e-12 0)
(0.989956 2.91306e-12 0)
(0.989956 2.4448e-12 0)
(0.989956 2.05998e-12 0)
(0.989956 1.75206e-12 0)
(0.989956 1.5087e-12 0)
(0.989956 1.32371e-12 0)
(0.989956 1.15392e-12 0)
(0.989956 9.97669e-13 0)
(0.989956 8.48687e-13 0)
(0.989956 6.94052e-13 0)
(0.989956 5.40979e-13 0)
(0.989956 3.94703e-13 0)
(0.989956 2.77161e-13 0)
(0.989956 2.01089e-13 0)
(0.989956 1.45497e-13 0)
(0.989956 1.16943e-13 0)
(0.989956 1.03507e-13 0)
(0.989956 9.12816e-14 0)
(0.989956 6.96098e-14 0)
(0.989956 4.30428e-14 0)
(0.989956 1.6885e-14 0)
(0.989956 7.52046e-15 0)
(0.989956 6.29178e-15 0)
(0.989956 3.695e-14 0)
(0.989956 1.17718e-13 0)
(0.989956 2.16293e-13 0)
(0.989956 2.94324e-13 0)
(0.989956 3.52038e-13 0)
(0.989956 4.03171e-13 0)
(0.989956 4.22996e-13 0)
(0.989956 4.18072e-13 0)
(0.989956 3.94479e-13 0)
(0.989956 3.38558e-13 0)
(0.989956 2.9539e-13 0)
(0.989956 2.45482e-13 0)
(0.989956 1.93227e-13 0)
(0.989956 1.69175e-13 0)
(0.989956 1.51408e-13 0)
(0.989956 1.69794e-13 0)
(0.989956 1.79843e-13 0)
(0.989956 1.96032e-13 0)
(0.989956 1.99885e-13 0)
(0.989956 1.90866e-13 0)
(0.989956 1.87572e-13 0)
(0.989956 1.68796e-13 0)
(0.989956 1.42006e-13 0)
(0.989956 1.12301e-13 0)
(0.989956 7.48361e-14 0)
(0.989956 5.60689e-14 0)
(0.989956 4.2613e-14 0)
(0.989956 3.48502e-14 0)
(0.989956 3.30909e-14 0)
(0.989956 2.43108e-14 0)
(0.989956 2.39841e-14 0)
(0.989956 2.6656e-14 0)
(0.989956 4.37313e-14 0)
(0.989956 2.81121e-14 0)
(0.989956 4.12952e-14 0)
(0.989956 3.03953e-14 0)
(0.989956 -9.44096e-15 0)
(0.989956 4.93396e-15 0)
(0.989956 -3.0937e-14 0)
(0.989956 -2.63782e-14 0)
(0.989956 -5.16426e-14 0)
(0.989956 -2.53415e-14 0)
(0.989956 -2.86652e-14 0)
(0.989956 -4.4281e-14 0)
(0.989956 7.23141e-14 0)
(0.989956 3.66788e-14 0)
(0.989956 1.34474e-13 0)
(0.989956 1.65801e-13 0)
(0.989956 1.52442e-13 0)
(0.989956 2.73413e-13 0)
(0.989956 2.60793e-13 0)
(0.989956 2.6733e-13 0)
(0.989956 2.86394e-13 0)
(0.989956 2.34809e-13 0)
(0.989956 1.7813e-13 0)
(0.989956 1.94938e-13 0)
(0.989956 8.83437e-14 0)
(1 0.000173445 0)
(1.00007 0.000407582 0)
(1.00017 0.000540805 0)
(1.00029 0.00057842 0)
(1.0004 0.000563947 0)
(1.00051 0.000541532 0)
(1.0006 0.000540661 0)
(1.00063 0.000573236 0)
(1.00061 0.000598059 0)
(1.00064 0.000582824 0)
(1.0007 0.000562483 0)
(1.00076 0.000582539 0)
(1.0008 0.000634891 0)
(1.00085 0.000675245 0)
(1.0009 0.000671237 0)
(1.00093 0.000618939 0)
(1.00094 0.00053249 0)
(1.00092 0.00043131 0)
(1.00089 0.000332562 0)
(1.00085 0.000247366 0)
(1.0008 0.000180106 0)
(1.00076 0.000130193 0)
(1.00072 9.45889e-05 0)
(1.00068 6.97085e-05 0)
(1.00065 5.23948e-05 0)
(1.00063 4.02315e-05 0)
(1.00061 3.15198e-05 0)
(1.00059 2.51256e-05 0)
(1.00058 2.03123e-05 0)
(1.00056 1.6604e-05 0)
(1.00055 1.36902e-05 0)
(1.00055 1.13637e-05 0)
(1.00054 9.48247e-06 0)
(1.00053 7.94594e-06 0)
(1.00053 6.68091e-06 0)
(1.00052 5.63276e-06 0)
(1.00052 4.75981e-06 0)
(1.00052 4.02969e-06 0)
(1.00052 3.41691e-06 0)
(1.00051 2.90111e-06 0)
(1.00051 2.4659e-06 0)
(1.00051 2.09792e-06 0)
(1.00051 1.78627e-06 0)
(1.00051 1.52193e-06 0)
(1.00051 1.29745e-06 0)
(1.00051 1.10662e-06 0)
(1.00051 9.44246e-07 0)
(1.00051 8.05983e-07 0)
(1.0005 6.88174e-07 0)
(1.0005 5.87737e-07 0)
(1.0005 5.0207e-07 0)
(1.0005 4.28971e-07 0)
(1.0005 3.66576e-07 0)
(1.0005 3.133e-07 0)
(1.0005 2.67799e-07 0)
(1.0005 2.2893e-07 0)
(1.0005 1.95719e-07 0)
(1.0005 1.6734e-07 0)
(1.0005 1.43084e-07 0)
(1.0005 1.22352e-07 0)
(1.0005 1.04628e-07 0)
(1.0005 8.94759e-08 0)
(1.0005 7.65205e-08 0)
(1.0005 6.54431e-08 0)
(1.0005 5.5971e-08 0)
(1.0005 4.78709e-08 0)
(1.0005 4.09439e-08 0)
(1.0005 3.50197e-08 0)
(1.0005 2.99532e-08 0)
(1.0005 2.56201e-08 0)
(1.0005 2.19141e-08 0)
(1.0005 1.87443e-08 0)
(1.0005 1.60331e-08 0)
(1.0005 1.37141e-08 0)
(1.0005 1.17307e-08 0)
(1.0005 1.00343e-08 0)
(1.0005 8.58328e-09 0)
(1.0005 7.34214e-09 0)
(1.0005 6.28043e-09 0)
(1.0005 5.3722e-09 0)
(1.0005 4.5953e-09 0)
(1.0005 3.93078e-09 0)
(1.0005 3.36241e-09 0)
(1.0005 2.87625e-09 0)
(1.0005 2.4604e-09 0)
(1.0005 2.10465e-09 0)
(1.0005 1.80031e-09 0)
(1.0005 1.53998e-09 0)
(1.0005 1.31735e-09 0)
(1.0005 1.12697e-09 0)
(1.0005 9.64125e-10 0)
(1.0005 8.24804e-10 0)
(1.0005 7.05565e-10 0)
(1.0005 6.03491e-10 0)
(1.0005 5.16153e-10 0)
(1.0005 4.41485e-10 0)
(1.0005 3.77667e-10 0)
(1.0005 3.23109e-10 0)
(1.0005 2.76436e-10 0)
(1.0005 2.36456e-10 0)
(1.0005 2.02186e-10 0)
(1.0005 1.72826e-10 0)
(1.0005 1.47723e-10 0)
(1.0005 1.2631e-10 0)
(1.0005 1.08033e-10 0)
(1.0005 9.24243e-11 0)
(1.0005 7.90551e-11 0)
(1.0005 6.75734e-11 0)
(1.0005 5.77258e-11 0)
(1.0005 4.92763e-11 0)
(1.0005 4.20745e-11 0)
(1.0005 3.5944e-11 0)
(1.0005 3.07505e-11 0)
(1.0005 2.63388e-11 0)
(1.0005 2.25412e-11 0)
(1.0005 1.92709e-11 0)
(1.0005 1.64179e-11 0)
(1.0005 1.39515e-11 0)
(1.0005 1.18142e-11 0)
(1.0005 9.96956e-12 0)
(1.0005 8.42821e-12 0)
(1.0005 7.11866e-12 0)
(1.0005 6.03886e-12 0)
(1.0005 5.142e-12 0)
(1.0005 4.38084e-12 0)
(1.0005 3.73492e-12 0)
(1.0005 3.18954e-12 0)
(1.0005 2.70354e-12 0)
(1.0005 2.2872e-12 0)
(1.0005 1.93326e-12 0)
(1.0005 1.63298e-12 0)
(1.0005 1.39829e-12 0)
(1.0005 1.21056e-12 0)
(1.0005 1.09026e-12 0)
(1.0005 1.01265e-12 0)
(1.0005 9.60791e-13 0)
(1.0005 9.248e-13 0)
(1.0005 9.00688e-13 0)
(1.0005 8.7681e-13 0)
(1.0005 8.47857e-13 0)
(1.0005 8.21579e-13 0)
(1.0005 7.90629e-13 0)
(1.0005 8.07258e-13 0)
(1.0005 8.57422e-13 0)
(1.0005 9.29065e-13 0)
(1.0005 9.98956e-13 0)
(1.0005 1.03623e-12 0)
(1.0005 1.03742e-12 0)
(1.0005 1.00045e-12 0)
(1.0005 9.2714e-13 0)
(1.0005 8.20374e-13 0)
(1.0005 7.09143e-13 0)
(1.0005 5.89571e-13 0)
(1.0005 4.73876e-13 0)
(1.0005 3.63403e-13 0)
(1.0005 2.57484e-13 0)
(1.0005 1.89318e-13 0)
(1.0005 1.32196e-13 0)
(1.0005 1.02226e-13 0)
(1.0005 5.8838e-14 0)
(1.0005 2.50909e-14 0)
(1.0005 -4.75768e-15 0)
(1.0005 -5.39425e-14 0)
(1.0005 -8.23559e-14 0)
(1.0005 -1.22264e-13 0)
(1.0005 -1.65316e-13 0)
(1.0005 -2.01445e-13 0)
(1.0005 -2.31533e-13 0)
(1.0005 -2.26054e-13 0)
(1.0005 -2.12473e-13 0)
(1.0005 -1.74356e-13 0)
(1.0005 -1.45366e-13 0)
(1.0005 -1.11023e-13 0)
(1.0005 -5.43282e-14 0)
(1.0005 -4.07816e-14 0)
(1.0005 5.81537e-15 0)
(1.0005 1.12891e-14 0)
(1.0005 1.79937e-15 0)
(1.0005 -2.29055e-14 0)
(1.0005 -3.74153e-14 0)
(1.0005 -5.50857e-14 0)
(1.0005 -7.29062e-14 0)
(1.0005 -5.34161e-14 0)
(1.0005 -1.14319e-13 0)
(1.0005 -3.4231e-14 0)
(1.0005 -1.22137e-14 0)
(1.0005 4.1683e-15 0)
(1.0005 1.84603e-13 0)
(1.0005 1.47735e-13 0)
(1.0005 3.11952e-13 0)
(1.0005 3.9025e-13 0)
(1.0005 3.99475e-13 0)
(1.0005 5.45101e-13 0)
(1.0005 5.51486e-13 0)
(1.0005 5.11325e-13 0)
(1.0005 5.14179e-13 0)
(1.0005 4.51048e-13 0)
(1.0005 3.43255e-13 0)
(1.0005 2.5569e-13 0)
(1.0005 7.15859e-14 0)
(1 6.70422e-05 0)
(1.00004 0.000182137 0)
(1.00011 0.000279994 0)
(1.0002 0.000338406 0)
(1.00029 0.000365871 0)
(1.00039 0.000375417 0)
(1.00049 0.000374526 0)
(1.00055 0.00038273 0)
(1.00054 0.000408318 0)
(1.00055 0.000423862 0)
(1.00061 0.000418183 0)
(1.00067 0.000418368 0)
(1.00072 0.000441832 0)
(1.00076 0.000472391 0)
(1.00082 0.000485528 0)
(1.00086 0.000471188 0)
(1.00089 0.000432617 0)
(1.00089 0.000378178 0)
(1.00087 0.000317094 0)
(1.00083 0.000257398 0)
(1.0008 0.000204407 0)
(1.00076 0.00016038 0)
(1.00073 0.000125346 0)
(1.00069 9.81834e-05 0)
(1.00067 7.74006e-05 0)
(1.00065 6.1551e-05 0)
(1.00063 4.94142e-05 0)
(1.00061 4.00389e-05 0)
(1.0006 3.27163e-05 0)
(1.00059 2.69298e-05 0)
(1.00058 2.23056e-05 0)
(1.00057 1.85723e-05 0)
(1.00057 1.55312e-05 0)
(1.00056 1.30349e-05 0)
(1.00056 1.09726e-05 0)
(1.00055 9.25958e-06 0)
(1.00055 7.8302e-06 0)
(1.00055 6.63297e-06 0)
(1.00054 5.62698e-06 0)
(1.00054 4.77942e-06 0)
(1.00054 4.06374e-06 0)
(1.00054 3.45826e-06 0)
(1.00054 2.94519e-06 0)
(1.00054 2.50983e-06 0)
(1.00054 2.13998e-06 0)
(1.00053 1.82548e-06 0)
(1.00053 1.5578e-06 0)
(1.00053 1.32983e-06 0)
(1.00053 1.13554e-06 0)
(1.00053 9.69884e-07 0)
(1.00053 8.28567e-07 0)
(1.00053 7.07969e-07 0)
(1.00053 6.05018e-07 0)
(1.00053 5.17108e-07 0)
(1.00053 4.42022e-07 0)
(1.00053 3.77876e-07 0)
(1.00053 3.23066e-07 0)
(1.00053 2.76226e-07 0)
(1.00053 2.36193e-07 0)
(1.00053 2.01972e-07 0)
(1.00053 1.72717e-07 0)
(1.00053 1.47706e-07 0)
(1.00053 1.2632e-07 0)
(1.00053 1.08035e-07 0)
(1.00053 9.23986e-08 0)
(1.00053 7.90273e-08 0)
(1.00053 6.75921e-08 0)
(1.00053 5.78124e-08 0)
(1.00053 4.94485e-08 0)
(1.00053 4.22952e-08 0)
(1.00053 3.6177e-08 0)
(1.00053 3.09441e-08 0)
(1.00053 2.64683e-08 0)
(1.00053 2.26401e-08 0)
(1.00053 1.93659e-08 0)
(1.00053 1.65653e-08 0)
(1.00053 1.41699e-08 0)
(1.00053 1.21207e-08 0)
(1.00053 1.03679e-08 0)
(1.00053 8.86855e-09 0)
(1.00053 7.58613e-09 0)
(1.00053 6.48924e-09 0)
(1.00053 5.55098e-09 0)
(1.00053 4.74836e-09 0)
(1.00053 4.06174e-09 0)
(1.00053 3.47439e-09 0)
(1.00053 2.97201e-09 0)
(1.00053 2.54237e-09 0)
(1.00053 2.17492e-09 0)
(1.00053 1.8606e-09 0)
(1.00053 1.59166e-09 0)
(1.00053 1.36152e-09 0)
(1.00053 1.16457e-09 0)
(1.00053 9.96074e-10 0)
(1.00053 8.51994e-10 0)
(1.00053 7.2884e-10 0)
(1.00053 6.2354e-10 0)
(1.00053 5.33443e-10 0)
(1.00053 4.56302e-10 0)
(1.00053 3.90213e-10 0)
(1.00053 3.33632e-10 0)
(1.00053 2.85257e-10 0)
(1.00053 2.43933e-10 0)
(1.00053 2.08657e-10 0)
(1.00053 1.78511e-10 0)
(1.00053 1.52698e-10 0)
(1.00053 1.30555e-10 0)
(1.00053 1.11535e-10 0)
(1.00053 9.52557e-11 0)
(1.00053 8.13384e-11 0)
(1.00053 6.95078e-11 0)
(1.00053 5.9449e-11 0)
(1.00053 5.08605e-11 0)
(1.00053 4.34923e-11 0)
(1.00053 3.71028e-11 0)
(1.00053 3.15662e-11 0)
(1.00053 2.67406e-11 0)
(1.00053 2.25909e-11 0)
(1.00053 1.90612e-11 0)
(1.00053 1.6066e-11 0)
(1.00053 1.35754e-11 0)
(1.00053 1.14908e-11 0)
(1.00053 9.73298e-12 0)
(1.00053 8.2398e-12 0)
(1.00053 6.96133e-12 0)
(1.00053 5.8517e-12 0)
(1.00053 4.92158e-12 0)
(1.00053 4.15069e-12 0)
(1.00053 3.5384e-12 0)
(1.00053 3.06371e-12 0)
(1.00053 2.72409e-12 0)
(1.00053 2.49434e-12 0)
(1.00053 2.32852e-12 0)
(1.00053 2.23033e-12 0)
(1.00053 2.16283e-12 0)
(1.00053 2.1241e-12 0)
(1.00053 2.09687e-12 0)
(1.00053 2.07096e-12 0)
(1.00053 2.05199e-12 0)
(1.00053 2.0221e-12 0)
(1.00053 2.00448e-12 0)
(1.00053 1.9617e-12 0)
(1.00053 1.94437e-12 0)
(1.00053 1.93064e-12 0)
(1.00053 1.8765e-12 0)
(1.00053 1.80007e-12 0)
(1.00053 1.69095e-12 0)
(1.00053 1.54253e-12 0)
(1.00053 1.36607e-12 0)
(1.00053 1.16754e-12 0)
(1.00053 9.6703e-13 0)
(1.00053 7.65787e-13 0)
(1.00053 5.89537e-13 0)
(1.00053 4.1598e-13 0)
(1.00053 2.6043e-13 0)
(1.00053 1.52917e-13 0)
(1.00053 4.26101e-14 0)
(1.00053 -4.89951e-14 0)
(1.00053 -1.46444e-13 0)
(1.00053 -2.54324e-13 0)
(1.00053 -3.34929e-13 0)
(1.00053 -4.26656e-13 0)
(1.00053 -5.08477e-13 0)
(1.00053 -5.76851e-13 0)
(1.00053 -6.46182e-13 0)
(1.00053 -6.88645e-13 0)
(1.00053 -7.18625e-13 0)
(1.00053 -7.09851e-13 0)
(1.00053 -6.7131e-13 0)
(1.00053 -6.33114e-13 0)
(1.00053 -5.62776e-13 0)
(1.00053 -5.18918e-13 0)
(1.00053 -4.55855e-13 0)
(1.00053 -3.78775e-13 0)
(1.00053 -3.58926e-13 0)
(1.00053 -3.13798e-13 0)
(1.00053 -2.9936e-13 0)
(1.00053 -3.16752e-13 0)
(1.00053 -3.16551e-13 0)
(1.00053 -2.7712e-13 0)
(1.00053 -2.72906e-13 0)
(1.00053 -2.44982e-13 0)
(1.00053 -1.71822e-13 0)
(1.00053 -1.58169e-13 0)
(1.00053 -2.6595e-14 0)
(1.00053 8.8112e-14 0)
(1.00053 2.02686e-13 0)
(1.00053 3.60429e-13 0)
(1.00053 4.16221e-13 0)
(1.00053 6.10402e-13 0)
(1.00053 7.2947e-13 0)
(1.00053 7.91497e-13 0)
(1.00053 8.3542e-13 0)
(1.00053 8.32712e-13 0)
(1.00053 7.92577e-13 0)
(1.00053 7.61508e-13 0)
(1.00053 6.38457e-13 0)
(1.00053 4.48475e-13 0)
(1.00053 2.81806e-13 0)
(1.00053 9.72702e-14 0)
(1 6.11354e-05 0)
(1.00003 0.000171682 0)
(1.00007 0.000276303 0)
(1.00013 0.00034929 0)
(1.0002 0.000390911 0)
(1.00027 0.000421115 0)
(1.00034 0.000433246 0)
(1.00041 0.000433669 0)
(1.00043 0.000446227 0)
(1.00043 0.000464855 0)
(1.00048 0.000471156 0)
(1.00053 0.000475975 0)
(1.00058 0.000497644 0)
(1.00061 0.000528054 0)
(1.00065 0.000543597 0)
(1.00069 0.000530819 0)
(1.00072 0.00049152 0)
(1.00073 0.000434535 0)
(1.00074 0.000369578 0)
(1.00073 0.00030497 0)
(1.00072 0.000246456 0)
(1.0007 0.000196815 0)
(1.00068 0.000156469 0)
(1.00066 0.000124514 0)
(1.00064 9.95469e-05 0)
(1.00063 8.01222e-05 0)
(1.00061 6.49736e-05 0)
(1.0006 5.30804e-05 0)
(1.00059 4.36602e-05 0)
(1.00058 3.61278e-05 0)
(1.00057 3.00491e-05 0)
(1.00057 2.51024e-05 0)
(1.00056 2.1047e-05 0)
(1.00056 1.7701e-05 0)
(1.00055 1.49254e-05 0)
(1.00055 1.26122e-05 0)
(1.00055 1.06769e-05 0)
(1.00054 9.05251e-06 0)
(1.00054 7.68522e-06 0)
(1.00054 6.53162e-06 0)
(1.00054 5.55638e-06 0)
(1.00054 4.73051e-06 0)
(1.00054 4.03013e-06 0)
(1.00054 3.43542e-06 0)
(1.00053 2.92992e-06 0)
(1.00053 2.49986e-06 0)
(1.00053 2.13369e-06 0)
(1.00053 1.82172e-06 0)
(1.00053 1.55578e-06 0)
(1.00053 1.32896e-06 0)
(1.00053 1.13543e-06 0)
(1.00053 9.70252e-07 0)
(1.00053 8.2922e-07 0)
(1.00053 7.08776e-07 0)
(1.00053 6.0589e-07 0)
(1.00053 5.17986e-07 0)
(1.00053 4.42871e-07 0)
(1.00053 3.78674e-07 0)
(1.00053 3.23802e-07 0)
(1.00053 2.76895e-07 0)
(1.00053 2.36792e-07 0)
(1.00053 2.02505e-07 0)
(1.00053 1.73189e-07 0)
(1.00053 1.48121e-07 0)
(1.00053 1.26685e-07 0)
(1.00053 1.08353e-07 0)
(1.00053 9.26747e-08 0)
(1.00053 7.92664e-08 0)
(1.00053 6.77991e-08 0)
(1.00053 5.79914e-08 0)
(1.00053 4.96031e-08 0)
(1.00053 4.24283e-08 0)
(1.00053 3.62917e-08 0)
(1.00053 3.10428e-08 0)
(1.00053 2.65533e-08 0)
(1.00053 2.27133e-08 0)
(1.00053 1.94286e-08 0)
(1.00053 1.66189e-08 0)
(1.00053 1.42157e-08 0)
(1.00053 1.216e-08 0)
(1.00053 1.04018e-08 0)
(1.00053 8.89778e-09 0)
(1.00053 7.61123e-09 0)
(1.00053 6.51066e-09 0)
(1.00053 5.56921e-09 0)
(1.00053 4.76394e-09 0)
(1.00053 4.07521e-09 0)
(1.00053 3.48615e-09 0)
(1.00053 2.98228e-09 0)
(1.00053 2.55119e-09 0)
(1.00053 2.18235e-09 0)
(1.00053 1.86673e-09 0)
(1.00053 1.59672e-09 0)
(1.00053 1.36579e-09 0)
(1.00053 1.16832e-09 0)
(1.00053 9.99475e-10 0)
(1.00053 8.55018e-10 0)
(1.00053 7.31378e-10 0)
(1.00053 6.2552e-10 0)
(1.00053 5.34898e-10 0)
(1.00053 4.57384e-10 0)
(1.00053 3.91131e-10 0)
(1.00053 3.34563e-10 0)
(1.00053 2.86216e-10 0)
(1.00053 2.44853e-10 0)
(1.00053 2.09408e-10 0)
(1.00053 1.78983e-10 0)
(1.00053 1.529e-10 0)
(1.00053 1.3059e-10 0)
(1.00053 1.1156e-10 0)
(1.00053 9.53617e-11 0)
(1.00053 8.15613e-11 0)
(1.00053 6.97487e-11 0)
(1.00053 5.95769e-11 0)
(1.00053 5.07652e-11 0)
(1.00053 4.31323e-11 0)
(1.00053 3.65268e-11 0)
(1.00053 3.08643e-11 0)
(1.00053 2.60578e-11 0)
(1.00053 2.20047e-11 0)
(1.00053 1.85936e-11 0)
(1.00053 1.57225e-11 0)
(1.00053 1.3274e-11 0)
(1.00053 1.11908e-11 0)
(1.00053 9.40355e-12 0)
(1.00053 7.89093e-12 0)
(1.00053 6.62817e-12 0)
(1.00053 5.61133e-12 0)
(1.00053 4.82256e-12 0)
(1.00053 4.21535e-12 0)
(1.00053 3.78042e-12 0)
(1.00053 3.46764e-12 0)
(1.00053 3.25455e-12 0)
(1.00053 3.11926e-12 0)
(1.00053 3.02699e-12 0)
(1.00053 2.98265e-12 0)
(1.00053 2.95679e-12 0)
(1.00053 2.93511e-12 0)
(1.00053 2.90212e-12 0)
(1.00053 2.86723e-12 0)
(1.00053 2.83491e-12 0)
(1.00053 2.79297e-12 0)
(1.00053 2.73171e-12 0)
(1.00053 2.65062e-12 0)
(1.00053 2.53826e-12 0)
(1.00053 2.39766e-12 0)
(1.00053 2.2182e-12 0)
(1.00053 2.01089e-12 0)
(1.00053 1.79269e-12 0)
(1.00053 1.55954e-12 0)
(1.00053 1.31142e-12 0)
(1.00053 1.05225e-12 0)
(1.00053 8.0686e-13 0)
(1.00053 5.79527e-13 0)
(1.00053 3.70695e-13 0)
(1.00053 2.07766e-13 0)
(1.00053 3.41727e-14 0)
(1.00053 -1.14915e-13 0)
(1.00053 -2.64842e-13 0)
(1.00053 -4.12729e-13 0)
(1.00053 -5.39e-13 0)
(1.00053 -6.66356e-13 0)
(1.00053 -7.7891e-13 0)
(1.00053 -8.76864e-13 0)
(1.00053 -9.51315e-13 0)
(1.00053 -1.00681e-12 0)
(1.00053 -1.0222e-12 0)
(1.00053 -9.96756e-13 0)
(1.00053 -9.68273e-13 0)
(1.00053 -9.17526e-13 0)
(1.00053 -8.61873e-13 0)
(1.00053 -8.05704e-13 0)
(1.00053 -7.36783e-13 0)
(1.00053 -6.816e-13 0)
(1.00053 -6.38484e-13 0)
(1.00053 -6.25608e-13 0)
(1.00053 -6.10251e-13 0)
(1.00053 -5.8695e-13 0)
(1.00053 -5.59045e-13 0)
(1.00053 -5.14024e-13 0)
(1.00053 -4.71935e-13 0)
(1.00053 -4.17108e-13 0)
(1.00053 -3.10731e-13 0)
(1.00053 -1.76088e-13 0)
(1.00053 -2.84491e-14 0)
(1.00053 1.67571e-13 0)
(1.00053 3.11531e-13 0)
(1.00053 5.33221e-13 0)
(1.00053 7.07849e-13 0)
(1.00053 8.80822e-13 0)
(1.00053 1.04869e-12 0)
(1.00053 1.13128e-12 0)
(1.00053 1.1613e-12 0)
(1.00053 1.17603e-12 0)
(1.00053 1.14205e-12 0)
(1.00053 1.03716e-12 0)
(1.00053 8.35349e-13 0)
(1.00053 6.50724e-13 0)
(1.00053 4.33004e-13 0)
(1.00053 1.38515e-13 0)
(1 4.18045e-05 0)
(1.00002 0.000117273 0)
(1.00004 0.000191038 0)
(1.00009 0.000249627 0)
(1.00014 0.000284887 0)
(1.00019 0.000312476 0)
(1.00025 0.000333186 0)
(1.00032 0.000340866 0)
(1.00035 0.000348373 0)
(1.00037 0.000362187 0)
(1.00039 0.000371694 0)
(1.00044 0.000376631 0)
(1.00048 0.000389707 0)
(1.00052 0.000412185 0)
(1.00056 0.00042999 0)
(1.0006 0.000430509 0)
(1.00064 0.000411497 0)
(1.00066 0.000377365 0)
(1.00067 0.000334171 0)
(1.00068 0.000287664 0)
(1.00067 0.000242479 0)
(1.00066 0.000201569 0)
(1.00065 0.000166226 0)
(1.00064 0.000136591 0)
(1.00062 0.000112188 0)
(1.00061 9.22968e-05 0)
(1.0006 7.61519e-05 0)
(1.00059 6.30507e-05 0)
(1.00058 5.23943e-05 0)
(1.00057 4.36938e-05 0)
(1.00057 3.65585e-05 0)
(1.00056 3.06797e-05 0)
(1.00056 2.58144e-05 0)
(1.00055 2.17708e-05 0)
(1.00055 1.83974e-05 0)
(1.00055 1.55736e-05 0)
(1.00054 1.32029e-05 0)
(1.00054 1.12073e-05 0)
(1.00054 9.52377e-06 0)
(1.00054 8.10072e-06 0)
(1.00054 6.89582e-06 0)
(1.00054 5.87417e-06 0)
(1.00054 5.00684e-06 0)
(1.00054 4.26971e-06 0)
(1.00053 3.64269e-06 0)
(1.00053 3.1089e-06 0)
(1.00053 2.65417e-06 0)
(1.00053 2.26658e-06 0)
(1.00053 1.93604e-06 0)
(1.00053 1.65404e-06 0)
(1.00053 1.41336e-06 0)
(1.00053 1.20788e-06 0)
(1.00053 1.0324e-06 0)
(1.00053 8.82518e-07 0)
(1.00053 7.54465e-07 0)
(1.00053 6.45045e-07 0)
(1.00053 5.51533e-07 0)
(1.00053 4.71606e-07 0)
(1.00053 4.03283e-07 0)
(1.00053 3.44873e-07 0)
(1.00053 2.94934e-07 0)
(1.00053 2.52235e-07 0)
(1.00053 2.15724e-07 0)
(1.00053 1.84502e-07 0)
(1.00053 1.57803e-07 0)
(1.00053 1.34969e-07 0)
(1.00053 1.15442e-07 0)
(1.00053 9.87405e-08 0)
(1.00053 8.44567e-08 0)
(1.00053 7.224e-08 0)
(1.00053 6.1791e-08 0)
(1.00053 5.28536e-08 0)
(1.00053 4.52092e-08 0)
(1.00053 3.86707e-08 0)
(1.00053 3.3078e-08 0)
(1.00053 2.82944e-08 0)
(1.00053 2.42026e-08 0)
(1.00053 2.07027e-08 0)
(1.00053 1.7709e-08 0)
(1.00053 1.51483e-08 0)
(1.00053 1.29579e-08 0)
(1.00053 1.10843e-08 0)
(1.00053 9.48159e-09 0)
(1.00053 8.1106e-09 0)
(1.00053 6.9379e-09 0)
(1.00053 5.93484e-09 0)
(1.00053 5.0769e-09 0)
(1.00053 4.34302e-09 0)
(1.00053 3.71521e-09 0)
(1.00053 3.17808e-09 0)
(1.00053 2.71853e-09 0)
(1.00053 2.32538e-09 0)
(1.00053 1.9891e-09 0)
(1.00053 1.7015e-09 0)
(1.00053 1.45555e-09 0)
(1.00053 1.24517e-09 0)
(1.00053 1.06512e-09 0)
(1.00053 9.11009e-10 0)
(1.00053 7.79091e-10 0)
(1.00053 6.66227e-10 0)
(1.00053 5.69758e-10 0)
(1.00053 4.87321e-10 0)
(1.00053 4.16888e-10 0)
(1.00053 3.56655e-10 0)
(1.00053 3.05058e-10 0)
(1.00053 2.60835e-10 0)
(1.00053 2.22895e-10 0)
(1.00053 1.90418e-10 0)
(1.00053 1.62669e-10 0)
(1.00053 1.39026e-10 0)
(1.00053 1.18896e-10 0)
(1.00053 1.01684e-10 0)
(1.00053 8.6919e-11 0)
(1.00053 7.41728e-11 0)
(1.00053 6.3143e-11 0)
(1.00053 5.35977e-11 0)
(1.00053 4.53791e-11 0)
(1.00053 3.83626e-11 0)
(1.00053 3.24218e-11 0)
(1.00053 2.74138e-11 0)
(1.00053 2.31785e-11 0)
(1.00053 1.95831e-11 0)
(1.00053 1.65098e-11 0)
(1.00053 1.38809e-11 0)
(1.00053 1.16251e-11 0)
(1.00053 9.73881e-12 0)
(1.00053 8.18314e-12 0)
(1.00053 6.93991e-12 0)
(1.00053 5.97941e-12 0)
(1.00053 5.24914e-12 0)
(1.00053 4.71964e-12 0)
(1.00053 4.3452e-12 0)
(1.00053 4.09028e-12 0)
(1.00053 3.92015e-12 0)
(1.00053 3.82018e-12 0)
(1.00053 3.75636e-12 0)
(1.00053 3.72604e-12 0)
(1.00053 3.70911e-12 0)
(1.00053 3.6813e-12 0)
(1.00053 3.66723e-12 0)
(1.00053 3.63838e-12 0)
(1.00053 3.58755e-12 0)
(1.00053 3.51908e-12 0)
(1.00053 3.40419e-12 0)
(1.00053 3.2356e-12 0)
(1.00053 3.02633e-12 0)
(1.00053 2.78322e-12 0)
(1.00053 2.51406e-12 0)
(1.00053 2.21722e-12 0)
(1.00053 1.90756e-12 0)
(1.00053 1.5915e-12 0)
(1.00053 1.27299e-12 0)
(1.00053 9.73726e-13 0)
(1.00053 7.12697e-13 0)
(1.00053 4.64576e-13 0)
(1.00053 2.34198e-13 0)
(1.00053 1.07579e-14 0)
(1.00053 -2.0923e-13 0)
(1.00053 -4.09246e-13 0)
(1.00053 -5.99985e-13 0)
(1.00053 -7.91919e-13 0)
(1.00053 -9.45071e-13 0)
(1.00053 -1.09895e-12 0)
(1.00053 -1.21951e-12 0)
(1.00053 -1.29791e-12 0)
(1.00053 -1.34804e-12 0)
(1.00053 -1.33835e-12 0)
(1.00053 -1.30617e-12 0)
(1.00053 -1.26625e-12 0)
(1.00053 -1.19588e-12 0)
(1.00053 -1.11507e-12 0)
(1.00053 -1.02583e-12 0)
(1.00053 -9.41421e-13 0)
(1.00053 -8.84958e-13 0)
(1.00053 -8.23273e-13 0)
(1.00053 -8.06067e-13 0)
(1.00053 -7.65923e-13 0)
(1.00053 -7.25361e-13 0)
(1.00053 -7.00735e-13 0)
(1.00053 -6.50222e-13 0)
(1.00053 -6.16067e-13 0)
(1.00053 -4.89003e-13 0)
(1.00053 -3.63e-13 0)
(1.00053 -2.1848e-13 0)
(1.00053 -4.11417e-15 0)
(1.00053 1.77937e-13 0)
(1.00053 4.13789e-13 0)
(1.00053 6.63685e-13 0)
(1.00053 8.71185e-13 0)
(1.00053 1.10344e-12 0)
(1.00053 1.19401e-12 0)
(1.00053 1.34258e-12 0)
(1.00053 1.44212e-12 0)
(1.00053 1.42692e-12 0)
(1.00053 1.30395e-12 0)
(1.00053 1.19725e-12 0)
(1.00053 1.03978e-12 0)
(1.00053 7.57146e-13 0)
(1.00053 4.45249e-13 0)
(1.00053 1.35547e-13 0)
(1 3.42617e-05 0)
(1.00001 9.8758e-05 0)
(1.00003 0.000163223 0)
(1.00007 0.000219936 0)
(1.00011 0.000259228 0)
(1.00015 0.000292373 0)
(1.0002 0.000323773 0)
(1.00025 0.00034186 0)
(1.00029 0.000349096 0)
(1.00031 0.000358282 0)
(1.00034 0.000370464 0)
(1.00038 0.000382514 0)
(1.00042 0.000398343 0)
(1.00045 0.000418833 0)
(1.00049 0.000434659 0)
(1.00052 0.00043521 0)
(1.00056 0.000417418 0)
(1.00058 0.000384884 0)
(1.0006 0.000343391 0)
(1.00061 0.000298403 0)
(1.00062 0.000254249 0)
(1.00062 0.000213767 0)
(1.00061 0.000178317 0)
(1.00061 0.000148174 0)
(1.0006 0.000122996 0)
(1.00059 0.000102176 0)
(1.00058 8.50388e-05 0)
(1.00058 7.09471e-05 0)
(1.00057 5.93444e-05 0)
(1.00057 4.97667e-05 0)
(1.00056 4.18359e-05 0)
(1.00056 3.52469e-05 0)
(1.00055 2.97546e-05 0)
(1.00055 2.51625e-05 0)
(1.00055 2.1312e-05 0)
(1.00054 1.80751e-05 0)
(1.00054 1.53479e-05 0)
(1.00054 1.30454e-05 0)
(1.00054 1.1098e-05 0)
(1.00054 9.44858e-06 0)
(1.00054 8.04955e-06 0)
(1.00054 6.86154e-06 0)
(1.00054 5.85171e-06 0)
(1.00053 4.99259e-06 0)
(1.00053 4.26115e-06 0)
(1.00053 3.63799e-06 0)
(1.00053 3.10679e-06 0)
(1.00053 2.65377e-06 0)
(1.00053 2.26725e-06 0)
(1.00053 1.93736e-06 0)
(1.00053 1.65572e-06 0)
(1.00053 1.41519e-06 0)
(1.00053 1.20974e-06 0)
(1.00053 1.03422e-06 0)
(1.00053 8.84227e-07 0)
(1.00053 7.56043e-07 0)
(1.00053 6.4648e-07 0)
(1.00053 5.52824e-07 0)
(1.00053 4.72756e-07 0)
(1.00053 4.043e-07 0)
(1.00053 3.45767e-07 0)
(1.00053 2.95718e-07 0)
(1.00053 2.52919e-07 0)
(1.00053 2.16319e-07 0)
(1.00053 1.85019e-07 0)
(1.00053 1.5825e-07 0)
(1.00053 1.35356e-07 0)
(1.00053 1.15775e-07 0)
(1.00053 9.90282e-08 0)
(1.00053 8.47045e-08 0)
(1.00053 7.24531e-08 0)
(1.00053 6.19739e-08 0)
(1.00053 5.30107e-08 0)
(1.00053 4.5344e-08 0)
(1.00053 3.87864e-08 0)
(1.00053 3.31773e-08 0)
(1.00053 2.83795e-08 0)
(1.00053 2.42756e-08 0)
(1.00053 2.07653e-08 0)
(1.00053 1.77626e-08 0)
(1.00053 1.51943e-08 0)
(1.00053 1.29973e-08 0)
(1.00053 1.11181e-08 0)
(1.00053 9.51062e-09 0)
(1.00053 8.13559e-09 0)
(1.00053 6.9594e-09 0)
(1.00053 5.95329e-09 0)
(1.00053 5.09263e-09 0)
(1.00053 4.35636e-09 0)
(1.00053 3.7265e-09 0)
(1.00053 3.18768e-09 0)
(1.00053 2.72677e-09 0)
(1.00053 2.33253e-09 0)
(1.00053 1.99533e-09 0)
(1.00053 1.70689e-09 0)
(1.00053 1.46008e-09 0)
(1.00053 1.24887e-09 0)
(1.00053 1.06811e-09 0)
(1.00053 9.13445e-10 0)
(1.00053 7.81176e-10 0)
(1.00053 6.68107e-10 0)
(1.00053 5.715e-10 0)
(1.00053 4.88903e-10 0)
(1.00053 4.18234e-10 0)
(1.00053 3.57696e-10 0)
(1.00053 3.05802e-10 0)
(1.00053 2.61334e-10 0)
(1.00053 2.23299e-10 0)
(1.00053 1.90828e-10 0)
(1.00053 1.6313e-10 0)
(1.00053 1.39495e-10 0)
(1.00053 1.19274e-10 0)
(1.00053 1.01895e-10 0)
(1.00053 8.68716e-11 0)
(1.00053 7.39195e-11 0)
(1.00053 6.27441e-11 0)
(1.00053 5.31513e-11 0)
(1.00053 4.49869e-11 0)
(1.00053 3.8061e-11 0)
(1.00053 3.21938e-11 0)
(1.00053 2.7221e-11 0)
(1.00053 2.29652e-11 0)
(1.00053 1.93223e-11 0)
(1.00053 1.62014e-11 0)
(1.00053 1.35468e-11 0)
(1.00053 1.13475e-11 0)
(1.00053 9.53198e-12 0)
(1.00053 8.1051e-12 0)
(1.00053 6.99523e-12 0)
(1.00053 6.15732e-12 0)
(1.00053 5.55406e-12 0)
(1.00053 5.10993e-12 0)
(1.00053 4.8156e-12 0)
(1.00053 4.62303e-12 0)
(1.00053 4.50518e-12 0)
(1.00053 4.43743e-12 0)
(1.00053 4.40759e-12 0)
(1.00053 4.39468e-12 0)
(1.00053 4.38166e-12 0)
(1.00053 4.37415e-12 0)
(1.00053 4.33929e-12 0)
(1.00053 4.27865e-12 0)
(1.00053 4.17845e-12 0)
(1.00053 4.01059e-12 0)
(1.00053 3.7893e-12 0)
(1.00053 3.52673e-12 0)
(1.00053 3.225e-12 0)
(1.00053 2.89322e-12 0)
(1.00053 2.52961e-12 0)
(1.00053 2.15752e-12 0)
(1.00053 1.78769e-12 0)
(1.00053 1.42901e-12 0)
(1.00053 1.10244e-12 0)
(1.00053 7.87233e-13 0)
(1.00053 5.15929e-13 0)
(1.00053 2.40631e-13 0)
(1.00053 -1.64456e-14 0)
(1.00053 -2.67024e-13 0)
(1.00053 -5.09494e-13 0)
(1.00053 -7.25702e-13 0)
(1.00053 -9.37937e-13 0)
(1.00053 -1.13069e-12 0)
(1.00053 -1.30584e-12 0)
(1.00053 -1.43991e-12 0)
(1.00053 -1.53468e-12 0)
(1.00053 -1.58536e-12 0)
(1.00053 -1.58089e-12 0)
(1.00053 -1.5592e-12 0)
(1.00053 -1.51276e-12 0)
(1.00053 -1.42339e-12 0)
(1.00053 -1.33034e-12 0)
(1.00053 -1.23125e-12 0)
(1.00053 -1.15069e-12 0)
(1.00053 -1.10602e-12 0)
(1.00053 -1.0397e-12 0)
(1.00053 -9.96245e-13 0)
(1.00053 -9.63561e-13 0)
(1.00053 -9.18433e-13 0)
(1.00053 -8.88323e-13 0)
(1.00053 -8.17488e-13 0)
(1.00053 -7.49149e-13 0)
(1.00053 -5.91563e-13 0)
(1.00053 -4.13207e-13 0)
(1.00053 -2.53878e-13 0)
(1.00053 -7.0505e-15 0)
(1.00053 2.52067e-13 0)
(1.00053 5.53968e-13 0)
(1.00053 8.26785e-13 0)
(1.00053 1.03637e-12 0)
(1.00053 1.31924e-12 0)
(1.00053 1.48717e-12 0)
(1.00053 1.63303e-12 0)
(1.00053 1.67015e-12 0)
(1.00053 1.64942e-12 0)
(1.00053 1.57023e-12 0)
(1.00053 1.42351e-12 0)
(1.00053 1.18793e-12 0)
(1.00053 8.8664e-13 0)
(1.00053 5.43304e-13 0)
(1.00053 1.73626e-13 0)
(1 2.79345e-05 0)
(1.00001 8.13821e-05 0)
(1.00003 0.000134223 0)
(1.00005 0.000181781 0)
(1.00008 0.000216873 0)
(1.00012 0.000245384 0)
(1.00016 0.000273303 0)
(1.0002 0.000293354 0)
(1.00024 0.000302124 0)
(1.00027 0.000308114 0)
(1.00029 0.000317041 0)
(1.00033 0.000328231 0)
(1.00036 0.000342345 0)
(1.0004 0.000359574 0)
(1.00043 0.000374259 0)
(1.00047 0.000378431 0)
(1.0005 0.000368421 0)
(1.00053 0.000345882 0)
(1.00055 0.000314885 0)
(1.00057 0.000279626 0)
(1.00057 0.000243592 0)
(1.00058 0.000209278 0)
(1.00058 0.000178134 0)
(1.00058 0.000150748 0)
(1.00058 0.000127157 0)
(1.00057 0.000107097 0)
(1.00057 9.01758e-05 0)
(1.00056 7.59635e-05 0)
(1.00056 6.40498e-05 0)
(1.00056 5.40669e-05 0)
(1.00055 4.56969e-05 0)
(1.00055 3.86711e-05 0)
(1.00055 3.27651e-05 0)
(1.00055 2.77924e-05 0)
(1.00054 2.35988e-05 0)
(1.00054 2.00565e-05 0)
(1.00054 1.70602e-05 0)
(1.00054 1.45221e-05 0)
(1.00054 1.23696e-05 0)
(1.00054 1.05422e-05 0)
(1.00054 8.98915e-06 0)
(1.00053 7.6682e-06 0)
(1.00053 6.54382e-06 0)
(1.00053 5.58611e-06 0)
(1.00053 4.7699e-06 0)
(1.00053 4.07395e-06 0)
(1.00053 3.48027e-06 0)
(1.00053 2.97364e-06 0)
(1.00053 2.54116e-06 0)
(1.00053 2.17188e-06 0)
(1.00053 1.85647e-06 0)
(1.00053 1.58703e-06 0)
(1.00053 1.35681e-06 0)
(1.00053 1.16008e-06 0)
(1.00053 9.91935e-07 0)
(1.00053 8.48209e-07 0)
(1.00053 7.25343e-07 0)
(1.00053 6.20299e-07 0)
(1.00053 5.30487e-07 0)
(1.00053 4.53692e-07 0)
(1.00053 3.88025e-07 0)
(1.00053 3.3187e-07 0)
(1.00053 2.83848e-07 0)
(1.00053 2.42778e-07 0)
(1.00053 2.07654e-07 0)
(1.00053 1.77613e-07 0)
(1.00053 1.5192e-07 0)
(1.00053 1.29945e-07 0)
(1.00053 1.1115e-07 0)
(1.00053 9.50739e-08 0)
(1.00053 8.13233e-08 0)
(1.00053 6.95616e-08 0)
(1.00053 5.95013e-08 0)
(1.00053 5.08962e-08 0)
(1.00053 4.35358e-08 0)
(1.00053 3.724e-08 0)
(1.00053 3.18548e-08 0)
(1.00053 2.72484e-08 0)
(1.00053 2.33082e-08 0)
(1.00053 1.9938e-08 0)
(1.00053 1.70551e-08 0)
(1.00053 1.45893e-08 0)
(1.00053 1.248e-08 0)
(1.00053 1.06756e-08 0)
(1.00053 9.13216e-09 0)
(1.00053 7.81185e-09 0)
(1.00053 6.68243e-09 0)
(1.00053 5.71633e-09 0)
(1.00053 4.88989e-09 0)
(1.00053 4.18293e-09 0)
(1.00053 3.57817e-09 0)
(1.00053 3.06085e-09 0)
(1.00053 2.61835e-09 0)
(1.00053 2.23981e-09 0)
(1.00053 1.91598e-09 0)
(1.00053 1.63888e-09 0)
(1.00053 1.40175e-09 0)
(1.00053 1.19883e-09 0)
(1.00053 1.02523e-09 0)
(1.00053 8.76821e-10 0)
(1.00053 7.49961e-10 0)
(1.00053 6.41538e-10 0)
(1.00053 5.48838e-10 0)
(1.00053 4.69478e-10 0)
(1.00053 4.01497e-10 0)
(1.00053 3.43232e-10 0)
(1.00053 2.93339e-10 0)
(1.00053 2.50682e-10 0)
(1.00053 2.1426e-10 0)
(1.00053 1.83198e-10 0)
(1.00053 1.56647e-10 0)
(1.00053 1.33897e-10 0)
(1.00053 1.14329e-10 0)
(1.00053 9.74382e-11 0)
(1.00053 8.28815e-11 0)
(1.00053 7.03486e-11 0)
(1.00053 5.96306e-11 0)
(1.00053 5.05102e-11 0)
(1.00053 4.27644e-11 0)
(1.00053 3.61892e-11 0)
(1.00053 3.05848e-11 0)
(1.00053 2.57726e-11 0)
(1.00053 2.16486e-11 0)
(1.00053 1.81241e-11 0)
(1.00053 1.51338e-11 0)
(1.00053 1.26689e-11 0)
(1.00053 1.06559e-11 0)
(1.00053 9.0691e-12 0)
(1.00053 7.84541e-12 0)
(1.00053 6.91891e-12 0)
(1.00053 6.25025e-12 0)
(1.00053 5.75447e-12 0)
(1.00053 5.41691e-12 0)
(1.00053 5.1941e-12 0)
(1.00053 5.06192e-12 0)
(1.00053 5.00088e-12 0)
(1.00053 4.97306e-12 0)
(1.00053 4.97223e-12 0)
(1.00053 4.97772e-12 0)
(1.00053 4.97357e-12 0)
(1.00053 4.94875e-12 0)
(1.00053 4.87164e-12 0)
(1.00053 4.73646e-12 0)
(1.00053 4.53134e-12 0)
(1.00053 4.25794e-12 0)
(1.00053 3.94721e-12 0)
(1.00053 3.58468e-12 0)
(1.00053 3.19595e-12 0)
(1.00053 2.77628e-12 0)
(1.00053 2.36301e-12 0)
(1.00053 1.95666e-12 0)
(1.00053 1.56713e-12 0)
(1.00053 1.22425e-12 0)
(1.00053 8.71041e-13 0)
(1.00053 5.60358e-13 0)
(1.00053 2.50245e-13 0)
(1.00053 -4.40605e-14 0)
(1.00053 -3.15429e-13 0)
(1.00053 -6.0071e-13 0)
(1.00053 -8.60849e-13 0)
(1.00053 -1.10845e-12 0)
(1.00053 -1.34028e-12 0)
(1.00053 -1.53044e-12 0)
(1.00053 -1.67773e-12 0)
(1.00053 -1.76642e-12 0)
(1.00053 -1.81624e-12 0)
(1.00053 -1.81602e-12 0)
(1.00053 -1.77989e-12 0)
(1.00053 -1.72101e-12 0)
(1.00053 -1.60675e-12 0)
(1.00053 -1.51344e-12 0)
(1.00053 -1.4139e-12 0)
(1.00053 -1.32129e-12 0)
(1.00053 -1.27152e-12 0)
(1.00053 -1.20198e-12 0)
(1.00053 -1.13915e-12 0)
(1.00053 -1.11018e-12 0)
(1.00053 -1.07835e-12 0)
(1.00053 -1.03832e-12 0)
(1.00053 -9.16204e-13 0)
(1.00053 -8.19177e-13 0)
(1.00053 -6.81396e-13 0)
(1.00053 -4.70136e-13 0)
(1.00053 -2.47923e-13 0)
(1.00053 2.20143e-14 0)
(1.00053 3.28964e-13 0)
(1.00053 6.32623e-13 0)
(1.00053 9.54741e-13 0)
(1.00053 1.21215e-12 0)
(1.00053 1.48314e-12 0)
(1.00053 1.65893e-12 0)
(1.00053 1.81779e-12 0)
(1.00053 1.86253e-12 0)
(1.00053 1.82836e-12 0)
(1.00053 1.71485e-12 0)
(1.00053 1.51402e-12 0)
(1.00053 1.26122e-12 0)
(1.00053 9.77528e-13 0)
(1.00053 5.79627e-13 0)
(1.00053 1.58154e-13 0)
(1 2.31057e-05 0)
(1.00001 6.80284e-05 0)
(1.00002 0.000112465 0)
(1.00004 0.000153307 0)
(1.00007 0.000185627 0)
(1.0001 0.00021251 0)
(1.00013 0.000239598 0)
(1.00017 0.000262558 0)
(1.0002 0.000275526 0)
(1.00023 0.000282583 0)
(1.00026 0.000291063 0)
(1.00029 0.00030338 0)
(1.00032 0.000318938 0)
(1.00035 0.000335904 0)
(1.00039 0.000349625 0)
(1.00042 0.000354163 0)
(1.00045 0.000346383 0)
(1.00048 0.000327316 0)
(1.0005 0.00030034 0)
(1.00052 0.000269155 0)
(1.00054 0.000236851 0)
(1.00055 0.000205656 0)
(1.00055 0.000176922 0)
(1.00055 0.000151274 0)
(1.00055 0.000128847 0)
(1.00055 0.000109496 0)
(1.00055 9.2943e-05 0)
(1.00055 7.88575e-05 0)
(1.00055 6.69086e-05 0)
(1.00055 5.67886e-05 0)
(1.00055 4.82231e-05 0)
(1.00054 4.09734e-05 0)
(1.00054 3.48352e-05 0)
(1.00054 2.96348e-05 0)
(1.00054 2.52258e-05 0)
(1.00054 2.14846e-05 0)
(1.00054 1.83077e-05 0)
(1.00054 1.56079e-05 0)
(1.00054 1.33117e-05 0)
(1.00053 1.13576e-05 0)
(1.00053 9.69359e-06 0)
(1.00053 8.27576e-06 0)
(1.00053 7.06713e-06 0)
(1.00053 6.03636e-06 0)
(1.00053 5.15695e-06 0)
(1.00053 4.40641e-06 0)
(1.00053 3.76566e-06 0)
(1.00053 3.2185e-06 0)
(1.00053 2.75115e-06 0)
(1.00053 2.35189e-06 0)
(1.00053 2.01074e-06 0)
(1.00053 1.71921e-06 0)
(1.00053 1.47003e-06 0)
(1.00053 1.25704e-06 0)
(1.00053 1.07496e-06 0)
(1.00053 9.19286e-07 0)
(1.00053 7.86187e-07 0)
(1.00053 6.72378e-07 0)
(1.00053 5.75059e-07 0)
(1.00053 4.91837e-07 0)
(1.00053 4.20668e-07 0)
(1.00053 3.59802e-07 0)
(1.00053 3.07748e-07 0)
(1.00053 2.63227e-07 0)
(1.00053 2.2515e-07 0)
(1.00053 1.92582e-07 0)
(1.00053 1.64727e-07 0)
(1.00053 1.40902e-07 0)
(1.00053 1.20523e-07 0)
(1.00053 1.03093e-07 0)
(1.00053 8.81829e-08 0)
(1.00053 7.54298e-08 0)
(1.00053 6.45213e-08 0)
(1.00053 5.51906e-08 0)
(1.00053 4.72095e-08 0)
(1.00053 4.03826e-08 0)
(1.00053 3.4543e-08 0)
(1.00053 2.95479e-08 0)
(1.00053 2.52753e-08 0)
(1.00053 2.16207e-08 0)
(1.00053 1.84947e-08 0)
(1.00053 1.58208e-08 0)
(1.00053 1.35334e-08 0)
(1.00053 1.15768e-08 0)
(1.00053 9.90304e-09 0)
(1.00053 8.47127e-09 0)
(1.00053 7.24652e-09 0)
(1.00053 6.19886e-09 0)
(1.00053 5.30268e-09 0)
(1.00053 4.53606e-09 0)
(1.00053 3.88027e-09 0)
(1.00053 3.31932e-09 0)
(1.00053 2.83947e-09 0)
(1.00053 2.42896e-09 0)
(1.00053 2.07773e-09 0)
(1.00053 1.77718e-09 0)
(1.00053 1.51998e-09 0)
(1.00053 1.29993e-09 0)
(1.00053 1.11172e-09 0)
(1.00053 9.50821e-10 0)
(1.00053 8.1332e-10 0)
(1.00053 6.95772e-10 0)
(1.00053 5.95219e-10 0)
(1.00053 5.09114e-10 0)
(1.00053 4.35343e-10 0)
(1.00053 3.72151e-10 0)
(1.00053 3.18075e-10 0)
(1.00053 2.71877e-10 0)
(1.00053 2.32428e-10 0)
(1.00053 1.98749e-10 0)
(1.00053 1.69937e-10 0)
(1.00053 1.45214e-10 0)
(1.00053 1.23921e-10 0)
(1.00053 1.05573e-10 0)
(1.00053 8.97744e-11 0)
(1.00053 7.62296e-11 0)
(1.00053 6.46632e-11 0)
(1.00053 5.48185e-11 0)
(1.00053 4.64511e-11 0)
(1.00053 3.93192e-11 0)
(1.00053 3.32006e-11 0)
(1.00053 2.79437e-11 0)
(1.00053 2.34304e-11 0)
(1.00053 1.95794e-11 0)
(1.00053 1.63483e-11 0)
(1.00053 1.3676e-11 0)
(1.00053 1.15328e-11 0)
(1.00053 9.83268e-12 0)
(1.00053 8.52148e-12 0)
(1.00053 7.52256e-12 0)
(1.00053 6.77595e-12 0)
(1.00053 6.23806e-12 0)
(1.00053 5.86311e-12 0)
(1.00053 5.62138e-12 0)
(1.00053 5.48283e-12 0)
(1.00053 5.42495e-12 0)
(1.00053 5.41782e-12 0)
(1.00053 5.43421e-12 0)
(1.00053 5.45962e-12 0)
(1.00053 5.46741e-12 0)
(1.00053 5.4301e-12 0)
(1.00053 5.33396e-12 0)
(1.00053 5.16598e-12 0)
(1.00053 4.9209e-12 0)
(1.00053 4.61065e-12 0)
(1.00053 4.25007e-12 0)
(1.00053 3.84377e-12 0)
(1.00053 3.40634e-12 0)
(1.00053 2.95002e-12 0)
(1.00053 2.49694e-12 0)
(1.00053 2.06934e-12 0)
(1.00053 1.66576e-12 0)
(1.00053 1.28297e-12 0)
(1.00053 9.26866e-13 0)
(1.00053 5.72607e-13 0)
(1.00053 2.44558e-13 0)
(1.00053 -6.63916e-14 0)
(1.00053 -3.75173e-13 0)
(1.00053 -6.71445e-13 0)
(1.00053 -9.69663e-13 0)
(1.00053 -1.23875e-12 0)
(1.00053 -1.4818e-12 0)
(1.00053 -1.68292e-12 0)
(1.00053 -1.83252e-12 0)
(1.00053 -1.93697e-12 0)
(1.00053 -1.98334e-12 0)
(1.00053 -1.98404e-12 0)
(1.00053 -1.93922e-12 0)
(1.00053 -1.85913e-12 0)
(1.00053 -1.75186e-12 0)
(1.00053 -1.6535e-12 0)
(1.00053 -1.57193e-12 0)
(1.00053 -1.46663e-12 0)
(1.00053 -1.38881e-12 0)
(1.00053 -1.34683e-12 0)
(1.00053 -1.28061e-12 0)
(1.00053 -1.24201e-12 0)
(1.00053 -1.20481e-12 0)
(1.00053 -1.15185e-12 0)
(1.00053 -1.02464e-12 0)
(1.00053 -8.9205e-13 0)
(1.00053 -7.62981e-13 0)
(1.00053 -5.12205e-13 0)
(1.00053 -2.56329e-13 0)
(1.00053 9.00102e-14 0)
(1.00053 3.47232e-13 0)
(1.00053 6.91602e-13 0)
(1.00053 1.10224e-12 0)
(1.00053 1.30604e-12 0)
(1.00053 1.652e-12 0)
(1.00053 1.79211e-12 0)
(1.00053 1.93031e-12 0)
(1.00053 2.02263e-12 0)
(1.00053 1.97438e-12 0)
(1.00053 1.83835e-12 0)
(1.00053 1.63952e-12 0)
(1.00053 1.3516e-12 0)
(1.00053 9.99936e-13 0)
(1.00053 6.06393e-13 0)
(1.00053 1.80128e-13 0)
(1 1.94644e-05 0)
(1.00001 5.75543e-05 0)
(1.00002 9.55559e-05 0)
(1.00003 0.0001308 0)
(1.00006 0.000159761 0)
(1.00008 0.000184649 0)
(1.00011 0.000209802 0)
(1.00014 0.00023235 0)
(1.00017 0.000246574 0)
(1.0002 0.000253908 0)
(1.00023 0.000260965 0)
(1.00026 0.000271768 0)
(1.00029 0.000286091 0)
(1.00032 0.000301444 0)
(1.00035 0.000313784 0)
(1.00038 0.000318612 0)
(1.00041 0.000313345 0)
(1.00044 0.000298467 0)
(1.00047 0.000276509 0)
(1.00049 0.000250478 0)
(1.0005 0.000222965 0)
(1.00052 0.000195882 0)
(1.00052 0.000170455 0)
(1.00053 0.000147335 0)
(1.00053 0.000126756 0)
(1.00054 0.000108701 0)
(1.00054 9.30177e-05 0)
(1.00054 7.94847e-05 0)
(1.00054 6.78607e-05 0)
(1.00054 5.79071e-05 0)
(1.00054 4.94012e-05 0)
(1.00054 4.21418e-05 0)
(1.00054 3.59508e-05 0)
(1.00054 3.06733e-05 0)
(1.00054 2.61749e-05 0)
(1.00053 2.23406e-05 0)
(1.00053 1.90718e-05 0)
(1.00053 1.62846e-05 0)
(1.00053 1.39074e-05 0)
(1.00053 1.18793e-05 0)
(1.00053 1.01487e-05 0)
(1.00053 8.67157e-06 0)
(1.00053 7.41042e-06 0)
(1.00053 6.33346e-06 0)
(1.00053 5.41361e-06 0)
(1.00053 4.6278e-06 0)
(1.00053 3.95638e-06 0)
(1.00053 3.38263e-06 0)
(1.00053 2.89228e-06 0)
(1.00053 2.47314e-06 0)
(1.00053 2.11485e-06 0)
(1.00053 1.80855e-06 0)
(1.00053 1.54666e-06 0)
(1.00053 1.32275e-06 0)
(1.00053 1.13128e-06 0)
(1.00053 9.67546e-07 0)
(1.00053 8.2753e-07 0)
(1.00053 7.07788e-07 0)
(1.00053 6.05383e-07 0)
(1.00053 5.17801e-07 0)
(1.00053 4.42895e-07 0)
(1.00053 3.78829e-07 0)
(1.00053 3.24032e-07 0)
(1.00053 2.77164e-07 0)
(1.00053 2.37077e-07 0)
(1.00053 2.02789e-07 0)
(1.00053 1.73461e-07 0)
(1.00053 1.48375e-07 0)
(1.00053 1.26917e-07 0)
(1.00053 1.08563e-07 0)
(1.00053 9.28629e-08 0)
(1.00053 7.94336e-08 0)
(1.00053 6.79467e-08 0)
(1.00053 5.81211e-08 0)
(1.00053 4.97165e-08 0)
(1.00053 4.25273e-08 0)
(1.00053 3.63777e-08 0)
(1.00053 3.11174e-08 0)
(1.00053 2.6618e-08 0)
(1.00053 2.27693e-08 0)
(1.00053 1.94773e-08 0)
(1.00053 1.66613e-08 0)
(1.00053 1.42525e-08 0)
(1.00053 1.21919e-08 0)
(1.00053 1.04292e-08 0)
(1.00053 8.92136e-09 0)
(1.00053 7.63155e-09 0)
(1.00053 6.52823e-09 0)
(1.00053 5.58446e-09 0)
(1.00053 4.77715e-09 0)
(1.00053 4.08657e-09 0)
(1.00053 3.49582e-09 0)
(1.00053 2.99044e-09 0)
(1.00053 2.55808e-09 0)
(1.00053 2.18811e-09 0)
(1.00053 1.87153e-09 0)
(1.00053 1.60067e-09 0)
(1.00053 1.36894e-09 0)
(1.00053 1.17081e-09 0)
(1.00053 1.00142e-09 0)
(1.00053 8.56625e-10 0)
(1.00053 7.32809e-10 0)
(1.00053 6.26836e-10 0)
(1.00053 5.36104e-10 0)
(1.00053 4.58392e-10 0)
(1.00053 3.91862e-10 0)
(1.00053 3.34975e-10 0)
(1.00053 2.86372e-10 0)
(1.00053 2.44885e-10 0)
(1.00053 2.09417e-10 0)
(1.00053 1.79013e-10 0)
(1.00053 1.52911e-10 0)
(1.00053 1.30429e-10 0)
(1.00053 1.1109e-10 0)
(1.00053 9.44747e-11 0)
(1.00053 8.02644e-11 0)
(1.00053 6.81426e-11 0)
(1.00053 5.78242e-11 0)
(1.00053 4.90165e-11 0)
(1.00053 4.14722e-11 0)
(1.00053 3.49807e-11 0)
(1.00053 2.93948e-11 0)
(1.00053 2.4611e-11 0)
(1.00053 2.0541e-11 0)
(1.00053 1.71655e-11 0)
(1.00053 1.43704e-11 0)
(1.00053 1.2142e-11 0)
(1.00053 1.03741e-11 0)
(1.00053 8.98782e-12 0)
(1.00053 7.93337e-12 0)
(1.00053 7.13143e-12 0)
(1.00053 6.56091e-12 0)
(1.00053 6.15751e-12 0)
(1.00053 5.90834e-12 0)
(1.00053 5.7764e-12 0)
(1.00053 5.72196e-12 0)
(1.00053 5.73755e-12 0)
(1.00053 5.77334e-12 0)
(1.00053 5.81029e-12 0)
(1.00053 5.82493e-12 0)
(1.00053 5.76558e-12 0)
(1.00053 5.643e-12 0)
(1.00053 5.45037e-12 0)
(1.00053 5.17469e-12 0)
(1.00053 4.84129e-12 0)
(1.00053 4.4291e-12 0)
(1.00053 3.99466e-12 0)
(1.00053 3.52468e-12 0)
(1.00053 3.04506e-12 0)
(1.00053 2.58549e-12 0)
(1.00053 2.1211e-12 0)
(1.00053 1.72504e-12 0)
(1.00053 1.31061e-12 0)
(1.00053 9.38461e-13 0)
(1.00053 5.88242e-13 0)
(1.00053 2.32711e-13 0)
(1.00053 -7.89738e-14 0)
(1.00053 -4.1279e-13 0)
(1.00053 -7.39226e-13 0)
(1.00053 -1.04983e-12 0)
(1.00053 -1.33999e-12 0)
(1.00053 -1.58781e-12 0)
(1.00053 -1.79447e-12 0)
(1.00053 -1.94737e-12 0)
(1.00053 -2.05478e-12 0)
(1.00053 -2.11385e-12 0)
(1.00053 -2.10074e-12 0)
(1.00053 -2.04969e-12 0)
(1.00053 -1.9706e-12 0)
(1.00053 -1.86769e-12 0)
(1.00053 -1.77291e-12 0)
(1.00053 -1.67946e-12 0)
(1.00053 -1.57281e-12 0)
(1.00053 -1.49113e-12 0)
(1.00053 -1.45921e-12 0)
(1.00053 -1.41054e-12 0)
(1.00053 -1.34768e-12 0)
(1.00053 -1.29548e-12 0)
(1.00053 -1.22386e-12 0)
(1.00053 -1.14232e-12 0)
(1.00053 -9.53647e-13 0)
(1.00053 -7.67409e-13 0)
(1.00053 -5.40939e-13 0)
(1.00053 -2.37832e-13 0)
(1.00053 6.98748e-14 0)
(1.00053 4.56692e-13 0)
(1.00053 7.57127e-13 0)
(1.00053 1.12183e-12 0)
(1.00053 1.45473e-12 0)
(1.00053 1.71915e-12 0)
(1.00053 1.90477e-12 0)
(1.00053 2.04429e-12 0)
(1.00053 2.06496e-12 0)
(1.00053 2.04358e-12 0)
(1.00053 1.89766e-12 0)
(1.00053 1.68149e-12 0)
(1.00053 1.36837e-12 0)
(1.00053 1.0344e-12 0)
(1.00053 6.125e-13 0)
(1.00053 1.5224e-13 0)
(1 1.6528e-05 0)
(1 4.89841e-05 0)
(1.00001 8.1639e-05 0)
(1.00003 0.000111966 0)
(1.00005 0.000137562 0)
(1.00007 0.000160287 0)
(1.00009 0.000183097 0)
(1.00012 0.00020403 0)
(1.00015 0.000218312 0)
(1.00018 0.00022603 0)
(1.0002 0.000232623 0)
(1.00023 0.000242586 0)
(1.00026 0.000256183 0)
(1.00029 0.000270749 0)
(1.00032 0.000282456 0)
(1.00035 0.000287605 0)
(1.00038 0.000284104 0)
(1.00041 0.000272225 0)
(1.00044 0.000253968 0)
(1.00046 0.000231852 0)
(1.00048 0.000208109 0)
(1.00049 0.000184409 0)
(1.0005 0.000161853 0)
(1.00051 0.000141064 0)
(1.00052 0.000122317 0)
(1.00052 0.000105662 0)
(1.00052 9.10211e-05 0)
(1.00053 7.82472e-05 0)
(1.00053 6.71634e-05 0)
(1.00053 5.7585e-05 0)
(1.00053 4.9332e-05 0)
(1.00053 4.22367e-05 0)
(1.00053 3.61466e-05 0)
(1.00053 3.09256e-05 0)
(1.00053 2.64534e-05 0)
(1.00053 2.26249e-05 0)
(1.00053 1.9349e-05 0)
(1.00053 1.65466e-05 0)
(1.00053 1.41499e-05 0)
(1.00053 1.21002e-05 0)
(1.00053 1.03476e-05 0)
(1.00053 8.8489e-06 0)
(1.00053 7.56743e-06 0)
(1.00053 6.47168e-06 0)
(1.00053 5.53472e-06 0)
(1.00053 4.73351e-06 0)
(1.00053 4.04836e-06 0)
(1.00053 3.46245e-06 0)
(1.00053 2.96139e-06 0)
(1.00053 2.53288e-06 0)
(1.00053 2.16641e-06 0)
(1.00053 1.85298e-06 0)
(1.00053 1.58492e-06 0)
(1.00053 1.35565e-06 0)
(1.00053 1.15956e-06 0)
(1.00053 9.91835e-07 0)
(1.00053 8.48379e-07 0)
(1.00053 7.25676e-07 0)
(1.00053 6.20723e-07 0)
(1.00053 5.30952e-07 0)
(1.00053 4.54165e-07 0)
(1.00053 3.88485e-07 0)
(1.00053 3.32304e-07 0)
(1.00053 2.84248e-07 0)
(1.00053 2.43143e-07 0)
(1.00053 2.07982e-07 0)
(1.00053 1.77907e-07 0)
(1.00053 1.5218e-07 0)
(1.00053 1.30174e-07 0)
(1.00053 1.1135e-07 0)
(1.00053 9.5248e-08 0)
(1.00053 8.14747e-08 0)
(1.00053 6.96933e-08 0)
(1.00053 5.96157e-08 0)
(1.00053 5.09952e-08 0)
(1.00053 4.36213e-08 0)
(1.00053 3.73136e-08 0)
(1.00053 3.19181e-08 0)
(1.00053 2.7303e-08 0)
(1.00053 2.33554e-08 0)
(1.00053 1.99787e-08 0)
(1.00053 1.70902e-08 0)
(1.00053 1.46194e-08 0)
(1.00053 1.25057e-08 0)
(1.00053 1.06977e-08 0)
(1.00053 9.151e-09 0)
(1.00053 7.82802e-09 0)
(1.00053 6.69636e-09 0)
(1.00053 5.72835e-09 0)
(1.00053 4.90028e-09 0)
(1.00053 4.19191e-09 0)
(1.00053 3.58593e-09 0)
(1.00053 3.0675e-09 0)
(1.00053 2.62394e-09 0)
(1.00053 2.24441e-09 0)
(1.00053 1.91966e-09 0)
(1.00053 1.64185e-09 0)
(1.00053 1.40422e-09 0)
(1.00053 1.20103e-09 0)
(1.00053 1.02731e-09 0)
(1.00053 8.78754e-10 0)
(1.00053 7.51693e-10 0)
(1.00053 6.42931e-10 0)
(1.00053 5.49807e-10 0)
(1.00053 4.70093e-10 0)
(1.00053 4.01887e-10 0)
(1.00053 3.43617e-10 0)
(1.00053 2.93833e-10 0)
(1.00053 2.51289e-10 0)
(1.00053 2.14883e-10 0)
(1.00053 1.83655e-10 0)
(1.00053 1.56818e-10 0)
(1.00053 1.33713e-10 0)
(1.00053 1.13879e-10 0)
(1.00053 9.6879e-11 0)
(1.00053 8.23497e-11 0)
(1.00053 6.99682e-11 0)
(1.00053 5.94031e-11 0)
(1.00053 5.03627e-11 0)
(1.00053 4.25844e-11 0)
(1.00053 3.58838e-11 0)
(1.00053 3.01171e-11 0)
(1.00053 2.51887e-11 0)
(1.00053 2.1021e-11 0)
(1.00053 1.7566e-11 0)
(1.00053 1.47396e-11 0)
(1.00053 1.24636e-11 0)
(1.00053 1.06608e-11 0)
(1.00053 9.2367e-12 0)
(1.00053 8.13958e-12 0)
(1.00053 7.30234e-12 0)
(1.00053 6.70176e-12 0)
(1.00053 6.29165e-12 0)
(1.00053 6.03907e-12 0)
(1.00053 5.90787e-12 0)
(1.00053 5.87589e-12 0)
(1.00053 5.91019e-12 0)
(1.00053 5.9654e-12 0)
(1.00053 6.01082e-12 0)
(1.00053 6.01141e-12 0)
(1.00053 5.95379e-12 0)
(1.00053 5.81039e-12 0)
(1.00053 5.58772e-12 0)
(1.00053 5.2968e-12 0)
(1.00053 4.92428e-12 0)
(1.00053 4.49371e-12 0)
(1.00053 4.03518e-12 0)
(1.00053 3.54484e-12 0)
(1.00053 3.05758e-12 0)
(1.00053 2.59015e-12 0)
(1.00053 2.127e-12 0)
(1.00053 1.71654e-12 0)
(1.00053 1.31183e-12 0)
(1.00053 9.27019e-13 0)
(1.00053 5.75187e-13 0)
(1.00053 2.26571e-13 0)
(1.00053 -1.07278e-13 0)
(1.00053 -4.40939e-13 0)
(1.00053 -7.83108e-13 0)
(1.00053 -1.10006e-12 0)
(1.00053 -1.39365e-12 0)
(1.00053 -1.65101e-12 0)
(1.00053 -1.8559e-12 0)
(1.00053 -2.01857e-12 0)
(1.00053 -2.12493e-12 0)
(1.00053 -2.16799e-12 0)
(1.00053 -2.15263e-12 0)
(1.00053 -2.09955e-12 0)
(1.00053 -2.02074e-12 0)
(1.00053 -1.92547e-12 0)
(1.00053 -1.82057e-12 0)
(1.00053 -1.71625e-12 0)
(1.00053 -1.63832e-12 0)
(1.00053 -1.5619e-12 0)
(1.00053 -1.51644e-12 0)
(1.00053 -1.47786e-12 0)
(1.00053 -1.411e-12 0)
(1.00053 -1.35367e-12 0)
(1.00053 -1.2731e-12 0)
(1.00053 -1.17935e-12 0)
(1.00053 -9.93804e-13 0)
(1.00053 -7.70772e-13 0)
(1.00053 -5.37241e-13 0)
(1.00053 -2.40108e-13 0)
(1.00053 1.13006e-13 0)
(1.00053 4.62133e-13 0)
(1.00053 8.21252e-13 0)
(1.00053 1.19645e-12 0)
(1.00053 1.45373e-12 0)
(1.00053 1.79838e-12 0)
(1.00053 1.94277e-12 0)
(1.00053 2.0814e-12 0)
(1.00053 2.12723e-12 0)
(1.00053 2.04454e-12 0)
(1.00053 1.87639e-12 0)
(1.00053 1.68692e-12 0)
(1.00053 1.36548e-12 0)
(1.00053 9.93092e-13 0)
(1.00053 5.8131e-13 0)
(1.00053 1.47019e-13 0)
(1 1.40758e-05 0)
(1 4.17816e-05 0)
(1.00001 6.97948e-05 0)
(1.00002 9.593e-05 0)
(1.00004 0.000118348 0)
(1.00006 0.000138629 0)
(1.00008 0.000159027 0)
(1.00011 0.000178087 0)
(1.00013 0.000191948 0)
(1.00016 0.000200086 0)
(1.00018 0.000206629 0)
(1.00021 0.000215773 0)
(1.00024 0.000228209 0)
(1.00027 0.000241553 0)
(1.0003 0.000252286 0)
(1.00033 0.000257289 0)
(1.00036 0.000254897 0)
(1.00038 0.000245314 0)
(1.00041 0.000230136 0)
(1.00043 0.000211443 0)
(1.00045 0.000191122 0)
(1.00047 0.000170604 0)
(1.00048 0.00015085 0)
(1.00049 0.00013243 0)
(1.0005 0.000115626 0)
(1.00051 0.00010053 0)
(1.00051 8.71167e-05 0)
(1.00051 7.52969e-05 0)
(1.00052 6.49463e-05 0)
(1.00052 5.59264e-05 0)
(1.00052 4.80958e-05 0)
(1.00052 4.13183e-05 0)
(1.00053 3.5466e-05 0)
(1.00053 3.04224e-05 0)
(1.00053 2.6082e-05 0)
(1.00053 2.23514e-05 0)
(1.00053 1.91478e-05 0)
(1.00053 1.63989e-05 0)
(1.00053 1.40416e-05 0)
(1.00053 1.2021e-05 0)
(1.00053 1.02897e-05 0)
(1.00053 8.80671e-06 0)
(1.00053 7.53675e-06 0)
(1.00053 6.44942e-06 0)
(1.00053 5.51861e-06 0)
(1.00053 4.7219e-06 0)
(1.00053 4.04003e-06 0)
(1.00053 3.45651e-06 0)
(1.00053 2.95718e-06 0)
(1.00053 2.52992e-06 0)
(1.00053 2.16435e-06 0)
(1.00053 1.85157e-06 0)
(1.00053 1.58397e-06 0)
(1.00053 1.35502e-06 0)
(1.00053 1.15916e-06 0)
(1.00053 9.91598e-07 0)
(1.00053 8.48252e-07 0)
(1.00053 7.25623e-07 0)
(1.00053 6.20719e-07 0)
(1.00053 5.30979e-07 0)
(1.00053 4.54211e-07 0)
(1.00053 3.8854e-07 0)
(1.00053 3.32363e-07 0)
(1.00053 2.84308e-07 0)
(1.00053 2.43201e-07 0)
(1.00053 2.08037e-07 0)
(1.00053 1.77957e-07 0)
(1.00053 1.52225e-07 0)
(1.00053 1.30214e-07 0)
(1.00053 1.11386e-07 0)
(1.00053 9.528e-08 0)
(1.00053 8.1503e-08 0)
(1.00053 6.97182e-08 0)
(1.00053 5.96373e-08 0)
(1.00053 5.1014e-08 0)
(1.00053 4.36375e-08 0)
(1.00053 3.73276e-08 0)
(1.00053 3.19303e-08 0)
(1.00053 2.73135e-08 0)
(1.00053 2.33644e-08 0)
(1.00053 1.99864e-08 0)
(1.00053 1.70969e-08 0)
(1.00053 1.4625e-08 0)
(1.00053 1.25105e-08 0)
(1.00053 1.07018e-08 0)
(1.00053 9.15459e-09 0)
(1.00053 7.83115e-09 0)
(1.00053 6.6991e-09 0)
(1.00053 5.73074e-09 0)
(1.00053 4.90234e-09 0)
(1.00053 4.19368e-09 0)
(1.00053 3.5874e-09 0)
(1.00053 3.06872e-09 0)
(1.00053 2.62494e-09 0)
(1.00053 2.24526e-09 0)
(1.00053 1.92043e-09 0)
(1.00053 1.64253e-09 0)
(1.00053 1.40488e-09 0)
(1.00053 1.20164e-09 0)
(1.00053 1.02783e-09 0)
(1.00053 8.79167e-10 0)
(1.00053 7.51963e-10 0)
(1.00053 6.4309e-10 0)
(1.00053 5.49899e-10 0)
(1.00053 4.70174e-10 0)
(1.00053 4.02015e-10 0)
(1.00053 3.43776e-10 0)
(1.00053 2.94032e-10 0)
(1.00053 2.51489e-10 0)
(1.00053 2.15028e-10 0)
(1.00053 1.83742e-10 0)
(1.00053 1.56829e-10 0)
(1.00053 1.33712e-10 0)
(1.00053 1.13873e-10 0)
(1.00053 9.69161e-11 0)
(1.00053 8.24362e-11 0)
(1.00053 7.00921e-11 0)
(1.00053 5.95258e-11 0)
(1.00053 5.04659e-11 0)
(1.00053 4.263e-11 0)
(1.00053 3.58813e-11 0)
(1.00053 3.00911e-11 0)
(1.00053 2.51381e-11 0)
(1.00053 2.10004e-11 0)
(1.00053 1.75604e-11 0)
(1.00053 1.47585e-11 0)
(1.00053 1.24968e-11 0)
(1.00053 1.06908e-11 0)
(1.00053 9.25862e-12 0)
(1.00053 8.14896e-12 0)
(1.00053 7.2901e-12 0)
(1.00053 6.67413e-12 0)
(1.00053 6.26149e-12 0)
(1.00053 6.01788e-12 0)
(1.00053 5.90286e-12 0)
(1.00053 5.89864e-12 0)
(1.00053 5.94372e-12 0)
(1.00053 6.00918e-12 0)
(1.00053 6.05775e-12 0)
(1.00053 6.05128e-12 0)
(1.00053 5.97217e-12 0)
(1.00053 5.81406e-12 0)
(1.00053 5.57286e-12 0)
(1.00053 5.25989e-12 0)
(1.00053 4.87259e-12 0)
(1.00053 4.43693e-12 0)
(1.00053 3.96237e-12 0)
(1.00053 3.47666e-12 0)
(1.00053 3.00323e-12 0)
(1.00053 2.5264e-12 0)
(1.00053 2.09368e-12 0)
(1.00053 1.66008e-12 0)
(1.00053 1.27257e-12 0)
(1.00053 8.99767e-13 0)
(1.00053 5.45395e-13 0)
(1.00053 2.17828e-13 0)
(1.00053 -1.40021e-13 0)
(1.00053 -4.72245e-13 0)
(1.00053 -8.06392e-13 0)
(1.00053 -1.12029e-12 0)
(1.00053 -1.40222e-12 0)
(1.00053 -1.6691e-12 0)
(1.00053 -1.87549e-12 0)
(1.00053 -2.02889e-12 0)
(1.00053 -2.13643e-12 0)
(1.00053 -2.16599e-12 0)
(1.00053 -2.16792e-12 0)
(1.00053 -2.11204e-12 0)
(1.00053 -2.02504e-12 0)
(1.00053 -1.94384e-12 0)
(1.00053 -1.82368e-12 0)
(1.00053 -1.74409e-12 0)
(1.00053 -1.68707e-12 0)
(1.00053 -1.60534e-12 0)
(1.00053 -1.55095e-12 0)
(1.00053 -1.50781e-12 0)
(1.00053 -1.4816e-12 0)
(1.00053 -1.39308e-12 0)
(1.00053 -1.29124e-12 0)
(1.00053 -1.17773e-12 0)
(1.00053 -1.01764e-12 0)
(1.00053 -7.84437e-13 0)
(1.00053 -5.00554e-13 0)
(1.00053 -2.38359e-13 0)
(1.00053 1.43064e-13 0)
(1.00053 4.91518e-13 0)
(1.00053 8.30633e-13 0)
(1.00053 1.23652e-12 0)
(1.00053 1.47385e-12 0)
(1.00053 1.76661e-12 0)
(1.00053 1.92737e-12 0)
(1.00053 2.037e-12 0)
(1.00053 2.065e-12 0)
(1.00053 2.01964e-12 0)
(1.00053 1.86128e-12 0)
(1.00053 1.62162e-12 0)
(1.00053 1.30947e-12 0)
(1.00053 9.69352e-13 0)
(1.00053 5.48098e-13 0)
(1.00053 1.124e-13 0)
(1 1.19738e-05 0)
(1 3.5567e-05 0)
(1.00001 5.95212e-05 0)
(1.00002 8.19676e-05 0)
(1.00004 0.00010138 0)
(1.00005 0.000119229 0)
(1.00007 0.000137356 0)
(1.00009 0.000154494 0)
(1.00012 0.000167447 0)
(1.00014 0.000175494 0)
(1.00017 0.00018177 0)
(1.00019 0.000189991 0)
(1.00022 0.000201116 0)
(1.00025 0.000213155 0)
(1.00027 0.000222943 0)
(1.0003 0.000227765 0)
(1.00033 0.00022625 0)
(1.00036 0.000218566 0)
(1.00039 0.000206005 0)
(1.00041 0.000190284 0)
(1.00043 0.000172995 0)
(1.00045 0.000155362 0)
(1.00046 0.000138219 0)
(1.00047 0.000122076 0)
(1.00048 0.000107206 0)
(1.00049 9.37217e-05 0)
(1.0005 8.16322e-05 0)
(1.0005 7.0888e-05 0)
(1.00051 6.14048e-05 0)
(1.00051 5.30804e-05 0)
(1.00052 4.58059e-05 0)
(1.00052 3.94718e-05 0)
(1.00052 3.39732e-05 0)
(1.00052 2.92117e-05 0)
(1.00052 2.50968e-05 0)
(1.00052 2.15467e-05 0)
(1.00053 1.84882e-05 0)
(1.00053 1.58563e-05 0)
(1.00053 1.35935e-05 0)
(1.00053 1.16497e-05 0)
(1.00053 9.98108e-06 0)
(1.00053 8.54939e-06 0)
(1.00053 7.32158e-06 0)
(1.00053 6.26904e-06 0)
(1.00053 5.36704e-06 0)
(1.00053 4.59426e-06 0)
(1.00053 3.93234e-06 0)
(1.00053 3.36549e-06 0)
(1.00053 2.88014e-06 0)
(1.00053 2.46462e-06 0)
(1.00053 2.10894e-06 0)
(1.00053 1.8045e-06 0)
(1.00053 1.54394e-06 0)
(1.00053 1.32097e-06 0)
(1.00053 1.13016e-06 0)
(1.00053 9.66889e-07 0)
(1.00053 8.27188e-07 0)
(1.00053 7.07658e-07 0)
(1.00053 6.05391e-07 0)
(1.00053 5.17896e-07 0)
(1.00053 4.4304e-07 0)
(1.00053 3.79001e-07 0)
(1.00053 3.24215e-07 0)
(1.00053 2.77347e-07 0)
(1.00053 2.37252e-07 0)
(1.00053 2.02953e-07 0)
(1.00053 1.73611e-07 0)
(1.00053 1.48511e-07 0)
(1.00053 1.27039e-07 0)
(1.00053 1.08671e-07 0)
(1.00053 9.29586e-08 0)
(1.00053 7.95181e-08 0)
(1.00053 6.80208e-08 0)
(1.00053 5.81858e-08 0)
(1.00053 4.97726e-08 0)
(1.00053 4.25758e-08 0)
(1.00053 3.64196e-08 0)
(1.00053 3.11537e-08 0)
(1.00053 2.66493e-08 0)
(1.00053 2.27963e-08 0)
(1.00053 1.95004e-08 0)
(1.00053 1.66811e-08 0)
(1.00053 1.42693e-08 0)
(1.00053 1.22063e-08 0)
(1.00053 1.04416e-08 0)
(1.00053 8.93206e-09 0)
(1.00053 7.64086e-09 0)
(1.00053 6.53636e-09 0)
(1.00053 5.59154e-09 0)
(1.00053 4.78325e-09 0)
(1.00053 4.09177e-09 0)
(1.00053 3.50019e-09 0)
(1.00053 2.99409e-09 0)
(1.00053 2.56111e-09 0)
(1.00053 2.19066e-09 0)
(1.00053 1.87379e-09 0)
(1.00053 1.60272e-09 0)
(1.00053 1.37087e-09 0)
(1.00053 1.17257e-09 0)
(1.00053 1.00294e-09 0)
(1.00053 8.57816e-10 0)
(1.00053 7.3362e-10 0)
(1.00053 6.27329e-10 0)
(1.00053 5.36398e-10 0)
(1.00053 4.58636e-10 0)
(1.00053 3.92221e-10 0)
(1.00053 3.35484e-10 0)
(1.00053 2.86978e-10 0)
(1.00053 2.45471e-10 0)
(1.00053 2.09856e-10 0)
(1.00053 1.79276e-10 0)
(1.00053 1.52976e-10 0)
(1.00053 1.30411e-10 0)
(1.00053 1.11087e-10 0)
(1.00053 9.4586e-11 0)
(1.00053 8.05093e-11 0)
(1.00053 6.84868e-11 0)
(1.00053 5.81737e-11 0)
(1.00053 4.92882e-11 0)
(1.00053 4.16149e-11 0)
(1.00053 3.49836e-11 0)
(1.00053 2.93098e-11 0)
(1.00053 2.44866e-11 0)
(1.00053 2.04695e-11 0)
(1.00053 1.71468e-11 0)
(1.00053 1.44261e-11 0)
(1.00053 1.22312e-11 0)
(1.00053 1.04573e-11 0)
(1.00053 9.05557e-12 0)
(1.00053 7.93898e-12 0)
(1.00053 7.09792e-12 0)
(1.00053 6.49154e-12 0)
(1.00053 6.07673e-12 0)
(1.00053 5.85453e-12 0)
(1.00053 5.7601e-12 0)
(1.00053 5.76521e-12 0)
(1.00053 5.83129e-12 0)
(1.00053 5.8876e-12 0)
(1.00053 5.932e-12 0)
(1.00053 5.91568e-12 0)
(1.00053 5.82078e-12 0)
(1.00053 5.65229e-12 0)
(1.00053 5.39824e-12 0)
(1.00053 5.08421e-12 0)
(1.00053 4.69308e-12 0)
(1.00053 4.26321e-12 0)
(1.00053 3.80205e-12 0)
(1.00053 3.31567e-12 0)
(1.00053 2.87157e-12 0)
(1.00053 2.40307e-12 0)
(1.00053 1.98133e-12 0)
(1.00053 1.57612e-12 0)
(1.00053 1.19271e-12 0)
(1.00053 8.50621e-13 0)
(1.00053 5.04355e-13 0)
(1.00053 1.73712e-13 0)
(1.00053 -1.64199e-13 0)
(1.00053 -4.90637e-13 0)
(1.00053 -8.05169e-13 0)
(1.00053 -1.10693e-12 0)
(1.00053 -1.38808e-12 0)
(1.00053 -1.64569e-12 0)
(1.00053 -1.83987e-12 0)
(1.00053 -1.98378e-12 0)
(1.00053 -2.08715e-12 0)
(1.00053 -2.11793e-12 0)
(1.00053 -2.12341e-12 0)
(1.00053 -2.06886e-12 0)
(1.00053 -1.9713e-12 0)
(1.00053 -1.9113e-12 0)
(1.00053 -1.79965e-12 0)
(1.00053 -1.72297e-12 0)
(1.00053 -1.67521e-12 0)
(1.00053 -1.5936e-12 0)
(1.00053 -1.56573e-12 0)
(1.00053 -1.49162e-12 0)
(1.00053 -1.48111e-12 0)
(1.00053 -1.39794e-12 0)
(1.00053 -1.28509e-12 0)
(1.00053 -1.17135e-12 0)
(1.00053 -9.94753e-13 0)
(1.00053 -7.71194e-13 0)
(1.00053 -4.74411e-13 0)
(1.00053 -2.00871e-13 0)
(1.00053 1.38763e-13 0)
(1.00053 5.01349e-13 0)
(1.00053 8.56487e-13 0)
(1.00053 1.17886e-12 0)
(1.00053 1.4351e-12 0)
(1.00053 1.75052e-12 0)
(1.00053 1.85253e-12 0)
(1.00053 1.94895e-12 0)
(1.00053 1.97259e-12 0)
(1.00053 1.88276e-12 0)
(1.00053 1.71531e-12 0)
(1.00053 1.52847e-12 0)
(1.00053 1.2284e-12 0)
(1.00053 8.82473e-13 0)
(1.00053 4.83809e-13 0)
(1.00053 8.00626e-14 0)
(1 1.01286e-05 0)
(1 3.0096e-05 0)
(1.00001 5.04358e-05 0)
(1.00002 6.9564e-05 0)
(1.00003 8.62206e-05 0)
(1.00005 0.000101732 0)
(1.00007 0.000117603 0)
(1.00009 0.000132697 0)
(1.00011 0.000144372 0)
(1.00013 0.000151948 0)
(1.00016 0.000157862 0)
(1.00018 0.000165252 0)
(1.0002 0.000175103 0)
(1.00023 0.000185802 0)
(1.00026 0.000194587 0)
(1.00029 0.000199104 0)
(1.00031 0.000198208 0)
(1.00034 0.000192049 0)
(1.00037 0.000181691 0)
(1.00039 0.000168553 0)
(1.00041 0.000153966 0)
(1.00043 0.000138965 0)
(1.00045 0.000124264 0)
(1.00046 0.000110308 0)
(1.00047 9.73493e-05 0)
(1.00048 8.55034e-05 0)
(1.00049 7.48015e-05 0)
(1.00049 6.52209e-05 0)
(1.0005 5.67068e-05 0)
(1.0005 4.91856e-05 0)
(1.00051 4.25747e-05 0)
(1.00051 3.67881e-05 0)
(1.00051 3.17408e-05 0)
(1.00052 2.73514e-05 0)
(1.00052 2.35436e-05 0)
(1.00052 2.02474e-05 0)
(1.00052 1.73991e-05 0)
(1.00052 1.49415e-05 0)
(1.00052 1.28238e-05 0)
(1.00053 1.1001e-05 0)
(1.00053 9.43337e-06 0)
(1.00053 8.08629e-06 0)
(1.00053 6.9295e-06 0)
(1.00053 5.93667e-06 0)
(1.00053 5.08498e-06 0)
(1.00053 4.35466e-06 0)
(1.00053 3.72862e-06 0)
(1.00053 3.19215e-06 0)
(1.00053 2.73254e-06 0)
(1.00053 2.33887e-06 0)
(1.00053 2.00175e-06 0)
(1.00053 1.71308e-06 0)
(1.00053 1.46595e-06 0)
(1.00053 1.25441e-06 0)
(1.00053 1.07333e-06 0)
(1.00053 9.18363e-07 0)
(1.00053 7.85739e-07 0)
(1.00053 6.72247e-07 0)
(1.00053 5.75134e-07 0)
(1.00053 4.92038e-07 0)
(1.00053 4.2094e-07 0)
(1.00053 3.60109e-07 0)
(1.00053 3.08065e-07 0)
(1.00053 2.63539e-07 0)
(1.00053 2.25447e-07 0)
(1.00053 1.92858e-07 0)
(1.00053 1.64979e-07 0)
(1.00053 1.41129e-07 0)
(1.00053 1.20726e-07 0)
(1.00053 1.03272e-07 0)
(1.00053 8.83415e-08 0)
(1.00053 7.55693e-08 0)
(1.00053 6.46434e-08 0)
(1.00053 5.5297e-08 0)
(1.00053 4.73017e-08 0)
(1.00053 4.04624e-08 0)
(1.00053 3.4612e-08 0)
(1.00053 2.96076e-08 0)
(1.00053 2.53268e-08 0)
(1.00053 2.1665e-08 0)
(1.00053 1.85327e-08 0)
(1.00053 1.58532e-08 0)
(1.00053 1.35611e-08 0)
(1.00053 1.16005e-08 0)
(1.00053 9.92341e-09 0)
(1.00053 8.48889e-09 0)
(1.00053 7.26182e-09 0)
(1.00053 6.21215e-09 0)
(1.00053 5.31417e-09 0)
(1.00053 4.54595e-09 0)
(1.00053 3.88872e-09 0)
(1.00053 3.32647e-09 0)
(1.00053 2.84547e-09 0)
(1.00053 2.43401e-09 0)
(1.00053 2.08202e-09 0)
(1.00053 1.7809e-09 0)
(1.00053 1.52333e-09 0)
(1.00053 1.303e-09 0)
(1.00053 1.11452e-09 0)
(1.00053 9.53238e-10 0)
(1.00053 8.15227e-10 0)
(1.00053 6.97124e-10 0)
(1.00053 5.9606e-10 0)
(1.00053 5.09658e-10 0)
(1.00053 4.35828e-10 0)
(1.00053 3.72755e-10 0)
(1.00053 3.18901e-10 0)
(1.00053 2.72834e-10 0)
(1.00053 2.33363e-10 0)
(1.00053 1.99483e-10 0)
(1.00053 1.70358e-10 0)
(1.00053 1.45349e-10 0)
(1.00053 1.23904e-10 0)
(1.00053 1.05576e-10 0)
(1.00053 8.99402e-11 0)
(1.00053 7.66019e-11 0)
(1.00053 6.51833e-11 0)
(1.00053 5.5367e-11 0)
(1.00053 4.68809e-11 0)
(1.00053 3.95454e-11 0)
(1.00053 3.32191e-11 0)
(1.00053 2.78148e-11 0)
(1.00053 2.32564e-11 0)
(1.00053 1.94537e-11 0)
(1.00053 1.63273e-11 0)
(1.00053 1.37617e-11 0)
(1.00053 1.16848e-11 0)
(1.00053 9.98019e-12 0)
(1.00053 8.6262e-12 0)
(1.00053 7.54887e-12 0)
(1.00053 6.72262e-12 0)
(1.00053 6.13271e-12 0)
(1.00053 5.74853e-12 0)
(1.00053 5.54629e-12 0)
(1.00053 5.47524e-12 0)
(1.00053 5.49129e-12 0)
(1.00053 5.55532e-12 0)
(1.00053 5.61172e-12 0)
(1.00053 5.63889e-12 0)
(1.00053 5.60686e-12 0)
(1.00053 5.50396e-12 0)
(1.00053 5.32858e-12 0)
(1.00053 5.07389e-12 0)
(1.00053 4.7603e-12 0)
(1.00053 4.38399e-12 0)
(1.00053 3.97525e-12 0)
(1.00053 3.53334e-12 0)
(1.00053 3.08227e-12 0)
(1.00053 2.65104e-12 0)
(1.00053 2.22499e-12 0)
(1.00053 1.81637e-12 0)
(1.00053 1.44691e-12 0)
(1.00053 1.09242e-12 0)
(1.00053 7.73185e-13 0)
(1.00053 4.48835e-13 0)
(1.00053 1.21671e-13 0)
(1.00053 -1.78301e-13 0)
(1.00053 -4.88813e-13 0)
(1.00053 -7.82123e-13 0)
(1.00053 -1.07035e-12 0)
(1.00053 -1.34385e-12 0)
(1.00053 -1.57626e-12 0)
(1.00053 -1.75881e-12 0)
(1.00053 -1.89764e-12 0)
(1.00053 -1.9886e-12 0)
(1.00053 -2.01837e-12 0)
(1.00053 -2.00841e-12 0)
(1.00053 -1.96385e-12 0)
(1.00053 -1.87337e-12 0)
(1.00053 -1.82479e-12 0)
(1.00053 -1.74743e-12 0)
(1.00053 -1.6465e-12 0)
(1.00053 -1.62555e-12 0)
(1.00053 -1.55349e-12 0)
(1.00053 -1.5296e-12 0)
(1.00053 -1.46813e-12 0)
(1.00053 -1.42326e-12 0)
(1.00053 -1.37065e-12 0)
(1.00053 -1.26234e-12 0)
(1.00053 -1.11732e-12 0)
(1.00053 -9.4467e-13 0)
(1.00053 -7.40946e-13 0)
(1.00053 -4.37279e-13 0)
(1.00053 -1.75009e-13 0)
(1.00053 1.79787e-13 0)
(1.00053 4.89853e-13 0)
(1.00053 7.94478e-13 0)
(1.00053 1.1607e-12 0)
(1.00053 1.33771e-12 0)
(1.00053 1.60102e-12 0)
(1.00053 1.7386e-12 0)
(1.00053 1.81918e-12 0)
(1.00053 1.80457e-12 0)
(1.00053 1.7346e-12 0)
(1.00053 1.57668e-12 0)
(1.00053 1.36163e-12 0)
(1.00053 1.067e-12 0)
(1.00053 7.81009e-13 0)
(1.00053 4.26669e-13 0)
(1.00053 4.75102e-14 0)
(1 8.47619e-06 0)
(1 2.5189e-05 0)
(1.00001 4.22583e-05 0)
(1.00002 5.83601e-05 0)
(1.00003 7.24591e-05 0)
(1.00004 8.56938e-05 0)
(1.00006 9.93167e-05 0)
(1.00008 0.000112347 0)
(1.0001 0.000122601 0)
(1.00012 0.000129484 0)
(1.00014 0.000134913 0)
(1.00017 0.000141454 0)
(1.00019 0.000150016 0)
(1.00022 0.000159318 0)
(1.00024 0.000167026 0)
(1.00027 0.000171131 0)
(1.0003 0.000170669 0)
(1.00033 0.00016577 0)
(1.00035 0.00015731 0)
(1.00038 0.000146454 0)
(1.0004 0.000134302 0)
(1.00042 0.000121718 0)
(1.00043 0.000109302 0)
(1.00045 9.74362e-05 0)
(1.00046 8.63434e-05 0)
(1.00047 7.61359e-05 0)
(1.00048 6.68544e-05 0)
(1.00049 5.84942e-05 0)
(1.00049 5.10212e-05 0)
(1.0005 4.43839e-05 0)
(1.0005 3.85207e-05 0)
(1.00051 3.3365e-05 0)
(1.00051 2.88494e-05 0)
(1.00051 2.49076e-05 0)
(1.00052 2.14767e-05 0)
(1.00052 1.84977e-05 0)
(1.00052 1.59167e-05 0)
(1.00052 1.36846e-05 0)
(1.00052 1.17571e-05 0)
(1.00052 1.0095e-05 0)
(1.00052 8.6633e-06 0)
(1.00053 7.43128e-06 0)
(1.00053 6.37199e-06 0)
(1.00053 5.46188e-06 0)
(1.00053 4.68041e-06 0)
(1.00053 4.00976e-06 0)
(1.00053 3.43447e-06 0)
(1.00053 2.94119e-06 0)
(1.00053 2.51836e-06 0)
(1.00053 2.15602e-06 0)
(1.00053 1.8456e-06 0)
(1.00053 1.57971e-06 0)
(1.00053 1.35201e-06 0)
(1.00053 1.15705e-06 0)
(1.00053 9.90137e-07 0)
(1.00053 8.47255e-07 0)
(1.00053 7.24957e-07 0)
(1.00053 6.20287e-07 0)
(1.00053 5.30711e-07 0)
(1.00053 4.54057e-07 0)
(1.00053 3.88464e-07 0)
(1.00053 3.32339e-07 0)
(1.00053 2.84317e-07 0)
(1.00053 2.43231e-07 0)
(1.00053 2.08079e-07 0)
(1.00053 1.78004e-07 0)
(1.00053 1.52275e-07 0)
(1.00053 1.30263e-07 0)
(1.00053 1.11433e-07 0)
(1.00053 9.53238e-08 0)
(1.00053 8.15431e-08 0)
(1.00053 6.97544e-08 0)
(1.00053 5.96696e-08 0)
(1.00053 5.10425e-08 0)
(1.00053 4.36626e-08 0)
(1.00053 3.73497e-08 0)
(1.00053 3.19495e-08 0)
(1.00053 2.73301e-08 0)
(1.00053 2.33787e-08 0)
(1.00053 1.99986e-08 0)
(1.00053 1.71071e-08 0)
(1.00053 1.46337e-08 0)
(1.00053 1.2518e-08 0)
(1.00053 1.07082e-08 0)
(1.00053 9.16017e-09 0)
(1.00053 7.83604e-09 0)
(1.00053 6.70337e-09 0)
(1.00053 5.73441e-09 0)
(1.00053 4.90546e-09 0)
(1.00053 4.19628e-09 0)
(1.00053 3.58957e-09 0)
(1.00053 3.07056e-09 0)
(1.00053 2.6266e-09 0)
(1.00053 2.24681e-09 0)
(1.00053 1.92196e-09 0)
(1.00053 1.64405e-09 0)
(1.00053 1.40631e-09 0)
(1.00053 1.20293e-09 0)
(1.00053 1.02888e-09 0)
(1.00053 8.79945e-10 0)
(1.00053 7.52464e-10 0)
(1.00053 6.43388e-10 0)
(1.00053 5.50101e-10 0)
(1.00053 4.70361e-10 0)
(1.00053 4.02277e-10 0)
(1.00053 3.4413e-10 0)
(1.00053 2.9445e-10 0)
(1.00053 2.51942e-10 0)
(1.00053 2.15465e-10 0)
(1.00053 1.84158e-10 0)
(1.00053 1.57233e-10 0)
(1.00053 1.34134e-10 0)
(1.00053 1.14364e-10 0)
(1.00053 9.74827e-11 0)
(1.00053 8.30894e-11 0)
(1.00053 7.0795e-11 0)
(1.00053 6.02488e-11 0)
(1.00053 5.11549e-11 0)
(1.00053 4.32923e-11 0)
(1.00053 3.64878e-11 0)
(1.00053 3.0643e-11 0)
(1.00053 2.56585e-11 0)
(1.00053 2.14692e-11 0)
(1.00053 1.79842e-11 0)
(1.00053 1.51169e-11 0)
(1.00053 1.27681e-11 0)
(1.00053 1.08411e-11 0)
(1.00053 9.25782e-12 0)
(1.00053 7.97329e-12 0)
(1.00053 6.968e-12 0)
(1.00053 6.19116e-12 0)
(1.00053 5.64078e-12 0)
(1.00053 5.29877e-12 0)
(1.00053 5.10962e-12 0)
(1.00053 5.06047e-12 0)
(1.00053 5.08768e-12 0)
(1.00053 5.14007e-12 0)
(1.00053 5.18595e-12 0)
(1.00053 5.18986e-12 0)
(1.00053 5.14522e-12 0)
(1.00053 5.03327e-12 0)
(1.00053 4.84803e-12 0)
(1.00053 4.60957e-12 0)
(1.00053 4.30296e-12 0)
(1.00053 3.95784e-12 0)
(1.00053 3.59124e-12 0)
(1.00053 3.17533e-12 0)
(1.00053 2.78037e-12 0)
(1.00053 2.37506e-12 0)
(1.00053 1.98941e-12 0)
(1.00053 1.62616e-12 0)
(1.00053 1.27906e-12 0)
(1.00053 9.63754e-13 0)
(1.00053 6.63936e-13 0)
(1.00053 3.70225e-13 0)
(1.00053 7.91224e-14 0)
(1.00053 -1.91929e-13 0)
(1.00053 -4.7603e-13 0)
(1.00053 -7.44791e-13 0)
(1.00053 -1.00571e-12 0)
(1.00053 -1.25159e-12 0)
(1.00053 -1.4602e-12 0)
(1.00053 -1.63231e-12 0)
(1.00053 -1.75855e-12 0)
(1.00053 -1.84403e-12 0)
(1.00053 -1.86082e-12 0)
(1.00053 -1.85478e-12 0)
(1.00053 -1.82895e-12 0)
(1.00053 -1.75497e-12 0)
(1.00053 -1.69659e-12 0)
(1.00053 -1.64324e-12 0)
(1.00053 -1.56667e-12 0)
(1.00053 -1.52798e-12 0)
(1.00053 -1.50012e-12 0)
(1.00053 -1.44791e-12 0)
(1.00053 -1.43005e-12 0)
(1.00053 -1.35977e-12 0)
(1.00053 -1.30542e-12 0)
(1.00053 -1.20732e-12 0)
(1.00053 -1.03778e-12 0)
(1.00053 -8.82958e-13 0)
(1.00053 -6.67242e-13 0)
(1.00053 -4.20694e-13 0)
(1.00053 -1.26995e-13 0)
(1.00053 1.71047e-13 0)
(1.00053 4.60762e-13 0)
(1.00053 7.6167e-13 0)
(1.00053 1.03785e-12 0)
(1.00053 1.2565e-12 0)
(1.00053 1.46389e-12 0)
(1.00053 1.523e-12 0)
(1.00053 1.6183e-12 0)
(1.00053 1.59478e-12 0)
(1.00053 1.51303e-12 0)
(1.00053 1.35612e-12 0)
(1.00053 1.14076e-12 0)
(1.00053 8.94441e-13 0)
(1.00053 6.37465e-13 0)
(1.00053 3.0818e-13 0)
(1.00053 1.68177e-15 0)
(1 6.96835e-06 0)
(1 2.07122e-05 0)
(1.00001 3.47738e-05 0)
(1.00002 4.80735e-05 0)
(1.00003 5.97658e-05 0)
(1.00004 7.08042e-05 0)
(1.00006 8.22263e-05 0)
(1.00007 9.321e-05 0)
(1.00009 0.00010196 0)
(1.00011 0.000107977 0)
(1.00014 0.000112773 0)
(1.00016 0.000118416 0)
(1.00018 0.000125684 0)
(1.00021 0.000133571 0)
(1.00023 0.000140158 0)
(1.00026 0.000143767 0)
(1.00029 0.000143595 0)
(1.00031 0.00013975 0)
(1.00034 0.000132946 0)
(1.00036 0.000124127 0)
(1.00038 0.000114188 0)
(1.0004 0.000103836 0)
(1.00042 9.35658e-05 0)
(1.00044 8.36971e-05 0)
(1.00045 7.44201e-05 0)
(1.00046 6.58367e-05 0)
(1.00047 5.79903e-05 0)
(1.00048 5.08862e-05 0)
(1.00049 4.45051e-05 0)
(1.00049 3.88118e-05 0)
(1.0005 3.37611e-05 0)
(1.0005 2.93027e-05 0)
(1.00051 2.53839e-05 0)
(1.00051 2.1952e-05 0)
(1.00051 1.89563e-05 0)
(1.00052 1.63485e-05 0)
(1.00052 1.40838e-05 0)
(1.00052 1.21212e-05 0)
(1.00052 1.04234e-05 0)
(1.00052 8.95695e-06 0)
(1.00052 7.692e-06 0)
(1.00052 6.60214e-06 0)
(1.00053 5.66406e-06 0)
(1.00053 4.85731e-06 0)
(1.00053 4.16402e-06 0)
(1.00053 3.56861e-06 0)
(1.00053 3.05755e-06 0)
(1.00053 2.61909e-06 0)
(1.00053 2.24308e-06 0)
(1.00053 1.92073e-06 0)
(1.00053 1.64447e-06 0)
(1.00053 1.40777e-06 0)
(1.00053 1.20501e-06 0)
(1.00053 1.03136e-06 0)
(1.00053 8.8266e-07 0)
(1.00053 7.5535e-07 0)
(1.00053 6.46364e-07 0)
(1.00053 5.53076e-07 0)
(1.00053 4.73231e-07 0)
(1.00053 4.04897e-07 0)
(1.00053 3.4642e-07 0)
(1.00053 2.96379e-07 0)
(1.00053 2.53561e-07 0)
(1.00053 2.16925e-07 0)
(1.00053 1.85578e-07 0)
(1.00053 1.58759e-07 0)
(1.00053 1.35814e-07 0)
(1.00053 1.16183e-07 0)
(1.00053 9.93895e-08 0)
(1.00053 8.50224e-08 0)
(1.00053 7.27316e-08 0)
(1.00053 6.22171e-08 0)
(1.00053 5.32223e-08 0)
(1.00053 4.55276e-08 0)
(1.00053 3.89453e-08 0)
(1.00053 3.33146e-08 0)
(1.00053 2.8498e-08 0)
(1.00053 2.43777e-08 0)
(1.00053 2.08532e-08 0)
(1.00053 1.78382e-08 0)
(1.00053 1.5259e-08 0)
(1.00053 1.30528e-08 0)
(1.00053 1.11656e-08 0)
(1.00053 9.55143e-09 0)
(1.00053 8.1707e-09 0)
(1.00053 6.98964e-09 0)
(1.00053 5.97928e-09 0)
(1.00053 5.11494e-09 0)
(1.00053 4.37549e-09 0)
(1.00053 3.74289e-09 0)
(1.00053 3.20173e-09 0)
(1.00053 2.73881e-09 0)
(1.00053 2.34286e-09 0)
(1.00053 2.00416e-09 0)
(1.00053 1.71442e-09 0)
(1.00053 1.46657e-09 0)
(1.00053 1.25451e-09 0)
(1.00053 1.07306e-09 0)
(1.00053 9.17783e-10 0)
(1.00053 7.84872e-10 0)
(1.00053 6.71119e-10 0)
(1.00053 5.73783e-10 0)
(1.00053 4.9058e-10 0)
(1.00053 4.1951e-10 0)
(1.00053 3.58827e-10 0)
(1.00053 3.07021e-10 0)
(1.00053 2.62731e-10 0)
(1.00053 2.24808e-10 0)
(1.00053 1.92241e-10 0)
(1.00053 1.64252e-10 0)
(1.00053 1.40214e-10 0)
(1.00053 1.19612e-10 0)
(1.00053 1.02003e-10 0)
(1.00053 8.69945e-11 0)
(1.00053 7.41877e-11 0)
(1.00053 6.3238e-11 0)
(1.00053 5.38227e-11 0)
(1.00053 4.56709e-11 0)
(1.00053 3.8606e-11 0)
(1.00053 3.25126e-11 0)
(1.00053 2.7295e-11 0)
(1.00053 2.28681e-11 0)
(1.00053 1.91683e-11 0)
(1.00053 1.61011e-11 0)
(1.00053 1.35638e-11 0)
(1.00053 1.14773e-11 0)
(1.00053 9.72794e-12 0)
(1.00053 8.29921e-12 0)
(1.00053 7.13046e-12 0)
(1.00053 6.19948e-12 0)
(1.00053 5.51308e-12 0)
(1.00053 5.01404e-12 0)
(1.00053 4.71704e-12 0)
(1.00053 4.56092e-12 0)
(1.00053 4.51495e-12 0)
(1.00053 4.54122e-12 0)
(1.00053 4.57255e-12 0)
(1.00053 4.59259e-12 0)
(1.00053 4.58101e-12 0)
(1.00053 4.51348e-12 0)
(1.00053 4.3999e-12 0)
(1.00053 4.2246e-12 0)
(1.00053 4.00307e-12 0)
(1.00053 3.73417e-12 0)
(1.00053 3.43218e-12 0)
(1.00053 3.11444e-12 0)
(1.00053 2.75225e-12 0)
(1.00053 2.39353e-12 0)
(1.00053 2.03941e-12 0)
(1.00053 1.69277e-12 0)
(1.00053 1.37479e-12 0)
(1.00053 1.06766e-12 0)
(1.00053 7.87224e-13 0)
(1.00053 5.19669e-13 0)
(1.00053 2.62236e-13 0)
(1.00053 2.30282e-14 0)
(1.00053 -2.18831e-13 0)
(1.00053 -4.58346e-13 0)
(1.00053 -6.95009e-13 0)
(1.00053 -9.23045e-13 0)
(1.00053 -1.13519e-12 0)
(1.00053 -1.31364e-12 0)
(1.00053 -1.45848e-12 0)
(1.00053 -1.56813e-12 0)
(1.00053 -1.63777e-12 0)
(1.00053 -1.64495e-12 0)
(1.00053 -1.6535e-12 0)
(1.00053 -1.63911e-12 0)
(1.00053 -1.57395e-12 0)
(1.00053 -1.51592e-12 0)
(1.00053 -1.47975e-12 0)
(1.00053 -1.44679e-12 0)
(1.00053 -1.3772e-12 0)
(1.00053 -1.38437e-12 0)
(1.00053 -1.34058e-12 0)
(1.00053 -1.32146e-12 0)
(1.00053 -1.27046e-12 0)
(1.00053 -1.19252e-12 0)
(1.00053 -1.12101e-12 0)
(1.00053 -9.57427e-13 0)
(1.00053 -7.89966e-13 0)
(1.00053 -5.92004e-13 0)
(1.00053 -3.76549e-13 0)
(1.00053 -8.80664e-14 0)
(1.00053 1.68671e-13 0)
(1.00053 4.08601e-13 0)
(1.00053 6.89832e-13 0)
(1.00053 9.22779e-13 0)
(1.00053 1.07021e-12 0)
(1.00053 1.2732e-12 0)
(1.00053 1.32128e-12 0)
(1.00053 1.35719e-12 0)
(1.00053 1.3184e-12 0)
(1.00053 1.22377e-12 0)
(1.00053 1.07129e-12 0)
(1.00053 9.51594e-13 0)
(1.00053 6.82842e-13 0)
(1.00053 4.59141e-13 0)
(1.00053 2.2987e-13 0)
(1.00053 -3.6849e-14 0)
(1 5.57027e-06 0)
(1 1.65606e-05 0)
(1.00001 2.78175e-05 0)
(1.00002 3.84883e-05 0)
(1.00003 4.78978e-05 0)
(1.00004 5.68205e-05 0)
(1.00005 6.60892e-05 0)
(1.00007 7.50406e-05 0)
(1.00009 8.22348e-05 0)
(1.00011 8.72668e-05 0)
(1.00013 9.13193e-05 0)
(1.00015 9.60164e-05 0)
(1.00017 0.000101986 0)
(1.0002 0.00010845 0)
(1.00022 0.000113879 0)
(1.00025 0.00011692 0)
(1.00028 0.000116924 0)
(1.0003 0.000113973 0)
(1.00033 0.000108636 0)
(1.00035 0.000101661 0)
(1.00037 9.37569e-05 0)
(1.00039 8.54853e-05 0)
(1.00041 7.72431e-05 0)
(1.00043 6.92881e-05 0)
(1.00044 6.17768e-05 0)
(1.00045 5.47964e-05 0)
(1.00046 4.83876e-05 0)
(1.00047 4.2561e-05 0)
(1.00048 3.73065e-05 0)
(1.00049 3.26008e-05 0)
(1.00049 2.84117e-05 0)
(1.0005 2.4702e-05 0)
(1.0005 2.14316e-05 0)
(1.00051 1.85599e-05 0)
(1.00051 1.60472e-05 0)
(1.00051 1.3855e-05 0)
(1.00052 1.19475e-05 0)
(1.00052 1.02916e-05 0)
(1.00052 8.85695e-06 0)
(1.00052 7.61606e-06 0)
(1.00052 6.54439e-06 0)
(1.00052 5.62007e-06 0)
(1.00052 4.82374e-06 0)
(1.00053 4.13833e-06 0)
(1.00053 3.5489e-06 0)
(1.00053 3.04237e-06 0)
(1.00053 2.60736e-06 0)
(1.00053 2.23397e-06 0)
(1.00053 1.91363e-06 0)
(1.00053 1.6389e-06 0)
(1.00053 1.40339e-06 0)
(1.00053 1.20154e-06 0)
(1.00053 1.0286e-06 0)
(1.00053 8.80454e-07 0)
(1.00053 7.53577e-07 0)
(1.00053 6.44932e-07 0)
(1.00053 5.51913e-07 0)
(1.00053 4.72282e-07 0)
(1.00053 4.04119e-07 0)
(1.00053 3.45779e-07 0)
(1.00053 2.9585e-07 0)
(1.00053 2.53122e-07 0)
(1.00053 2.16559e-07 0)
(1.00053 1.85273e-07 0)
(1.00053 1.58503e-07 0)
(1.00053 1.35599e-07 0)
(1.00053 1.16003e-07 0)
(1.00053 9.92372e-08 0)
(1.00053 8.48938e-08 0)
(1.00053 7.26227e-08 0)
(1.00053 6.21249e-08 0)
(1.00053 5.3144e-08 0)
(1.00053 4.54611e-08 0)
(1.00053 3.88886e-08 0)
(1.00053 3.32663e-08 0)
(1.00053 2.84568e-08 0)
(1.00053 2.43427e-08 0)
(1.00053 2.08233e-08 0)
(1.00053 1.78126e-08 0)
(1.00053 1.52372e-08 0)
(1.00053 1.3034e-08 0)
(1.00053 1.11495e-08 0)
(1.00053 9.53753e-09 0)
(1.00053 8.15876e-09 0)
(1.00053 6.97939e-09 0)
(1.00053 5.97052e-09 0)
(1.00053 5.10747e-09 0)
(1.00053 4.3691e-09 0)
(1.00053 3.73741e-09 0)
(1.00053 3.19704e-09 0)
(1.00053 2.73481e-09 0)
(1.00053 2.33943e-09 0)
(1.00053 2.00124e-09 0)
(1.00053 1.71197e-09 0)
(1.00053 1.46451e-09 0)
(1.00053 1.2528e-09 0)
(1.00053 1.07165e-09 0)
(1.00053 9.16632e-10 0)
(1.00053 7.83951e-10 0)
(1.00053 6.7038e-10 0)
(1.00053 5.73196e-10 0)
(1.00053 4.90071e-10 0)
(1.00053 4.19008e-10 0)
(1.00053 3.58353e-10 0)
(1.00053 3.06567e-10 0)
(1.00053 2.62336e-10 0)
(1.00053 2.24513e-10 0)
(1.00053 1.92077e-10 0)
(1.00053 1.64231e-10 0)
(1.00053 1.40285e-10 0)
(1.00053 1.19732e-10 0)
(1.00053 1.02144e-10 0)
(1.00053 8.71259e-11 0)
(1.00053 7.43347e-11 0)
(1.00053 6.34392e-11 0)
(1.00053 5.40873e-11 0)
(1.00053 4.60312e-11 0)
(1.00053 3.90495e-11 0)
(1.00053 3.29872e-11 0)
(1.00053 2.776e-11 0)
(1.00053 2.32972e-11 0)
(1.00053 1.954e-11 0)
(1.00053 1.64048e-11 0)
(1.00053 1.38145e-11 0)
(1.00053 1.16737e-11 0)
(1.00053 9.8922e-12 0)
(1.00053 8.40173e-12 0)
(1.00053 7.15959e-12 0)
(1.00053 6.13531e-12 0)
(1.00053 5.32403e-12 0)
(1.00053 4.70484e-12 0)
(1.00053 4.28145e-12 0)
(1.00053 4.02593e-12 0)
(1.00053 3.89873e-12 0)
(1.00053 3.86154e-12 0)
(1.00053 3.87592e-12 0)
(1.00053 3.88398e-12 0)
(1.00053 3.88236e-12 0)
(1.00053 3.84473e-12 0)
(1.00053 3.76558e-12 0)
(1.00053 3.65554e-12 0)
(1.00053 3.49063e-12 0)
(1.00053 3.305e-12 0)
(1.00053 3.07368e-12 0)
(1.00053 2.83778e-12 0)
(1.00053 2.55806e-12 0)
(1.00053 2.26616e-12 0)
(1.00053 1.972e-12 0)
(1.00053 1.66715e-12 0)
(1.00053 1.3844e-12 0)
(1.00053 1.11211e-12 0)
(1.00053 8.55971e-13 0)
(1.00053 6.11132e-13 0)
(1.00053 3.93723e-13 0)
(1.00053 1.8305e-13 0)
(1.00053 -1.37559e-14 0)
(1.00053 -2.13921e-13 0)
(1.00053 -4.20665e-13 0)
(1.00053 -6.17639e-13 0)
(1.00053 -8.08964e-13 0)
(1.00053 -9.86227e-13 0)
(1.00053 -1.14166e-12 0)
(1.00053 -1.26623e-12 0)
(1.00053 -1.35463e-12 0)
(1.00053 -1.40526e-12 0)
(1.00053 -1.43529e-12 0)
(1.00053 -1.43943e-12 0)
(1.00053 -1.42068e-12 0)
(1.00053 -1.39173e-12 0)
(1.00053 -1.34217e-12 0)
(1.00053 -1.31703e-12 0)
(1.00053 -1.30229e-12 0)
(1.00053 -1.25805e-12 0)
(1.00053 -1.24989e-12 0)
(1.00053 -1.22647e-12 0)
(1.00053 -1.19892e-12 0)
(1.00053 -1.13904e-12 0)
(1.00053 -1.0686e-12 0)
(1.00053 -9.89803e-13 0)
(1.00053 -8.67754e-13 0)
(1.00053 -6.9763e-13 0)
(1.00053 -5.13396e-13 0)
(1.00053 -3.31718e-13 0)
(1.00053 -6.28805e-14 0)
(1.00053 1.37226e-13 0)
(1.00053 3.96601e-13 0)
(1.00053 5.704e-13 0)
(1.00053 7.42572e-13 0)
(1.00053 9.08229e-13 0)
(1.00053 1.00104e-12 0)
(1.00053 1.03632e-12 0)
(1.00053 1.06797e-12 0)
(1.00053 9.95722e-13 0)
(1.00053 9.44073e-13 0)
(1.00053 7.89404e-13 0)
(1.00053 6.2829e-13 0)
(1.00053 4.75074e-13 0)
(1.00053 2.84106e-13 0)
(1.00053 7.40941e-14 0)
(1.00053 -8.44815e-14 0)
(1 4.25462e-06 0)
(1 1.26516e-05 0)
(1.00001 2.12592e-05 0)
(1.00001 2.94324e-05 0)
(1.00002 3.66564e-05 0)
(1.00004 4.35284e-05 0)
(1.00005 5.06869e-05 0)
(1.00007 5.76236e-05 0)
(1.00008 6.32349e-05 0)
(1.0001 6.72085e-05 0)
(1.00012 7.04353e-05 0)
(1.00015 7.41396e-05 0)
(1.00017 7.87999e-05 0)
(1.00019 8.38333e-05 0)
(1.00022 8.80786e-05 0)
(1.00024 9.04973e-05 0)
(1.00027 9.0587e-05 0)
(1.0003 8.84096e-05 0)
(1.00032 8.43967e-05 0)
(1.00034 7.91165e-05 0)
(1.00037 7.31069e-05 0)
(1.00039 6.67951e-05 0)
(1.0004 6.04841e-05 0)
(1.00042 5.43721e-05 0)
(1.00043 4.85812e-05 0)
(1.00045 4.31809e-05 0)
(1.00046 3.82062e-05 0)
(1.00047 3.36686e-05 0)
(1.00048 2.95637e-05 0)
(1.00048 2.58767e-05 0)
(1.00049 2.25854e-05 0)
(1.0005 1.96632e-05 0)
(1.0005 1.70811e-05 0)
(1.0005 1.4809e-05 0)
(1.00051 1.28169e-05 0)
(1.00051 1.1076e-05 0)
(1.00051 9.55883e-06 0)
(1.00052 8.23985e-06 0)
(1.00052 7.09565e-06 0)
(1.00052 6.10492e-06 0)
(1.00052 5.24845e-06 0)
(1.00052 4.5091e-06 0)
(1.00052 3.87164e-06 0)
(1.00052 3.32261e-06 0)
(1.00053 2.85018e-06 0)
(1.00053 2.44398e-06 0)
(1.00053 2.09499e-06 0)
(1.00053 1.79531e-06 0)
(1.00053 1.53812e-06 0)
(1.00053 1.3175e-06 0)
(1.00053 1.12831e-06 0)
(1.00053 9.66127e-07 0)
(1.00053 8.27145e-07 0)
(1.00053 7.08072e-07 0)
(1.00053 6.06077e-07 0)
(1.00053 5.18729e-07 0)
(1.00053 4.43935e-07 0)
(1.00053 3.799e-07 0)
(1.00053 3.25083e-07 0)
(1.00053 2.78162e-07 0)
(1.00053 2.38003e-07 0)
(1.00053 2.03635e-07 0)
(1.00053 1.74224e-07 0)
(1.00053 1.49057e-07 0)
(1.00053 1.27522e-07 0)
(1.00053 1.09096e-07 0)
(1.00053 9.33313e-08 0)
(1.00053 7.98432e-08 0)
(1.00053 6.83035e-08 0)
(1.00053 5.84309e-08 0)
(1.00053 4.99848e-08 0)
(1.00053 4.27591e-08 0)
(1.00053 3.65776e-08 0)
(1.00053 3.12897e-08 0)
(1.00053 2.67661e-08 0)
(1.00053 2.28965e-08 0)
(1.00053 1.95862e-08 0)
(1.00053 1.67545e-08 0)
(1.00053 1.43321e-08 0)
(1.00053 1.22598e-08 0)
(1.00053 1.04872e-08 0)
(1.00053 8.97091e-09 0)
(1.00053 7.67394e-09 0)
(1.00053 6.56458e-09 0)
(1.00053 5.61562e-09 0)
(1.00053 4.80384e-09 0)
(1.00053 4.10937e-09 0)
(1.00053 3.51525e-09 0)
(1.00053 3.00701e-09 0)
(1.00053 2.57226e-09 0)
(1.00053 2.20039e-09 0)
(1.00053 1.88231e-09 0)
(1.00053 1.61021e-09 0)
(1.00053 1.37746e-09 0)
(1.00053 1.17834e-09 0)
(1.00053 1.00799e-09 0)
(1.00053 8.62233e-10 0)
(1.00053 7.37493e-10 0)
(1.00053 6.30728e-10 0)
(1.00053 5.39347e-10 0)
(1.00053 4.61142e-10 0)
(1.00053 3.94278e-10 0)
(1.00053 3.37153e-10 0)
(1.00053 2.88379e-10 0)
(1.00053 2.46754e-10 0)
(1.00053 2.11185e-10 0)
(1.00053 1.80743e-10 0)
(1.00053 1.54611e-10 0)
(1.00053 1.3216e-10 0)
(1.00053 1.12862e-10 0)
(1.00053 9.63128e-11 0)
(1.00053 8.21772e-11 0)
(1.00053 7.01335e-11 0)
(1.00053 5.98693e-11 0)
(1.00053 5.11112e-11 0)
(1.00053 4.35871e-11 0)
(1.00053 3.70746e-11 0)
(1.00053 3.14303e-11 0)
(1.00053 2.65303e-11 0)
(1.00053 2.23272e-11 0)
(1.00053 1.87528e-11 0)
(1.00053 1.57609e-11 0)
(1.00053 1.32741e-11 0)
(1.00053 1.12076e-11 0)
(1.00053 9.50001e-12 0)
(1.00053 8.05213e-12 0)
(1.00053 6.83108e-12 0)
(1.00053 5.80438e-12 0)
(1.00053 4.95218e-12 0)
(1.00053 4.28617e-12 0)
(1.00053 3.77963e-12 0)
(1.00053 3.44646e-12 0)
(1.00053 3.25443e-12 0)
(1.00053 3.14722e-12 0)
(1.00053 3.10608e-12 0)
(1.00053 3.09349e-12 0)
(1.00053 3.07462e-12 0)
(1.00053 3.03116e-12 0)
(1.00053 2.96021e-12 0)
(1.00053 2.87863e-12 0)
(1.00053 2.76996e-12 0)
(1.00053 2.63716e-12 0)
(1.00053 2.49141e-12 0)
(1.00053 2.3181e-12 0)
(1.00053 2.14195e-12 0)
(1.00053 1.92746e-12 0)
(1.00053 1.6944e-12 0)
(1.00053 1.45851e-12 0)
(1.00053 1.2136e-12 0)
(1.00053 9.79733e-13 0)
(1.00053 7.63391e-13 0)
(1.00053 5.53151e-13 0)
(1.00053 3.68268e-13 0)
(1.00053 1.98147e-13 0)
(1.00053 3.91465e-14 0)
(1.00053 -1.00532e-13 0)
(1.00053 -2.43538e-13 0)
(1.00053 -3.97231e-13 0)
(1.00053 -5.31015e-13 0)
(1.00053 -6.73944e-13 0)
(1.00053 -8.10415e-13 0)
(1.00053 -9.15979e-13 0)
(1.00053 -1.01059e-12 0)
(1.00053 -1.07703e-12 0)
(1.00053 -1.10981e-12 0)
(1.00053 -1.1521e-12 0)
(1.00053 -1.13845e-12 0)
(1.00053 -1.13077e-12 0)
(1.00053 -1.13729e-12 0)
(1.00053 -1.08934e-12 0)
(1.00053 -1.09221e-12 0)
(1.00053 -1.08383e-12 0)
(1.00053 -1.09088e-12 0)
(1.00053 -1.08113e-12 0)
(1.00053 -1.05508e-12 0)
(1.00053 -1.06603e-12 0)
(1.00053 -9.92858e-13 0)
(1.00053 -9.29855e-13 0)
(1.00053 -8.46765e-13 0)
(1.00053 -7.24765e-13 0)
(1.00053 -6.02653e-13 0)
(1.00053 -3.89955e-13 0)
(1.00053 -2.72188e-13 0)
(1.00053 -7.64877e-14 0)
(1.00053 1.32296e-13 0)
(1.00053 2.68977e-13 0)
(1.00053 4.77706e-13 0)
(1.00053 5.78476e-13 0)
(1.00053 6.40833e-13 0)
(1.00053 7.62115e-13 0)
(1.00053 7.19301e-13 0)
(1.00053 7.23304e-13 0)
(1.00053 6.50681e-13 0)
(1.00053 5.31807e-13 0)
(1.00053 4.32241e-13 0)
(1.00053 3.46652e-13 0)
(1.00053 1.74243e-13 0)
(1.00053 7.84589e-14 0)
(1.00053 -4.85567e-14 0)
(1.00053 -1.49105e-13 0)
(1 2.99882e-06 0)
(1 8.91868e-06 0)
(1.00001 1.49905e-05 0)
(1.00001 2.07625e-05 0)
(1.00002 2.58731e-05 0)
(1.00004 3.07453e-05 0)
(1.00005 3.58306e-05 0)
(1.00006 4.07705e-05 0)
(1.00008 4.47851e-05 0)
(1.0001 4.76522e-05 0)
(1.00012 4.99946e-05 0)
(1.00014 5.26676e-05 0)
(1.00016 5.60068e-05 0)
(1.00019 5.96056e-05 0)
(1.00021 6.26494e-05 0)
(1.00024 6.44047e-05 0)
(1.00026 6.45142e-05 0)
(1.00029 6.30202e-05 0)
(1.00032 6.02258e-05 0)
(1.00034 5.653e-05 0)
(1.00036 5.23101e-05 0)
(1.00038 4.7866e-05 0)
(1.0004 4.34113e-05 0)
(1.00041 3.90862e-05 0)
(1.00043 3.4978e-05 0)
(1.00044 3.11373e-05 0)
(1.00045 2.75904e-05 0)
(1.00046 2.43473e-05 0)
(1.00047 2.14067e-05 0)
(1.00048 1.87597e-05 0)
(1.00049 1.63919e-05 0)
(1.00049 1.42857e-05 0)
(1.0005 1.24213e-05 0)
(1.0005 1.07781e-05 0)
(1.00051 9.33538e-06 0)
(1.00051 8.07285e-06 0)
(1.00051 6.97127e-06 0)
(1.00052 6.01259e-06 0)
(1.00052 5.18015e-06 0)
(1.00052 4.45875e-06 0)
(1.00052 3.83465e-06 0)
(1.00052 3.29554e-06 0)
(1.00052 2.83046e-06 0)
(1.00052 2.42968e-06 0)
(1.00053 2.08467e-06 0)
(1.00053 1.78792e-06 0)
(1.00053 1.53286e-06 0)
(1.00053 1.31379e-06 0)
(1.00053 1.12572e-06 0)
(1.00053 9.64353e-07 0)
(1.00053 8.25952e-07 0)
(1.00053 7.07291e-07 0)
(1.00053 6.05586e-07 0)
(1.00053 5.1844e-07 0)
(1.00053 4.43785e-07 0)
(1.00053 3.79844e-07 0)
(1.00053 3.25088e-07 0)
(1.00053 2.78206e-07 0)
(1.00053 2.38069e-07 0)
(1.00053 2.03713e-07 0)
(1.00053 1.74306e-07 0)
(1.00053 1.49139e-07 0)
(1.00053 1.27601e-07 0)
(1.00053 1.0917e-07 0)
(1.00053 9.33993e-08 0)
(1.00053 7.99048e-08 0)
(1.00053 6.83588e-08 0)
(1.00053 5.84802e-08 0)
(1.00053 5.00284e-08 0)
(1.00053 4.27975e-08 0)
(1.00053 3.66112e-08 0)
(1.00053 3.13189e-08 0)
(1.00053 2.67914e-08 0)
(1.00053 2.29183e-08 0)
(1.00053 1.96051e-08 0)
(1.00053 1.67708e-08 0)
(1.00053 1.43462e-08 0)
(1.00053 1.2272e-08 0)
(1.00053 1.04976e-08 0)
(1.00053 8.97968e-09 0)
(1.00053 7.68132e-09 0)
(1.00053 6.57075e-09 0)
(1.00053 5.62081e-09 0)
(1.00053 4.80826e-09 0)
(1.00053 4.11317e-09 0)
(1.00053 3.5185e-09 0)
(1.00053 3.00977e-09 0)
(1.00053 2.57457e-09 0)
(1.00053 2.20232e-09 0)
(1.00053 1.88392e-09 0)
(1.00053 1.61159e-09 0)
(1.00053 1.37865e-09 0)
(1.00053 1.17936e-09 0)
(1.00053 1.00888e-09 0)
(1.00053 8.63023e-10 0)
(1.00053 7.38231e-10 0)
(1.00053 6.31462e-10 0)
(1.00053 5.40102e-10 0)
(1.00053 4.61915e-10 0)
(1.00053 3.94997e-10 0)
(1.00053 3.37758e-10 0)
(1.00053 2.88807e-10 0)
(1.00053 2.47002e-10 0)
(1.00053 2.11308e-10 0)
(1.00053 1.80838e-10 0)
(1.00053 1.54777e-10 0)
(1.00053 1.32438e-10 0)
(1.00053 1.13267e-10 0)
(1.00053 9.67789e-11 0)
(1.00053 8.26213e-11 0)
(1.00053 7.05027e-11 0)
(1.00053 6.01715e-11 0)
(1.00053 5.13892e-11 0)
(1.00053 4.39056e-11 0)
(1.00053 3.74943e-11 0)
(1.00053 3.19816e-11 0)
(1.00053 2.7193e-11 0)
(1.00053 2.30303e-11 0)
(1.00053 1.94248e-11 0)
(1.00053 1.63485e-11 0)
(1.00053 1.37648e-11 0)
(1.00053 1.16021e-11 0)
(1.00053 9.8221e-12 0)
(1.00053 8.33731e-12 0)
(1.00053 7.09731e-12 0)
(1.00053 6.0373e-12 0)
(1.00053 5.11837e-12 0)
(1.00053 4.33447e-12 0)
(1.00053 3.67499e-12 0)
(1.00053 3.15662e-12 0)
(1.00053 2.77824e-12 0)
(1.00053 2.51699e-12 0)
(1.00053 2.37141e-12 0)
(1.00053 2.27963e-12 0)
(1.00053 2.23506e-12 0)
(1.00053 2.19842e-12 0)
(1.00053 2.16167e-12 0)
(1.00053 2.10671e-12 0)
(1.00053 2.02742e-12 0)
(1.00053 1.95124e-12 0)
(1.00053 1.85438e-12 0)
(1.00053 1.77039e-12 0)
(1.00053 1.66704e-12 0)
(1.00053 1.56202e-12 0)
(1.00053 1.44329e-12 0)
(1.00053 1.30687e-12 0)
(1.00053 1.15358e-12 0)
(1.00053 9.90227e-13 0)
(1.00053 8.20491e-13 0)
(1.00053 6.54795e-13 0)
(1.00053 4.93238e-13 0)
(1.00053 3.25696e-13 0)
(1.00053 1.96611e-13 0)
(1.00053 6.53547e-14 0)
(1.00053 -4.26262e-14 0)
(1.00053 -1.38768e-13 0)
(1.00053 -2.32369e-13 0)
(1.00053 -3.29513e-13 0)
(1.00053 -4.46593e-13 0)
(1.00053 -5.3911e-13 0)
(1.00053 -6.36403e-13 0)
(1.00053 -7.20997e-13 0)
(1.00053 -7.94421e-13 0)
(1.00053 -8.54731e-13 0)
(1.00053 -8.65978e-13 0)
(1.00053 -9.02248e-13 0)
(1.00053 -8.94193e-13 0)
(1.00053 -8.87848e-13 0)
(1.00053 -9.0372e-13 0)
(1.00053 -8.71223e-13 0)
(1.00053 -9.00413e-13 0)
(1.00053 -8.84705e-13 0)
(1.00053 -8.9534e-13 0)
(1.00053 -9.01936e-13 0)
(1.00053 -8.69717e-13 0)
(1.00053 -8.54272e-13 0)
(1.00053 -8.42611e-13 0)
(1.00053 -7.51098e-13 0)
(1.00053 -6.862e-13 0)
(1.00053 -5.8647e-13 0)
(1.00053 -4.4749e-13 0)
(1.00053 -3.27048e-13 0)
(1.00053 -1.30885e-13 0)
(1.00053 -6.0484e-14 0)
(1.00053 1.0301e-13 0)
(1.00053 2.29469e-13 0)
(1.00053 3.09895e-13 0)
(1.00053 4.12279e-13 0)
(1.00053 3.81933e-13 0)
(1.00053 4.41213e-13 0)
(1.00053 3.9439e-13 0)
(1.00053 3.44344e-13 0)
(1.00053 2.86139e-13 0)
(1.00053 2.0731e-13 0)
(1.00053 6.23748e-14 0)
(1.00053 9.96714e-15 0)
(1.00053 -6.98207e-14 0)
(1.00053 -1.20992e-13 0)
(1.00053 -1.7933e-13 0)
(1.00053 -1.85002e-13 0)
(1 1.78363e-06 0)
(1 5.30512e-06 0)
(1.00001 8.91837e-06 0)
(1.00001 1.23557e-05 0)
(1.00002 1.54027e-05 0)
(1.00003 1.83114e-05 0)
(1.00005 2.13513e-05 0)
(1.00006 2.43089e-05 0)
(1.00008 2.67196e-05 0)
(1.0001 2.84505e-05 0)
(1.00012 2.98702e-05 0)
(1.00014 3.14848e-05 0)
(1.00016 3.34928e-05 0)
(1.00018 3.56537e-05 0)
(1.00021 3.74843e-05 0)
(1.00023 3.85483e-05 0)
(1.00026 3.86319e-05 0)
(1.00029 3.77595e-05 0)
(1.00031 3.61111e-05 0)
(1.00033 3.39234e-05 0)
(1.00036 3.14201e-05 0)
(1.00038 2.87792e-05 0)
(1.00039 2.61275e-05 0)
(1.00041 2.35489e-05 0)
(1.00043 2.10954e-05 0)
(1.00044 1.87979e-05 0)
(1.00045 1.66726e-05 0)
(1.00046 1.47264e-05 0)
(1.00047 1.29589e-05 0)
(1.00048 1.13656e-05 0)
(1.00049 9.93848e-06 0)
(1.00049 8.66739e-06 0)
(1.0005 7.54092e-06 0)
(1.0005 6.54704e-06 0)
(1.00051 5.67354e-06 0)
(1.00051 4.90848e-06 0)
(1.00051 4.24042e-06 0)
(1.00051 3.65861e-06 0)
(1.00052 3.15309e-06 0)
(1.00052 2.71476e-06 0)
(1.00052 2.33535e-06 0)
(1.00052 2.00747e-06 0)
(1.00052 1.7245e-06 0)
(1.00052 1.48058e-06 0)
(1.00052 1.27052e-06 0)
(1.00053 1.08981e-06 0)
(1.00053 9.34445e-07 0)
(1.00053 8.00974e-07 0)
(1.00053 6.86375e-07 0)
(1.00053 5.88029e-07 0)
(1.00053 5.03669e-07 0)
(1.00053 4.31332e-07 0)
(1.00053 3.69327e-07 0)
(1.00053 3.16193e-07 0)
(1.00053 2.70671e-07 0)
(1.00053 2.31679e-07 0)
(1.00053 1.98287e-07 0)
(1.00053 1.69695e-07 0)
(1.00053 1.45217e-07 0)
(1.00053 1.24262e-07 0)
(1.00053 1.06326e-07 0)
(1.00053 9.09756e-08 0)
(1.00053 7.78383e-08 0)
(1.00053 6.6596e-08 0)
(1.00053 5.69758e-08 0)
(1.00053 4.87441e-08 0)
(1.00053 4.1701e-08 0)
(1.00053 3.5675e-08 0)
(1.00053 3.05193e-08 0)
(1.00053 2.61083e-08 0)
(1.00053 2.23345e-08 0)
(1.00053 1.91059e-08 0)
(1.00053 1.6344e-08 0)
(1.00053 1.39812e-08 0)
(1.00053 1.196e-08 0)
(1.00053 1.0231e-08 0)
(1.00053 8.75182e-09 0)
(1.00053 7.48641e-09 0)
(1.00053 6.40386e-09 0)
(1.00053 5.47785e-09 0)
(1.00053 4.68577e-09 0)
(1.00053 4.00829e-09 0)
(1.00053 3.4288e-09 0)
(1.00053 2.93311e-09 0)
(1.00053 2.50905e-09 0)
(1.00053 2.14624e-09 0)
(1.00053 1.83586e-09 0)
(1.00053 1.57038e-09 0)
(1.00053 1.34333e-09 0)
(1.00053 1.14913e-09 0)
(1.00053 9.83026e-10 0)
(1.00053 8.40918e-10 0)
(1.00053 7.19326e-10 0)
(1.00053 6.15284e-10 0)
(1.00053 5.26275e-10 0)
(1.00053 4.50151e-10 0)
(1.00053 3.85048e-10 0)
(1.00053 3.29367e-10 0)
(1.00053 2.81729e-10 0)
(1.00053 2.40952e-10 0)
(1.00053 2.06082e-10 0)
(1.00053 1.76266e-10 0)
(1.00053 1.50817e-10 0)
(1.00053 1.29086e-10 0)
(1.00053 1.10506e-10 0)
(1.00053 9.46064e-11 0)
(1.00053 8.09359e-11 0)
(1.00053 6.91796e-11 0)
(1.00053 5.90515e-11 0)
(1.00053 5.0367e-11 0)
(1.00053 4.29682e-11 0)
(1.00053 3.66882e-11 0)
(1.00053 3.1366e-11 0)
(1.00053 2.685e-11 0)
(1.00053 2.29653e-11 0)
(1.00053 1.95912e-11 0)
(1.00053 1.66546e-11 0)
(1.00053 1.40788e-11 0)
(1.00053 1.18632e-11 0)
(1.00053 9.99423e-12 0)
(1.00053 8.44784e-12 0)
(1.00053 7.1757e-12 0)
(1.00053 6.14694e-12 0)
(1.00053 5.29314e-12 0)
(1.00053 4.55365e-12 0)
(1.00053 3.89965e-12 0)
(1.00053 3.31012e-12 0)
(1.00053 2.78646e-12 0)
(1.00053 2.33424e-12 0)
(1.00053 1.97962e-12 0)
(1.00053 1.72839e-12 0)
(1.00053 1.5613e-12 0)
(1.00053 1.44619e-12 0)
(1.00053 1.36717e-12 0)
(1.00053 1.29744e-12 0)
(1.00053 1.20267e-12 0)
(1.00053 1.10505e-12 0)
(1.00053 9.99902e-13 0)
(1.00053 8.86266e-13 0)
(1.00053 8.10108e-13 0)
(1.00053 7.38404e-13 0)
(1.00053 7.12949e-13 0)
(1.00053 6.95238e-13 0)
(1.00053 6.75506e-13 0)
(1.00053 6.57297e-13 0)
(1.00053 5.97929e-13 0)
(1.00053 5.24378e-13 0)
(1.00053 4.27738e-13 0)
(1.00053 3.10931e-13 0)
(1.00053 1.88631e-13 0)
(1.00053 7.74066e-14 0)
(1.00053 -1.54232e-14 0)
(1.00053 -7.5767e-14 0)
(1.00053 -1.28137e-13 0)
(1.00053 -1.60899e-13 0)
(1.00053 -1.93563e-13 0)
(1.00053 -2.27657e-13 0)
(1.00053 -2.62953e-13 0)
(1.00053 -3.15831e-13 0)
(1.00053 -3.59462e-13 0)
(1.00053 -3.97319e-13 0)
(1.00053 -4.44135e-13 0)
(1.00053 -4.94955e-13 0)
(1.00053 -5.25832e-13 0)
(1.00053 -5.37787e-13 0)
(1.00053 -5.73372e-13 0)
(1.00053 -5.85057e-13 0)
(1.00053 -5.96596e-13 0)
(1.00053 -6.39861e-13 0)
(1.00053 -6.45159e-13 0)
(1.00053 -6.81933e-13 0)
(1.00053 -7.10041e-13 0)
(1.00053 -7.19889e-13 0)
(1.00053 -7.54802e-13 0)
(1.00053 -7.45337e-13 0)
(1.00053 -7.15596e-13 0)
(1.00053 -7.16773e-13 0)
(1.00053 -6.42118e-13 0)
(1.00053 -5.6939e-13 0)
(1.00053 -4.98125e-13 0)
(1.00053 -3.55792e-13 0)
(1.00053 -2.7275e-13 0)
(1.00053 -1.26836e-13 0)
(1.00053 -1.65157e-14 0)
(1.00053 4.79459e-14 0)
(1.00053 1.26294e-13 0)
(1.00053 1.52614e-13 0)
(1.00053 1.83663e-13 0)
(1.00053 1.21698e-13 0)
(1.00053 1.04806e-13 0)
(1.00053 3.83367e-14 0)
(1.00053 -5.42882e-14 0)
(1.00053 -1.57768e-13 0)
(1.00053 -1.76031e-13 0)
(1.00053 -2.86684e-13 0)
(1.00053 -3.83669e-13 0)
(1.00053 -3.91298e-13 0)
(1.00053 -3.63457e-13 0)
(1.00053 -3.92203e-13 0)
(1.00053 -2.7975e-13 0)
(1 5.91975e-07 0)
(1 1.76082e-06 0)
(1.00001 2.96034e-06 0)
(1.00001 4.10187e-06 0)
(1.00002 5.11432e-06 0)
(1.00003 6.08147e-06 0)
(1.00005 7.09289e-06 0)
(1.00006 8.07764e-06 0)
(1.00008 8.88146e-06 0)
(1.0001 9.46011e-06 0)
(1.00012 9.93564e-06 0)
(1.00014 1.04756e-05 0)
(1.00016 1.11458e-05 0)
(1.00018 1.18663e-05 0)
(1.00021 1.24773e-05 0)
(1.00023 1.28337e-05 0)
(1.00026 1.28645e-05 0)
(1.00028 1.25777e-05 0)
(1.00031 1.20328e-05 0)
(1.00033 1.13085e-05 0)
(1.00035 1.04788e-05 0)
(1.00037 9.60274e-06 0)
(1.00039 8.72238e-06 0)
(1.00041 7.86555e-06 0)
(1.00042 7.04966e-06 0)
(1.00044 6.285e-06 0)
(1.00045 5.57711e-06 0)
(1.00046 4.92831e-06 0)
(1.00047 4.33869e-06 0)
(1.00048 3.80677e-06 0)
(1.00048 3.33e-06 0)
(1.00049 2.90509e-06 0)
(1.0005 2.52832e-06 0)
(1.0005 2.19571e-06 0)
(1.0005 1.90324e-06 0)
(1.00051 1.64697e-06 0)
(1.00051 1.4231e-06 0)
(1.00051 1.22807e-06 0)
(1.00052 1.05856e-06 0)
(1.00052 9.11529e-07 0)
(1.00052 7.84237e-07 0)
(1.00052 6.74206e-07 0)
(1.00052 5.79227e-07 0)
(1.00052 4.9734e-07 0)
(1.00052 4.26814e-07 0)
(1.00053 3.66128e-07 0)
(1.00053 3.13951e-07 0)
(1.00053 2.69121e-07 0)
(1.00053 2.30627e-07 0)
(1.00053 1.97589e-07 0)
(1.00053 1.69248e-07 0)
(1.00053 1.44945e-07 0)
(1.00053 1.24112e-07 0)
(1.00053 1.06258e-07 0)
(1.00053 9.0962e-08 0)
(1.00053 7.78597e-08 0)
(1.00053 6.66387e-08 0)
(1.00053 5.70303e-08 0)
(1.00053 4.88041e-08 0)
(1.00053 4.17621e-08 0)
(1.00053 3.57346e-08 0)
(1.00053 3.05757e-08 0)
(1.00053 2.61606e-08 0)
(1.00053 2.23823e-08 0)
(1.00053 1.91491e-08 0)
(1.00053 1.63825e-08 0)
(1.00053 1.40154e-08 0)
(1.00053 1.19902e-08 0)
(1.00053 1.02574e-08 0)
(1.00053 8.77495e-09 0)
(1.00053 7.50661e-09 0)
(1.00053 6.4215e-09 0)
(1.00053 5.49319e-09 0)
(1.00053 4.69907e-09 0)
(1.00053 4.01974e-09 0)
(1.00053 3.4386e-09 0)
(1.00053 2.94145e-09 0)
(1.00053 2.51612e-09 0)
(1.00053 2.15227e-09 0)
(1.00053 1.84103e-09 0)
(1.00053 1.57481e-09 0)
(1.00053 1.34711e-09 0)
(1.00053 1.15234e-09 0)
(1.00053 9.85735e-10 0)
(1.00053 8.43183e-10 0)
(1.00053 7.21236e-10 0)
(1.00053 6.16922e-10 0)
(1.00053 5.27712e-10 0)
(1.00053 4.5143e-10 0)
(1.00053 3.86186e-10 0)
(1.00053 3.30373e-10 0)
(1.00053 2.82599e-10 0)
(1.00053 2.41705e-10 0)
(1.00053 2.06709e-10 0)
(1.00053 1.76775e-10 0)
(1.00053 1.51192e-10 0)
(1.00053 1.29331e-10 0)
(1.00053 1.10642e-10 0)
(1.00053 9.46692e-11 0)
(1.00053 8.09936e-11 0)
(1.00053 6.92873e-11 0)
(1.00053 5.92776e-11 0)
(1.00053 5.07506e-11 0)
(1.00053 4.34694e-11 0)
(1.00053 3.72373e-11 0)
(1.00053 3.19013e-11 0)
(1.00053 2.72939e-11 0)
(1.00053 2.33182e-11 0)
(1.00053 1.98808e-11 0)
(1.00053 1.69306e-11 0)
(1.00053 1.4431e-11 0)
(1.00053 1.23284e-11 0)
(1.00053 1.05584e-11 0)
(1.00053 9.06285e-12 0)
(1.00053 7.76718e-12 0)
(1.00053 6.63411e-12 0)
(1.00053 5.63475e-12 0)
(1.00053 4.74854e-12 0)
(1.00053 3.99013e-12 0)
(1.00053 3.36117e-12 0)
(1.00053 2.8538e-12 0)
(1.00053 2.45441e-12 0)
(1.00053 2.1381e-12 0)
(1.00053 1.87646e-12 0)
(1.00053 1.63754e-12 0)
(1.00053 1.40505e-12 0)
(1.00053 1.18228e-12 0)
(1.00053 9.82037e-13 0)
(1.00053 8.10209e-13 0)
(1.00053 6.76918e-13 0)
(1.00053 5.91693e-13 0)
(1.00053 5.39926e-13 0)
(1.00053 4.95999e-13 0)
(1.00053 4.62436e-13 0)
(1.00053 4.13854e-13 0)
(1.00053 3.40741e-13 0)
(1.00053 2.55717e-13 0)
(1.00053 1.7076e-13 0)
(1.00053 9.26843e-14 0)
(1.00053 4.88481e-14 0)
(1.00053 1.87684e-14 0)
(1.00053 2.42812e-14 0)
(1.00053 4.44375e-14 0)
(1.00053 6.73261e-14 0)
(1.00053 9.25194e-14 0)
(1.00053 8.24297e-14 0)
(1.00053 5.72962e-14 0)
(1.00053 1.61555e-14 0)
(1.00053 -3.8743e-14 0)
(1.00053 -1.02769e-13 0)
(1.00053 -1.47092e-13 0)
(1.00053 -1.69804e-13 0)
(1.00053 -1.74473e-13 0)
(1.00053 -1.70875e-13 0)
(1.00053 -1.58943e-13 0)
(1.00053 -1.47324e-13 0)
(1.00053 -1.42589e-13 0)
(1.00053 -1.35333e-13 0)
(1.00053 -1.18734e-13 0)
(1.00053 -1.24269e-13 0)
(1.00053 -1.22603e-13 0)
(1.00053 -1.15218e-13 0)
(1.00053 -1.27844e-13 0)
(1.00053 -1.27696e-13 0)
(1.00053 -1.3203e-13 0)
(1.00053 -1.51779e-13 0)
(1.00053 -1.58936e-13 0)
(1.00053 -1.78061e-13 0)
(1.00053 -2.12532e-13 0)
(1.00053 -2.27304e-13 0)
(1.00053 -2.52872e-13 0)
(1.00053 -2.88285e-13 0)
(1.00053 -3.06735e-13 0)
(1.00053 -3.42127e-13 0)
(1.00053 -3.45912e-13 0)
(1.00053 -3.5588e-13 0)
(1.00053 -3.42062e-13 0)
(1.00053 -3.18341e-13 0)
(1.00053 -2.76129e-13 0)
(1.00053 -2.34922e-13 0)
(1.00053 -1.84422e-13 0)
(1.00053 -1.01438e-13 0)
(1.00053 -1.02782e-13 0)
(1.00053 -1.81156e-14 0)
(1.00053 2.30589e-14 0)
(1.00053 3.80704e-15 0)
(1.00053 2.39605e-14 0)
(1.00053 3.85519e-14 0)
(1.00053 2.17349e-15 0)
(1.00053 -6.21091e-14 0)
(1.00053 -6.84845e-14 0)
(1.00053 -1.25204e-13 0)
(1.00053 -2.19284e-13 0)
(1.00053 -2.17656e-13 0)
(1.00053 -2.30339e-13 0)
(1.00053 -2.70794e-13 0)
(1.00053 -3.34466e-13 0)
(1.00053 -2.37112e-13 0)
(1.00053 -2.28772e-13 0)
(1.00053 -1.96011e-13 0)
)
;

boundaryField
{
    inlet
    {
        type            fixedValue;
        value           uniform (1 0 0);
    }
    outlet
    {
        type            zeroGradient;
    }
    top
    {
        type            slip;
    }
    bottom
    {
        type            noSlip;
    }
    frontAndBack
    {
        type            empty;
    }
}


// ************************************************************************* //
