/*--------------------------------*- C++ -*----------------------------------*\
  =========                 |
  \\      /  F ield         | OpenFOAM: The Open Source CFD Toolbox
   \\    /   O peration     | Website:  https://openfoam.org
    \\  /    A nd           | Version:  dev
     \\/     M anipulation  |
\*---------------------------------------------------------------------------*/
FoamFile
{
    format      ascii;
    class       volScalarField;
    location    "0.4";
    object      p;
}
// * * * * * * * * * * * * * * * * * * * * * * * * * * * * * * * * * * * * * //

dimensions      [0 2 -2 0 0 0 0];

internalField   nonuniform List<scalar> 
4000
(
0.00687553
0.00659399
0.00629905
0.00606027
0.00595485
0.00592772
0.0058862
0.00581886
0.00575583
0.00570639
0.00566311
0.00562139
0.00558125
0.00554302
0.00550635
0.00547086
0.00543631
0.00540256
0.00536946
0.00533692
0.00530485
0.00527317
0.00524182
0.00521074
0.00517991
0.00514928
0.00511881
0.0050885
0.00505831
0.00502822
0.00499822
0.00496831
0.00493845
0.00490865
0.0048789
0.0048492
0.00481952
0.00478988
0.00476026
0.00473066
0.00470108
0.00467152
0.00464197
0.00461244
0.00458291
0.00455339
0.00452388
0.00449437
0.00446488
0.00443538
0.00440589
0.0043764
0.00434692
0.00431743
0.00428795
0.00425847
0.004229
0.00419952
0.00417005
0.00414057
0.0041111
0.00408163
0.00405216
0.00402269
0.00399322
0.00396375
0.00393428
0.00390481
0.00387534
0.00384587
0.0038164
0.00378693
0.00375746
0.00372799
0.00369852
0.00366905
0.00363958
0.00361012
0.00358065
0.00355118
0.00352171
0.00349224
0.00346277
0.0034333
0.00340384
0.00337437
0.0033449
0.00331543
0.00328596
0.00325649
0.00322702
0.00319756
0.00316809
0.00313862
0.00310915
0.00307968
0.00305021
0.00302074
0.00299128
0.00296181
0.00293234
0.00290287
0.0028734
0.00284393
0.00281447
0.002785
0.00275553
0.00272606
0.00269659
0.00266712
0.00263765
0.00260819
0.00257872
0.00254925
0.00251978
0.00249031
0.00246084
0.00243137
0.00240191
0.00237244
0.00234297
0.0023135
0.00228403
0.00225456
0.00222509
0.00219562
0.00216615
0.00213668
0.00210721
0.00207774
0.00204827
0.0020188
0.00198933
0.00195986
0.00193039
0.00190092
0.00187145
0.00184198
0.00181251
0.00178304
0.00175357
0.0017241
0.00169463
0.00166515
0.00163568
0.00160621
0.00157674
0.00154727
0.0015178
0.00148833
0.00145885
0.00142938
0.00139991
0.00137044
0.00134097
0.00131149
0.00128202
0.00125255
0.00122308
0.00119361
0.00116414
0.00113466
0.00110519
0.00107572
0.00104625
0.00101678
0.000987305
0.000957833
0.000928361
0.000898889
0.000869418
0.000839946
0.000810474
0.000781003
0.000751531
0.00072206
0.000692588
0.000663117
0.000633645
0.000604173
0.000574702
0.00054523
0.000515759
0.000486287
0.000456815
0.000427344
0.000397872
0.0003684
0.000338929
0.000309457
0.000279985
0.000250513
0.000221041
0.000191569
0.000162097
0.000132625
0.000103153
7.36806e-05
4.42084e-05
1.47361e-05
0.00639008
0.00631409
0.00620073
0.00606002
0.00594953
0.00589439
0.00585542
0.00580397
0.0057486
0.00570047
0.0056582
0.00561795
0.00557889
0.00554129
0.00550502
0.00546982
0.00543548
0.00540188
0.00536891
0.00533646
0.00530446
0.00527284
0.00524154
0.00521051
0.00517971
0.00514911
0.00511867
0.00508838
0.0050582
0.00502813
0.00499815
0.00496824
0.0049384
0.00490861
0.00487886
0.00484916
0.00481949
0.00478985
0.00476024
0.00473064
0.00470107
0.00467151
0.00464196
0.00461243
0.0045829
0.00455338
0.00452387
0.00449437
0.00446487
0.00443538
0.00440589
0.0043764
0.00434691
0.00431743
0.00428795
0.00425847
0.004229
0.00419952
0.00417005
0.00414057
0.0041111
0.00408163
0.00405216
0.00402269
0.00399322
0.00396374
0.00393427
0.00390481
0.00387534
0.00384587
0.0038164
0.00378693
0.00375746
0.00372799
0.00369852
0.00366905
0.00363958
0.00361012
0.00358065
0.00355118
0.00352171
0.00349224
0.00346277
0.0034333
0.00340384
0.00337437
0.0033449
0.00331543
0.00328596
0.00325649
0.00322702
0.00319756
0.00316809
0.00313862
0.00310915
0.00307968
0.00305021
0.00302074
0.00299128
0.00296181
0.00293234
0.00290287
0.0028734
0.00284393
0.00281447
0.002785
0.00275553
0.00272606
0.00269659
0.00266712
0.00263765
0.00260819
0.00257872
0.00254925
0.00251978
0.00249031
0.00246084
0.00243137
0.00240191
0.00237244
0.00234297
0.0023135
0.00228403
0.00225456
0.00222509
0.00219562
0.00216615
0.00213668
0.00210721
0.00207774
0.00204827
0.0020188
0.00198933
0.00195986
0.00193039
0.00190092
0.00187145
0.00184198
0.00181251
0.00178304
0.00175357
0.0017241
0.00169463
0.00166515
0.00163568
0.00160621
0.00157674
0.00154727
0.0015178
0.00148833
0.00145885
0.00142938
0.00139991
0.00137044
0.00134097
0.00131149
0.00128202
0.00125255
0.00122308
0.00119361
0.00116414
0.00113466
0.00110519
0.00107572
0.00104625
0.00101678
0.000987305
0.000957833
0.000928361
0.000898889
0.000869418
0.000839946
0.000810474
0.000781003
0.000751531
0.00072206
0.000692588
0.000663117
0.000633645
0.000604173
0.000574702
0.00054523
0.000515759
0.000486287
0.000456815
0.000427344
0.000397872
0.0003684
0.000338929
0.000309457
0.000279985
0.000250513
0.000221041
0.000191569
0.000162097
0.000132625
0.000103153
7.36806e-05
4.42084e-05
1.47361e-05
0.00628401
0.00624039
0.00616552
0.006058
0.00595408
0.00588863
0.0058461
0.00579938
0.00574728
0.00569887
0.00565579
0.00561544
0.00557656
0.00553914
0.00550308
0.00546811
0.00543401
0.00540062
0.00536784
0.00533555
0.00530369
0.00527219
0.00524099
0.00521004
0.00517931
0.00514877
0.00511838
0.00508813
0.00505799
0.00502795
0.004998
0.00496811
0.00493829
0.00490851
0.00487878
0.00484909
0.00481943
0.0047898
0.00476019
0.00473061
0.00470104
0.00467148
0.00464194
0.00461241
0.00458288
0.00455337
0.00452386
0.00449436
0.00446486
0.00443537
0.00440588
0.00437639
0.00434691
0.00431743
0.00428795
0.00425847
0.00422899
0.00419952
0.00417004
0.00414057
0.0041111
0.00408163
0.00405216
0.00402268
0.00399321
0.00396374
0.00393427
0.0039048
0.00387534
0.00384587
0.0038164
0.00378693
0.00375746
0.00372799
0.00369852
0.00366905
0.00363958
0.00361012
0.00358065
0.00355118
0.00352171
0.00349224
0.00346277
0.0034333
0.00340384
0.00337437
0.0033449
0.00331543
0.00328596
0.00325649
0.00322702
0.00319756
0.00316809
0.00313862
0.00310915
0.00307968
0.00305021
0.00302074
0.00299128
0.00296181
0.00293234
0.00290287
0.0028734
0.00284393
0.00281447
0.002785
0.00275553
0.00272606
0.00269659
0.00266712
0.00263765
0.00260819
0.00257872
0.00254925
0.00251978
0.00249031
0.00246084
0.00243137
0.00240191
0.00237244
0.00234297
0.0023135
0.00228403
0.00225456
0.00222509
0.00219562
0.00216615
0.00213668
0.00210721
0.00207774
0.00204827
0.0020188
0.00198933
0.00195986
0.00193039
0.00190092
0.00187145
0.00184198
0.00181251
0.00178304
0.00175357
0.0017241
0.00169463
0.00166515
0.00163568
0.00160621
0.00157674
0.00154727
0.0015178
0.00148833
0.00145885
0.00142938
0.00139991
0.00137044
0.00134097
0.00131149
0.00128202
0.00125255
0.00122308
0.00119361
0.00116414
0.00113466
0.00110519
0.00107572
0.00104625
0.00101678
0.000987305
0.000957833
0.000928361
0.000898889
0.000869418
0.000839946
0.000810474
0.000781003
0.000751531
0.00072206
0.000692588
0.000663117
0.000633645
0.000604173
0.000574702
0.00054523
0.000515759
0.000486287
0.000456815
0.000427344
0.000397872
0.0003684
0.000338929
0.000309457
0.000279985
0.000250513
0.000221041
0.000191569
0.000162097
0.000132625
0.000103153
7.36806e-05
4.42084e-05
1.47361e-05
0.00613471
0.00610636
0.00605862
0.00599127
0.00591763
0.00585867
0.00581522
0.0057738
0.00572954
0.00568626
0.00564604
0.00560787
0.00557079
0.00553469
0.00549955
0.00546525
0.00543167
0.00539869
0.00536622
0.0053342
0.00530255
0.00527123
0.00524017
0.00520935
0.00517873
0.00514827
0.00511796
0.00508777
0.00505769
0.00502769
0.00499777
0.00496792
0.00493812
0.00490837
0.00487866
0.00484899
0.00481935
0.00478973
0.00476013
0.00473055
0.00470099
0.00467144
0.0046419
0.00461238
0.00458286
0.00455335
0.00452384
0.00449434
0.00446485
0.00443536
0.00440587
0.00437638
0.0043469
0.00431742
0.00428794
0.00425847
0.00422899
0.00419952
0.00417004
0.00414057
0.0041111
0.00408163
0.00405215
0.00402268
0.00399321
0.00396374
0.00393427
0.0039048
0.00387533
0.00384587
0.0038164
0.00378693
0.00375746
0.00372799
0.00369852
0.00366905
0.00363958
0.00361012
0.00358065
0.00355118
0.00352171
0.00349224
0.00346277
0.0034333
0.00340384
0.00337437
0.0033449
0.00331543
0.00328596
0.00325649
0.00322702
0.00319756
0.00316809
0.00313862
0.00310915
0.00307968
0.00305021
0.00302074
0.00299128
0.00296181
0.00293234
0.00290287
0.0028734
0.00284393
0.00281447
0.002785
0.00275553
0.00272606
0.00269659
0.00266712
0.00263765
0.00260819
0.00257872
0.00254925
0.00251978
0.00249031
0.00246084
0.00243137
0.00240191
0.00237244
0.00234297
0.0023135
0.00228403
0.00225456
0.00222509
0.00219562
0.00216615
0.00213668
0.00210721
0.00207774
0.00204827
0.0020188
0.00198933
0.00195986
0.00193039
0.00190092
0.00187145
0.00184198
0.00181251
0.00178304
0.00175357
0.0017241
0.00169463
0.00166515
0.00163568
0.00160621
0.00157674
0.00154727
0.0015178
0.00148833
0.00145885
0.00142938
0.00139991
0.00137044
0.00134097
0.00131149
0.00128202
0.00125255
0.00122308
0.00119361
0.00116414
0.00113466
0.00110519
0.00107572
0.00104625
0.00101678
0.000987305
0.000957833
0.000928361
0.000898889
0.000869418
0.000839946
0.000810475
0.000781003
0.000751531
0.00072206
0.000692588
0.000663117
0.000633645
0.000604173
0.000574702
0.00054523
0.000515759
0.000486287
0.000456815
0.000427344
0.000397872
0.0003684
0.000338929
0.000309457
0.000279985
0.000250513
0.000221041
0.000191569
0.000162097
0.000132625
0.000103153
7.36806e-05
4.42084e-05
1.47361e-05
0.00604647
0.0060295
0.00599884
0.00595335
0.00589747
0.00584447
0.00580057
0.00576037
0.00571923
0.00567816
0.00563894
0.00560152
0.0055653
0.00553001
0.00549557
0.00546188
0.00542881
0.00539627
0.00536418
0.00533248
0.00530109
0.00526999
0.00523912
0.00520846
0.00517797
0.00514763
0.00511741
0.0050873
0.00505729
0.00502735
0.00499748
0.00496767
0.00493791
0.00490819
0.00487851
0.00484886
0.00481923
0.00478963
0.00476005
0.00473048
0.00470093
0.00467139
0.00464186
0.00461234
0.00458283
0.00455332
0.00452382
0.00449432
0.00446483
0.00443534
0.00440586
0.00437637
0.00434689
0.00431741
0.00428794
0.00425846
0.00422899
0.00419951
0.00417004
0.00414057
0.00411109
0.00408162
0.00405215
0.00402268
0.00399321
0.00396374
0.00393427
0.0039048
0.00387533
0.00384586
0.0038164
0.00378693
0.00375746
0.00372799
0.00369852
0.00366905
0.00363958
0.00361012
0.00358065
0.00355118
0.00352171
0.00349224
0.00346277
0.0034333
0.00340384
0.00337437
0.0033449
0.00331543
0.00328596
0.00325649
0.00322702
0.00319756
0.00316809
0.00313862
0.00310915
0.00307968
0.00305021
0.00302074
0.00299128
0.00296181
0.00293234
0.00290287
0.0028734
0.00284393
0.00281447
0.002785
0.00275553
0.00272606
0.00269659
0.00266712
0.00263765
0.00260819
0.00257872
0.00254925
0.00251978
0.00249031
0.00246084
0.00243137
0.0024019
0.00237244
0.00234297
0.0023135
0.00228403
0.00225456
0.00222509
0.00219562
0.00216615
0.00213668
0.00210721
0.00207774
0.00204827
0.0020188
0.00198933
0.00195986
0.00193039
0.00190092
0.00187145
0.00184198
0.00181251
0.00178304
0.00175357
0.0017241
0.00169463
0.00166515
0.00163568
0.00160621
0.00157674
0.00154727
0.0015178
0.00148833
0.00145885
0.00142938
0.00139991
0.00137044
0.00134097
0.00131149
0.00128202
0.00125255
0.00122308
0.00119361
0.00116414
0.00113466
0.00110519
0.00107572
0.00104625
0.00101678
0.000987305
0.000957833
0.000928361
0.000898889
0.000869418
0.000839946
0.000810475
0.000781003
0.000751531
0.00072206
0.000692588
0.000663117
0.000633645
0.000604173
0.000574702
0.00054523
0.000515759
0.000486287
0.000456815
0.000427344
0.000397872
0.0003684
0.000338929
0.000309457
0.000279985
0.000250513
0.000221041
0.000191569
0.000162097
0.000132625
0.000103153
7.36806e-05
4.42084e-05
1.47361e-05
0.00597232
0.00595961
0.00593589
0.00590135
0.00585857
0.00581477
0.00577513
0.00573829
0.00570139
0.00566425
0.00562787
0.00559252
0.00555795
0.00552399
0.0054906
0.00545775
0.00542536
0.00539338
0.00536174
0.00533041
0.00529935
0.00526851
0.00523787
0.00520739
0.00517706
0.00514685
0.00511675
0.00508674
0.00505681
0.00502694
0.00499713
0.00496737
0.00493766
0.00490798
0.00487832
0.0048487
0.0048191
0.00478952
0.00475995
0.0047304
0.00470086
0.00467133
0.00464181
0.00461229
0.00458279
0.00455329
0.00452379
0.0044943
0.00446481
0.00443532
0.00440584
0.00437636
0.00434688
0.0043174
0.00428793
0.00425845
0.00422898
0.00419951
0.00417003
0.00414056
0.00411109
0.00408162
0.00405215
0.00402268
0.00399321
0.00396374
0.00393427
0.0039048
0.00387533
0.00384586
0.0038164
0.00378693
0.00375746
0.00372799
0.00369852
0.00366905
0.00363958
0.00361011
0.00358065
0.00355118
0.00352171
0.00349224
0.00346277
0.0034333
0.00340384
0.00337437
0.0033449
0.00331543
0.00328596
0.00325649
0.00322702
0.00319756
0.00316809
0.00313862
0.00310915
0.00307968
0.00305021
0.00302074
0.00299128
0.00296181
0.00293234
0.00290287
0.0028734
0.00284393
0.00281447
0.002785
0.00275553
0.00272606
0.00269659
0.00266712
0.00263765
0.00260819
0.00257872
0.00254925
0.00251978
0.00249031
0.00246084
0.00243137
0.0024019
0.00237244
0.00234297
0.0023135
0.00228403
0.00225456
0.00222509
0.00219562
0.00216615
0.00213668
0.00210721
0.00207774
0.00204827
0.0020188
0.00198933
0.00195986
0.00193039
0.00190092
0.00187145
0.00184198
0.00181251
0.00178304
0.00175357
0.0017241
0.00169463
0.00166515
0.00163568
0.00160621
0.00157674
0.00154727
0.0015178
0.00148833
0.00145885
0.00142938
0.00139991
0.00137044
0.00134097
0.00131149
0.00128202
0.00125255
0.00122308
0.00119361
0.00116414
0.00113466
0.00110519
0.00107572
0.00104625
0.00101678
0.000987305
0.000957833
0.000928361
0.000898889
0.000869418
0.000839946
0.000810475
0.000781003
0.000751531
0.00072206
0.000692588
0.000663117
0.000633645
0.000604173
0.000574702
0.00054523
0.000515759
0.000486287
0.000456815
0.000427344
0.000397872
0.0003684
0.000338929
0.000309457
0.000279985
0.000250513
0.000221041
0.000191569
0.000162097
0.000132625
0.000103153
7.36806e-05
4.42084e-05
1.47361e-05
0.00591194
0.00590237
0.00588437
0.00585834
0.00582551
0.00578954
0.00575417
0.00572003
0.00568593
0.00565152
0.00561729
0.0055836
0.00555041
0.00551764
0.00548525
0.00545323
0.00542154
0.00539014
0.005359
0.00532809
0.00529737
0.00526683
0.00523644
0.00520618
0.00517603
0.00514597
0.005116
0.0050861
0.00505626
0.00502648
0.00499673
0.00496703
0.00493737
0.00490773
0.00487811
0.00484852
0.00481894
0.00478938
0.00475984
0.0047303
0.00470077
0.00467126
0.00464175
0.00461224
0.00458274
0.00455325
0.00452376
0.00449427
0.00446479
0.0044353
0.00440582
0.00437635
0.00434687
0.00431739
0.00428792
0.00425845
0.00422897
0.0041995
0.00417003
0.00414056
0.00411109
0.00408162
0.00405215
0.00402268
0.00399321
0.00396374
0.00393427
0.0039048
0.00387533
0.00384586
0.00381639
0.00378693
0.00375746
0.00372799
0.00369852
0.00366905
0.00363958
0.00361011
0.00358065
0.00355118
0.00352171
0.00349224
0.00346277
0.0034333
0.00340384
0.00337437
0.0033449
0.00331543
0.00328596
0.00325649
0.00322702
0.00319756
0.00316809
0.00313862
0.00310915
0.00307968
0.00305021
0.00302074
0.00299128
0.00296181
0.00293234
0.00290287
0.0028734
0.00284393
0.00281447
0.002785
0.00275553
0.00272606
0.00269659
0.00266712
0.00263765
0.00260819
0.00257872
0.00254925
0.00251978
0.00249031
0.00246084
0.00243137
0.0024019
0.00237244
0.00234297
0.0023135
0.00228403
0.00225456
0.00222509
0.00219562
0.00216615
0.00213668
0.00210721
0.00207774
0.00204827
0.0020188
0.00198933
0.00195986
0.00193039
0.00190092
0.00187145
0.00184198
0.00181251
0.00178304
0.00175357
0.0017241
0.00169463
0.00166515
0.00163568
0.00160621
0.00157674
0.00154727
0.0015178
0.00148833
0.00145885
0.00142938
0.00139991
0.00137044
0.00134097
0.00131149
0.00128202
0.00125255
0.00122308
0.00119361
0.00116414
0.00113466
0.00110519
0.00107572
0.00104625
0.00101678
0.000987305
0.000957833
0.000928361
0.000898889
0.000869418
0.000839946
0.000810475
0.000781003
0.000751531
0.00072206
0.000692588
0.000663117
0.000633645
0.000604173
0.000574702
0.00054523
0.000515759
0.000486287
0.000456815
0.000427344
0.000397872
0.0003684
0.000338929
0.000309457
0.000279985
0.000250513
0.000221041
0.000191569
0.000162097
0.000132625
0.000103153
7.36806e-05
4.42084e-05
1.47361e-05
0.00586219
0.0058548
0.00584064
0.00581999
0.00579354
0.00576337
0.00573214
0.00570099
0.00566964
0.00563785
0.00560588
0.005574
0.00554231
0.00551081
0.00547949
0.00544835
0.00541741
0.00538664
0.00535603
0.00532556
0.00529523
0.005265
0.00523488
0.00520485
0.00517489
0.00514501
0.00511518
0.0050854
0.00505566
0.00502596
0.0049963
0.00496666
0.00493705
0.00490745
0.00487788
0.00484832
0.00481877
0.00478924
0.00475971
0.00473019
0.00470068
0.00467118
0.00464168
0.00461219
0.00458269
0.00455321
0.00452372
0.00449424
0.00446476
0.00443528
0.0044058
0.00437633
0.00434685
0.00431738
0.00428791
0.00425844
0.00422896
0.00419949
0.00417002
0.00414055
0.00411108
0.00408161
0.00405214
0.00402268
0.00399321
0.00396374
0.00393427
0.0039048
0.00387533
0.00384586
0.00381639
0.00378693
0.00375746
0.00372799
0.00369852
0.00366905
0.00363958
0.00361011
0.00358065
0.00355118
0.00352171
0.00349224
0.00346277
0.0034333
0.00340384
0.00337437
0.0033449
0.00331543
0.00328596
0.00325649
0.00322702
0.00319756
0.00316809
0.00313862
0.00310915
0.00307968
0.00305021
0.00302074
0.00299128
0.00296181
0.00293234
0.00290287
0.0028734
0.00284393
0.00281447
0.002785
0.00275553
0.00272606
0.00269659
0.00266712
0.00263765
0.00260819
0.00257872
0.00254925
0.00251978
0.00249031
0.00246084
0.00243137
0.0024019
0.00237244
0.00234297
0.0023135
0.00228403
0.00225456
0.00222509
0.00219562
0.00216615
0.00213668
0.00210721
0.00207774
0.00204827
0.0020188
0.00198933
0.00195986
0.00193039
0.00190092
0.00187145
0.00184198
0.00181251
0.00178304
0.00175357
0.0017241
0.00169463
0.00166515
0.00163568
0.00160621
0.00157674
0.00154727
0.0015178
0.00148833
0.00145885
0.00142938
0.00139991
0.00137044
0.00134097
0.00131149
0.00128202
0.00125255
0.00122308
0.00119361
0.00116414
0.00113466
0.00110519
0.00107572
0.00104625
0.00101678
0.000987305
0.000957833
0.000928361
0.000898889
0.000869418
0.000839946
0.000810475
0.000781003
0.000751531
0.00072206
0.000692588
0.000663117
0.000633645
0.000604173
0.000574702
0.00054523
0.000515759
0.000486287
0.000456815
0.000427344
0.000397872
0.0003684
0.000338929
0.000309457
0.000279985
0.000250513
0.000221041
0.000191569
0.000162097
0.000132625
0.000103153
7.36806e-05
4.42084e-05
1.47361e-05
0.00582041
0.00581443
0.00580284
0.00578587
0.005764
0.00573847
0.00571103
0.00568281
0.00565397
0.0056245
0.00559455
0.00556439
0.00553413
0.00550384
0.00547356
0.00544331
0.00541312
0.00538299
0.00535292
0.00532291
0.00529297
0.00526308
0.00523324
0.00520345
0.0051737
0.00514398
0.0051143
0.00508465
0.00505502
0.00502542
0.00499583
0.00496626
0.0049367
0.00490716
0.00487763
0.0048481
0.00481859
0.00478908
0.00475958
0.00473008
0.00470059
0.0046711
0.00464161
0.00461212
0.00458264
0.00455316
0.00452368
0.00449421
0.00446473
0.00443526
0.00440578
0.00437631
0.00434684
0.00431737
0.0042879
0.00425843
0.00422896
0.00419949
0.00417002
0.00414055
0.00411108
0.00408161
0.00405214
0.00402267
0.0039932
0.00396374
0.00393427
0.0039048
0.00387533
0.00384586
0.00381639
0.00378692
0.00375746
0.00372799
0.00369852
0.00366905
0.00363958
0.00361011
0.00358065
0.00355118
0.00352171
0.00349224
0.00346277
0.0034333
0.00340384
0.00337437
0.0033449
0.00331543
0.00328596
0.00325649
0.00322702
0.00319756
0.00316809
0.00313862
0.00310915
0.00307968
0.00305021
0.00302074
0.00299128
0.00296181
0.00293234
0.00290287
0.0028734
0.00284393
0.00281447
0.002785
0.00275553
0.00272606
0.00269659
0.00266712
0.00263765
0.00260819
0.00257872
0.00254925
0.00251978
0.00249031
0.00246084
0.00243137
0.0024019
0.00237244
0.00234297
0.0023135
0.00228403
0.00225456
0.00222509
0.00219562
0.00216615
0.00213668
0.00210721
0.00207774
0.00204827
0.0020188
0.00198933
0.00195986
0.00193039
0.00190092
0.00187145
0.00184198
0.00181251
0.00178304
0.00175357
0.0017241
0.00169463
0.00166515
0.00163568
0.00160621
0.00157674
0.00154727
0.0015178
0.00148833
0.00145885
0.00142938
0.00139991
0.00137044
0.00134097
0.00131149
0.00128202
0.00125255
0.00122308
0.00119361
0.00116414
0.00113466
0.00110519
0.00107572
0.00104625
0.00101678
0.000987305
0.000957833
0.000928361
0.000898889
0.000869418
0.000839946
0.000810475
0.000781003
0.000751532
0.00072206
0.000692588
0.000663117
0.000633645
0.000604173
0.000574702
0.00054523
0.000515759
0.000486287
0.000456815
0.000427344
0.000397872
0.0003684
0.000338929
0.000309457
0.000279985
0.000250513
0.000221041
0.000191569
0.000162097
0.000132625
0.000103153
7.36806e-05
4.42084e-05
1.47361e-05
0.00578497
0.00577998
0.00577023
0.00575591
0.00573738
0.00571542
0.00569118
0.00566557
0.00563899
0.00561157
0.00558346
0.00555489
0.005526
0.00549689
0.00546761
0.00543823
0.00540878
0.00537928
0.00534975
0.0053202
0.00529065
0.0052611
0.00523155
0.005202
0.00517246
0.00514293
0.0051134
0.00508388
0.00505436
0.00502485
0.00499535
0.00496585
0.00493635
0.00490686
0.00487737
0.00484788
0.0048184
0.00478892
0.00475944
0.00472996
0.00470048
0.00467101
0.00464153
0.00461206
0.00458259
0.00455312
0.00452364
0.00449417
0.0044647
0.00443523
0.00440576
0.00437629
0.00434682
0.00431735
0.00428789
0.00425842
0.00422895
0.00419948
0.00417001
0.00414054
0.00411107
0.00408161
0.00405214
0.00402267
0.0039932
0.00396373
0.00393426
0.0039048
0.00387533
0.00384586
0.00381639
0.00378692
0.00375746
0.00372799
0.00369852
0.00366905
0.00363958
0.00361011
0.00358065
0.00355118
0.00352171
0.00349224
0.00346277
0.0034333
0.00340383
0.00337437
0.0033449
0.00331543
0.00328596
0.00325649
0.00322702
0.00319756
0.00316809
0.00313862
0.00310915
0.00307968
0.00305021
0.00302074
0.00299128
0.00296181
0.00293234
0.00290287
0.0028734
0.00284393
0.00281447
0.002785
0.00275553
0.00272606
0.00269659
0.00266712
0.00263765
0.00260819
0.00257872
0.00254925
0.00251978
0.00249031
0.00246084
0.00243137
0.0024019
0.00237244
0.00234297
0.0023135
0.00228403
0.00225456
0.00222509
0.00219562
0.00216615
0.00213668
0.00210721
0.00207774
0.00204827
0.0020188
0.00198933
0.00195986
0.00193039
0.00190092
0.00187145
0.00184198
0.00181251
0.00178304
0.00175357
0.0017241
0.00169463
0.00166515
0.00163568
0.00160621
0.00157674
0.00154727
0.0015178
0.00148833
0.00145885
0.00142938
0.00139991
0.00137044
0.00134097
0.00131149
0.00128202
0.00125255
0.00122308
0.00119361
0.00116414
0.00113466
0.00110519
0.00107572
0.00104625
0.00101678
0.000987305
0.000957833
0.000928361
0.000898889
0.000869418
0.000839946
0.000810475
0.000781003
0.000751532
0.00072206
0.000692588
0.000663117
0.000633645
0.000604173
0.000574702
0.00054523
0.000515759
0.000486287
0.000456815
0.000427344
0.000397872
0.0003684
0.000338929
0.000309457
0.000279985
0.000250513
0.000221041
0.000191569
0.000162097
0.000132625
0.000103153
7.36806e-05
4.42084e-05
1.47361e-05
0.00575479
0.00575051
0.00574213
0.00572976
0.00571369
0.00569446
0.00567283
0.00564951
0.00562494
0.00559933
0.00557288
0.00554575
0.00551813
0.00549011
0.00546179
0.00543323
0.00540449
0.0053756
0.0053466
0.0053175
0.00528834
0.00525912
0.00522985
0.00520055
0.00517122
0.00514186
0.00511249
0.0050831
0.0050537
0.00502428
0.00499486
0.00496543
0.00493599
0.00490655
0.00487711
0.00484766
0.00481821
0.00478875
0.0047593
0.00472984
0.00470038
0.00467092
0.00464146
0.004612
0.00458253
0.00455307
0.0045236
0.00449414
0.00446467
0.00443521
0.00440574
0.00437627
0.00434681
0.00431734
0.00428787
0.00425841
0.00422894
0.00419947
0.00417001
0.00414054
0.00411107
0.0040816
0.00405213
0.00402267
0.0039932
0.00396373
0.00393426
0.0039048
0.00387533
0.00384586
0.00381639
0.00378692
0.00375745
0.00372799
0.00369852
0.00366905
0.00363958
0.00361011
0.00358065
0.00355118
0.00352171
0.00349224
0.00346277
0.0034333
0.00340383
0.00337437
0.0033449
0.00331543
0.00328596
0.00325649
0.00322702
0.00319756
0.00316809
0.00313862
0.00310915
0.00307968
0.00305021
0.00302074
0.00299128
0.00296181
0.00293234
0.00290287
0.0028734
0.00284393
0.00281447
0.002785
0.00275553
0.00272606
0.00269659
0.00266712
0.00263765
0.00260819
0.00257872
0.00254925
0.00251978
0.00249031
0.00246084
0.00243137
0.0024019
0.00237244
0.00234297
0.0023135
0.00228403
0.00225456
0.00222509
0.00219562
0.00216615
0.00213668
0.00210721
0.00207774
0.00204827
0.0020188
0.00198933
0.00195986
0.00193039
0.00190092
0.00187145
0.00184198
0.00181251
0.00178304
0.00175357
0.0017241
0.00169463
0.00166515
0.00163568
0.00160621
0.00157674
0.00154727
0.0015178
0.00148833
0.00145885
0.00142938
0.00139991
0.00137044
0.00134097
0.00131149
0.00128202
0.00125255
0.00122308
0.00119361
0.00116414
0.00113466
0.00110519
0.00107572
0.00104625
0.00101678
0.000987305
0.000957833
0.000928361
0.000898889
0.000869418
0.000839946
0.000810475
0.000781003
0.000751532
0.00072206
0.000692588
0.000663117
0.000633645
0.000604173
0.000574702
0.00054523
0.000515759
0.000486287
0.000456815
0.000427344
0.000397872
0.0003684
0.000338929
0.000309457
0.000279985
0.000250513
0.000221041
0.000191569
0.000162097
0.000132625
0.000103153
7.36806e-05
4.42084e-05
1.47361e-05
0.00572906
0.00572532
0.00571795
0.00570706
0.00569285
0.00567571
0.00565618
0.00563481
0.00561199
0.00558798
0.00556297
0.00553715
0.00551067
0.00548366
0.00545622
0.00542843
0.00540036
0.00537205
0.00534354
0.00531488
0.00528609
0.00525719
0.0052282
0.00519913
0.00517
0.00514082
0.0051116
0.00508233
0.00505304
0.00502372
0.00499438
0.00496502
0.00493564
0.00490625
0.00487685
0.00484744
0.00481802
0.00478859
0.00475916
0.00472972
0.00470028
0.00467083
0.00464138
0.00461193
0.00458248
0.00455302
0.00452356
0.0044941
0.00446464
0.00443518
0.00440572
0.00437626
0.00434679
0.00431733
0.00428786
0.0042584
0.00422893
0.00419947
0.00417
0.00414053
0.00411107
0.0040816
0.00405213
0.00402266
0.0039932
0.00396373
0.00393426
0.00390479
0.00387533
0.00384586
0.00381639
0.00378692
0.00375745
0.00372799
0.00369852
0.00366905
0.00363958
0.00361011
0.00358064
0.00355118
0.00352171
0.00349224
0.00346277
0.0034333
0.00340383
0.00337437
0.0033449
0.00331543
0.00328596
0.00325649
0.00322702
0.00319756
0.00316809
0.00313862
0.00310915
0.00307968
0.00305021
0.00302074
0.00299128
0.00296181
0.00293234
0.00290287
0.0028734
0.00284393
0.00281447
0.002785
0.00275553
0.00272606
0.00269659
0.00266712
0.00263765
0.00260819
0.00257872
0.00254925
0.00251978
0.00249031
0.00246084
0.00243137
0.0024019
0.00237244
0.00234297
0.0023135
0.00228403
0.00225456
0.00222509
0.00219562
0.00216615
0.00213668
0.00210721
0.00207774
0.00204827
0.0020188
0.00198933
0.00195986
0.00193039
0.00190092
0.00187145
0.00184198
0.00181251
0.00178304
0.00175357
0.0017241
0.00169463
0.00166515
0.00163568
0.00160621
0.00157674
0.00154727
0.0015178
0.00148833
0.00145885
0.00142938
0.00139991
0.00137044
0.00134097
0.00131149
0.00128202
0.00125255
0.00122308
0.00119361
0.00116414
0.00113466
0.00110519
0.00107572
0.00104625
0.00101678
0.000987305
0.000957833
0.000928361
0.00089889
0.000869418
0.000839946
0.000810475
0.000781003
0.000751532
0.00072206
0.000692588
0.000663117
0.000633645
0.000604173
0.000574702
0.00054523
0.000515759
0.000486287
0.000456815
0.000427344
0.000397872
0.0003684
0.000338929
0.000309457
0.000279985
0.000250513
0.000221041
0.000191569
0.000162097
0.000132625
0.000103153
7.36806e-05
4.42084e-05
1.47361e-05
0.00570722
0.00570387
0.00569728
0.00568751
0.00567472
0.0056592
0.00564136
0.0056216
0.00560028
0.00557764
0.00555389
0.00552921
0.00550376
0.00547766
0.00545102
0.00542393
0.00539647
0.00536869
0.00534065
0.00531239
0.00528395
0.00525535
0.00522662
0.00519778
0.00516884
0.00513982
0.00511074
0.0050816
0.00505241
0.00502318
0.00499392
0.00496462
0.0049353
0.00490596
0.0048766
0.00484723
0.00481784
0.00478844
0.00475903
0.00472961
0.00470018
0.00467075
0.00464131
0.00461187
0.00458243
0.00455298
0.00452353
0.00449407
0.00446462
0.00443516
0.0044057
0.00437624
0.00434678
0.00431732
0.00428785
0.00425839
0.00422892
0.00419946
0.00416999
0.00414053
0.00411106
0.00408159
0.00405213
0.00402266
0.00399319
0.00396373
0.00393426
0.00390479
0.00387532
0.00384586
0.00381639
0.00378692
0.00375745
0.00372799
0.00369852
0.00366905
0.00363958
0.00361011
0.00358064
0.00355118
0.00352171
0.00349224
0.00346277
0.0034333
0.00340383
0.00337437
0.0033449
0.00331543
0.00328596
0.00325649
0.00322702
0.00319756
0.00316809
0.00313862
0.00310915
0.00307968
0.00305021
0.00302074
0.00299128
0.00296181
0.00293234
0.00290287
0.0028734
0.00284393
0.00281447
0.002785
0.00275553
0.00272606
0.00269659
0.00266712
0.00263765
0.00260819
0.00257872
0.00254925
0.00251978
0.00249031
0.00246084
0.00243137
0.0024019
0.00237244
0.00234297
0.0023135
0.00228403
0.00225456
0.00222509
0.00219562
0.00216615
0.00213668
0.00210721
0.00207774
0.00204827
0.0020188
0.00198933
0.00195986
0.00193039
0.00190092
0.00187145
0.00184198
0.00181251
0.00178304
0.00175357
0.0017241
0.00169463
0.00166515
0.00163568
0.00160621
0.00157674
0.00154727
0.0015178
0.00148833
0.00145885
0.00142938
0.00139991
0.00137044
0.00134097
0.0013115
0.00128202
0.00125255
0.00122308
0.00119361
0.00116414
0.00113466
0.00110519
0.00107572
0.00104625
0.00101678
0.000987305
0.000957833
0.000928361
0.00089889
0.000869418
0.000839946
0.000810475
0.000781003
0.000751532
0.00072206
0.000692588
0.000663117
0.000633645
0.000604173
0.000574702
0.00054523
0.000515759
0.000486287
0.000456815
0.000427344
0.000397872
0.0003684
0.000338929
0.000309457
0.000279985
0.000250513
0.000221041
0.000191569
0.000162097
0.000132625
0.000103153
7.36806e-05
4.42084e-05
1.47361e-05
0.00568883
0.00568578
0.00567978
0.00567087
0.00565917
0.00564491
0.0056284
0.00560997
0.0055899
0.00556843
0.00554576
0.00552207
0.00549751
0.0054722
0.00544627
0.00541981
0.0053929
0.00536561
0.00533799
0.0053101
0.00528197
0.00525365
0.00522515
0.00519652
0.00516776
0.00513889
0.00510994
0.00508092
0.00505183
0.00502268
0.00499349
0.00496425
0.00493499
0.00490569
0.00487637
0.00484703
0.00481767
0.00478829
0.0047589
0.0047295
0.00470009
0.00467067
0.00464125
0.00461181
0.00458238
0.00455294
0.00452349
0.00449404
0.00446459
0.00443514
0.00440568
0.00437622
0.00434676
0.0043173
0.00428784
0.00425838
0.00422892
0.00419945
0.00416999
0.00414052
0.00411106
0.00408159
0.00405212
0.00402266
0.00399319
0.00396372
0.00393426
0.00390479
0.00387532
0.00384586
0.00381639
0.00378692
0.00375745
0.00372798
0.00369852
0.00366905
0.00363958
0.00361011
0.00358064
0.00355118
0.00352171
0.00349224
0.00346277
0.0034333
0.00340383
0.00337437
0.0033449
0.00331543
0.00328596
0.00325649
0.00322702
0.00319756
0.00316809
0.00313862
0.00310915
0.00307968
0.00305021
0.00302074
0.00299128
0.00296181
0.00293234
0.00290287
0.0028734
0.00284393
0.00281447
0.002785
0.00275553
0.00272606
0.00269659
0.00266712
0.00263765
0.00260819
0.00257872
0.00254925
0.00251978
0.00249031
0.00246084
0.00243137
0.0024019
0.00237244
0.00234297
0.0023135
0.00228403
0.00225456
0.00222509
0.00219562
0.00216615
0.00213668
0.00210721
0.00207774
0.00204827
0.0020188
0.00198933
0.00195986
0.00193039
0.00190092
0.00187145
0.00184198
0.00181251
0.00178304
0.00175357
0.0017241
0.00169463
0.00166515
0.00163568
0.00160621
0.00157674
0.00154727
0.0015178
0.00148833
0.00145885
0.00142938
0.00139991
0.00137044
0.00134097
0.0013115
0.00128202
0.00125255
0.00122308
0.00119361
0.00116414
0.00113466
0.00110519
0.00107572
0.00104625
0.00101678
0.000987305
0.000957833
0.000928361
0.00089889
0.000869418
0.000839946
0.000810475
0.000781003
0.000751532
0.00072206
0.000692588
0.000663117
0.000633645
0.000604173
0.000574702
0.00054523
0.000515759
0.000486287
0.000456815
0.000427344
0.000397872
0.0003684
0.000338929
0.000309457
0.000279985
0.000250513
0.000221041
0.000191569
0.000162097
0.000132625
0.000103153
7.36806e-05
4.42084e-05
1.47361e-05
0.00567355
0.00567074
0.00566519
0.00565693
0.00564607
0.00563279
0.00561734
0.00559997
0.00558093
0.00556043
0.00553866
0.00551581
0.005492
0.00546738
0.00544207
0.00541615
0.00538972
0.00536285
0.0053356
0.00530804
0.00528019
0.00525211
0.00522383
0.00519538
0.00516678
0.00513806
0.00510922
0.0050803
0.0050513
0.00502223
0.0049931
0.00496392
0.0049347
0.00490545
0.00487616
0.00484685
0.00481751
0.00478816
0.00475879
0.0047294
0.00470001
0.0046706
0.00464119
0.00461176
0.00458233
0.0045529
0.00452346
0.00449401
0.00446457
0.00443512
0.00440566
0.00437621
0.00434675
0.00431729
0.00428783
0.00425837
0.00422891
0.00419945
0.00416998
0.00414052
0.00411105
0.00408159
0.00405212
0.00402266
0.00399319
0.00396372
0.00393426
0.00390479
0.00387532
0.00384585
0.00381639
0.00378692
0.00375745
0.00372798
0.00369852
0.00366905
0.00363958
0.00361011
0.00358064
0.00355118
0.00352171
0.00349224
0.00346277
0.0034333
0.00340383
0.00337437
0.0033449
0.00331543
0.00328596
0.00325649
0.00322702
0.00319756
0.00316809
0.00313862
0.00310915
0.00307968
0.00305021
0.00302074
0.00299128
0.00296181
0.00293234
0.00290287
0.0028734
0.00284393
0.00281447
0.002785
0.00275553
0.00272606
0.00269659
0.00266712
0.00263765
0.00260819
0.00257872
0.00254925
0.00251978
0.00249031
0.00246084
0.00243137
0.0024019
0.00237244
0.00234297
0.0023135
0.00228403
0.00225456
0.00222509
0.00219562
0.00216615
0.00213668
0.00210721
0.00207774
0.00204827
0.0020188
0.00198933
0.00195986
0.00193039
0.00190092
0.00187145
0.00184198
0.00181251
0.00178304
0.00175357
0.0017241
0.00169463
0.00166515
0.00163568
0.00160621
0.00157674
0.00154727
0.0015178
0.00148833
0.00145885
0.00142938
0.00139991
0.00137044
0.00134097
0.0013115
0.00128202
0.00125255
0.00122308
0.00119361
0.00116414
0.00113466
0.00110519
0.00107572
0.00104625
0.00101678
0.000987305
0.000957833
0.000928361
0.00089889
0.000869418
0.000839946
0.000810475
0.000781003
0.000751532
0.00072206
0.000692588
0.000663117
0.000633645
0.000604173
0.000574702
0.00054523
0.000515759
0.000486287
0.000456815
0.000427344
0.000397872
0.0003684
0.000338929
0.000309457
0.000279985
0.000250513
0.000221041
0.000191569
0.000162097
0.000132625
0.000103153
7.36806e-05
4.42084e-05
1.47361e-05
0.00566114
0.00565851
0.0056533
0.00564554
0.00563533
0.0056228
0.00560816
0.00559162
0.0055734
0.00555369
0.00553267
0.00551049
0.00548732
0.00546327
0.00543847
0.00541301
0.00538699
0.00536048
0.00533355
0.00530626
0.00527865
0.00525079
0.00522269
0.0051944
0.00516593
0.00513733
0.0051086
0.00507976
0.00505083
0.00502183
0.00499276
0.00496363
0.00493445
0.00490523
0.00487598
0.00484669
0.00481738
0.00478804
0.00475869
0.00472932
0.00469994
0.00467054
0.00464113
0.00461172
0.00458229
0.00455286
0.00452343
0.00449399
0.00446455
0.0044351
0.00440565
0.00437619
0.00434674
0.00431728
0.00428782
0.00425836
0.0042289
0.00419944
0.00416998
0.00414051
0.00411105
0.00408159
0.00405212
0.00402265
0.00399319
0.00396372
0.00393426
0.00390479
0.00387532
0.00384585
0.00381639
0.00378692
0.00375745
0.00372798
0.00369852
0.00366905
0.00363958
0.00361011
0.00358064
0.00355118
0.00352171
0.00349224
0.00346277
0.0034333
0.00340383
0.00337437
0.0033449
0.00331543
0.00328596
0.00325649
0.00322702
0.00319756
0.00316809
0.00313862
0.00310915
0.00307968
0.00305021
0.00302074
0.00299128
0.00296181
0.00293234
0.00290287
0.0028734
0.00284393
0.00281447
0.002785
0.00275553
0.00272606
0.00269659
0.00266712
0.00263765
0.00260819
0.00257872
0.00254925
0.00251978
0.00249031
0.00246084
0.00243137
0.0024019
0.00237244
0.00234297
0.0023135
0.00228403
0.00225456
0.00222509
0.00219562
0.00216615
0.00213668
0.00210721
0.00207774
0.00204827
0.0020188
0.00198933
0.00195986
0.00193039
0.00190092
0.00187145
0.00184198
0.00181251
0.00178304
0.00175357
0.0017241
0.00169463
0.00166515
0.00163568
0.00160621
0.00157674
0.00154727
0.0015178
0.00148833
0.00145885
0.00142938
0.00139991
0.00137044
0.00134097
0.0013115
0.00128202
0.00125255
0.00122308
0.00119361
0.00116414
0.00113466
0.00110519
0.00107572
0.00104625
0.00101678
0.000987305
0.000957833
0.000928361
0.00089889
0.000869418
0.000839946
0.000810475
0.000781003
0.000751532
0.00072206
0.000692588
0.000663117
0.000633645
0.000604173
0.000574702
0.00054523
0.000515759
0.000486287
0.000456815
0.000427344
0.000397872
0.0003684
0.000338929
0.000309457
0.000279985
0.000250513
0.000221041
0.000191569
0.000162097
0.000132625
0.000103153
7.36806e-05
4.42084e-05
1.47361e-05
0.00565141
0.00564891
0.00564395
0.00563657
0.00562684
0.00561487
0.00560084
0.00558494
0.00556736
0.00554826
0.00552781
0.00550618
0.00548351
0.00545992
0.00543553
0.00541044
0.00538474
0.00535853
0.00533185
0.00530479
0.00527739
0.00524969
0.00522174
0.00519358
0.00516523
0.00513672
0.00510808
0.00507932
0.00505045
0.0050215
0.00499248
0.00496339
0.00493424
0.00490505
0.00487582
0.00484656
0.00481727
0.00478795
0.00475861
0.00472925
0.00469988
0.00467049
0.00464109
0.00461168
0.00458226
0.00455284
0.00452341
0.00449397
0.00446453
0.00443508
0.00440563
0.00437618
0.00434673
0.00431727
0.00428782
0.00425836
0.0042289
0.00419944
0.00416997
0.00414051
0.00411105
0.00408158
0.00405212
0.00402265
0.00399319
0.00396372
0.00393425
0.00390479
0.00387532
0.00384585
0.00381639
0.00378692
0.00375745
0.00372798
0.00369852
0.00366905
0.00363958
0.00361011
0.00358064
0.00355118
0.00352171
0.00349224
0.00346277
0.0034333
0.00340383
0.00337437
0.0033449
0.00331543
0.00328596
0.00325649
0.00322702
0.00319756
0.00316809
0.00313862
0.00310915
0.00307968
0.00305021
0.00302074
0.00299128
0.00296181
0.00293234
0.00290287
0.0028734
0.00284393
0.00281447
0.002785
0.00275553
0.00272606
0.00269659
0.00266712
0.00263765
0.00260819
0.00257872
0.00254925
0.00251978
0.00249031
0.00246084
0.00243137
0.0024019
0.00237244
0.00234297
0.0023135
0.00228403
0.00225456
0.00222509
0.00219562
0.00216615
0.00213668
0.00210721
0.00207774
0.00204827
0.0020188
0.00198933
0.00195986
0.00193039
0.00190092
0.00187145
0.00184198
0.00181251
0.00178304
0.00175357
0.0017241
0.00169463
0.00166515
0.00163568
0.00160621
0.00157674
0.00154727
0.0015178
0.00148833
0.00145885
0.00142938
0.00139991
0.00137044
0.00134097
0.0013115
0.00128202
0.00125255
0.00122308
0.00119361
0.00116414
0.00113466
0.00110519
0.00107572
0.00104625
0.00101678
0.000987305
0.000957833
0.000928361
0.00089889
0.000869418
0.000839946
0.000810475
0.000781003
0.000751532
0.00072206
0.000692588
0.000663117
0.000633645
0.000604173
0.000574702
0.00054523
0.000515759
0.000486287
0.000456815
0.000427344
0.000397872
0.0003684
0.000338929
0.000309457
0.000279985
0.000250513
0.000221041
0.000191569
0.000162097
0.000132625
0.000103153
7.36806e-05
4.42084e-05
1.47361e-05
0.00564423
0.00564182
0.00563704
0.00562993
0.00562053
0.00560896
0.00559537
0.00557994
0.00556281
0.00554416
0.00552415
0.00550292
0.00548062
0.00545737
0.00543329
0.00540848
0.00538303
0.00535703
0.00533056
0.00530366
0.00527641
0.00524885
0.00522102
0.00519295
0.00516469
0.00513626
0.00510768
0.00507897
0.00505016
0.00502125
0.00499226
0.0049632
0.00493408
0.00490492
0.00487571
0.00484646
0.00481718
0.00478787
0.00475854
0.0047292
0.00469983
0.00467045
0.00464105
0.00461165
0.00458224
0.00455281
0.00452339
0.00449395
0.00446451
0.00443507
0.00440562
0.00437618
0.00434672
0.00431727
0.00428781
0.00425835
0.00422889
0.00419943
0.00416997
0.00414051
0.00411105
0.00408158
0.00405212
0.00402265
0.00399319
0.00396372
0.00393425
0.00390479
0.00387532
0.00384585
0.00381639
0.00378692
0.00375745
0.00372798
0.00369852
0.00366905
0.00363958
0.00361011
0.00358064
0.00355118
0.00352171
0.00349224
0.00346277
0.0034333
0.00340383
0.00337437
0.0033449
0.00331543
0.00328596
0.00325649
0.00322702
0.00319756
0.00316809
0.00313862
0.00310915
0.00307968
0.00305021
0.00302074
0.00299128
0.00296181
0.00293234
0.00290287
0.0028734
0.00284393
0.00281447
0.002785
0.00275553
0.00272606
0.00269659
0.00266712
0.00263765
0.00260819
0.00257872
0.00254925
0.00251978
0.00249031
0.00246084
0.00243137
0.0024019
0.00237244
0.00234297
0.0023135
0.00228403
0.00225456
0.00222509
0.00219562
0.00216615
0.00213668
0.00210721
0.00207774
0.00204827
0.0020188
0.00198933
0.00195986
0.00193039
0.00190092
0.00187145
0.00184198
0.00181251
0.00178304
0.00175357
0.0017241
0.00169463
0.00166515
0.00163568
0.00160621
0.00157674
0.00154727
0.0015178
0.00148833
0.00145885
0.00142938
0.00139991
0.00137044
0.00134097
0.0013115
0.00128202
0.00125255
0.00122308
0.00119361
0.00116414
0.00113466
0.00110519
0.00107572
0.00104625
0.00101678
0.000987305
0.000957833
0.000928361
0.00089889
0.000869418
0.000839946
0.000810475
0.000781003
0.000751532
0.00072206
0.000692588
0.000663117
0.000633645
0.000604173
0.000574702
0.00054523
0.000515759
0.000486287
0.000456815
0.000427344
0.000397872
0.0003684
0.000338929
0.000309457
0.000279985
0.000250513
0.000221041
0.000191569
0.000162097
0.000132625
0.000103153
7.36806e-05
4.42083e-05
1.47361e-05
0.00563949
0.00563714
0.00563248
0.00562553
0.00561635
0.00560504
0.00559174
0.0055766
0.00555978
0.00554142
0.00552169
0.00550073
0.00547867
0.00545565
0.00543178
0.00540715
0.00538187
0.00535603
0.00532968
0.0053029
0.00527575
0.00524828
0.00522052
0.00519253
0.00516433
0.00513594
0.00510741
0.00507874
0.00504996
0.00502107
0.00499211
0.00496307
0.00493397
0.00490482
0.00487563
0.00484639
0.00481712
0.00478782
0.0047585
0.00472916
0.0046998
0.00467042
0.00464103
0.00461163
0.00458222
0.0045528
0.00452337
0.00449394
0.00446451
0.00443506
0.00440562
0.00437617
0.00434672
0.00431726
0.00428781
0.00425835
0.00422889
0.00419943
0.00416997
0.00414051
0.00411104
0.00408158
0.00405212
0.00402265
0.00399318
0.00396372
0.00393425
0.00390479
0.00387532
0.00384585
0.00381639
0.00378692
0.00375745
0.00372798
0.00369852
0.00366905
0.00363958
0.00361011
0.00358064
0.00355118
0.00352171
0.00349224
0.00346277
0.0034333
0.00340383
0.00337437
0.0033449
0.00331543
0.00328596
0.00325649
0.00322702
0.00319756
0.00316809
0.00313862
0.00310915
0.00307968
0.00305021
0.00302074
0.00299128
0.00296181
0.00293234
0.00290287
0.0028734
0.00284393
0.00281447
0.002785
0.00275553
0.00272606
0.00269659
0.00266712
0.00263765
0.00260819
0.00257872
0.00254925
0.00251978
0.00249031
0.00246084
0.00243137
0.0024019
0.00237244
0.00234297
0.0023135
0.00228403
0.00225456
0.00222509
0.00219562
0.00216615
0.00213668
0.00210721
0.00207774
0.00204827
0.0020188
0.00198933
0.00195986
0.00193039
0.00190092
0.00187145
0.00184198
0.00181251
0.00178304
0.00175357
0.0017241
0.00169463
0.00166515
0.00163568
0.00160621
0.00157674
0.00154727
0.0015178
0.00148833
0.00145885
0.00142938
0.00139991
0.00137044
0.00134097
0.0013115
0.00128202
0.00125255
0.00122308
0.00119361
0.00116414
0.00113466
0.00110519
0.00107572
0.00104625
0.00101678
0.000987305
0.000957833
0.000928361
0.00089889
0.000869418
0.000839946
0.000810475
0.000781003
0.000751532
0.00072206
0.000692588
0.000663117
0.000633645
0.000604173
0.000574702
0.00054523
0.000515759
0.000486287
0.000456815
0.000427344
0.000397872
0.0003684
0.000338929
0.000309457
0.000279985
0.000250513
0.000221041
0.000191569
0.000162097
0.000132625
0.000103153
7.36806e-05
4.42083e-05
1.47361e-05
0.00563714
0.00563482
0.00563021
0.00562335
0.00561427
0.00560309
0.00558992
0.00557493
0.00555826
0.00554005
0.00552046
0.00549963
0.0054777
0.00545479
0.00543102
0.00540649
0.00538129
0.00535552
0.00532924
0.00530252
0.00527542
0.00524799
0.00522028
0.00519231
0.00516414
0.00513578
0.00510727
0.00507862
0.00504985
0.00502099
0.00499204
0.00496301
0.00493392
0.00490478
0.00487559
0.00484636
0.00481709
0.0047878
0.00475848
0.00472914
0.00469978
0.00467041
0.00464102
0.00461162
0.00458221
0.00455279
0.00452337
0.00449394
0.0044645
0.00443506
0.00440561
0.00437617
0.00434672
0.00431726
0.00428781
0.00425835
0.00422889
0.00419943
0.00416997
0.00414051
0.00411104
0.00408158
0.00405211
0.00402265
0.00399318
0.00396372
0.00393425
0.00390479
0.00387532
0.00384585
0.00381639
0.00378692
0.00375745
0.00372798
0.00369852
0.00366905
0.00363958
0.00361011
0.00358064
0.00355118
0.00352171
0.00349224
0.00346277
0.0034333
0.00340383
0.00337437
0.0033449
0.00331543
0.00328596
0.00325649
0.00322702
0.00319756
0.00316809
0.00313862
0.00310915
0.00307968
0.00305021
0.00302074
0.00299128
0.00296181
0.00293234
0.00290287
0.0028734
0.00284393
0.00281447
0.002785
0.00275553
0.00272606
0.00269659
0.00266712
0.00263765
0.00260819
0.00257872
0.00254925
0.00251978
0.00249031
0.00246084
0.00243137
0.0024019
0.00237244
0.00234297
0.0023135
0.00228403
0.00225456
0.00222509
0.00219562
0.00216615
0.00213668
0.00210721
0.00207774
0.00204827
0.0020188
0.00198933
0.00195986
0.00193039
0.00190092
0.00187145
0.00184198
0.00181251
0.00178304
0.00175357
0.0017241
0.00169463
0.00166515
0.00163568
0.00160621
0.00157674
0.00154727
0.0015178
0.00148833
0.00145885
0.00142938
0.00139991
0.00137044
0.00134097
0.00131149
0.00128202
0.00125255
0.00122308
0.00119361
0.00116414
0.00113466
0.00110519
0.00107572
0.00104625
0.00101678
0.000987305
0.000957833
0.000928361
0.00089889
0.000869418
0.000839946
0.000810475
0.000781003
0.000751532
0.00072206
0.000692588
0.000663117
0.000633645
0.000604173
0.000574702
0.00054523
0.000515759
0.000486287
0.000456815
0.000427344
0.000397872
0.0003684
0.000338929
0.000309457
0.000279985
0.000250513
0.000221041
0.000191569
0.000162097
0.000132625
0.000103153
7.36805e-05
4.42083e-05
1.47361e-05
)
;

boundaryField
{
    inlet
    {
        type            zeroGradient;
    }
    outlet
    {
        type            fixedValue;
        value           uniform 0;
    }
    top
    {
        type            zeroGradient;
    }
    bottom
    {
        type            zeroGradient;
    }
    frontAndBack
    {
        type            empty;
    }
}


// ************************************************************************* //
