/*--------------------------------*- C++ -*----------------------------------*\
  =========                 |
  \\      /  F ield         | OpenFOAM: The Open Source CFD Toolbox
   \\    /   O peration     | Website:  https://openfoam.org
    \\  /    A nd           | Version:  dev
     \\/     M anipulation  |
\*---------------------------------------------------------------------------*/
FoamFile
{
    format      ascii;
    class       surfaceScalarField;
    location    "0.4";
    object      phi;
}
// * * * * * * * * * * * * * * * * * * * * * * * * * * * * * * * * * * * * * //

dimensions      [0 3 -1 0 0 0 0];

internalField   nonuniform List<scalar> 
7780
(
0.00499903
9.65007e-07
0.00499705
1.98188e-06
0.00499461
2.441e-06
0.0049921
2.50885e-06
0.00498948
2.62683e-06
0.00498677
2.70988e-06
0.00498428
2.48437e-06
0.0049823
1.97827e-06
0.00498088
1.42504e-06
0.00497991
9.73708e-07
0.00497926
6.499e-07
0.00497882
4.3257e-07
0.00497853
2.93003e-07
0.00497832
2.05023e-07
0.00497818
1.48854e-07
0.00497806
1.1178e-07
0.00497798
8.6315e-08
0.00497791
6.81264e-08
0.00497785
5.46747e-08
0.00497781
4.44352e-08
0.00497777
3.64616e-08
0.00497774
3.01417e-08
0.00497772
2.50634e-08
0.0049777
2.09383e-08
0.00497768
1.75584e-08
0.00497767
1.477e-08
0.00497765
1.24563e-08
0.00497764
1.05275e-08
0.00497763
8.91342e-09
0.00497763
7.55817e-09
0.00497762
6.41715e-09
0.00497761
5.45427e-09
0.00497761
4.64011e-09
0.00497761
3.95057e-09
0.0049776
3.36573e-09
0.0049776
2.8691e-09
0.0049776
2.44693e-09
0.00497759
2.08775e-09
0.00497759
1.78192e-09
0.00497759
1.52135e-09
0.00497759
1.29923e-09
0.00497759
1.10978e-09
0.00497759
9.48143e-10
0.00497759
8.1018e-10
0.00497759
6.92389e-10
0.00497759
5.91796e-10
0.00497759
5.05869e-10
0.00497759
4.32458e-10
0.00497758
3.69729e-10
0.00497758
3.1612e-10
0.00497758
2.70299e-10
0.00497758
2.31131e-10
0.00497758
1.97648e-10
0.00497758
1.6902e-10
0.00497758
1.44544e-10
0.00497758
1.23616e-10
0.00497758
1.0572e-10
0.00497758
9.04177e-11
0.00497758
7.73309e-11
0.00497758
6.61387e-11
0.00497758
5.65671e-11
0.00497758
4.83815e-11
0.00497758
4.13809e-11
0.00497758
3.53935e-11
0.00497758
3.02723e-11
0.00497758
2.58922e-11
0.00497758
2.21461e-11
0.00497758
1.89424e-11
0.00497758
1.62022e-11
0.00497758
1.38583e-11
0.00497758
1.18532e-11
0.00497758
1.01381e-11
0.00497758
8.67137e-12
0.00497758
7.41692e-12
0.00497758
6.34389e-12
0.00497758
5.42583e-12
0.00497758
4.64048e-12
0.00497758
3.96886e-12
0.00497758
3.3946e-12
0.00497758
2.90371e-12
0.00497758
2.48394e-12
0.00497758
2.12479e-12
0.00497758
1.8173e-12
0.00497758
1.5541e-12
0.00497758
1.32894e-12
0.00497758
1.13639e-12
0.00497758
9.71927e-13
0.00497758
8.31535e-13
0.00497758
7.11622e-13
0.00497758
6.08975e-13
0.00497758
5.20993e-13
0.00497758
4.45611e-13
0.00497758
3.81054e-13
0.00497758
3.25816e-13
0.00497758
2.78757e-13
0.00497758
2.38709e-13
0.00497758
2.04498e-13
0.00497758
1.75184e-13
0.00497758
1.49978e-13
0.00497758
1.28191e-13
0.00497758
1.09467e-13
0.00497758
9.35948e-14
0.00497758
8.01385e-14
0.00497758
6.87591e-14
0.00497758
5.90743e-14
0.00497758
5.06928e-14
0.00497758
4.34213e-14
0.00497758
3.69971e-14
0.00497758
3.12813e-14
0.00497758
2.62866e-14
0.00497758
2.19725e-14
0.00497758
1.84085e-14
0.00497758
1.53252e-14
0.00497758
1.27052e-14
0.00497758
1.05e-14
0.00497758
8.60618e-15
0.00497758
6.97645e-15
0.00497758
5.45324e-15
0.00497758
4.08176e-15
0.00497758
2.80868e-15
0.00497758
1.6749e-15
0.00497758
7.40087e-16
0.00497758
-1.87529e-16
0.00497758
-8.19987e-16
0.00497758
-1.37239e-15
0.00497758
-1.76611e-15
0.00497758
-2.03332e-15
0.00497758
-2.28535e-15
0.00497758
-2.49141e-15
0.00497758
-2.81924e-15
0.00497758
-3.14264e-15
0.00497758
-3.4729e-15
0.00497758
-3.77928e-15
0.00497758
-3.97238e-15
0.00497758
-3.93194e-15
0.00497758
-3.74105e-15
0.00497758
-3.48288e-15
0.00497758
-3.11093e-15
0.00497758
-2.79941e-15
0.00497758
-2.57106e-15
0.00497758
-2.35901e-15
0.00497758
-2.36708e-15
0.00497758
-2.35675e-15
0.00497758
-2.22948e-15
0.00497758
-2.11795e-15
0.00497758
-1.90676e-15
0.00497758
-1.65406e-15
0.00497758
-1.25358e-15
0.00497758
-8.63875e-16
0.00497758
-4.56088e-16
0.00497758
-1.28412e-16
0.00497758
1.49816e-16
0.00497758
4.58821e-16
0.00497758
5.26791e-16
0.00497758
4.76318e-16
0.00497758
7.45857e-16
0.00497758
9.27643e-16
0.00497758
1.05e-15
0.00497758
1.18132e-15
0.00497758
1.14432e-15
0.00497758
1.05728e-15
0.00497758
9.06249e-16
0.00497758
7.96286e-16
0.00497758
7.71169e-16
0.00497758
4.73615e-16
0.00497758
9.39532e-17
0.00497758
-1.01697e-16
0.00497758
-2.25574e-16
0.00497758
-2.67842e-16
0.00497758
-2.26165e-16
0.00497758
-2.61655e-16
0.00497758
-1.12371e-16
0.00497758
-8.94933e-17
0.00497758
-1.02492e-17
0.00497758
-1.72955e-17
0.00497758
-1.38466e-16
0.00497758
-3.41989e-16
0.00497758
-6.07047e-16
0.00497758
-7.78035e-16
0.00497758
-1.07346e-15
0.00497758
-1.35929e-15
0.00497758
-1.48424e-15
0.00497758
-1.61045e-15
0.00497758
-1.59992e-15
0.00497758
-1.50395e-15
0.00497758
-1.26194e-15
0.00497758
-1.01248e-15
0.00497758
-7.6301e-16
0.00497758
-5.46351e-16
0.00497758
-1.60009e-16
0.00497758
9.7147e-17
0.00497758
2.17054e-16
0.00497758
3.78234e-16
0.00497758
3.12384e-16
0.00497758
2.65275e-16
0.00497758
4.07619e-16
0.00497758
3.34559e-17
0.00497758
-6.39343e-17
0.00497758
-2.17544e-16
-3.16932e-16
0.00500041
5.59591e-07
0.00500102
1.36813e-06
0.00500157
1.89183e-06
0.00500195
2.13062e-06
0.00500231
2.26484e-06
0.00500264
2.37548e-06
0.00500283
2.30022e-06
0.00500282
1.98041e-06
0.0050027
1.55369e-06
0.00500251
1.16042e-06
0.00500231
8.50674e-07
0.00500212
6.22007e-07
0.00500195
4.58866e-07
0.00500181
3.44348e-07
0.0050017
2.63544e-07
0.00500161
2.05406e-07
0.00500153
1.62611e-07
0.00500147
1.3043e-07
0.00500142
1.05761e-07
0.00500137
8.65279e-08
0.00500134
7.1312e-08
0.00500131
5.91261e-08
0.00500129
4.92661e-08
0.00500127
4.12192e-08
0.00500125
3.46045e-08
0.00500123
2.91342e-08
0.00500122
2.45871e-08
0.00500121
2.07915e-08
0.0050012
1.76115e-08
0.0050012
1.49392e-08
0.00500119
1.26878e-08
0.00500118
1.07868e-08
0.00500118
9.17862e-09
0.00500118
7.81604e-09
0.00500117
6.65998e-09
0.00500117
5.678e-09
0.00500117
4.84305e-09
0.00500117
4.13253e-09
0.00500116
3.52745e-09
0.00500116
3.01185e-09
0.00500116
2.57225e-09
0.00500116
2.19729e-09
0.00500116
1.87734e-09
0.00500116
1.60422e-09
0.00500116
1.37103e-09
0.00500116
1.17187e-09
0.00500116
1.00175e-09
0.00500116
8.5639e-10
0.00500116
7.3218e-10
0.00500116
6.26026e-10
0.00500115
5.35292e-10
0.00500115
4.5773e-10
0.00500115
3.91422e-10
0.00500115
3.34732e-10
0.00500115
2.8626e-10
0.00500115
2.44815e-10
0.00500115
2.09375e-10
0.00500115
1.79069e-10
0.00500115
1.53151e-10
0.00500115
1.30986e-10
0.00500115
1.1203e-10
0.00500115
9.58193e-11
0.00500115
8.1955e-11
0.00500115
7.00971e-11
0.00500115
5.99551e-11
0.00500115
5.12809e-11
0.00500115
4.38623e-11
0.00500115
3.75173e-11
0.00500115
3.20902e-11
0.00500115
2.74478e-11
0.00500115
2.34767e-11
0.00500115
2.00802e-11
0.00500115
1.71753e-11
0.00500115
1.46906e-11
0.00500115
1.25653e-11
0.00500115
1.07473e-11
0.00500115
9.19226e-12
0.00500115
7.86248e-12
0.00500115
6.72536e-12
0.00500115
5.75299e-12
0.00500115
4.9211e-12
0.00500115
4.20921e-12
0.00500115
3.59987e-12
0.00500115
3.07851e-12
0.00500115
2.6327e-12
0.00500115
2.2517e-12
0.00500115
1.92624e-12
0.00500115
1.64804e-12
0.00500115
1.41012e-12
0.00500115
1.20637e-12
0.00500115
1.03182e-12
0.00500115
8.8236e-13
0.00500115
7.54518e-13
0.00500115
6.4537e-13
0.00500115
5.52179e-13
0.00500115
4.72601e-13
0.00500115
4.0451e-13
0.00500115
3.46122e-13
0.00500115
2.96031e-13
0.00500115
2.53128e-13
0.00500115
2.16573e-13
0.00500115
1.85603e-13
0.00500115
1.59315e-13
0.00500115
1.3687e-13
0.00500115
1.17509e-13
0.00500115
1.00621e-13
0.00500115
8.58454e-14
0.00500115
7.29838e-14
0.00500115
6.18753e-14
0.00500115
5.24395e-14
0.00500115
4.45424e-14
0.00500115
3.80191e-14
0.00500115
3.24479e-14
0.00500115
2.76788e-14
0.00500115
2.35672e-14
0.00500115
1.98523e-14
0.00500115
1.65635e-14
0.00500115
1.35796e-14
0.00500115
1.10304e-14
0.00500115
8.81151e-15
0.00500115
6.9577e-15
0.00500115
5.53042e-15
0.00500115
4.25495e-15
0.00500115
3.30137e-15
0.00500115
2.48527e-15
0.00500115
1.79111e-15
0.00500115
1.2466e-15
0.00500115
7.21267e-16
0.00500115
1.85685e-16
0.00500115
-2.83257e-16
0.00500115
-7.02914e-16
0.00500115
-1.065e-15
0.00500115
-1.28064e-15
0.00500115
-1.43816e-15
0.00500115
-1.41356e-15
0.00500115
-1.3118e-15
0.00500115
-1.07709e-15
0.00500115
-8.06612e-16
0.00500115
-5.87105e-16
0.00500115
-3.56661e-16
0.00500115
-1.52674e-16
0.00500115
6.25874e-17
0.00500115
2.59351e-16
0.00500115
5.66267e-16
0.00500115
8.02919e-16
0.00500115
1.03494e-15
0.00500115
1.39436e-15
0.00500115
1.66239e-15
0.00500115
1.86881e-15
0.00500115
1.98427e-15
0.00500115
2.00858e-15
0.00500115
1.91194e-15
0.00500115
1.76848e-15
0.00500115
1.53442e-15
0.00500115
1.18148e-15
0.00500115
8.9212e-16
0.00500115
5.87027e-16
0.00500115
2.11889e-16
0.00500115
3.482e-17
0.00500115
-4.97469e-16
0.00500115
-9.16593e-16
0.00500115
-1.21357e-15
0.00500115
-1.45118e-15
0.00500115
-1.5699e-15
0.00500115
-1.63246e-15
0.00500115
-1.57029e-15
0.00500115
-1.33768e-15
0.00500115
-1.08969e-15
0.00500115
-7.74355e-16
0.00500115
-4.4473e-16
0.00500115
-5.4246e-17
0.00500115
2.9816e-16
0.00500115
4.99615e-16
0.00500115
6.79952e-16
0.00500115
6.20185e-16
0.00500115
4.56947e-16
0.00500115
3.39802e-16
0.00500115
1.4557e-16
0.00500115
-1.17483e-16
0.00500115
-3.90474e-16
0.00500115
-6.9175e-16
0.00500115
-8.34094e-16
0.00500115
-8.91613e-16
0.00500115
-8.72984e-16
0.00500115
-8.63455e-16
0.00500115
-8.22197e-16
0.00500115
-6.78383e-16
0.00500115
-4.03962e-16
0.00500115
-2.75944e-16
0.00500115
-1.56163e-16
0.00500115
-4.449e-17
0.00500115
4.34698e-18
0.00500115
1.58469e-16
0.00500115
5.80585e-17
0.00500115
7.12696e-17
0.00500115
8.77933e-17
0.00500115
-1.69523e-16
0.00500115
-2.55611e-18
0.00500115
-1.0154e-16
-1.25283e-16
0.00500018
3.7559e-07
0.00500061
9.37977e-07
0.00500111
1.39846e-06
0.00500151
1.72993e-06
0.00500185
1.92424e-06
0.00500217
2.0521e-06
0.00500241
2.06713e-06
0.00500249
1.89943e-06
0.00500244
1.60217e-06
0.00500232
1.28113e-06
0.00500217
9.9855e-07
0.00500202
7.70268e-07
0.00500189
5.93569e-07
0.00500177
4.60308e-07
0.00500167
3.60747e-07
0.00500159
2.8601e-07
0.00500153
2.29257e-07
0.00500147
1.85585e-07
0.00500142
1.51523e-07
0.00500139
1.24617e-07
0.00500136
1.03118e-07
0.00500133
8.57671e-08
0.00500131
7.16426e-08
0.00500129
6.00601e-08
0.00500127
5.05027e-08
0.00500126
4.25744e-08
0.00500125
3.5968e-08
0.00500124
3.0442e-08
0.00500123
2.58048e-08
0.00500122
2.19025e-08
0.00500122
1.86111e-08
0.00500121
1.58293e-08
0.00500121
1.34742e-08
0.0050012
1.14774e-08
0.0050012
9.78228e-09
0.0050012
8.34174e-09
0.00500119
7.11641e-09
0.00500119
6.07332e-09
0.00500119
5.18477e-09
0.00500119
4.42743e-09
0.00500119
3.78159e-09
0.00500119
3.23062e-09
0.00500119
2.76039e-09
0.00500119
2.35896e-09
0.00500119
2.01616e-09
0.00500118
1.72337e-09
0.00500118
1.47324e-09
0.00500118
1.25951e-09
0.00500118
1.07686e-09
0.00500118
9.20757e-10
0.00500118
7.87322e-10
0.00500118
6.73254e-10
0.00500118
5.75734e-10
0.00500118
4.92356e-10
0.00500118
4.21065e-10
0.00500118
3.60106e-10
0.00500118
3.07978e-10
0.00500118
2.63401e-10
0.00500118
2.25279e-10
0.00500118
1.92676e-10
0.00500118
1.64794e-10
0.00500118
1.40949e-10
0.00500118
1.20555e-10
0.00500118
1.03112e-10
0.00500118
8.81939e-11
0.00500118
7.54345e-11
0.00500118
6.45218e-11
0.00500118
5.51882e-11
0.00500118
4.72047e-11
0.00500118
4.03757e-11
0.00500118
3.45344e-11
0.00500118
2.95384e-11
0.00500118
2.52653e-11
0.00500118
2.16104e-11
0.00500118
1.84841e-11
0.00500118
1.58098e-11
0.00500118
1.35224e-11
0.00500118
1.15664e-11
0.00500118
9.89376e-12
0.00500118
8.4632e-12
0.00500118
7.23925e-12
0.00500118
6.19177e-12
0.00500118
5.29534e-12
0.00500118
4.52852e-12
0.00500118
3.87292e-12
0.00500118
3.31273e-12
0.00500118
2.83404e-12
0.00500118
2.42475e-12
0.00500118
2.0745e-12
0.00500118
1.77446e-12
0.00500118
1.5175e-12
0.00500118
1.29763e-12
0.00500118
1.10974e-12
0.00500118
9.49412e-13
0.00500118
8.12476e-13
0.00500118
6.95381e-13
0.00500118
5.95021e-13
0.00500118
5.08918e-13
0.00500118
4.35147e-13
0.00500118
3.72132e-13
0.00500118
3.18611e-13
0.00500118
2.73255e-13
0.00500118
2.34702e-13
0.00500118
2.0164e-13
0.00500118
1.72899e-13
0.00500118
1.47856e-13
0.00500118
1.2596e-13
0.00500118
1.06978e-13
0.00500118
9.08413e-14
0.00500118
7.72469e-14
0.00500118
6.59421e-14
0.00500118
5.65392e-14
0.00500118
4.85035e-14
0.00500118
4.14806e-14
0.00500118
3.52605e-14
0.00500118
2.97121e-14
0.00500118
2.47724e-14
0.00500118
2.0397e-14
0.00500118
1.67436e-14
0.00500118
1.36938e-14
0.00500118
1.11515e-14
0.00500118
9.14298e-15
0.00500118
7.42554e-15
0.00500118
6.01639e-15
0.00500118
4.77851e-15
0.00500118
3.73111e-15
0.00500118
2.83703e-15
0.00500118
2.01001e-15
0.00500118
1.26388e-15
0.00500118
6.56046e-16
0.00500118
1.01265e-16
0.00500118
-3.09509e-16
0.00500118
-6.11963e-16
0.00500118
-7.52104e-16
0.00500118
-7.47426e-16
0.00500118
-6.62535e-16
0.00500118
-4.63038e-16
0.00500118
-2.27915e-16
0.00500118
4.78201e-17
0.00500118
3.74966e-16
0.00500118
7.21654e-16
0.00500118
1.13703e-15
0.00500118
1.50547e-15
0.00500118
1.90492e-15
0.00500118
2.25918e-15
0.00500118
2.59371e-15
0.00500118
2.96805e-15
0.00500118
3.21325e-15
0.00500118
3.352e-15
0.00500118
3.36092e-15
0.00500118
3.23298e-15
0.00500118
2.97603e-15
0.00500118
2.63546e-15
0.00500118
2.23498e-15
0.00500118
1.6952e-15
0.00500118
1.09999e-15
0.00500118
4.70764e-16
0.00500118
-2.1486e-16
0.00500118
-7.88469e-16
0.00500118
-1.43989e-15
0.00500118
-1.99328e-15
0.00500118
-2.44297e-15
0.00500118
-2.79313e-15
0.00500118
-2.85195e-15
0.00500118
-2.79352e-15
0.00500118
-2.50337e-15
0.00500118
-2.07323e-15
0.00500118
-1.58906e-15
0.00500118
-1.02192e-15
0.00500118
-4.64328e-16
0.00500118
1.48306e-16
0.00500118
6.15733e-16
0.00500118
9.22275e-16
0.00500118
1.08255e-15
0.00500118
1.0132e-15
0.00500118
8.96938e-16
0.00500118
7.24836e-16
0.00500118
4.26703e-16
0.00500118
1.22208e-16
0.00500118
-2.22909e-16
0.00500118
-5.33004e-16
0.00500118
-6.90038e-16
0.00500118
-7.77002e-16
0.00500118
-8.63106e-16
0.00500118
-8.72079e-16
0.00500118
-8.56414e-16
0.00500118
-7.78497e-16
0.00500118
-5.03971e-16
0.00500118
-3.35534e-16
0.00500118
-3.1737e-16
0.00500118
-2.06529e-16
0.00500118
-1.17484e-16
0.00500118
3.43045e-17
0.00500118
1.43667e-17
0.00500118
-1.4248e-16
0.00500118
-7.25522e-17
0.00500118
-7.83917e-17
0.00500118
-2.45849e-17
0.00500118
-1.03488e-16
1.81393e-17
0.00500012
2.6002e-07
0.00500035
6.9939e-07
0.00500068
1.07584e-06
0.005001
1.41072e-06
0.00500126
1.6582e-06
0.0050015
1.8136e-06
0.00500171
1.85788e-06
0.00500185
1.75786e-06
0.00500191
1.54211e-06
0.00500191
1.28461e-06
0.00500186
1.04152e-06
0.0050018
8.34332e-07
0.00500173
6.65707e-07
0.00500166
5.31955e-07
0.00500159
4.27205e-07
0.00500153
3.45305e-07
0.00500148
2.8098e-07
0.00500144
2.30104e-07
0.0050014
1.89548e-07
0.00500136
1.5696e-07
0.00500134
1.30572e-07
0.00500131
1.09053e-07
0.00500129
9.1394e-08
0.00500128
7.682e-08
0.00500126
6.4733e-08
0.00500125
5.46653e-08
0.00500124
4.62484e-08
0.00500123
3.9189e-08
0.00500122
3.32518e-08
0.00500122
2.82465e-08
0.00500121
2.40181e-08
0.00500121
2.04399e-08
0.0050012
1.74073e-08
0.0050012
1.48338e-08
0.0050012
1.26474e-08
0.0050012
1.07881e-08
0.00500119
9.20579e-09
0.00500119
7.85815e-09
0.00500119
6.70971e-09
0.00500119
5.73052e-09
0.00500119
4.89527e-09
0.00500119
4.18251e-09
0.00500119
3.57409e-09
0.00500119
3.05459e-09
0.00500118
2.61089e-09
0.00500118
2.23187e-09
0.00500118
1.90803e-09
0.00500118
1.6313e-09
0.00500118
1.3948e-09
0.00500118
1.19264e-09
0.00500118
1.01984e-09
0.00500118
8.72104e-10
0.00500118
7.45797e-10
0.00500118
6.37802e-10
0.00500118
5.4546e-10
0.00500118
4.66498e-10
0.00500118
3.98974e-10
0.00500118
3.41229e-10
0.00500118
2.91845e-10
0.00500118
2.49611e-10
0.00500118
2.13492e-10
0.00500118
1.82602e-10
0.00500118
1.56182e-10
0.00500118
1.33585e-10
0.00500118
1.14258e-10
0.00500118
9.77281e-11
0.00500118
8.35904e-11
0.00500118
7.14982e-11
0.00500118
6.11551e-11
0.00500118
5.2308e-11
0.00500118
4.47407e-11
0.00500118
3.82685e-11
0.00500118
3.27327e-11
0.00500118
2.79976e-11
0.00500118
2.39473e-11
0.00500118
2.04827e-11
0.00500118
1.75196e-11
0.00500118
1.49856e-11
0.00500118
1.28185e-11
0.00500118
1.09647e-11
0.00500118
9.37862e-12
0.00500118
8.02137e-12
0.00500118
6.86012e-12
0.00500118
5.86701e-12
0.00500118
5.01808e-12
0.00500118
4.29258e-12
0.00500118
3.67231e-12
0.00500118
3.1417e-12
0.00500118
2.68747e-12
0.00500118
2.29845e-12
0.00500118
1.9655e-12
0.00500118
1.68088e-12
0.00500118
1.43783e-12
0.00500118
1.2303e-12
0.00500118
1.05293e-12
0.00500118
9.01077e-13
0.00500118
7.70836e-13
0.00500118
6.59084e-13
0.00500118
5.63533e-13
0.00500118
4.82113e-13
0.00500118
4.13035e-13
0.00500118
3.54375e-13
0.00500118
3.04291e-13
0.00500118
2.61191e-13
0.00500118
2.23727e-13
0.00500118
1.91071e-13
0.00500118
1.62686e-13
0.00500118
1.38266e-13
0.00500118
1.17659e-13
0.00500118
1.00373e-13
0.00500118
8.59743e-14
0.00500118
7.37942e-14
0.00500118
6.32959e-14
0.00500118
5.41027e-14
0.00500118
4.587e-14
0.00500118
3.85854e-14
0.00500118
3.21541e-14
0.00500118
2.66515e-14
0.00500118
2.2075e-14
0.00500118
1.82218e-14
0.00500118
1.51116e-14
0.00500118
1.25076e-14
0.00500118
1.02721e-14
0.00500118
8.37737e-15
0.00500118
6.73422e-15
0.00500118
5.32147e-15
0.00500118
4.0863e-15
0.00500118
3.04333e-15
0.00500118
2.1424e-15
0.00500118
1.36758e-15
0.00500118
7.33495e-16
0.00500118
2.881e-16
0.00500118
-7.98698e-17
0.00500118
-2.33549e-16
0.00500118
-2.65993e-16
0.00500118
-2.01581e-16
0.00500118
-3.16261e-17
0.00500118
2.18427e-16
0.00500118
5.72992e-16
0.00500118
1.02417e-15
0.00500118
1.51176e-15
0.00500118
1.99645e-15
0.00500118
2.51842e-15
0.00500118
3.02732e-15
0.00500118
3.47645e-15
0.00500118
3.9307e-15
0.00500118
4.30685e-15
0.00500118
4.564e-15
0.00500118
4.62117e-15
0.00500118
4.53488e-15
0.00500118
4.30849e-15
0.00500118
3.93406e-15
0.00500118
3.45293e-15
0.00500118
2.84869e-15
0.00500118
2.08878e-15
0.00500118
1.22621e-15
0.00500118
3.1754e-16
0.00500118
-5.92099e-16
0.00500118
-1.4494e-15
0.00500118
-2.28812e-15
0.00500118
-3.03127e-15
0.00500118
-3.56073e-15
0.00500118
-3.92741e-15
0.00500118
-3.93972e-15
0.00500118
-3.71509e-15
0.00500118
-3.31524e-15
0.00500118
-2.71312e-15
0.00500118
-1.99132e-15
0.00500118
-1.22883e-15
0.00500118
-4.0935e-16
0.00500118
3.21048e-16
0.00500118
8.58855e-16
0.00500118
1.24269e-15
0.00500118
1.39267e-15
0.00500118
1.38541e-15
0.00500118
1.31459e-15
0.00500118
1.05609e-15
0.00500118
6.21558e-16
0.00500118
2.53696e-16
0.00500118
-5.32852e-17
0.00500118
-3.97109e-16
0.00500118
-6.52992e-16
0.00500118
-7.74818e-16
0.00500118
-9.57852e-16
0.00500118
-9.1859e-16
0.00500118
-8.49778e-16
0.00500118
-7.66317e-16
0.00500118
-6.44249e-16
0.00500118
-5.91068e-16
0.00500118
-4.31979e-16
0.00500118
-2.92434e-16
0.00500118
-2.36736e-16
0.00500118
-1.82007e-16
0.00500118
-7.59612e-17
0.00500118
-6.49488e-17
0.00500118
-9.24444e-17
0.00500118
-1.88474e-16
0.00500118
-1.00385e-17
0.00500118
-6.14617e-17
4.19073e-17
0.00500006
2.01805e-07
0.0050002
5.57893e-07
0.00500042
8.56337e-07
0.00500068
1.14978e-06
0.00500093
1.40584e-06
0.00500117
1.58004e-06
0.00500138
1.6483e-06
0.00500154
1.59743e-06
0.00500163
1.44714e-06
0.00500167
1.24756e-06
0.00500167
1.04451e-06
0.00500164
8.61478e-07
0.0050016
7.0557e-07
0.00500155
5.7672e-07
0.00500151
4.72014e-07
0.00500147
3.87514e-07
0.00500143
3.19357e-07
0.00500139
2.64238e-07
0.00500136
2.19485e-07
0.00500134
1.82977e-07
0.00500132
1.53047e-07
0.0050013
1.28393e-07
0.00500128
1.07993e-07
0.00500127
9.10419e-08
0.00500125
7.69052e-08
0.00500124
6.50761e-08
0.00500123
5.51491e-08
0.00500123
4.67969e-08
0.00500122
3.97538e-08
0.00500121
3.38032e-08
0.00500121
2.87671e-08
0.00500121
2.44987e-08
0.0050012
2.08764e-08
0.0050012
1.7799e-08
0.0050012
1.51821e-08
0.00500119
1.2955e-08
0.00500119
1.10583e-08
0.00500119
9.44198e-09
0.00500119
8.06392e-09
0.00500119
6.88845e-09
0.00500119
5.8854e-09
0.00500119
5.0292e-09
0.00500119
4.29815e-09
0.00500118
3.67379e-09
0.00500118
3.14044e-09
0.00500118
2.68475e-09
0.00500118
2.29536e-09
0.00500118
1.96256e-09
0.00500118
1.67811e-09
0.00500118
1.43496e-09
0.00500118
1.22709e-09
0.00500118
1.04937e-09
0.00500118
8.9741e-10
0.00500118
7.67479e-10
0.00500118
6.56375e-10
0.00500118
5.61366e-10
0.00500118
4.80117e-10
0.00500118
4.10633e-10
0.00500118
3.51209e-10
0.00500118
3.00388e-10
0.00500118
2.56924e-10
0.00500118
2.19751e-10
0.00500118
1.87957e-10
0.00500118
1.60763e-10
0.00500118
1.37505e-10
0.00500118
1.17612e-10
0.00500118
1.00598e-10
0.00500118
8.60453e-11
0.00500118
7.35977e-11
0.00500118
6.29509e-11
0.00500118
5.38443e-11
0.00500118
4.60554e-11
0.00500118
3.93933e-11
0.00500118
3.36948e-11
0.00500118
2.88204e-11
0.00500118
2.46511e-11
0.00500118
2.10851e-11
0.00500118
1.80354e-11
0.00500118
1.5427e-11
0.00500118
1.31957e-11
0.00500118
1.12866e-11
0.00500118
9.65323e-12
0.00500118
8.25605e-12
0.00500118
7.06134e-12
0.00500118
6.04e-12
0.00500118
5.16684e-12
0.00500118
4.42004e-12
0.00500118
3.78099e-12
0.00500118
3.2339e-12
0.00500118
2.7656e-12
0.00500118
2.36508e-12
0.00500118
2.02283e-12
0.00500118
1.73066e-12
0.00500118
1.48107e-12
0.00500118
1.26755e-12
0.00500118
1.08455e-12
0.00500118
9.27557e-13
0.00500118
7.93081e-13
0.00500118
6.78211e-13
0.00500118
5.80387e-13
0.00500118
4.97312e-13
0.00500118
4.2665e-13
0.00500118
3.66222e-13
0.00500118
3.14048e-13
0.00500118
2.68724e-13
0.00500118
2.29325e-13
0.00500118
1.95288e-13
0.00500118
1.66245e-13
0.00500118
1.41766e-13
0.00500118
1.21224e-13
0.00500118
1.03976e-13
0.00500118
8.93136e-14
0.00500118
7.65182e-14
0.00500118
6.52211e-14
0.00500118
5.51942e-14
0.00500118
4.64178e-14
0.00500118
3.87771e-14
0.00500118
3.23197e-14
0.00500118
2.69616e-14
0.00500118
2.24509e-14
0.00500118
1.8759e-14
0.00500118
1.55615e-14
0.00500118
1.28497e-14
0.00500118
1.04881e-14
0.00500118
8.41932e-15
0.00500118
6.67997e-15
0.00500118
5.18035e-15
0.00500118
3.91019e-15
0.00500118
2.89106e-15
0.00500118
2.01887e-15
0.00500118
1.33567e-15
0.00500118
8.67375e-16
0.00500118
4.92506e-16
0.00500118
3.22142e-16
0.00500118
2.23592e-16
0.00500118
2.56087e-16
0.00500118
4.14751e-16
0.00500118
6.79714e-16
0.00500118
1.07848e-15
0.00500118
1.60435e-15
0.00500118
2.23441e-15
0.00500118
2.81988e-15
0.00500118
3.44395e-15
0.00500118
4.05646e-15
0.00500118
4.64174e-15
0.00500118
5.16343e-15
0.00500118
5.52039e-15
0.00500118
5.74628e-15
0.00500118
5.7531e-15
0.00500118
5.59337e-15
0.00500118
5.28842e-15
0.00500118
4.8127e-15
0.00500118
4.1891e-15
0.00500118
3.35971e-15
0.00500118
2.36636e-15
0.00500118
1.30831e-15
0.00500118
1.62978e-16
0.00500118
-9.73432e-16
0.00500118
-2.06724e-15
0.00500118
-3.10806e-15
0.00500118
-3.95046e-15
0.00500118
-4.58939e-15
0.00500118
-4.89445e-15
0.00500118
-4.8641e-15
0.00500118
-4.52774e-15
0.00500118
-4.00649e-15
0.00500118
-3.24568e-15
0.00500118
-2.28492e-15
0.00500118
-1.31263e-15
0.00500118
-3.32549e-16
0.00500118
4.42926e-16
0.00500118
1.03778e-15
0.00500118
1.50182e-15
0.00500118
1.7547e-15
0.00500118
1.74361e-15
0.00500118
1.57595e-15
0.00500118
1.28354e-15
0.00500118
8.32207e-16
0.00500118
4.01037e-16
0.00500118
1.11775e-16
0.00500118
-2.60927e-16
0.00500118
-6.59964e-16
0.00500118
-8.10384e-16
0.00500118
-9.26969e-16
0.00500118
-8.96388e-16
0.00500118
-9.16012e-16
0.00500118
-9.10172e-16
0.00500118
-7.35871e-16
0.00500118
-6.64395e-16
0.00500118
-4.42641e-16
0.00500118
-3.98046e-16
0.00500118
-3.56191e-16
0.00500118
-2.94996e-16
0.00500118
-2.86715e-16
0.00500118
-3.57251e-17
0.00500118
-1.42154e-16
0.00500118
-3.23083e-16
0.00500118
6.57701e-17
0.00500118
-4.44612e-17
5.57878e-17
0.00500004
1.61727e-07
0.00500015
4.49937e-07
0.00500031
6.95425e-07
0.00500051
9.52007e-07
0.00500071
1.20026e-06
0.00500091
1.38196e-06
0.00500109
1.46418e-06
0.00500125
1.44184e-06
0.00500136
1.33426e-06
0.00500143
1.17875e-06
0.00500146
1.01137e-06
0.00500147
8.53714e-07
0.00500146
7.14414e-07
0.00500145
5.95371e-07
0.00500142
4.95556e-07
0.0050014
4.12706e-07
0.00500137
3.44228e-07
0.00500135
2.8768e-07
0.00500133
2.40945e-07
0.00500131
2.02246e-07
0.00500129
1.70124e-07
0.00500128
1.43388e-07
0.00500126
1.21073e-07
0.00500125
1.02398e-07
0.00500124
8.67306e-08
0.00500123
7.35551e-08
0.00500123
6.2452e-08
0.00500122
5.30777e-08
0.00500121
4.51495e-08
0.00500121
3.84345e-08
0.00500121
3.27396e-08
0.0050012
2.79043e-08
0.0050012
2.37948e-08
0.0050012
2.02991e-08
0.00500119
1.73233e-08
0.00500119
1.47884e-08
0.00500119
1.26278e-08
0.00500119
1.07855e-08
0.00500119
9.21378e-09
0.00500119
7.87249e-09
0.00500119
6.72747e-09
0.00500119
5.74974e-09
0.00500118
4.91465e-09
0.00500118
4.20125e-09
0.00500118
3.59171e-09
0.00500118
3.07082e-09
0.00500118
2.62564e-09
0.00500118
2.24511e-09
0.00500118
1.91982e-09
0.00500118
1.64173e-09
0.00500118
1.40396e-09
0.00500118
1.20067e-09
0.00500118
1.02683e-09
0.00500118
8.78188e-10
0.00500118
7.51075e-10
0.00500118
6.42371e-10
0.00500118
5.49406e-10
0.00500118
4.69901e-10
0.00500118
4.01906e-10
0.00500118
3.43754e-10
0.00500118
2.94018e-10
0.00500118
2.5148e-10
0.00500118
2.15096e-10
0.00500118
1.83977e-10
0.00500118
1.57361e-10
0.00500118
1.34596e-10
0.00500118
1.15125e-10
0.00500118
9.84712e-11
0.00500118
8.42263e-11
0.00500118
7.20421e-11
0.00500118
6.16208e-11
0.00500118
5.27073e-11
0.00500118
4.50833e-11
0.00500118
3.85618e-11
0.00500118
3.29834e-11
0.00500118
2.8212e-11
0.00500118
2.41309e-11
0.00500118
2.06406e-11
0.00500118
1.76551e-11
0.00500118
1.51013e-11
0.00500118
1.29165e-11
0.00500118
1.10475e-11
0.00500118
9.44892e-12
0.00500118
8.08197e-12
0.00500118
6.91324e-12
0.00500118
5.9138e-12
0.00500118
5.05871e-12
0.00500118
4.32688e-12
0.00500118
3.70047e-12
0.00500118
3.16456e-12
0.00500118
2.70646e-12
0.00500118
2.31517e-12
0.00500118
1.98102e-12
0.00500118
1.6954e-12
0.00500118
1.45088e-12
0.00500118
1.24131e-12
0.00500118
1.06152e-12
0.00500118
9.07583e-13
0.00500118
7.76173e-13
0.00500118
6.64413e-13
0.00500118
5.69402e-13
0.00500118
4.88358e-13
0.00500118
4.18882e-13
0.00500118
3.58851e-13
0.00500118
3.06827e-13
0.00500118
2.61822e-13
0.00500118
2.23087e-13
0.00500118
1.90214e-13
0.00500118
1.62522e-13
0.00500118
1.3926e-13
0.00500118
1.19539e-13
0.00500118
1.0254e-13
0.00500118
8.7733e-14
0.00500118
7.46524e-14
0.00500118
6.31154e-14
0.00500118
5.30892e-14
0.00500118
4.44647e-14
0.00500118
3.72855e-14
0.00500118
3.12761e-14
0.00500118
2.62363e-14
0.00500118
2.20046e-14
0.00500118
1.82851e-14
0.00500118
1.50998e-14
0.00500118
1.22795e-14
0.00500118
9.85489e-15
0.00500118
7.79159e-15
0.00500118
6.05688e-15
0.00500118
4.63305e-15
0.00500118
3.53199e-15
0.00500118
2.61689e-15
0.00500118
1.93283e-15
0.00500118
1.45218e-15
0.00500118
1.05433e-15
0.00500118
8.70236e-16
0.00500118
7.08538e-16
0.00500118
7.26717e-16
0.00500118
8.73825e-16
0.00500118
1.14463e-15
0.00500118
1.62205e-15
0.00500118
2.21064e-15
0.00500118
2.89333e-15
0.00500118
3.56074e-15
0.00500118
4.2808e-15
0.00500118
5.02167e-15
0.00500118
5.6576e-15
0.00500118
6.19575e-15
0.00500118
6.57189e-15
0.00500118
6.73715e-15
0.00500118
6.73408e-15
0.00500118
6.55943e-15
0.00500118
6.16964e-15
0.00500118
5.56215e-15
0.00500118
4.77354e-15
0.00500118
3.79258e-15
0.00500118
2.59187e-15
0.00500118
1.34179e-15
0.00500118
-1.56469e-17
0.00500118
-1.35245e-15
0.00500118
-2.64223e-15
0.00500118
-3.84346e-15
0.00500118
-4.75354e-15
0.00500118
-5.45592e-15
0.00500118
-5.69642e-15
0.00500118
-5.6264e-15
0.00500118
-5.24368e-15
0.00500118
-4.53821e-15
0.00500118
-3.63306e-15
0.00500118
-2.51227e-15
0.00500118
-1.38012e-15
0.00500118
-3.16592e-16
0.00500118
5.60792e-16
0.00500118
1.23798e-15
0.00500118
1.75423e-15
0.00500118
1.99748e-15
0.00500118
1.98468e-15
0.00500118
1.76336e-15
0.00500118
1.41939e-15
0.00500118
1.08601e-15
0.00500118
6.01962e-16
0.00500118
1.84267e-16
0.00500118
-1.73069e-16
0.00500118
-5.65328e-16
0.00500118
-8.03874e-16
0.00500118
-9.02968e-16
0.00500118
-8.86939e-16
0.00500118
-9.66506e-16
0.00500118
-1.01409e-15
0.00500118
-7.67797e-16
0.00500118
-6.92913e-16
0.00500118
-5.77192e-16
0.00500118
-5.2771e-16
0.00500118
-4.82014e-16
0.00500118
-3.50852e-16
0.00500118
-3.33844e-16
0.00500118
-1.93913e-16
0.00500118
-1.32973e-16
0.00500118
-2.46604e-16
0.00500118
-6.95349e-17
0.00500118
-7.62484e-17
1.24623e-16
0.00500003
1.32286e-07
0.00500011
3.72632e-07
0.00500022
5.78419e-07
0.00500038
7.99961e-07
0.00500055
1.02722e-06
0.00500073
1.20437e-06
0.0050009
1.29416e-06
0.00500105
1.29169e-06
0.00500117
1.21529e-06
0.00500125
1.09464e-06
0.0050013
9.5812e-07
0.00500133
8.2437e-07
0.00500134
7.02266e-07
0.00500134
5.94836e-07
0.00500134
5.02307e-07
0.00500133
4.23612e-07
0.00500131
3.57158e-07
0.0050013
3.01246e-07
0.00500129
2.54285e-07
0.00500127
2.14856e-07
0.00500126
1.81739e-07
0.00500125
1.53897e-07
0.00500124
1.3046e-07
0.00500124
1.10705e-07
0.00500123
9.40296e-08
0.00500122
7.99344e-08
0.00500122
6.80045e-08
0.00500121
5.78948e-08
0.00500121
4.93181e-08
0.0050012
4.20344e-08
0.0050012
3.58434e-08
0.0050012
3.05768e-08
0.0050012
2.60934e-08
0.00500119
2.22744e-08
0.00500119
1.90195e-08
0.00500119
1.6244e-08
0.00500119
1.38764e-08
0.00500119
1.1856e-08
0.00500119
1.01313e-08
0.00500119
8.65865e-09
0.00500119
7.4009e-09
0.00500118
6.32648e-09
0.00500118
5.40849e-09
0.00500118
4.62405e-09
0.00500118
3.95363e-09
0.00500118
3.3806e-09
0.00500118
2.89076e-09
0.00500118
2.472e-09
0.00500118
2.11397e-09
0.00500118
1.80785e-09
0.00500118
1.5461e-09
0.00500118
1.32228e-09
0.00500118
1.13088e-09
0.00500118
9.67203e-10
0.00500118
8.27227e-10
0.00500118
7.07517e-10
0.00500118
6.05136e-10
0.00500118
5.17576e-10
0.00500118
4.42689e-10
0.00500118
3.78641e-10
0.00500118
3.23861e-10
0.00500118
2.77006e-10
0.00500118
2.36931e-10
0.00500118
2.02654e-10
0.00500118
1.73337e-10
0.00500118
1.48262e-10
0.00500118
1.26815e-10
0.00500118
1.0847e-10
0.00500118
9.27788e-11
0.00500118
7.93578e-11
0.00500118
6.78786e-11
0.00500118
5.80603e-11
0.00500118
4.96621e-11
0.00500118
4.24784e-11
0.00500118
3.63335e-11
0.00500118
3.10775e-11
0.00500118
2.65819e-11
0.00500118
2.27369e-11
0.00500118
1.94481e-11
0.00500118
1.66348e-11
0.00500118
1.42283e-11
0.00500118
1.21697e-11
0.00500118
1.04092e-11
0.00500118
8.90364e-12
0.00500118
7.61617e-12
0.00500118
6.51489e-12
0.00500118
5.57253e-12
0.00500118
4.766e-12
0.00500118
4.07585e-12
0.00500118
3.48566e-12
0.00500118
2.98135e-12
0.00500118
2.55063e-12
0.00500118
2.18272e-12
0.00500118
1.86809e-12
0.00500118
1.59852e-12
0.00500118
1.36735e-12
0.00500118
1.1692e-12
0.00500118
9.99751e-13
0.00500118
8.55177e-13
0.00500118
7.32127e-13
0.00500118
6.2736e-13
0.00500118
5.3786e-13
0.00500118
4.61e-13
0.00500118
3.94618e-13
0.00500118
3.3719e-13
0.00500118
2.87741e-13
0.00500118
2.45431e-13
0.00500118
2.0966e-13
0.00500118
1.79469e-13
0.00500118
1.53917e-13
0.00500118
1.32134e-13
0.00500118
1.13243e-13
0.00500118
9.66825e-14
0.00500118
8.20909e-14
0.00500118
6.93934e-14
0.00500118
5.84613e-14
0.00500118
4.91539e-14
0.00500118
4.14412e-14
0.00500118
3.4947e-14
0.00500118
2.9473e-14
0.00500118
2.47462e-14
0.00500118
2.05874e-14
0.00500118
1.69214e-14
0.00500118
1.36884e-14
0.00500118
1.09556e-14
0.00500118
8.643e-15
0.00500118
6.73933e-15
0.00500118
5.22912e-15
0.00500118
4.07951e-15
0.00500118
3.17563e-15
0.00500118
2.50842e-15
0.00500118
2.01592e-15
0.00500118
1.66812e-15
0.00500118
1.41938e-15
0.00500118
1.23973e-15
0.00500118
1.20856e-15
0.00500118
1.37129e-15
0.00500118
1.66589e-15
0.00500118
2.1492e-15
0.00500118
2.76987e-15
0.00500118
3.50049e-15
0.00500118
4.24556e-15
0.00500118
5.03063e-15
0.00500118
5.83179e-15
0.00500118
6.52975e-15
0.00500118
7.07311e-15
0.00500118
7.43378e-15
0.00500118
7.57152e-15
0.00500118
7.56357e-15
0.00500118
7.34352e-15
0.00500118
6.88739e-15
0.00500118
6.16869e-15
0.00500118
5.21653e-15
0.00500118
4.0729e-15
0.00500118
2.74245e-15
0.00500118
1.35108e-15
0.00500118
-1.81531e-16
0.00500118
-1.72917e-15
0.00500118
-3.166e-15
0.00500118
-4.44691e-15
0.00500118
-5.42529e-15
0.00500118
-6.10568e-15
0.00500118
-6.36784e-15
0.00500118
-6.22404e-15
0.00500118
-5.76399e-15
0.00500118
-4.95516e-15
0.00500118
-3.84197e-15
0.00500118
-2.63756e-15
0.00500118
-1.44258e-15
0.00500118
-3.04366e-16
0.00500118
6.51958e-16
0.00500118
1.39571e-15
0.00500118
1.92809e-15
0.00500118
2.16482e-15
0.00500118
2.1417e-15
0.00500118
1.92832e-15
0.00500118
1.5749e-15
0.00500118
1.25496e-15
0.00500118
7.47154e-16
0.00500118
1.83098e-16
0.00500118
-1.42058e-16
0.00500118
-3.83669e-16
0.00500118
-7.24173e-16
0.00500118
-9.48811e-16
0.00500118
-9.24396e-16
0.00500118
-8.93584e-16
0.00500118
-9.74933e-16
0.00500118
-8.67772e-16
0.00500118
-7.66688e-16
0.00500118
-6.10795e-16
0.00500118
-4.95418e-16
0.00500118
-4.85275e-16
0.00500118
-3.83359e-16
0.00500118
-4.921e-16
0.00500118
-3.11649e-16
0.00500118
-1.63531e-16
0.00500118
-3.24549e-16
0.00500118
2.6982e-17
0.00500118
-1.15094e-16
3.11832e-17
0.00500002
1.1057e-07
0.00500008
3.13342e-07
0.00500017
4.88305e-07
0.00500029
6.77919e-07
0.00500044
8.81225e-07
0.0050006
1.04812e-06
0.00500075
1.14029e-06
0.00500089
1.15128e-06
0.00500101
1.09745e-06
0.0050011
1.00356e-06
0.00500116
8.9253e-07
0.00500121
7.80054e-07
0.00500124
6.74449e-07
0.00500125
5.79189e-07
0.00500126
4.95231e-07
0.00500126
4.223e-07
0.00500126
3.59529e-07
0.00500125
3.0582e-07
0.00500125
2.60037e-07
0.00500124
2.21098e-07
0.00500124
1.88026e-07
0.00500123
1.59952e-07
0.00500122
1.36124e-07
0.00500122
1.15897e-07
0.00500121
9.87197e-08
0.00500121
8.41247e-08
0.00500121
7.17171e-08
0.0050012
6.1163e-08
0.0050012
5.21803e-08
0.0050012
4.4531e-08
0.00500119
3.80139e-08
0.00500119
3.24587e-08
0.00500119
2.77216e-08
0.00500119
2.36805e-08
0.00500119
2.0232e-08
0.00500119
1.72883e-08
0.00500119
1.47749e-08
0.00500119
1.26284e-08
0.00500119
1.07947e-08
0.00500118
9.22817e-09
0.00500118
7.88955e-09
0.00500118
6.74555e-09
0.00500118
5.76776e-09
0.00500118
4.93194e-09
0.00500118
4.21742e-09
0.00500118
3.60656e-09
0.00500118
3.08427e-09
0.00500118
2.63769e-09
0.00500118
2.25582e-09
0.00500118
1.92928e-09
0.00500118
1.65003e-09
0.00500118
1.41123e-09
0.00500118
1.207e-09
0.00500118
1.03234e-09
0.00500118
8.82962e-10
0.00500118
7.55204e-10
0.00500118
6.45937e-10
0.00500118
5.52483e-10
0.00500118
4.72554e-10
0.00500118
4.0419e-10
0.00500118
3.45716e-10
0.00500118
2.95703e-10
0.00500118
2.52925e-10
0.00500118
2.16336e-10
0.00500118
1.85042e-10
0.00500118
1.58274e-10
0.00500118
1.35379e-10
0.00500118
1.15795e-10
0.00500118
9.90448e-11
0.00500118
8.47177e-11
0.00500118
7.24636e-11
0.00500118
6.19824e-11
0.00500118
5.30169e-11
0.00500118
4.53479e-11
0.00500118
3.8788e-11
0.00500118
3.31769e-11
0.00500118
2.83777e-11
0.00500118
2.42729e-11
0.00500118
2.07619e-11
0.00500118
1.77586e-11
0.00500118
1.51897e-11
0.00500118
1.29923e-11
0.00500118
1.11131e-11
0.00500118
9.50591e-12
0.00500118
8.1313e-12
0.00500118
6.95525e-12
0.00500118
5.94886e-12
0.00500118
5.08764e-12
0.00500118
4.3509e-12
0.00500118
3.72113e-12
0.00500118
3.18309e-12
0.00500118
2.72353e-12
0.00500118
2.33073e-12
0.00500118
1.99459e-12
0.00500118
1.70661e-12
0.00500118
1.45964e-12
0.00500118
1.24811e-12
0.00500118
1.06726e-12
0.00500118
9.13072e-13
0.00500118
7.81825e-13
0.00500118
6.6982e-13
0.00500118
5.7396e-13
0.00500118
4.91521e-13
0.00500118
4.2042e-13
0.00500118
3.59179e-13
0.00500118
3.0663e-13
0.00500118
2.6191e-13
0.00500118
2.24058e-13
0.00500118
1.9209e-13
0.00500118
1.64869e-13
0.00500118
1.41418e-13
0.00500118
1.21006e-13
0.00500118
1.03139e-13
0.00500118
8.74691e-14
0.00500118
7.39604e-14
0.00500118
6.24401e-14
0.00500118
5.27569e-14
0.00500118
4.47066e-14
0.00500118
3.78726e-14
0.00500118
3.20494e-14
0.00500118
2.68952e-14
0.00500118
2.23404e-14
0.00500118
1.82865e-14
0.00500118
1.47426e-14
0.00500118
1.17467e-14
0.00500118
9.27643e-15
0.00500118
7.26292e-15
0.00500118
5.71939e-15
0.00500118
4.56035e-15
0.00500118
3.7105e-15
0.00500118
3.10481e-15
0.00500118
2.56526e-15
0.00500118
2.232e-15
0.00500118
1.93069e-15
0.00500118
1.78019e-15
0.00500118
1.73075e-15
0.00500118
1.85733e-15
0.00500118
2.20865e-15
0.00500118
2.6709e-15
0.00500118
3.3107e-15
0.00500118
4.03624e-15
0.00500118
4.831e-15
0.00500118
5.68642e-15
0.00500118
6.499e-15
0.00500118
7.20255e-15
0.00500118
7.7394e-15
0.00500118
8.08317e-15
0.00500118
8.24647e-15
0.00500118
8.20792e-15
0.00500118
7.96604e-15
0.00500118
7.40947e-15
0.00500118
6.57303e-15
0.00500118
5.55275e-15
0.00500118
4.27776e-15
0.00500118
2.88173e-15
0.00500118
1.29086e-15
0.00500118
-3.90121e-16
0.00500118
-2.0379e-15
0.00500118
-3.6472e-15
0.00500118
-4.9068e-15
0.00500118
-5.94694e-15
0.00500118
-6.59223e-15
0.00500118
-6.85209e-15
0.00500118
-6.68248e-15
0.00500118
-6.07583e-15
0.00500118
-5.1853e-15
0.00500118
-3.98025e-15
0.00500118
-2.7464e-15
0.00500118
-1.50819e-15
0.00500118
-2.9827e-16
0.00500118
7.38854e-16
0.00500118
1.51396e-15
0.00500118
1.99026e-15
0.00500118
2.21926e-15
0.00500118
2.28494e-15
0.00500118
2.06618e-15
0.00500118
1.63318e-15
0.00500118
1.27767e-15
0.00500118
8.71993e-16
0.00500118
2.83606e-16
0.00500118
-1.30336e-16
0.00500118
-2.98857e-16
0.00500118
-6.20174e-16
0.00500118
-8.83792e-16
0.00500118
-9.20688e-16
0.00500118
-8.50413e-16
0.00500118
-8.18861e-16
0.00500118
-8.347e-16
0.00500118
-7.7295e-16
0.00500118
-7.11237e-16
0.00500118
-5.73047e-16
0.00500118
-4.90728e-16
0.00500118
-4.75468e-16
0.00500118
-5.10639e-16
0.00500118
-3.75812e-16
0.00500118
-2.45985e-16
0.00500118
-4.22253e-16
0.00500118
-9.65808e-17
0.00500118
-7.67609e-17
9.00457e-17
0.00500002
9.34686e-08
0.00500006
2.65798e-07
0.00500014
4.15552e-07
0.00500024
5.78644e-07
0.00500036
7.57716e-07
0.0050005
9.10905e-07
0.00500064
1.00102e-06
0.00500077
1.0205e-06
0.00500088
9.83166e-07
0.00500098
9.09994e-07
0.00500105
8.19874e-07
0.0050011
7.25914e-07
0.00500114
6.35515e-07
0.00500117
5.52179e-07
0.00500119
4.77247e-07
0.0050012
4.10941e-07
0.0050012
3.52905e-07
0.00500121
3.02492e-07
0.00500121
2.58937e-07
0.00500121
2.21455e-07
0.00500121
1.89286e-07
0.00500121
1.61732e-07
0.0050012
1.3816e-07
0.0050012
1.18014e-07
0.0050012
1.00805e-07
0.0050012
8.61083e-08
0.00500119
7.35598e-08
0.00500119
6.28457e-08
0.00500119
5.36975e-08
0.00500119
4.58856e-08
0.00500119
3.92141e-08
0.00500119
3.35157e-08
0.00500119
2.86479e-08
0.00500119
2.44892e-08
0.00500119
2.09356e-08
0.00500119
1.78989e-08
0.00500118
1.53036e-08
0.00500118
1.30853e-08
0.00500118
1.1189e-08
0.00500118
9.56798e-09
0.00500118
8.18207e-09
0.00500118
6.99712e-09
0.00500118
5.98395e-09
0.00500118
5.11761e-09
0.00500118
4.37678e-09
0.00500118
3.74326e-09
0.00500118
3.20149e-09
0.00500118
2.73817e-09
0.00500118
2.34193e-09
0.00500118
2.00305e-09
0.00500118
1.71322e-09
0.00500118
1.46534e-09
0.00500118
1.25333e-09
0.00500118
1.072e-09
0.00500118
9.16914e-10
0.00500118
7.84264e-10
0.00500118
6.70808e-10
0.00500118
5.73767e-10
0.00500118
4.90766e-10
0.00500118
4.19773e-10
0.00500118
3.59049e-10
0.00500118
3.07109e-10
0.00500118
2.62684e-10
0.00500118
2.24686e-10
0.00500118
1.92185e-10
0.00500118
1.64386e-10
0.00500118
1.40607e-10
0.00500118
1.20267e-10
0.00500118
1.0287e-10
0.00500118
8.799e-11
0.00500118
7.52629e-11
0.00500118
6.43768e-11
0.00500118
5.5065e-11
0.00500118
4.70997e-11
0.00500118
4.02864e-11
0.00500118
3.44586e-11
0.00500118
2.94741e-11
0.00500118
2.52108e-11
0.00500118
2.15642e-11
0.00500118
1.8445e-11
0.00500118
1.57769e-11
0.00500118
1.34949e-11
0.00500118
1.15431e-11
0.00500118
9.8738e-12
0.00500118
8.44585e-12
0.00500118
7.22404e-12
0.00500118
6.17857e-12
0.00500118
5.28407e-12
0.00500118
4.51907e-12
0.00500118
3.86526e-12
0.00500118
3.30665e-12
0.00500118
2.82936e-12
0.00500118
2.42126e-12
0.00500118
2.07185e-12
0.00500118
1.77245e-12
0.00500118
1.51581e-12
0.00500118
1.29621e-12
0.00500118
1.1086e-12
0.00500118
9.48583e-13
0.00500118
8.12188e-13
0.00500118
6.95632e-13
0.00500118
5.95736e-13
0.00500118
5.09808e-13
0.00500118
4.35786e-13
0.00500118
3.72316e-13
0.00500118
3.18048e-13
0.00500118
2.72048e-13
0.00500118
2.33101e-13
0.00500118
1.99998e-13
0.00500118
1.71682e-13
0.00500118
1.47125e-13
0.00500118
1.25681e-13
0.00500118
1.06919e-13
0.00500118
9.06205e-14
0.00500118
7.67331e-14
0.00500118
6.49898e-14
0.00500118
5.51972e-14
0.00500118
4.69832e-14
0.00500118
3.99379e-14
0.00500118
3.38519e-14
0.00500118
2.83723e-14
0.00500118
2.35192e-14
0.00500118
1.91702e-14
0.00500118
1.53938e-14
0.00500118
1.22308e-14
0.00500118
9.66977e-15
0.00500118
7.63674e-15
0.00500118
6.13547e-15
0.00500118
5.0268e-15
0.00500118
4.19771e-15
0.00500118
3.62742e-15
0.00500118
3.12243e-15
0.00500118
2.78032e-15
0.00500118
2.46885e-15
0.00500118
2.27111e-15
0.00500118
2.26492e-15
0.00500118
2.40664e-15
0.00500118
2.70481e-15
0.00500118
3.1359e-15
0.00500118
3.77733e-15
0.00500118
4.53983e-15
0.00500118
5.34324e-15
0.00500118
6.19641e-15
0.00500118
6.98359e-15
0.00500118
7.67818e-15
0.00500118
8.23804e-15
0.00500118
8.59185e-15
0.00500118
8.73601e-15
0.00500118
8.66826e-15
0.00500118
8.34775e-15
0.00500118
7.72475e-15
0.00500118
6.82977e-15
0.00500118
5.7384e-15
0.00500118
4.36617e-15
0.00500118
2.89028e-15
0.00500118
1.1819e-15
0.00500118
-6.30791e-16
0.00500118
-2.30083e-15
0.00500118
-3.95047e-15
0.00500118
-5.22769e-15
0.00500118
-6.25418e-15
0.00500118
-6.90629e-15
0.00500118
-7.10516e-15
0.00500118
-6.87329e-15
0.00500118
-6.21708e-15
0.00500118
-5.2522e-15
0.00500118
-4.04175e-15
0.00500118
-2.77119e-15
0.00500118
-1.48054e-15
0.00500118
-2.34008e-16
0.00500118
7.51141e-16
0.00500118
1.52054e-15
0.00500118
2.04234e-15
0.00500118
2.20567e-15
0.00500118
2.27442e-15
0.00500118
2.11022e-15
0.00500118
1.65242e-15
0.00500118
1.2295e-15
0.00500118
9.13699e-16
0.00500118
4.53415e-16
0.00500118
-4.14719e-17
0.00500118
-2.64721e-16
0.00500118
-4.68593e-16
0.00500118
-7.0413e-16
0.00500118
-8.12417e-16
0.00500118
-8.47512e-16
0.00500118
-7.58239e-16
0.00500118
-7.98758e-16
0.00500118
-6.9834e-16
0.00500118
-6.45261e-16
0.00500118
-6.04888e-16
0.00500118
-5.14423e-16
0.00500118
-5.31405e-16
0.00500118
-4.73129e-16
0.00500118
-4.85709e-16
0.00500118
-3.88058e-16
0.00500118
-3.64306e-16
0.00500118
-7.65462e-17
0.00500118
-1.5033e-16
5.29476e-17
0.00500001
7.94818e-08
0.00500005
2.26428e-07
0.00500011
3.54954e-07
0.0050002
4.95599e-07
0.0050003
6.51945e-07
0.00500042
7.89597e-07
0.00500055
8.74742e-07
0.00500067
8.99019e-07
0.00500078
8.73753e-07
0.00500087
8.16705e-07
0.00500095
7.43653e-07
0.00500101
6.65548e-07
0.00500106
5.88805e-07
0.00500109
5.16711e-07
0.00500112
4.5075e-07
0.00500114
3.91435e-07
0.00500115
3.38742e-07
0.00500116
2.92351e-07
0.00500117
2.51785e-07
0.00500118
2.16498e-07
0.00500118
1.85923e-07
0.00500118
1.59513e-07
0.00500118
1.36755e-07
0.00500118
1.17178e-07
0.00500118
1.0036e-07
0.00500118
8.5929e-08
0.00500118
7.35548e-08
0.00500118
6.29509e-08
0.00500118
5.38681e-08
0.00500118
4.6091e-08
0.00500118
3.94335e-08
0.00500118
3.37357e-08
0.00500118
2.88598e-08
0.00500118
2.46878e-08
0.00500118
2.11184e-08
0.00500118
1.80647e-08
0.00500118
1.54524e-08
0.00500118
1.32177e-08
0.00500118
1.13061e-08
0.00500118
9.67084e-09
0.00500118
8.2721e-09
0.00500118
7.07564e-09
0.00500118
6.05221e-09
0.00500118
5.17681e-09
0.00500118
4.42802e-09
0.00500118
3.78753e-09
0.00500118
3.23969e-09
0.00500118
2.77108e-09
0.00500118
2.37026e-09
0.00500118
2.02741e-09
0.00500118
1.73415e-09
0.00500118
1.48331e-09
0.00500118
1.26876e-09
0.00500118
1.08524e-09
0.00500118
9.2826e-10
0.00500118
7.9399e-10
0.00500118
6.79143e-10
0.00500118
5.80907e-10
0.00500118
4.96881e-10
0.00500118
4.25009e-10
0.00500118
3.63532e-10
0.00500118
3.10947e-10
0.00500118
2.6597e-10
0.00500118
2.27499e-10
0.00500118
1.94593e-10
0.00500118
1.66445e-10
0.00500118
1.42369e-10
0.00500118
1.21775e-10
0.00500118
1.0416e-10
0.00500118
8.90941e-11
0.00500118
7.62075e-11
0.00500118
6.51848e-11
0.00500118
5.5756e-11
0.00500118
4.76907e-11
0.00500118
4.07919e-11
0.00500118
3.48912e-11
0.00500118
2.98443e-11
0.00500118
2.55276e-11
0.00500118
2.18353e-11
0.00500118
1.8677e-11
0.00500118
1.59755e-11
0.00500118
1.36649e-11
0.00500118
1.16886e-11
0.00500118
9.99812e-12
0.00500118
8.55202e-12
0.00500118
7.3148e-12
0.00500118
6.25618e-12
0.00500118
5.35059e-12
0.00500118
4.57623e-12
0.00500118
3.91442e-12
0.00500118
3.34894e-12
0.00500118
2.86552e-12
0.00500118
2.45196e-12
0.00500118
2.09783e-12
0.00500118
1.79445e-12
0.00500118
1.53462e-12
0.00500118
1.31237e-12
0.00500118
1.12257e-12
0.00500118
9.60704e-13
0.00500118
8.22498e-13
0.00500118
7.04214e-13
0.00500118
6.02676e-13
0.00500118
5.15391e-13
0.00500118
4.40454e-13
0.00500118
3.76366e-13
0.00500118
3.21819e-13
0.00500118
2.75581e-13
0.00500118
2.3644e-13
0.00500118
2.03011e-13
0.00500118
1.74179e-13
0.00500118
1.49053e-13
0.00500118
1.27129e-13
0.00500118
1.08044e-13
0.00500118
9.1608e-14
0.00500118
7.77073e-14
0.00500118
6.60866e-14
0.00500118
5.63895e-14
0.00500118
4.81531e-14
0.00500118
4.10748e-14
0.00500118
3.47892e-14
0.00500118
2.91148e-14
0.00500118
2.40352e-14
0.00500118
1.95322e-14
0.00500118
1.56296e-14
0.00500118
1.24305e-14
0.00500118
9.86646e-15
0.00500118
7.92098e-15
0.00500118
6.45077e-15
0.00500118
5.42801e-15
0.00500118
4.70155e-15
0.00500118
4.11775e-15
0.00500118
3.65843e-15
0.00500118
3.27823e-15
0.00500118
3.01373e-15
0.00500118
2.816e-15
0.00500118
2.77574e-15
0.00500118
2.88778e-15
0.00500118
3.18328e-15
0.00500118
3.61965e-15
0.00500118
4.19763e-15
0.00500118
4.92776e-15
0.00500118
5.75012e-15
0.00500118
6.57562e-15
0.00500118
7.33397e-15
0.00500118
7.98387e-15
0.00500118
8.53768e-15
0.00500118
8.88715e-15
0.00500118
9.00762e-15
0.00500118
8.92534e-15
0.00500118
8.54757e-15
0.00500118
7.84018e-15
0.00500118
6.92071e-15
0.00500118
5.77534e-15
0.00500118
4.36183e-15
0.00500118
2.74832e-15
0.00500118
9.97494e-16
0.00500118
-7.82264e-16
0.00500118
-2.51423e-15
0.00500118
-4.09194e-15
0.00500118
-5.42738e-15
0.00500118
-6.38382e-15
0.00500118
-6.99966e-15
0.00500118
-7.14896e-15
0.00500118
-6.85378e-15
0.00500118
-6.22586e-15
0.00500118
-5.17965e-15
0.00500118
-3.99759e-15
0.00500118
-2.71978e-15
0.00500118
-1.38967e-15
0.00500118
-1.99542e-16
0.00500118
7.47029e-16
0.00500118
1.48433e-15
0.00500118
1.99979e-15
0.00500118
2.17309e-15
0.00500118
2.1482e-15
0.00500118
2.04775e-15
0.00500118
1.67473e-15
0.00500118
1.19449e-15
0.00500118
9.03865e-16
0.00500118
5.1765e-16
0.00500118
1.07698e-16
0.00500118
-2.03916e-16
0.00500118
-3.94669e-16
0.00500118
-5.07024e-16
0.00500118
-6.44225e-16
0.00500118
-6.83928e-16
0.00500118
-6.20375e-16
0.00500118
-6.567e-16
0.00500118
-6.72374e-16
0.00500118
-6.00023e-16
0.00500118
-5.79562e-16
0.00500118
-5.66976e-16
0.00500118
-4.30533e-16
0.00500118
-5.60124e-16
0.00500118
-4.5223e-16
0.00500118
-3.16529e-16
0.00500118
-5.72129e-16
0.00500118
-2.02816e-16
0.00500118
-1.82392e-16
1.29387e-17
0.00500001
6.76648e-08
0.00500005
1.92977e-07
0.0050001
3.03136e-07
0.00500017
4.24223e-07
0.00500026
5.59878e-07
0.00500037
6.81523e-07
0.00500048
7.59799e-07
0.0050006
7.86119e-07
0.0050007
7.6958e-07
0.00500079
7.25135e-07
0.00500087
6.66027e-07
0.00500093
6.01416e-07
0.00500099
5.3677e-07
0.00500103
4.75043e-07
0.00500106
4.1771e-07
0.00500109
3.65423e-07
0.00500111
3.18368e-07
0.00500112
2.76445e-07
0.00500114
2.3939e-07
0.00500115
2.06843e-07
0.00500115
1.78399e-07
0.00500116
1.53641e-07
0.00500116
1.3216e-07
0.00500117
1.13571e-07
0.00500117
9.75196e-08
0.00500117
8.36819e-08
0.00500117
7.17694e-08
0.00500117
6.15255e-08
0.00500118
5.27247e-08
0.00500118
4.51692e-08
0.00500118
3.86868e-08
0.00500118
3.31279e-08
0.00500118
2.83628e-08
0.00500118
2.42797e-08
0.00500118
2.07818e-08
0.00500118
1.7786e-08
0.00500118
1.52208e-08
0.00500118
1.30246e-08
0.00500118
1.11446e-08
0.00500118
9.5355e-09
0.00500118
8.15835e-09
0.00500118
6.97983e-09
0.00500118
5.97137e-09
0.00500118
5.10846e-09
0.00500118
4.37016e-09
0.00500118
3.73848e-09
0.00500118
3.19805e-09
0.00500118
2.73571e-09
0.00500118
2.34018e-09
0.00500118
2.00181e-09
0.00500118
1.71235e-09
0.00500118
1.46474e-09
0.00500118
1.25292e-09
0.00500118
1.07173e-09
0.00500118
9.16733e-10
0.00500118
7.84151e-10
0.00500118
6.70742e-10
0.00500118
5.73733e-10
0.00500118
4.90752e-10
0.00500118
4.19772e-10
0.00500118
3.59057e-10
0.00500118
3.07124e-10
0.00500118
2.62702e-10
0.00500118
2.24706e-10
0.00500118
1.92205e-10
0.00500118
1.64404e-10
0.00500118
1.40623e-10
0.00500118
1.20282e-10
0.00500118
1.02884e-10
0.00500118
8.80028e-11
0.00500118
7.52742e-11
0.00500118
6.43864e-11
0.00500118
5.5073e-11
0.00500118
4.71065e-11
0.00500118
4.02923e-11
0.00500118
3.44641e-11
0.00500118
2.94793e-11
0.00500118
2.52155e-11
0.00500118
2.15685e-11
0.00500118
1.84489e-11
0.00500118
1.57804e-11
0.00500118
1.3498e-11
0.00500118
1.15457e-11
0.00500118
9.8759e-12
0.00500118
8.44746e-12
0.00500118
7.22534e-12
0.00500118
6.17985e-12
0.00500118
5.28557e-12
0.00500118
4.52096e-12
0.00500118
3.86736e-12
0.00500118
3.30866e-12
0.00500118
2.83093e-12
0.00500118
2.42205e-12
0.00500118
2.07196e-12
0.00500118
1.7721e-12
0.00500118
1.51552e-12
0.00500118
1.29626e-12
0.00500118
1.10899e-12
0.00500118
9.49147e-13
0.00500118
8.12445e-13
0.00500118
6.95303e-13
0.00500118
5.9474e-13
0.00500118
5.08313e-13
0.00500118
4.34346e-13
0.00500118
3.7126e-13
0.00500118
3.17798e-13
0.00500118
2.72513e-13
0.00500118
2.33961e-13
0.00500118
2.00902e-13
0.00500118
1.72232e-13
0.00500118
1.47191e-13
0.00500118
1.25358e-13
0.00500118
1.06426e-13
0.00500118
9.03711e-14
0.00500118
7.68778e-14
0.00500118
6.56309e-14
0.00500118
5.62688e-14
0.00500118
4.82058e-14
0.00500118
4.11916e-14
0.00500118
3.48356e-14
0.00500118
2.91281e-14
0.00500118
2.39562e-14
0.00500118
1.94266e-14
0.00500118
1.55419e-14
0.00500118
1.23867e-14
0.00500118
9.89796e-15
0.00500118
8.08429e-15
0.00500118
6.76534e-15
0.00500118
5.80076e-15
0.00500118
5.12664e-15
0.00500118
4.54236e-15
0.00500118
4.13978e-15
0.00500118
3.77261e-15
0.00500118
3.48901e-15
0.00500118
3.33389e-15
0.00500118
3.28741e-15
0.00500118
3.41644e-15
0.00500118
3.64595e-15
0.00500118
4.04616e-15
0.00500118
4.63424e-15
0.00500118
5.2744e-15
0.00500118
6.05707e-15
0.00500118
6.79586e-15
0.00500118
7.48315e-15
0.00500118
8.11921e-15
0.00500118
8.63697e-15
0.00500118
8.98357e-15
0.00500118
9.06818e-15
0.00500118
8.91976e-15
0.00500118
8.51774e-15
0.00500118
7.79053e-15
0.00500118
6.87908e-15
0.00500118
5.65242e-15
0.00500118
4.19489e-15
0.00500118
2.57238e-15
0.00500118
7.94666e-16
0.00500118
-8.90298e-16
0.00500118
-2.64427e-15
0.00500118
-4.14397e-15
0.00500118
-5.43125e-15
0.00500118
-6.36039e-15
0.00500118
-6.87932e-15
0.00500118
-6.99581e-15
0.00500118
-6.6856e-15
0.00500118
-6.0599e-15
0.00500118
-5.02405e-15
0.00500118
-3.84123e-15
0.00500118
-2.61414e-15
0.00500118
-1.33176e-15
0.00500118
-2.31251e-16
0.00500118
6.44616e-16
0.00500118
1.39172e-15
0.00500118
1.88662e-15
0.00500118
2.05046e-15
0.00500118
1.93999e-15
0.00500118
1.8979e-15
0.00500118
1.64529e-15
0.00500118
1.14836e-15
0.00500118
8.71835e-16
0.00500118
5.40328e-16
0.00500118
2.28236e-16
0.00500118
-8.68847e-17
0.00500118
-3.01235e-16
0.00500118
-2.67231e-16
0.00500118
-4.74492e-16
0.00500118
-4.79362e-16
0.00500118
-4.72103e-16
0.00500118
-4.61268e-16
0.00500118
-4.81568e-16
0.00500118
-5.15443e-16
0.00500118
-5.24338e-16
0.00500118
-6.08129e-16
0.00500118
-4.49008e-16
0.00500118
-5.57378e-16
0.00500118
-5.49846e-16
0.00500118
-3.96917e-16
0.00500118
-5.30692e-16
0.00500118
-2.22186e-16
0.00500118
-2.16876e-16
-3.79017e-17
0.00500001
5.74208e-08
0.00500004
1.6388e-07
0.00500008
2.57824e-07
0.00500015
3.61497e-07
0.00500023
4.78277e-07
0.00500033
5.84285e-07
0.00500043
6.54506e-07
0.00500054
6.80865e-07
0.00500064
6.70527e-07
0.00500072
6.35982e-07
0.0050008
5.88317e-07
0.00500087
5.35182e-07
0.00500092
4.81185e-07
0.00500097
4.289e-07
0.00500101
3.79701e-07
0.00500104
3.34285e-07
0.00500107
2.92947e-07
0.00500109
2.55734e-07
0.0050011
2.22529e-07
0.00500112
1.93111e-07
0.00500113
1.67203e-07
0.00500114
1.44495e-07
0.00500114
1.24671e-07
0.00500115
1.07424e-07
0.00500116
9.24585e-08
0.00500116
7.95027e-08
0.00500116
6.83079e-08
0.00500117
5.86501e-08
0.00500117
5.03293e-08
0.00500117
4.31683e-08
0.00500117
3.70111e-08
0.00500117
3.17213e-08
0.00500117
2.71795e-08
0.00500118
2.32823e-08
0.00500118
1.99396e-08
0.00500118
1.70738e-08
0.00500118
1.46176e-08
0.00500118
1.25131e-08
0.00500118
1.07104e-08
0.00500118
9.16654e-09
0.00500118
7.84456e-09
0.00500118
6.71275e-09
0.00500118
5.7439e-09
0.00500118
4.91462e-09
0.00500118
4.20489e-09
0.00500118
3.59751e-09
0.00500118
3.07777e-09
0.00500118
2.63303e-09
0.00500118
2.25251e-09
0.00500118
1.92694e-09
0.00500118
1.6484e-09
0.00500118
1.4101e-09
0.00500118
1.20623e-09
0.00500118
1.03183e-09
0.00500118
8.82629e-10
0.00500118
7.54999e-10
0.00500118
6.4582e-10
0.00500118
5.52425e-10
0.00500118
4.72534e-10
0.00500118
4.04194e-10
0.00500118
3.45737e-10
0.00500118
2.95734e-10
0.00500118
2.52963e-10
0.00500118
2.16377e-10
0.00500118
1.85081e-10
0.00500118
1.58311e-10
0.00500118
1.35412e-10
0.00500118
1.15826e-10
0.00500118
9.90728e-11
0.00500118
8.47432e-11
0.00500118
7.2486e-11
0.00500118
6.20013e-11
0.00500118
5.30328e-11
0.00500118
4.53615e-11
0.00500118
3.88e-11
0.00500118
3.3188e-11
0.00500118
2.8388e-11
0.00500118
2.42823e-11
0.00500118
2.07703e-11
0.00500118
1.7766e-11
0.00500118
1.51962e-11
0.00500118
1.29982e-11
0.00500118
1.11182e-11
0.00500118
9.51023e-12
0.00500118
8.13478e-12
0.00500118
6.95808e-12
0.00500118
5.95151e-12
0.00500118
5.09057e-12
0.00500118
4.35441e-12
0.00500118
3.725e-12
0.00500118
3.18679e-12
0.00500118
2.7264e-12
0.00500118
2.33226e-12
0.00500118
1.99487e-12
0.00500118
1.7061e-12
0.00500118
1.45916e-12
0.00500118
1.24821e-12
0.00500118
1.06806e-12
0.00500118
9.14166e-13
0.00500118
7.82352e-13
0.00500118
6.69218e-13
0.00500118
5.7208e-13
0.00500118
4.88742e-13
0.00500118
4.17661e-13
0.00500118
3.57262e-13
0.00500118
3.06072e-13
0.00500118
2.62696e-13
0.00500118
2.25653e-13
0.00500118
1.93726e-13
0.00500118
1.65893e-13
0.00500118
1.41566e-13
0.00500118
1.20442e-13
0.00500118
1.02301e-13
0.00500118
8.69832e-14
0.00500118
7.42559e-14
0.00500118
6.36703e-14
0.00500118
5.47843e-14
0.00500118
4.70769e-14
0.00500118
4.02314e-14
0.00500118
3.40036e-14
0.00500118
2.83568e-14
0.00500118
2.32825e-14
0.00500118
1.88342e-14
0.00500118
1.51146e-14
0.00500118
1.21433e-14
0.00500118
9.84966e-15
0.00500118
8.167e-15
0.00500118
6.99385e-15
0.00500118
6.09875e-15
0.00500118
5.4846e-15
0.00500118
4.95716e-15
0.00500118
4.51118e-15
0.00500118
4.21125e-15
0.00500118
3.96605e-15
0.00500118
3.82987e-15
0.00500118
3.77478e-15
0.00500118
3.8985e-15
0.00500118
4.09911e-15
0.00500118
4.45058e-15
0.00500118
4.96881e-15
0.00500118
5.53102e-15
0.00500118
6.20574e-15
0.00500118
6.90509e-15
0.00500118
7.52478e-15
0.00500118
8.10818e-15
0.00500118
8.55957e-15
0.00500118
8.84857e-15
0.00500118
8.91311e-15
0.00500118
8.73534e-15
0.00500118
8.28104e-15
0.00500118
7.54488e-15
0.00500118
6.64358e-15
0.00500118
5.37362e-15
0.00500118
3.91917e-15
0.00500118
2.33156e-15
0.00500118
6.20142e-16
0.00500118
-9.87046e-16
0.00500118
-2.64778e-15
0.00500118
-4.11269e-15
0.00500118
-5.24443e-15
0.00500118
-6.09855e-15
0.00500118
-6.55958e-15
0.00500118
-6.63999e-15
0.00500118
-6.34003e-15
0.00500118
-5.65788e-15
0.00500118
-4.70037e-15
0.00500118
-3.59929e-15
0.00500118
-2.45381e-15
0.00500118
-1.27872e-15
0.00500118
-2.53189e-16
0.00500118
5.71981e-16
0.00500118
1.19988e-15
0.00500118
1.63204e-15
0.00500118
1.87642e-15
0.00500118
1.78284e-15
0.00500118
1.63837e-15
0.00500118
1.51269e-15
0.00500118
1.1193e-15
0.00500118
8.24511e-16
0.00500118
5.79606e-16
0.00500118
3.31553e-16
0.00500118
1.47762e-16
0.00500118
-1.22799e-16
0.00500118
-9.66013e-17
0.00500118
-2.00892e-16
0.00500118
-2.47664e-16
0.00500118
-3.07986e-16
0.00500118
-2.719e-16
0.00500118
-3.13769e-16
0.00500118
-3.98681e-16
0.00500118
-3.7564e-16
0.00500118
-5.49546e-16
0.00500118
-5.10827e-16
0.00500118
-6.05987e-16
0.00500118
-5.19676e-16
0.00500118
-4.00331e-16
0.00500118
-6.01958e-16
0.00500118
-2.49726e-16
0.00500118
-2.5363e-16
-7.91036e-17
0.00500001
4.83414e-08
0.00500003
1.38036e-07
0.00500008
2.17419e-07
0.00500013
3.05306e-07
0.00500021
4.04714e-07
0.00500029
4.95737e-07
0.00500039
5.5729e-07
0.00500049
5.82254e-07
0.00500058
5.76213e-07
0.00500067
5.49482e-07
0.00500075
5.11275e-07
0.00500081
4.67938e-07
0.00500087
4.23309e-07
0.00500092
3.79576e-07
0.00500096
3.37966e-07
0.005001
2.99152e-07
0.00500103
2.6348e-07
0.00500105
2.31076e-07
0.00500107
2.01922e-07
0.00500109
1.75898e-07
0.0050011
1.52822e-07
0.00500112
1.32473e-07
0.00500113
1.14611e-07
0.00500114
9.89944e-08
0.00500114
8.53851e-08
0.00500115
7.35584e-08
0.00500115
6.33047e-08
0.00500116
5.44326e-08
0.00500116
4.6769e-08
0.00500116
4.01585e-08
0.00500117
3.44636e-08
0.00500117
2.95623e-08
0.00500117
2.5348e-08
0.00500117
2.17269e-08
0.00500117
1.86176e-08
0.00500117
1.59493e-08
0.00500118
1.36604e-08
0.00500118
1.16978e-08
0.00500118
1.00156e-08
0.00500118
8.57414e-09
0.00500118
7.33925e-09
0.00500118
6.28158e-09
0.00500118
5.37586e-09
0.00500118
4.60039e-09
0.00500118
3.93653e-09
0.00500118
3.36828e-09
0.00500118
2.88192e-09
0.00500118
2.46569e-09
0.00500118
2.10949e-09
0.00500118
1.8047e-09
0.00500118
1.54391e-09
0.00500118
1.32077e-09
0.00500118
1.12986e-09
0.00500118
9.66532e-10
0.00500118
8.268e-10
0.00500118
7.0726e-10
0.00500118
6.04997e-10
0.00500118
5.17516e-10
0.00500118
4.42679e-10
0.00500118
3.78663e-10
0.00500118
3.23902e-10
0.00500118
2.7706e-10
0.00500118
2.36991e-10
0.00500118
2.02716e-10
0.00500118
1.73397e-10
0.00500118
1.48318e-10
0.00500118
1.26865e-10
0.00500118
1.08516e-10
0.00500118
9.28208e-11
0.00500118
7.93956e-11
0.00500118
6.79118e-11
0.00500118
5.80886e-11
0.00500118
4.9686e-11
0.00500118
4.2499e-11
0.00500118
3.63519e-11
0.00500118
3.10944e-11
0.00500118
2.65974e-11
0.00500118
2.27507e-11
0.00500118
1.94601e-11
0.00500118
1.66452e-11
0.00500118
1.42374e-11
0.00500118
1.2178e-11
0.00500118
1.04167e-11
0.00500118
8.9103e-12
0.00500118
7.6218e-12
0.00500118
6.51955e-12
0.00500118
5.5767e-12
0.00500118
4.77026e-12
0.00500118
4.08054e-12
0.00500118
3.49071e-12
0.00500118
2.98617e-12
0.00500118
2.55447e-12
0.00500118
2.18492e-12
0.00500118
1.86859e-12
0.00500118
1.59806e-12
0.00500118
1.36691e-12
0.00500118
1.1695e-12
0.00500118
1.00085e-12
0.00500118
8.56568e-13
0.00500118
7.32827e-13
0.00500118
6.26583e-13
0.00500118
5.35391e-13
0.00500118
4.57338e-13
0.00500118
3.90853e-13
0.00500118
3.34569e-13
0.00500118
2.86925e-13
0.00500118
2.46432e-13
0.00500118
2.11711e-13
0.00500118
1.81606e-13
0.00500118
1.55324e-13
0.00500118
1.32378e-13
0.00500118
1.1253e-13
0.00500118
9.56928e-14
0.00500118
8.16018e-14
0.00500118
6.99104e-14
0.00500118
6.02074e-14
0.00500118
5.19607e-14
0.00500118
4.47433e-14
0.00500118
3.81914e-14
0.00500118
3.22497e-14
0.00500118
2.68228e-14
0.00500118
2.20146e-14
0.00500118
1.78711e-14
0.00500118
1.44511e-14
0.00500118
1.17305e-14
0.00500118
9.68792e-15
0.00500118
8.25495e-15
0.00500118
7.18633e-15
0.00500118
6.38901e-15
0.00500118
5.76039e-15
0.00500118
5.28409e-15
0.00500118
4.88755e-15
0.00500118
4.58178e-15
0.00500118
4.36779e-15
0.00500118
4.27112e-15
0.00500118
4.24393e-15
0.00500118
4.32561e-15
0.00500118
4.53267e-15
0.00500118
4.83691e-15
0.00500118
5.25405e-15
0.00500118
5.74162e-15
0.00500118
6.30058e-15
0.00500118
6.88353e-15
0.00500118
7.40674e-15
0.00500118
7.90809e-15
0.00500118
8.32297e-15
0.00500118
8.53836e-15
0.00500118
8.54469e-15
0.00500118
8.34009e-15
0.00500118
7.87006e-15
0.00500118
7.15812e-15
0.00500118
6.18819e-15
0.00500118
4.9315e-15
0.00500118
3.56044e-15
0.00500118
2.0336e-15
0.00500118
4.78237e-16
0.00500118
-1.08577e-15
0.00500118
-2.55973e-15
0.00500118
-3.87403e-15
0.00500118
-4.91798e-15
0.00500118
-5.67053e-15
0.00500118
-6.07697e-15
0.00500118
-6.10368e-15
0.00500118
-5.82463e-15
0.00500118
-5.1743e-15
0.00500118
-4.31285e-15
0.00500118
-3.30815e-15
0.00500118
-2.25921e-15
0.00500118
-1.22665e-15
0.00500118
-3.27092e-16
0.00500118
4.58306e-16
0.00500118
1.0061e-15
0.00500118
1.32723e-15
0.00500118
1.59698e-15
0.00500118
1.56219e-15
0.00500118
1.35482e-15
0.00500118
1.29989e-15
0.00500118
1.06597e-15
0.00500118
7.30202e-16
0.00500118
5.90262e-16
0.00500118
4.00854e-16
0.00500118
3.23802e-16
0.00500118
2.32135e-16
0.00500118
9.77405e-17
0.00500118
1.01557e-16
0.00500118
5.74298e-17
0.00500118
-6.17068e-17
0.00500118
-8.79011e-17
0.00500118
-1.84362e-16
0.00500118
-2.14361e-16
0.00500118
-3.01173e-16
0.00500118
-4.69752e-16
0.00500118
-3.96819e-16
0.00500118
-5.55231e-16
0.00500118
-6.1387e-16
0.00500118
-4.26989e-16
0.00500118
-5.56441e-16
0.00500118
-3.78025e-16
0.00500118
-3.24656e-16
-9.6611e-17
0.00500001
4.01366e-08
0.00500003
1.1465e-07
0.00500007
1.80744e-07
0.00500012
2.5411e-07
0.00500019
3.37355e-07
0.00500027
4.14061e-07
0.00500036
4.6672e-07
0.00500045
4.89282e-07
0.00500054
4.86112e-07
0.00500063
4.65595e-07
0.0050007
4.35282e-07
0.00500077
4.00371e-07
0.00500083
3.64014e-07
0.00500088
3.28029e-07
0.00500092
2.93469e-07
0.00500096
2.60947e-07
0.005001
2.30809e-07
0.00500102
2.03221e-07
0.00500105
1.78224e-07
0.00500107
1.55766e-07
0.00500108
1.35734e-07
0.0050011
1.17975e-07
0.00500111
1.02313e-07
0.00500112
8.85599e-08
0.00500113
7.65293e-08
0.00500114
6.60391e-08
0.00500114
5.6917e-08
0.00500115
4.90033e-08
0.00500115
4.21516e-08
0.00500116
3.62296e-08
0.00500116
3.11186e-08
0.00500116
2.67131e-08
0.00500117
2.29199e-08
0.00500117
1.96568e-08
0.00500117
1.68521e-08
0.00500117
1.4443e-08
0.00500117
1.23749e-08
0.00500117
1.06004e-08
0.00500118
9.0785e-09
0.00500118
7.77376e-09
0.00500118
6.65552e-09
0.00500118
5.69741e-09
0.00500118
4.87667e-09
0.00500118
4.17377e-09
0.00500118
3.57188e-09
0.00500118
3.05658e-09
0.00500118
2.61545e-09
0.00500118
2.23787e-09
0.00500118
1.91471e-09
0.00500118
1.63815e-09
0.00500118
1.40149e-09
0.00500118
1.19899e-09
0.00500118
1.02572e-09
0.00500118
8.77467e-10
0.00500118
7.50631e-10
0.00500118
6.42119e-10
0.00500118
5.49285e-10
0.00500118
4.69867e-10
0.00500118
4.01927e-10
0.00500118
3.43808e-10
0.00500118
2.94091e-10
0.00500118
2.51563e-10
0.00500118
2.15183e-10
0.00500118
1.84063e-10
0.00500118
1.57442e-10
0.00500118
1.34671e-10
0.00500118
1.15193e-10
0.00500118
9.85329e-11
0.00500118
8.42821e-11
0.00500118
7.20919e-11
0.00500118
6.16644e-11
0.00500118
5.27447e-11
0.00500118
4.51152e-11
0.00500118
3.85897e-11
0.00500118
3.30084e-11
0.00500118
2.82348e-11
0.00500118
2.41515e-11
0.00500118
2.06585e-11
0.00500118
1.76703e-11
0.00500118
1.5114e-11
0.00500118
1.29276e-11
0.00500118
1.10577e-11
0.00500118
9.45859e-12
0.00500118
8.09098e-12
0.00500118
6.92116e-12
0.00500118
5.92054e-12
0.00500118
5.06453e-12
0.00500118
4.33227e-12
0.00500118
3.70597e-12
0.00500118
3.1702e-12
0.00500118
2.71184e-12
0.00500118
2.31942e-12
0.00500118
1.98362e-12
0.00500118
1.69635e-12
0.00500118
1.45078e-12
0.00500118
1.2411e-12
0.00500118
1.06197e-12
0.00500118
9.08911e-13
0.00500118
7.77827e-13
0.00500118
6.65245e-13
0.00500118
5.68565e-13
0.00500118
4.8558e-13
0.00500118
4.14744e-13
0.00500118
3.54643e-13
0.00500118
3.03767e-13
0.00500118
2.60708e-13
0.00500118
2.24016e-13
0.00500118
1.92428e-13
0.00500118
1.64887e-13
0.00500118
1.4083e-13
0.00500118
1.19925e-13
0.00500118
1.01932e-13
0.00500118
8.6796e-14
0.00500118
7.42646e-14
0.00500118
6.38876e-14
0.00500118
5.52504e-14
0.00500118
4.78025e-14
0.00500118
4.12123e-14
0.00500118
3.51541e-14
0.00500118
2.96364e-14
0.00500118
2.46513e-14
0.00500118
2.02616e-14
0.00500118
1.65254e-14
0.00500118
1.35339e-14
0.00500118
1.12224e-14
0.00500118
9.4734e-15
0.00500118
8.24973e-15
0.00500118
7.29853e-15
0.00500118
6.60234e-15
0.00500118
6.01739e-15
0.00500118
5.52492e-15
0.00500118
5.18187e-15
0.00500118
4.9269e-15
0.00500118
4.77781e-15
0.00500118
4.66516e-15
0.00500118
4.68239e-15
0.00500118
4.78403e-15
0.00500118
4.9387e-15
0.00500118
5.20399e-15
0.00500118
5.46959e-15
0.00500118
5.82476e-15
0.00500118
6.26205e-15
0.00500118
6.72185e-15
0.00500118
7.17314e-15
0.00500118
7.55713e-15
0.00500118
7.86626e-15
0.00500118
8.02912e-15
0.00500118
8.00739e-15
0.00500118
7.79612e-15
0.00500118
7.26051e-15
0.00500118
6.56212e-15
0.00500118
5.59262e-15
0.00500118
4.39224e-15
0.00500118
3.1587e-15
0.00500118
1.70769e-15
0.00500118
3.12767e-16
0.00500118
-1.08996e-15
0.00500118
-2.42081e-15
0.00500118
-3.54196e-15
0.00500118
-4.43976e-15
0.00500118
-5.07286e-15
0.00500118
-5.40539e-15
0.00500118
-5.36499e-15
0.00500118
-5.0704e-15
0.00500118
-4.53911e-15
0.00500118
-3.80859e-15
0.00500118
-2.96184e-15
0.00500118
-2.02423e-15
0.00500118
-1.14826e-15
0.00500118
-4.28648e-16
0.00500118
2.78389e-16
0.00500118
7.57347e-16
0.00500118
9.73162e-16
0.00500118
1.22283e-15
0.00500118
1.25079e-15
0.00500118
1.05701e-15
0.00500118
9.88667e-16
0.00500118
9.76029e-16
0.00500118
7.33335e-16
0.00500118
6.08461e-16
0.00500118
6.03664e-16
0.00500118
4.65697e-16
0.00500118
5.03913e-16
0.00500118
3.57495e-16
0.00500118
3.77309e-16
0.00500118
4.0651e-16
0.00500118
2.72782e-16
0.00500118
1.55769e-16
0.00500118
6.44742e-17
0.00500118
-1.5918e-17
0.00500118
-2.22262e-16
0.00500118
-2.67397e-16
0.00500118
-4.77843e-16
0.00500118
-5.91303e-16
0.00500118
-4.98276e-16
0.00500118
-5.74656e-16
0.00500118
-5.47641e-16
0.00500118
-2.50883e-16
0.00500118
-3.96033e-16
-1.94606e-16
0.00500001
3.25925e-08
0.00500003
9.31258e-08
0.00500006
1.46911e-07
0.00500011
2.06735e-07
0.00500017
2.74779e-07
0.00500025
3.37775e-07
0.00500033
3.81506e-07
0.00500042
4.00988e-07
0.00500051
3.99632e-07
0.00500059
3.84107e-07
0.00500067
3.60468e-07
0.00500073
3.32887e-07
0.00500079
3.03893e-07
0.00500085
2.74958e-07
0.00500089
2.46954e-07
0.00500093
2.20409e-07
0.00500097
1.9564e-07
0.005001
1.72821e-07
0.00500102
1.52023e-07
0.00500105
1.33235e-07
0.00500107
1.16393e-07
0.00500108
1.01394e-07
0.0050011
8.81123e-08
0.00500111
7.64073e-08
0.00500112
6.61348e-08
0.00500113
5.71514e-08
0.00500114
4.93196e-08
0.00500114
4.25098e-08
0.00500115
3.6602e-08
0.00500115
3.14867e-08
0.00500116
2.70652e-08
0.00500116
2.32489e-08
0.00500116
1.9959e-08
0.00500117
1.71261e-08
0.00500117
1.46888e-08
0.00500117
1.25937e-08
0.00500117
1.07939e-08
0.00500117
9.24874e-09
0.00500117
7.92286e-09
0.00500118
6.78564e-09
0.00500118
5.81062e-09
0.00500118
4.97492e-09
0.00500118
4.25885e-09
0.00500118
3.64543e-09
0.00500118
3.12005e-09
0.00500118
2.67017e-09
0.00500118
2.28498e-09
0.00500118
1.95523e-09
0.00500118
1.67299e-09
0.00500118
1.43141e-09
0.00500118
1.22467e-09
0.00500118
1.04775e-09
0.00500118
8.96366e-10
0.00500118
7.66833e-10
0.00500118
6.56005e-10
0.00500118
5.61183e-10
0.00500118
4.80059e-10
0.00500118
4.10656e-10
0.00500118
3.51283e-10
0.00500118
3.0049e-10
0.00500118
2.5704e-10
0.00500118
2.19871e-10
0.00500118
1.88075e-10
0.00500118
1.60876e-10
0.00500118
1.37609e-10
0.00500118
1.17708e-10
0.00500118
1.00684e-10
0.00500118
8.61227e-11
0.00500118
7.3667e-11
0.00500118
6.30121e-11
0.00500118
5.38977e-11
0.00500118
4.61015e-11
0.00500118
3.94332e-11
0.00500118
3.37298e-11
0.00500118
2.88519e-11
0.00500118
2.46795e-11
0.00500118
2.11104e-11
0.00500118
1.8057e-11
0.00500118
1.54449e-11
0.00500118
1.32104e-11
0.00500118
1.12994e-11
0.00500118
9.66511e-12
0.00500118
8.2676e-12
0.00500118
7.07245e-12
0.00500118
6.0501e-12
0.00500118
5.17555e-12
0.00500118
4.42738e-12
0.00500118
3.78734e-12
0.00500118
3.23982e-12
0.00500118
2.77133e-12
0.00500118
2.37043e-12
0.00500118
2.02725e-12
0.00500118
1.73356e-12
0.00500118
1.48241e-12
0.00500118
1.26786e-12
0.00500118
1.08474e-12
0.00500118
9.28339e-13
0.00500118
7.94545e-13
0.00500118
6.79813e-13
0.00500118
5.81196e-13
0.00500118
4.96532e-13
0.00500118
4.23992e-13
0.00500118
3.6215e-13
0.00500118
3.09807e-13
0.00500118
2.65585e-13
0.00500118
2.28092e-13
0.00500118
1.95998e-13
0.00500118
1.68213e-13
0.00500118
1.43997e-13
0.00500118
1.22834e-13
0.00500118
1.04464e-13
0.00500118
8.88807e-14
0.00500118
7.58917e-14
0.00500118
6.5216e-14
0.00500118
5.6375e-14
0.00500118
4.89058e-14
0.00500118
4.24219e-14
0.00500118
3.65478e-14
0.00500118
3.11916e-14
0.00500118
2.62623e-14
0.00500118
2.1848e-14
0.00500118
1.80578e-14
0.00500118
1.49496e-14
0.00500118
1.2457e-14
0.00500118
1.05888e-14
0.00500118
9.23148e-15
0.00500118
8.19606e-15
0.00500118
7.37689e-15
0.00500118
6.71997e-15
0.00500118
6.16948e-15
0.00500118
5.70705e-15
0.00500118
5.41159e-15
0.00500118
5.19143e-15
0.00500118
5.10556e-15
0.00500118
5.07383e-15
0.00500118
5.11295e-15
0.00500118
5.20779e-15
0.00500118
5.31772e-15
0.00500118
5.48558e-15
0.00500118
5.63759e-15
0.00500118
5.86256e-15
0.00500118
6.15353e-15
0.00500118
6.48068e-15
0.00500118
6.80981e-15
0.00500118
7.07297e-15
0.00500118
7.31521e-15
0.00500118
7.38755e-15
0.00500118
7.29772e-15
0.00500118
7.0617e-15
0.00500118
6.50634e-15
0.00500118
5.79449e-15
0.00500118
4.85231e-15
0.00500118
3.79197e-15
0.00500118
2.65582e-15
0.00500118
1.39254e-15
0.00500118
1.55693e-16
0.00500118
-1.01694e-15
0.00500118
-2.13183e-15
0.00500118
-3.09133e-15
0.00500118
-3.82439e-15
0.00500118
-4.34702e-15
0.00500118
-4.5413e-15
0.00500118
-4.51579e-15
0.00500118
-4.29593e-15
0.00500118
-3.86512e-15
0.00500118
-3.23611e-15
0.00500118
-2.52605e-15
0.00500118
-1.76213e-15
0.00500118
-1.08971e-15
0.00500118
-5.21722e-16
0.00500118
5.09114e-17
0.00500118
4.40993e-16
0.00500118
5.92153e-16
0.00500118
7.72485e-16
0.00500118
8.91007e-16
0.00500118
8.07057e-16
0.00500118
7.44322e-16
0.00500118
7.82623e-16
0.00500118
7.04984e-16
0.00500118
6.12868e-16
0.00500118
6.99541e-16
0.00500118
7.09777e-16
0.00500118
8.2664e-16
0.00500118
7.67203e-16
0.00500118
7.05124e-16
0.00500118
7.20047e-16
0.00500118
6.47682e-16
0.00500118
4.83077e-16
0.00500118
3.40406e-16
0.00500118
1.32929e-16
0.00500118
-1.46482e-16
0.00500118
-1.73486e-16
0.00500118
-3.82492e-16
0.00500118
-5.07653e-16
0.00500118
-5.2578e-16
0.00500118
-5.63248e-16
0.00500118
-6.2355e-16
0.00500118
-3.15355e-16
0.00500118
-3.34963e-16
-2.1069e-16
0.00500001
2.55449e-08
0.00500003
7.30038e-08
0.00500006
1.15226e-07
0.0050001
1.62262e-07
0.00500016
2.15858e-07
0.00500023
2.65652e-07
0.00500032
3.00504e-07
0.0050004
3.16466e-07
0.00500048
3.16155e-07
0.00500056
3.04703e-07
0.00500064
2.86803e-07
0.0050007
2.65691e-07
0.00500076
2.4333e-07
0.00500082
2.20866e-07
0.00500087
1.9899e-07
0.00500091
1.78132e-07
0.00500095
1.58561e-07
0.00500098
1.40438e-07
0.00500101
1.2384e-07
0.00500103
1.0878e-07
0.00500105
9.52243e-08
0.00500107
8.31081e-08
0.00500109
7.23429e-08
0.0050011
6.28272e-08
0.00500111
5.44534e-08
0.00500112
4.7113e-08
0.00500113
4.06999e-08
0.00500114
3.5113e-08
0.00500114
3.0258e-08
0.00500115
2.60482e-08
0.00500115
2.24045e-08
0.00500116
1.9256e-08
0.00500116
1.65392e-08
0.00500116
1.41976e-08
0.00500117
1.21816e-08
0.00500117
1.04474e-08
0.00500117
8.95684e-09
0.00500117
7.6765e-09
0.00500117
6.57739e-09
0.00500117
5.63431e-09
0.00500118
4.82547e-09
0.00500118
4.13202e-09
0.00500118
3.53769e-09
0.00500118
3.02844e-09
0.00500118
2.59221e-09
0.00500118
2.2186e-09
0.00500118
1.89868e-09
0.00500118
1.62477e-09
0.00500118
1.3903e-09
0.00500118
1.18959e-09
0.00500118
1.01781e-09
0.00500118
8.70805e-10
0.00500118
7.45005e-10
0.00500118
6.3736e-10
0.00500118
5.45255e-10
0.00500118
4.6645e-10
0.00500118
3.99026e-10
0.00500118
3.41343e-10
0.00500118
2.91994e-10
0.00500118
2.49777e-10
0.00500118
2.13661e-10
0.00500118
1.82766e-10
0.00500118
1.56336e-10
0.00500118
1.33727e-10
0.00500118
1.14388e-10
0.00500118
9.78453e-11
0.00500118
8.36951e-11
0.00500118
7.15911e-11
0.00500118
6.12371e-11
0.00500118
5.23799e-11
0.00500118
4.48034e-11
0.00500118
3.83227e-11
0.00500118
3.27799e-11
0.00500118
2.80392e-11
0.00500118
2.39845e-11
0.00500118
2.05161e-11
0.00500118
1.75489e-11
0.00500118
1.50104e-11
0.00500118
1.28388e-11
0.00500118
1.09814e-11
0.00500118
9.39292e-12
0.00500118
8.03465e-12
0.00500118
6.87312e-12
0.00500118
5.87972e-12
0.00500118
5.02992e-12
0.00500118
4.30287e-12
0.00500118
3.68088e-12
0.00500118
3.14875e-12
0.00500118
2.69355e-12
0.00500118
2.30402e-12
0.00500118
1.97056e-12
0.00500118
1.68513e-12
0.00500118
1.4409e-12
0.00500118
1.23214e-12
0.00500118
1.05388e-12
0.00500118
9.01703e-13
0.00500118
7.71749e-13
0.00500118
6.60515e-13
0.00500118
5.6499e-13
0.00500118
4.82882e-13
0.00500118
4.1235e-13
0.00500118
3.52035e-13
0.00500118
3.00797e-13
0.00500118
2.57456e-13
0.00500118
2.20861e-13
0.00500118
1.89762e-13
0.00500118
1.63027e-13
0.00500118
1.39825e-13
0.00500118
1.19497e-13
0.00500118
1.01801e-13
0.00500118
8.65392e-14
0.00500118
7.37702e-14
0.00500118
6.32176e-14
0.00500118
5.45717e-14
0.00500118
4.74434e-14
0.00500118
4.12945e-14
0.00500118
3.58928e-14
0.00500118
3.09438e-14
0.00500118
2.63704e-14
0.00500118
2.22254e-14
0.00500118
1.85922e-14
0.00500118
1.55299e-14
0.00500118
1.31072e-14
0.00500118
1.12669e-14
0.00500118
9.91463e-15
0.00500118
8.92804e-15
0.00500118
8.08731e-15
0.00500118
7.39729e-15
0.00500118
6.77896e-15
0.00500118
6.24733e-15
0.00500118
5.81243e-15
0.00500118
5.55221e-15
0.00500118
5.43459e-15
0.00500118
5.39411e-15
0.00500118
5.43949e-15
0.00500118
5.52481e-15
0.00500118
5.58978e-15
0.00500118
5.67978e-15
0.00500118
5.72031e-15
0.00500118
5.76333e-15
0.00500118
5.84427e-15
0.00500118
5.98049e-15
0.00500118
6.16112e-15
0.00500118
6.31914e-15
0.00500118
6.4758e-15
0.00500118
6.61384e-15
0.00500118
6.60443e-15
0.00500118
6.47229e-15
0.00500118
6.14969e-15
0.00500118
5.58985e-15
0.00500118
4.92042e-15
0.00500118
4.03437e-15
0.00500118
3.12399e-15
0.00500118
2.09555e-15
0.00500118
1.05281e-15
0.00500118
4.48011e-17
0.00500118
-9.03147e-16
0.00500118
-1.78266e-15
0.00500118
-2.50384e-15
0.00500118
-3.05956e-15
0.00500118
-3.46977e-15
0.00500118
-3.60679e-15
0.00500118
-3.60128e-15
0.00500118
-3.43311e-15
0.00500118
-3.06898e-15
0.00500118
-2.6145e-15
0.00500118
-2.11681e-15
0.00500118
-1.54226e-15
0.00500118
-1.00763e-15
0.00500118
-6.10357e-16
0.00500118
-2.48652e-16
0.00500118
7.43903e-17
0.00500118
2.12325e-16
0.00500118
2.89439e-16
0.00500118
4.87527e-16
0.00500118
4.81976e-16
0.00500118
4.57398e-16
0.00500118
5.91223e-16
0.00500118
6.73532e-16
0.00500118
7.69413e-16
0.00500118
7.93877e-16
0.00500118
9.34345e-16
0.00500118
1.09088e-15
0.00500118
1.11883e-15
0.00500118
1.11143e-15
0.00500118
9.89843e-16
0.00500118
9.92073e-16
0.00500118
7.86394e-16
0.00500118
5.59434e-16
0.00500118
4.10895e-16
0.00500118
5.06816e-17
0.00500118
-2.88621e-17
0.00500118
-2.5433e-16
0.00500118
-4.54273e-16
0.00500118
-4.66733e-16
0.00500118
-5.17853e-16
0.00500118
-5.93804e-16
0.00500118
-3.7539e-16
0.00500118
-3.75536e-16
-2.39628e-16
0.00500001
1.88632e-08
0.00500003
5.39163e-08
0.00500006
8.51302e-08
0.0050001
1.19944e-07
0.00500015
1.59665e-07
0.00500022
1.96661e-07
0.0050003
2.22708e-07
0.00500038
2.34873e-07
0.00500046
2.35058e-07
0.00500054
2.27006e-07
0.00500061
2.14149e-07
0.00500068
1.98854e-07
0.00500074
1.8256e-07
0.0050008
1.66108e-07
0.00500085
1.50011e-07
0.00500089
1.34593e-07
0.00500093
1.20066e-07
0.00500096
1.06559e-07
0.00500099
9.41428e-08
0.00500102
8.28381e-08
0.00500104
7.26312e-08
0.00500106
6.34817e-08
0.00500108
5.53311e-08
0.00500109
4.81097e-08
0.0050011
4.17415e-08
0.00500111
3.61486e-08
0.00500112
3.1254e-08
0.00500113
2.69836e-08
0.00500114
2.32678e-08
0.00500115
2.0042e-08
0.00500115
1.72472e-08
0.00500115
1.483e-08
0.00500116
1.27425e-08
0.00500116
1.09421e-08
0.00500116
9.39112e-09
0.00500117
8.05625e-09
0.00500117
6.90836e-09
0.00500117
5.92198e-09
0.00500117
5.07492e-09
0.00500117
4.3479e-09
0.00500117
3.7242e-09
0.00500118
3.18936e-09
0.00500118
2.73087e-09
0.00500118
2.33795e-09
0.00500118
2.00132e-09
0.00500118
1.71298e-09
0.00500118
1.46605e-09
0.00500118
1.25461e-09
0.00500118
1.07359e-09
0.00500118
9.18638e-10
0.00500118
7.86008e-10
0.00500118
6.72497e-10
0.00500118
5.75358e-10
0.00500118
4.92235e-10
0.00500118
4.21109e-10
0.00500118
3.60251e-10
0.00500118
3.08182e-10
0.00500118
2.63634e-10
0.00500118
2.25521e-10
0.00500118
1.92916e-10
0.00500118
1.65023e-10
0.00500118
1.41161e-10
0.00500118
1.20749e-10
0.00500118
1.03287e-10
0.00500118
8.83502e-11
0.00500118
7.55737e-11
0.00500118
6.46448e-11
0.00500118
5.5296e-11
0.00500118
4.72987e-11
0.00500118
4.04574e-11
0.00500118
3.46054e-11
0.00500118
2.96001e-11
0.00500118
2.53192e-11
0.00500118
2.16579e-11
0.00500118
1.85261e-11
0.00500118
1.5847e-11
0.00500118
1.35549e-11
0.00500118
1.1594e-11
0.00500118
9.91658e-12
0.00500118
8.48201e-12
0.00500118
7.25535e-12
0.00500118
6.20645e-12
0.00500118
5.30945e-12
0.00500118
4.54214e-12
0.00500118
3.8856e-12
0.00500118
3.32389e-12
0.00500118
2.84337e-12
0.00500118
2.43235e-12
0.00500118
2.08071e-12
0.00500118
1.7798e-12
0.00500118
1.52219e-12
0.00500118
1.30161e-12
0.00500118
1.11288e-12
0.00500118
9.51589e-13
0.00500118
8.13952e-13
0.00500118
6.96519e-13
0.00500118
5.96149e-13
0.00500118
5.10164e-13
0.00500118
4.36236e-13
0.00500118
3.72676e-13
0.00500118
3.18126e-13
0.00500118
2.71554e-13
0.00500118
2.32072e-13
0.00500118
1.98784e-13
0.00500118
1.70694e-13
0.00500118
1.46687e-13
0.00500118
1.25955e-13
0.00500118
1.07848e-13
0.00500118
9.20178e-14
0.00500118
7.82838e-14
0.00500118
6.66315e-14
0.00500118
5.69241e-14
0.00500118
4.90658e-14
0.00500118
4.26463e-14
0.00500118
3.73032e-14
0.00500118
3.25995e-14
0.00500118
2.83557e-14
0.00500118
2.44737e-14
0.00500118
2.08806e-14
0.00500118
1.76684e-14
0.00500118
1.49711e-14
0.00500118
1.28083e-14
0.00500118
1.11603e-14
0.00500118
9.98893e-15
0.00500118
9.10968e-15
0.00500118
8.48272e-15
0.00500118
7.87029e-15
0.00500118
7.27727e-15
0.00500118
6.72385e-15
0.00500118
6.25338e-15
0.00500118
5.9034e-15
0.00500118
5.65752e-15
0.00500118
5.6511e-15
0.00500118
5.70455e-15
0.00500118
5.78229e-15
0.00500118
5.90655e-15
0.00500118
5.96068e-15
0.00500118
5.97358e-15
0.00500118
5.93612e-15
0.00500118
5.82594e-15
0.00500118
5.76581e-15
0.00500118
5.72729e-15
0.00500118
5.73301e-15
0.00500118
5.74624e-15
0.00500118
5.79503e-15
0.00500118
5.80459e-15
0.00500118
5.69468e-15
0.00500118
5.51178e-15
0.00500118
5.09314e-15
0.00500118
4.59109e-15
0.00500118
3.96094e-15
0.00500118
3.15498e-15
0.00500118
2.35209e-15
0.00500118
1.54802e-15
0.00500118
7.30834e-16
0.00500118
-4.12503e-17
0.00500118
-7.40769e-16
0.00500118
-1.34034e-15
0.00500118
-1.83724e-15
0.00500118
-2.22792e-15
0.00500118
-2.46531e-15
0.00500118
-2.58614e-15
0.00500118
-2.56062e-15
0.00500118
-2.46988e-15
0.00500118
-2.24995e-15
0.00500118
-1.92845e-15
0.00500118
-1.62649e-15
0.00500118
-1.30593e-15
0.00500118
-9.63471e-16
0.00500118
-7.17792e-16
0.00500118
-5.59319e-16
0.00500118
-3.05658e-16
0.00500118
-1.61802e-16
0.00500118
-1.88401e-16
0.00500118
2.76287e-17
0.00500118
1.35362e-16
0.00500118
1.9059e-16
0.00500118
4.06594e-16
0.00500118
5.84437e-16
0.00500118
9.02186e-16
0.00500118
1.00117e-15
0.00500118
1.1671e-15
0.00500118
1.37469e-15
0.00500118
1.47308e-15
0.00500118
1.52028e-15
0.00500118
1.39414e-15
0.00500118
1.28701e-15
0.00500118
1.1331e-15
0.00500118
8.59996e-16
0.00500118
6.3131e-16
0.00500118
2.40041e-16
0.00500118
-6.45342e-17
0.00500118
-1.29118e-16
0.00500118
-4.34777e-16
0.00500118
-4.15732e-16
0.00500118
-3.55907e-16
0.00500118
-5.79331e-16
0.00500118
-3.16923e-16
0.00500118
-2.6108e-16
-2.29795e-16
0.00500001
1.24392e-08
0.00500002
3.55582e-08
0.00500005
5.61581e-08
0.00500009
7.91516e-08
0.00500015
1.0541e-07
0.00500022
1.29909e-07
0.00500029
1.47227e-07
0.00500037
1.5542e-07
0.00500045
1.55731e-07
0.00500053
1.50609e-07
0.0050006
1.423e-07
0.00500066
1.32355e-07
0.00500073
1.21715e-07
0.00500078
1.10935e-07
0.00500083
1.00351e-07
0.00500087
9.01817e-08
0.00500091
8.05711e-08
0.00500095
7.16105e-08
0.00500098
6.33512e-08
0.00500101
5.58132e-08
0.00500103
4.89918e-08
0.00500105
4.28646e-08
0.00500107
3.73962e-08
0.00500108
3.2543e-08
0.0050011
2.82567e-08
0.00500111
2.44872e-08
0.00500112
2.11843e-08
0.00500113
1.82995e-08
0.00500114
1.5787e-08
0.00500114
1.36039e-08
0.00500115
1.17112e-08
0.00500115
1.0073e-08
0.00500116
8.65758e-09
0.00500116
7.43618e-09
0.00500116
6.38349e-09
0.00500117
5.47714e-09
0.00500117
4.6975e-09
0.00500117
4.02735e-09
0.00500117
3.45171e-09
0.00500117
2.95754e-09
0.00500117
2.53352e-09
0.00500118
2.16984e-09
0.00500118
1.85804e-09
0.00500118
1.5908e-09
0.00500118
1.36182e-09
0.00500118
1.16567e-09
0.00500118
9.97667e-10
0.00500118
8.5381e-10
0.00500118
7.30641e-10
0.00500118
6.25201e-10
0.00500118
5.34948e-10
0.00500118
4.57702e-10
0.00500118
3.91596e-10
0.00500118
3.35026e-10
0.00500118
2.86619e-10
0.00500118
2.452e-10
0.00500118
2.09761e-10
0.00500118
1.79441e-10
0.00500118
1.53501e-10
0.00500118
1.31309e-10
0.00500118
1.12324e-10
0.00500118
9.6083e-11
0.00500118
8.21891e-11
0.00500118
7.03037e-11
0.00500118
6.01373e-11
0.00500118
5.1441e-11
0.00500118
4.40023e-11
0.00500118
3.76389e-11
0.00500118
3.21952e-11
0.00500118
2.75385e-11
0.00500118
2.35552e-11
0.00500118
2.01484e-11
0.00500118
1.72348e-11
0.00500118
1.47428e-11
0.00500118
1.26112e-11
0.00500118
1.07874e-11
0.00500118
9.22696e-12
0.00500118
7.89198e-12
0.00500118
6.75021e-12
0.00500118
5.7739e-12
0.00500118
4.93921e-12
0.00500118
4.22546e-12
0.00500118
3.61497e-12
0.00500118
3.09249e-12
0.00500118
2.64533e-12
0.00500118
2.26279e-12
0.00500118
1.93558e-12
0.00500118
1.65582e-12
0.00500118
1.41654e-12
0.00500118
1.21176e-12
0.00500118
1.03635e-12
0.00500118
8.86143e-13
0.00500118
7.57576e-13
0.00500118
6.47721e-13
0.00500118
5.54017e-13
0.00500118
4.74052e-13
0.00500118
4.05756e-13
0.00500118
3.4718e-13
0.00500118
2.96769e-13
0.00500118
2.53372e-13
0.00500118
2.16188e-13
0.00500118
1.84514e-13
0.00500118
1.57719e-13
0.00500118
1.35202e-13
0.00500118
1.16193e-13
0.00500118
9.99089e-14
0.00500118
8.57173e-14
0.00500118
7.32178e-14
0.00500118
6.23332e-14
0.00500118
5.29075e-14
0.00500118
4.5085e-14
0.00500118
3.8725e-14
0.00500118
3.36752e-14
0.00500118
2.96615e-14
0.00500118
2.61885e-14
0.00500118
2.30707e-14
0.00500118
2.01293e-14
0.00500118
1.73939e-14
0.00500118
1.48799e-14
0.00500118
1.27265e-14
0.00500118
1.10537e-14
0.00500118
9.87236e-15
0.00500118
9.10146e-15
0.00500118
8.6383e-15
0.00500118
8.30887e-15
0.00500118
7.98147e-15
0.00500118
7.55723e-15
0.00500118
7.06488e-15
0.00500118
6.59679e-15
0.00500118
6.18581e-15
0.00500118
5.88235e-15
0.00500118
5.78401e-15
0.00500118
5.8263e-15
0.00500118
5.95959e-15
0.00500118
6.12551e-15
0.00500118
6.27599e-15
0.00500118
6.30354e-15
0.00500118
6.2085e-15
0.00500118
6.07052e-15
0.00500118
5.84923e-15
0.00500118
5.63309e-15
0.00500118
5.41018e-15
0.00500118
5.2316e-15
0.00500118
5.12643e-15
0.00500118
5.04521e-15
0.00500118
4.93793e-15
0.00500118
4.72683e-15
0.00500118
4.47927e-15
0.00500118
3.98219e-15
0.00500118
3.50214e-15
0.00500118
2.90516e-15
0.00500118
2.23037e-15
0.00500118
1.58816e-15
0.00500118
9.84256e-16
0.00500118
4.21536e-16
0.00500118
-7.42819e-17
0.00500118
-5.36237e-16
0.00500118
-8.66985e-16
0.00500118
-1.05353e-15
0.00500118
-1.31188e-15
0.00500118
-1.46481e-15
0.00500118
-1.50369e-15
0.00500118
-1.50618e-15
0.00500118
-1.47764e-15
0.00500118
-1.38156e-15
0.00500118
-1.25571e-15
0.00500118
-1.16641e-15
0.00500118
-1.06205e-15
0.00500118
-9.76661e-16
0.00500118
-8.75568e-16
0.00500118
-8.66575e-16
0.00500118
-7.77136e-16
0.00500118
-6.02447e-16
0.00500118
-5.93717e-16
0.00500118
-4.27839e-16
0.00500118
-1.99529e-16
0.00500118
-5.2166e-17
0.00500118
2.49692e-16
0.00500118
5.51955e-16
0.00500118
9.25132e-16
0.00500118
1.24257e-15
0.00500118
1.4391e-15
0.00500118
1.65516e-15
0.00500118
1.8731e-15
0.00500118
1.90977e-15
0.00500118
1.88229e-15
0.00500118
1.59417e-15
0.00500118
1.39395e-15
0.00500118
1.19321e-15
0.00500118
7.4614e-16
0.00500118
5.20815e-16
0.00500118
2.11187e-16
0.00500118
-7.69162e-17
0.00500118
-3.75276e-16
0.00500118
-3.79994e-16
0.00500118
-2.94222e-16
0.00500118
-6.10535e-16
0.00500118
-4.11248e-16
0.00500118
-2.20787e-16
-1.69901e-16
0.00500001
6.17957e-09
0.00500002
1.76657e-08
0.00500005
2.7904e-08
0.00500009
3.93372e-08
0.00500015
5.24009e-08
0.00500021
6.46009e-08
0.00500028
7.32448e-08
0.00500036
7.73648e-08
0.00500044
7.75746e-08
0.00500052
7.50855e-08
0.00500059
7.10079e-08
0.00500065
6.61094e-08
0.00500071
6.08559e-08
0.00500077
5.55215e-08
0.00500082
5.02741e-08
0.00500087
4.52227e-08
0.00500091
4.04402e-08
0.00500094
3.59735e-08
0.00500097
3.185e-08
0.005001
2.80811e-08
0.00500102
2.46659e-08
0.00500105
2.15944e-08
0.00500106
1.88502e-08
0.00500108
1.64122e-08
0.00500109
1.4257e-08
0.00500111
1.23601e-08
0.00500112
1.06968e-08
0.00500113
9.24317e-09
0.00500113
7.97635e-09
0.00500114
6.87509e-09
0.00500115
5.91983e-09
0.00500115
5.09277e-09
0.00500116
4.37788e-09
0.00500116
3.76081e-09
0.00500116
3.22884e-09
0.00500117
2.77071e-09
0.00500117
2.37654e-09
0.00500117
2.03768e-09
0.00500117
1.74656e-09
0.00500117
1.4966e-09
0.00500117
1.28211e-09
0.00500117
1.09812e-09
0.00500118
9.40361e-10
0.00500118
8.05139e-10
0.00500118
6.89268e-10
0.00500118
5.90003e-10
0.00500118
5.04982e-10
0.00500118
4.32175e-10
0.00500118
3.69837e-10
0.00500118
3.1647e-10
0.00500118
2.70788e-10
0.00500118
2.31689e-10
0.00500118
1.98228e-10
0.00500118
1.69594e-10
0.00500118
1.4509e-10
0.00500118
1.24124e-10
0.00500118
1.06185e-10
0.00500118
9.08365e-11
0.00500118
7.77057e-11
0.00500118
6.64721e-11
0.00500118
5.68617e-11
0.00500118
4.864e-11
0.00500118
4.16067e-11
0.00500118
3.55901e-11
0.00500118
3.04437e-11
0.00500118
2.60415e-11
0.00500118
2.22758e-11
0.00500118
1.90545e-11
0.00500118
1.62987e-11
0.00500118
1.39414e-11
0.00500118
1.1925e-11
0.00500118
1.02006e-11
0.00500118
8.72578e-12
0.00500118
7.46434e-12
0.00500118
6.38519e-12
0.00500118
5.46178e-12
0.00500118
4.67171e-12
0.00500118
3.99589e-12
0.00500118
3.41798e-12
0.00500118
2.92391e-12
0.00500118
2.50157e-12
0.00500118
2.14029e-12
0.00500118
1.83109e-12
0.00500118
1.56634e-12
0.00500118
1.33972e-12
0.00500118
1.14586e-12
0.00500118
9.80116e-13
0.00500118
8.38547e-13
0.00500118
7.17503e-13
0.00500118
6.13893e-13
0.00500118
5.25056e-13
0.00500118
4.48887e-13
0.00500118
3.83642e-13
0.00500118
3.27909e-13
0.00500118
2.80417e-13
0.00500118
2.39921e-13
0.00500118
2.05329e-13
0.00500118
1.75603e-13
0.00500118
1.49968e-13
0.00500118
1.27899e-13
0.00500118
1.09016e-13
0.00500118
9.29813e-14
0.00500118
7.94726e-14
0.00500118
6.82417e-14
0.00500118
5.87359e-14
0.00500118
5.0505e-14
0.00500118
4.32719e-14
0.00500118
3.67815e-14
0.00500118
3.11673e-14
0.00500118
2.6405e-14
0.00500118
2.2622e-14
0.00500118
1.967e-14
0.00500118
1.74524e-14
0.00500118
1.58196e-14
0.00500118
1.4337e-14
0.00500118
1.28461e-14
0.00500118
1.13315e-14
0.00500118
9.94396e-15
0.00500118
8.61667e-15
0.00500118
7.6356e-15
0.00500118
7.1537e-15
0.00500118
6.96145e-15
0.00500118
6.96686e-15
0.00500118
7.12635e-15
0.00500118
7.32746e-15
0.00500118
7.32733e-15
0.00500118
7.1242e-15
0.00500118
6.7733e-15
0.00500118
6.44386e-15
0.00500118
6.13667e-15
0.00500118
5.925e-15
0.00500118
5.88538e-15
0.00500118
6.02408e-15
0.00500118
6.22776e-15
0.00500118
6.43432e-15
0.00500118
6.56399e-15
0.00500118
6.57734e-15
0.00500118
6.43456e-15
0.00500118
6.15134e-15
0.00500118
5.81915e-15
0.00500118
5.43613e-15
0.00500118
5.06572e-15
0.00500118
4.77129e-15
0.00500118
4.49594e-15
0.00500118
4.24838e-15
0.00500118
4.02858e-15
0.00500118
3.69695e-15
0.00500118
3.35925e-15
0.00500118
2.87985e-15
0.00500118
2.3807e-15
0.00500118
1.83142e-15
0.00500118
1.28081e-15
0.00500118
8.77676e-16
0.00500118
4.67261e-16
0.00500118
9.55667e-17
0.00500118
-7.97254e-17
0.00500118
-2.11105e-16
0.00500118
-3.32775e-16
0.00500118
-2.91939e-16
0.00500118
-3.39467e-16
0.00500118
-4.87744e-16
0.00500118
-4.05595e-16
0.00500118
-4.56569e-16
0.00500118
-5.3468e-16
0.00500118
-5.49316e-16
0.00500118
-6.35842e-16
0.00500118
-7.43037e-16
0.00500118
-8.18023e-16
0.00500118
-9.27189e-16
0.00500118
-1.02039e-15
0.00500118
-1.0973e-15
0.00500118
-1.163e-15
0.00500118
-1.07861e-15
0.00500118
-1.01777e-15
0.00500118
-8.65855e-16
0.00500118
-5.39005e-16
0.00500118
-2.35924e-16
0.00500118
1.37613e-16
0.00500118
5.73171e-16
0.00500118
9.60323e-16
0.00500118
1.39369e-15
0.00500118
1.73117e-15
0.00500118
1.9857e-15
0.00500118
2.16783e-15
0.00500118
2.21357e-15
0.00500118
2.29389e-15
0.00500118
2.08117e-15
0.00500118
1.62313e-15
0.00500118
1.50027e-15
0.00500118
1.11937e-15
0.00500118
5.31145e-16
0.00500118
4.24807e-16
0.00500118
1.17127e-16
0.00500118
-3.93192e-16
0.00500118
-3.94522e-16
0.00500118
-1.36131e-16
0.00500118
-3.68156e-16
0.00500118
-3.76489e-16
0.00500118
-1.17324e-16
-5.28598e-17
0.00500001
0.00500002
0.00500005
0.00500009
0.00500014
0.00500021
0.00500028
0.00500036
0.00500044
0.00500051
0.00500058
0.00500065
0.00500071
0.00500076
0.00500082
0.00500086
0.0050009
0.00500094
0.00500097
0.005001
0.00500102
0.00500104
0.00500106
0.00500108
0.00500109
0.0050011
0.00500112
0.00500112
0.00500113
0.00500114
0.00500115
0.00500115
0.00500116
0.00500116
0.00500116
0.00500116
0.00500117
0.00500117
0.00500117
0.00500117
0.00500117
0.00500117
0.00500118
0.00500118
0.00500118
0.00500118
0.00500118
0.00500118
0.00500118
0.00500118
0.00500118
0.00500118
0.00500118
0.00500118
0.00500118
0.00500118
0.00500118
0.00500118
0.00500118
0.00500118
0.00500118
0.00500118
0.00500118
0.00500118
0.00500118
0.00500118
0.00500118
0.00500118
0.00500118
0.00500118
0.00500118
0.00500118
0.00500118
0.00500118
0.00500118
0.00500118
0.00500118
0.00500118
0.00500118
0.00500118
0.00500118
0.00500118
0.00500118
0.00500118
0.00500118
0.00500118
0.00500118
0.00500118
0.00500118
0.00500118
0.00500118
0.00500118
0.00500118
0.00500118
0.00500118
0.00500118
0.00500118
0.00500118
0.00500118
0.00500118
0.00500118
0.00500118
0.00500118
0.00500118
0.00500118
0.00500118
0.00500118
0.00500118
0.00500118
0.00500118
0.00500118
0.00500118
0.00500118
0.00500118
0.00500118
0.00500118
0.00500118
0.00500118
0.00500118
0.00500118
0.00500118
0.00500118
0.00500118
0.00500118
0.00500118
0.00500118
0.00500118
0.00500118
0.00500118
0.00500118
0.00500118
0.00500118
0.00500118
0.00500118
0.00500118
0.00500118
0.00500118
0.00500118
0.00500118
0.00500118
0.00500118
0.00500118
0.00500118
0.00500118
0.00500118
0.00500118
0.00500118
0.00500118
0.00500118
0.00500118
0.00500118
0.00500118
0.00500118
0.00500118
0.00500118
0.00500118
0.00500118
0.00500118
0.00500118
0.00500118
0.00500118
0.00500118
0.00500118
0.00500118
0.00500118
0.00500118
0.00500118
0.00500118
0.00500118
0.00500118
0.00500118
0.00500118
0.00500118
0.00500118
0.00500118
0.00500118
0.00500118
0.00500118
0.00500118
0.00500118
0.00500118
0.00500118
0.00500118
0.00500118
0.00500118
0.00500118
0.00500118
0.00500118
0.00500118
0.00500118
0.00500118
0.00500118
0.00500118
0.00500118
0.00500118
0.00500118
0.00500118
0.00500118
0.00500118
)
;

boundaryField
{
    inlet
    {
        type            calculated;
        value           nonuniform List<scalar> 
20
(
-0.005
-0.005
-0.005
-0.005
-0.005
-0.005
-0.005
-0.005
-0.005
-0.005
-0.005
-0.005
-0.005
-0.005
-0.005
-0.005
-0.005
-0.005
-0.005
-0.005
)
;
    }
    outlet
    {
        type            calculated;
        value           nonuniform List<scalar> 
20
(
0.00497758
0.00500115
0.00500118
0.00500118
0.00500118
0.00500118
0.00500118
0.00500118
0.00500118
0.00500118
0.00500118
0.00500118
0.00500118
0.00500118
0.00500118
0.00500118
0.00500118
0.00500118
0.00500118
0.00500118
)
;
    }
    top
    {
        type            calculated;
        value           uniform 0;
    }
    bottom
    {
        type            calculated;
        value           uniform 0;
    }
    frontAndBack
    {
        type            empty;
    }
}


// ************************************************************************* //
