/*--------------------------------*- C++ -*----------------------------------*\
  =========                 |
  \\      /  F ield         | OpenFOAM: The Open Source CFD Toolbox
   \\    /   O peration     | Website:  https://openfoam.org
    \\  /    A nd           | Version:  dev
     \\/     M anipulation  |
\*---------------------------------------------------------------------------*/
FoamFile
{
    format      ascii;
    class       volVectorField;
    location    "0.4";
    object      U;
}
// * * * * * * * * * * * * * * * * * * * * * * * * * * * * * * * * * * * * * //

dimensions      [0 1 -1 0 0 0 0];

internalField   nonuniform List<vector> 
4000
(
(0.99971 0.000149364 0)
(0.999377 0.000327753 0)
(0.99912 0.000417894 0)
(0.998818 0.000445461 0)
(0.99828 0.000464488 0)
(0.997625 0.000469925 0)
(0.997059 0.000421876 0)
(0.996627 0.000327763 0)
(0.9963 0.000227941 0)
(0.996063 0.000148362 0)
(0.995904 9.33124e-05 0)
(0.9958 5.80853e-05 0)
(0.995731 3.67026e-05 0)
(0.995683 2.40796e-05 0)
(0.995648 1.65873e-05 0)
(0.995623 1.19874e-05 0)
(0.995603 9.02199e-06 0)
(0.995588 7.00674e-06 0)
(0.995576 5.56852e-06 0)
(0.995566 4.49938e-06 0)
(0.995558 3.67919e-06 0)
(0.995552 3.03507e-06 0)
(0.995546 2.52037e-06 0)
(0.995542 2.10371e-06 0)
(0.995538 1.76308e-06 0)
(0.995535 1.48244e-06 0)
(0.995532 1.24981e-06 0)
(0.99553 1.05602e-06 0)
(0.995528 8.93927e-07 0)
(0.995526 7.57885e-07 0)
(0.995525 6.43384e-07 0)
(0.995523 5.46785e-07 0)
(0.995522 4.65124e-07 0)
(0.995522 3.95973e-07 0)
(0.995521 3.37331e-07 0)
(0.99552 2.8754e-07 0)
(0.99552 2.45219e-07 0)
(0.995519 2.09215e-07 0)
(0.995519 1.78562e-07 0)
(0.995518 1.52447e-07 0)
(0.995518 1.30186e-07 0)
(0.995518 1.11201e-07 0)
(0.995518 9.50024e-08 0)
(0.995518 8.11774e-08 0)
(0.995517 6.93742e-08 0)
(0.995517 5.92946e-08 0)
(0.995517 5.06848e-08 0)
(0.995517 4.33291e-08 0)
(0.995517 3.70438e-08 0)
(0.995517 3.16724e-08 0)
(0.995517 2.70814e-08 0)
(0.995517 2.31571e-08 0)
(0.995517 1.98023e-08 0)
(0.995517 1.69341e-08 0)
(0.995517 1.44818e-08 0)
(0.995517 1.23849e-08 0)
(0.995517 1.05919e-08 0)
(0.995517 9.05873e-09 0)
(0.995517 7.74761e-09 0)
(0.995517 6.62634e-09 0)
(0.995517 5.66741e-09 0)
(0.995517 4.84731e-09 0)
(0.995517 4.14592e-09 0)
(0.995517 3.54602e-09 0)
(0.995517 3.0329e-09 0)
(0.995517 2.59406e-09 0)
(0.995517 2.21875e-09 0)
(0.995517 1.89779e-09 0)
(0.995517 1.62329e-09 0)
(0.995517 1.38844e-09 0)
(0.995517 1.18751e-09 0)
(0.995517 1.01565e-09 0)
(0.995517 8.68703e-10 0)
(0.995517 7.4307e-10 0)
(0.995517 6.35652e-10 0)
(0.995517 5.43739e-10 0)
(0.995517 4.65042e-10 0)
(0.995517 3.97664e-10 0)
(0.995517 3.40026e-10 0)
(0.995517 2.90781e-10 0)
(0.995517 2.48756e-10 0)
(0.995517 2.12879e-10 0)
(0.995517 1.82178e-10 0)
(0.995517 1.55861e-10 0)
(0.995517 1.33273e-10 0)
(0.995517 1.13908e-10 0)
(0.995517 9.73511e-11 0)
(0.995517 8.3241e-11 0)
(0.995517 7.12424e-11 0)
(0.995517 6.10156e-11 0)
(0.995517 5.2254e-11 0)
(0.995517 4.47178e-11 0)
(0.995517 3.8223e-11 0)
(0.995517 3.26472e-11 0)
(0.995517 2.79071e-11 0)
(0.995517 2.39063e-11 0)
(0.995517 2.05193e-11 0)
(0.995517 1.76234e-11 0)
(0.995517 1.51157e-11 0)
(0.995517 1.29199e-11 0)
(0.995517 1.10057e-11 0)
(0.995517 9.36681e-12 0)
(0.995517 7.97984e-12 0)
(0.995517 6.83733e-12 0)
(0.995517 5.90049e-12 0)
(0.995517 5.10429e-12 0)
(0.995517 4.40664e-12 0)
(0.995517 3.77548e-12 0)
(0.995517 3.19364e-12 0)
(0.995517 2.66215e-12 0)
(0.995517 2.19919e-12 0)
(0.995517 1.80938e-12 0)
(0.995517 1.48488e-12 0)
(0.995517 1.23634e-12 0)
(0.995517 1.03926e-12 0)
(0.995517 8.67523e-13 0)
(0.995517 7.14061e-13 0)
(0.995517 5.67448e-13 0)
(0.995517 4.12803e-13 0)
(0.995517 2.59335e-13 0)
(0.995517 1.19576e-13 0)
(0.995517 -1.82416e-14 0)
(0.995517 -1.16709e-13 0)
(0.995517 -1.69106e-13 0)
(0.995517 -2.14719e-13 0)
(0.995517 -2.25462e-13 0)
(0.995517 -2.24073e-13 0)
(0.995517 -2.18402e-13 0)
(0.995517 -2.15601e-13 0)
(0.995517 -2.32717e-13 0)
(0.995517 -2.46338e-13 0)
(0.995517 -2.63851e-13 0)
(0.995517 -2.85302e-13 0)
(0.995517 -2.98726e-13 0)
(0.995517 -3.08716e-13 0)
(0.995517 -3.11084e-13 0)
(0.995517 -3.03033e-13 0)
(0.995517 -2.89251e-13 0)
(0.995517 -2.78314e-13 0)
(0.995517 -2.81333e-13 0)
(0.995517 -2.93269e-13 0)
(0.995517 -2.85015e-13 0)
(0.995517 -2.65051e-13 0)
(0.995517 -2.58239e-13 0)
(0.995517 -2.48028e-13 0)
(0.995517 -2.29089e-13 0)
(0.995517 -2.17686e-13 0)
(0.995517 -2.03031e-13 0)
(0.995517 -1.716e-13 0)
(0.995517 -1.54545e-13 0)
(0.995517 -1.38302e-13 0)
(0.995517 -1.17822e-13 0)
(0.995517 -9.12415e-14 0)
(0.995517 -4.49722e-14 0)
(0.995517 2.27828e-14 0)
(0.995517 7.27878e-14 0)
(0.995517 1.32805e-13 0)
(0.995517 1.93991e-13 0)
(0.995517 2.36115e-13 0)
(0.995517 2.52642e-13 0)
(0.995517 2.45866e-13 0)
(0.995517 2.42053e-13 0)
(0.995517 1.93079e-13 0)
(0.995517 1.05954e-13 0)
(0.995517 3.87117e-14 0)
(0.995517 -2.44719e-14 0)
(0.995517 -6.06931e-14 0)
(0.995517 -8.8396e-14 0)
(0.995517 -9.62676e-14 0)
(0.995517 -9.79718e-14 0)
(0.995517 -9.76483e-14 0)
(0.995517 -7.98106e-14 0)
(0.995517 -4.65081e-14 0)
(0.995517 -2.93764e-14 0)
(0.995517 -1.66764e-14 0)
(0.995517 -1.26598e-14 0)
(0.995517 -3.90864e-14 0)
(0.995517 -6.6531e-14 0)
(0.995517 -8.18058e-14 0)
(0.995517 -1.16307e-13 0)
(0.995517 -1.41498e-13 0)
(0.995517 -1.46744e-13 0)
(0.995517 -1.65121e-13 0)
(0.995517 -1.62041e-13 0)
(0.995517 -1.41788e-13 0)
(0.995517 -9.54972e-14 0)
(0.995517 -4.77479e-14 0)
(0.995517 -2.5919e-14 0)
(0.995517 1.20025e-14 0)
(0.995517 7.39872e-14 0)
(0.995517 1.11946e-13 0)
(0.995517 1.37162e-13 0)
(0.995517 1.5761e-13 0)
(0.995517 1.3754e-13 0)
(0.995517 9.40831e-14 0)
(0.995517 1.00086e-13 0)
(0.995517 3.888e-14 0)
(0.995517 -1.42481e-14 0)
(0.995517 -4.41059e-14 0)
(0.995517 -5.31701e-14 0)
(1.00001 0.000180801 0)
(1.00008 0.000403032 0)
(1.00018 0.000519101 0)
(1.00034 0.000550468 0)
(1.00047 0.000570692 0)
(1.00053 0.000588894 0)
(1.00055 0.000550944 0)
(1.00057 0.000451362 0)
(1.00056 0.000334806 0)
(1.00053 0.00023594 0)
(1.00048 0.000163168 0)
(1.00044 0.000112856 0)
(1.00041 7.92903e-05 0)
(1.00038 5.72186e-05 0)
(1.00035 4.25366e-05 0)
(1.00033 3.24824e-05 0)
(1.00031 2.53625e-05 0)
(1.0003 2.01585e-05 0)
(1.00029 1.62474e-05 0)
(1.00028 1.32385e-05 0)
(1.00027 1.08796e-05 0)
(1.00026 9.00228e-06 0)
(1.00026 7.48989e-06 0)
(1.00026 6.25949e-06 0)
(1.00025 5.25043e-06 0)
(1.00025 4.4174e-06 0)
(1.00025 3.72592e-06 0)
(1.00024 3.14932e-06 0)
(1.00024 2.66667e-06 0)
(1.00024 2.26137e-06 0)
(1.00024 1.92009e-06 0)
(1.00024 1.63205e-06 0)
(1.00024 1.38849e-06 0)
(1.00024 1.18219e-06 0)
(1.00023 1.00721e-06 0)
(1.00023 8.5861e-07 0)
(1.00023 7.32286e-07 0)
(1.00023 6.24805e-07 0)
(1.00023 5.33287e-07 0)
(1.00023 4.55311e-07 0)
(1.00023 3.88837e-07 0)
(1.00023 3.32142e-07 0)
(1.00023 2.83768e-07 0)
(1.00023 2.42478e-07 0)
(1.00023 2.07226e-07 0)
(1.00023 1.7712e-07 0)
(1.00023 1.51404e-07 0)
(1.00023 1.29433e-07 0)
(1.00023 1.10658e-07 0)
(1.00023 9.46134e-08 0)
(1.00023 8.08996e-08 0)
(1.00023 6.9177e-08 0)
(1.00023 5.91555e-08 0)
(1.00023 5.05875e-08 0)
(1.00023 4.32618e-08 0)
(1.00023 3.6998e-08 0)
(1.00023 3.16419e-08 0)
(1.00023 2.70619e-08 0)
(1.00023 2.3145e-08 0)
(1.00023 1.97953e-08 0)
(1.00023 1.69306e-08 0)
(1.00023 1.44806e-08 0)
(1.00023 1.23853e-08 0)
(1.00023 1.05932e-08 0)
(1.00023 9.0605e-09 0)
(1.00023 7.74961e-09 0)
(1.00023 6.62849e-09 0)
(1.00023 5.66964e-09 0)
(1.00023 4.84951e-09 0)
(1.00023 4.14793e-09 0)
(1.00023 3.54776e-09 0)
(1.00023 3.03442e-09 0)
(1.00023 2.59546e-09 0)
(1.00023 2.22006e-09 0)
(1.00023 1.89896e-09 0)
(1.00023 1.62419e-09 0)
(1.00023 1.38909e-09 0)
(1.00023 1.18799e-09 0)
(1.00023 1.01609e-09 0)
(1.00023 8.69196e-10 0)
(1.00023 7.43613e-10 0)
(1.00023 6.36171e-10 0)
(1.00023 5.44151e-10 0)
(1.00023 4.65326e-10 0)
(1.00023 3.97847e-10 0)
(1.00023 3.40154e-10 0)
(1.00023 2.9093e-10 0)
(1.00023 2.48933e-10 0)
(1.00023 2.13074e-10 0)
(1.00023 1.82373e-10 0)
(1.00023 1.56023e-10 0)
(1.00023 1.33409e-10 0)
(1.00023 1.14036e-10 0)
(1.00023 9.75021e-11 0)
(1.00023 8.34281e-11 0)
(1.00023 7.14572e-11 0)
(1.00023 6.12328e-11 0)
(1.00023 5.24448e-11 0)
(1.00023 4.48611e-11 0)
(1.00023 3.83172e-11 0)
(1.00023 3.27142e-11 0)
(1.00023 2.79813e-11 0)
(1.00023 2.40003e-11 0)
(1.00023 2.06451e-11 0)
(1.00023 1.77774e-11 0)
(1.00023 1.5271e-11 0)
(1.00023 1.30602e-11 0)
(1.00023 1.10956e-11 0)
(1.00023 9.36679e-12 0)
(1.00023 7.88732e-12 0)
(1.00023 6.63995e-12 0)
(1.00023 5.62676e-12 0)
(1.00023 4.78284e-12 0)
(1.00023 4.07001e-12 0)
(1.00023 3.45149e-12 0)
(1.00023 2.89231e-12 0)
(1.00023 2.38665e-12 0)
(1.00023 1.90986e-12 0)
(1.00023 1.49715e-12 0)
(1.00023 1.12839e-12 0)
(1.00023 8.14257e-13 0)
(1.00023 5.61452e-13 0)
(1.00023 3.53596e-13 0)
(1.00023 2.09615e-13 0)
(1.00023 8.63982e-14 0)
(1.00023 -3.22551e-15 0)
(1.00023 -7.00094e-14 0)
(1.00023 -1.39093e-13 0)
(1.00023 -1.88701e-13 0)
(1.00023 -2.51596e-13 0)
(1.00023 -3.21815e-13 0)
(1.00023 -3.88772e-13 0)
(1.00023 -4.42566e-13 0)
(1.00023 -4.85264e-13 0)
(1.00023 -4.82133e-13 0)
(1.00023 -4.6742e-13 0)
(1.00023 -4.31818e-13 0)
(1.00023 -3.82491e-13 0)
(1.00023 -3.48952e-13 0)
(1.00023 -3.16352e-13 0)
(1.00023 -2.76555e-13 0)
(1.00023 -2.28171e-13 0)
(1.00023 -1.88986e-13 0)
(1.00023 -1.47854e-13 0)
(1.00023 -1.17194e-13 0)
(1.00023 -8.62212e-14 0)
(1.00023 -5.51578e-14 0)
(1.00023 -2.31224e-14 0)
(1.00023 1.53826e-14 0)
(1.00023 3.52843e-14 0)
(1.00023 5.6427e-14 0)
(1.00023 6.88959e-14 0)
(1.00023 8.42137e-14 0)
(1.00023 1.12558e-13 0)
(1.00023 1.5485e-13 0)
(1.00023 1.84809e-13 0)
(1.00023 1.93569e-13 0)
(1.00023 1.92134e-13 0)
(1.00023 1.76715e-13 0)
(1.00023 1.60929e-13 0)
(1.00023 1.34317e-13 0)
(1.00023 9.72925e-14 0)
(1.00023 2.60089e-14 0)
(1.00023 -7.11223e-14 0)
(1.00023 -1.31543e-13 0)
(1.00023 -1.73933e-13 0)
(1.00023 -1.76782e-13 0)
(1.00023 -1.61373e-13 0)
(1.00023 -1.36952e-13 0)
(1.00023 -9.5783e-14 0)
(1.00023 -5.20829e-14 0)
(1.00023 -5.61237e-15 0)
(1.00023 3.49412e-14 0)
(1.00023 6.80359e-14 0)
(1.00023 6.22897e-14 0)
(1.00023 2.87273e-14 0)
(1.00023 -2.46207e-15 0)
(1.00023 -5.62239e-14 0)
(1.00023 -9.83723e-14 0)
(1.00023 -1.51603e-13 0)
(1.00023 -2.20239e-13 0)
(1.00023 -2.54968e-13 0)
(1.00023 -2.73168e-13 0)
(1.00023 -2.64901e-13 0)
(1.00023 -2.44763e-13 0)
(1.00023 -2.05029e-13 0)
(1.00023 -1.56479e-13 0)
(1.00023 -9.49266e-14 0)
(1.00023 -5.75157e-14 0)
(1.00023 1.09041e-14 0)
(1.00023 5.46942e-14 0)
(1.00023 5.95229e-14 0)
(1.00023 7.96548e-14 0)
(1.00023 6.05292e-14 0)
(1.00023 6.89084e-14 0)
(1.00023 8.79315e-14 0)
(1.00023 -3.01615e-15 0)
(1.00023 -7.99391e-15 0)
(1.00023 -4.96613e-14 0)
(1.00023 -6.7406e-14 0)
(1 7.26718e-05 0)
(1.00005 0.000182331 0)
(1.00011 0.000269486 0)
(1.00023 0.000325116 0)
(1.00036 0.000357023 0)
(1.00043 0.000383093 0)
(1.00047 0.000387837 0)
(1.00049 0.000354947 0)
(1.0005 0.000296843 0)
(1.00048 0.000235222 0)
(1.00045 0.00018166 0)
(1.00042 0.000138768 0)
(1.00039 0.000105894 0)
(1.00037 8.13791e-05 0)
(1.00034 6.32657e-05 0)
(1.00033 4.98091e-05 0)
(1.00031 3.96905e-05 0)
(1.0003 3.1974e-05 0)
(1.00029 2.6003e-05 0)
(1.00028 2.1318e-05 0)
(1.00027 1.75955e-05 0)
(1.00027 1.4605e-05 0)
(1.00026 1.21798e-05 0)
(1.00026 1.01972e-05 0)
(1.00026 8.56533e-06 0)
(1.00025 7.21437e-06 0)
(1.00025 6.09052e-06 0)
(1.00025 5.15175e-06 0)
(1.00025 4.36483e-06 0)
(1.00024 3.70326e-06 0)
(1.00024 3.14567e-06 0)
(1.00024 2.67472e-06 0)
(1.00024 2.27622e-06 0)
(1.00024 1.9385e-06 0)
(1.00024 1.65191e-06 0)
(1.00024 1.40844e-06 0)
(1.00024 1.2014e-06 0)
(1.00024 1.0252e-06 0)
(1.00024 8.75128e-07 0)
(1.00024 7.47239e-07 0)
(1.00024 6.38196e-07 0)
(1.00024 5.4518e-07 0)
(1.00024 4.65805e-07 0)
(1.00024 3.98048e-07 0)
(1.00024 3.40193e-07 0)
(1.00024 2.9078e-07 0)
(1.00024 2.48569e-07 0)
(1.00024 2.12503e-07 0)
(1.00024 1.81683e-07 0)
(1.00024 1.55344e-07 0)
(1.00024 1.32829e-07 0)
(1.00024 1.13584e-07 0)
(1.00024 9.713e-08 0)
(1.00024 8.30627e-08 0)
(1.00024 7.10349e-08 0)
(1.00024 6.07506e-08 0)
(1.00024 5.19564e-08 0)
(1.00024 4.44361e-08 0)
(1.00024 3.80046e-08 0)
(1.00024 3.25043e-08 0)
(1.00024 2.78004e-08 0)
(1.00024 2.37776e-08 0)
(1.00024 2.03372e-08 0)
(1.00024 1.73947e-08 0)
(1.00024 1.4878e-08 0)
(1.00024 1.27255e-08 0)
(1.00024 1.08846e-08 0)
(1.00024 9.31006e-09 0)
(1.00024 7.96326e-09 0)
(1.00024 6.81122e-09 0)
(1.00024 5.82581e-09 0)
(1.00024 4.983e-09 0)
(1.00024 4.26218e-09 0)
(1.00024 3.64561e-09 0)
(1.00024 3.11815e-09 0)
(1.00024 2.66692e-09 0)
(1.00024 2.281e-09 0)
(1.00024 1.95105e-09 0)
(1.00024 1.66897e-09 0)
(1.00024 1.42777e-09 0)
(1.00024 1.22136e-09 0)
(1.00024 1.04463e-09 0)
(1.00024 8.93305e-10 0)
(1.00024 7.6383e-10 0)
(1.00024 6.53178e-10 0)
(1.00024 5.58691e-10 0)
(1.00024 4.7802e-10 0)
(1.00024 4.09064e-10 0)
(1.00024 3.50033e-10 0)
(1.00024 2.9942e-10 0)
(1.00024 2.56035e-10 0)
(1.00024 2.18902e-10 0)
(1.00024 1.87181e-10 0)
(1.00024 1.60144e-10 0)
(1.00024 1.37072e-10 0)
(1.00024 1.17347e-10 0)
(1.00024 1.00421e-10 0)
(1.00024 8.58634e-11 0)
(1.00024 7.33713e-11 0)
(1.00024 6.27151e-11 0)
(1.00024 5.36868e-11 0)
(1.00024 4.60596e-11 0)
(1.00024 3.95915e-11 0)
(1.00024 3.40558e-11 0)
(1.00024 2.92426e-11 0)
(1.00024 2.50129e-11 0)
(1.00024 2.12872e-11 0)
(1.00024 1.80443e-11 0)
(1.00024 1.5282e-11 0)
(1.00024 1.29831e-11 0)
(1.00024 1.10833e-11 0)
(1.00024 9.51254e-12 0)
(1.00024 8.17505e-12 0)
(1.00024 7.00215e-12 0)
(1.00024 5.95418e-12 0)
(1.00024 4.99057e-12 0)
(1.00024 4.14056e-12 0)
(1.00024 3.38578e-12 0)
(1.00024 2.76158e-12 0)
(1.00024 2.24556e-12 0)
(1.00024 1.82068e-12 0)
(1.00024 1.50025e-12 0)
(1.00024 1.20743e-12 0)
(1.00024 9.72378e-13 0)
(1.00024 7.66439e-13 0)
(1.00024 5.76014e-13 0)
(1.00024 4.21214e-13 0)
(1.00024 2.7698e-13 0)
(1.00024 1.47202e-13 0)
(1.00024 3.83938e-14 0)
(1.00024 -7.08475e-14 0)
(1.00024 -1.71585e-13 0)
(1.00024 -2.34384e-13 0)
(1.00024 -2.71757e-13 0)
(1.00024 -2.56064e-13 0)
(1.00024 -2.24244e-13 0)
(1.00024 -1.74143e-13 0)
(1.00024 -1.18338e-13 0)
(1.00024 -5.73454e-14 0)
(1.00024 1.28069e-14 0)
(1.00024 8.28125e-14 0)
(1.00024 1.59925e-13 0)
(1.00024 2.22084e-13 0)
(1.00024 2.90678e-13 0)
(1.00024 3.43584e-13 0)
(1.00024 3.91886e-13 0)
(1.00024 4.53935e-13 0)
(1.00024 4.9766e-13 0)
(1.00024 5.30322e-13 0)
(1.00024 5.43136e-13 0)
(1.00024 5.33656e-13 0)
(1.00024 4.99036e-13 0)
(1.00024 4.50993e-13 0)
(1.00024 3.92962e-13 0)
(1.00024 3.07273e-13 0)
(1.00024 2.15848e-13 0)
(1.00024 1.0491e-13 0)
(1.00024 -2.36745e-14 0)
(1.00024 -1.32609e-13 0)
(1.00024 -2.26079e-13 0)
(1.00024 -2.99605e-13 0)
(1.00024 -3.76257e-13 0)
(1.00024 -4.30573e-13 0)
(1.00024 -4.41435e-13 0)
(1.00024 -4.41155e-13 0)
(1.00024 -3.92117e-13 0)
(1.00024 -3.23127e-13 0)
(1.00024 -2.47285e-13 0)
(1.00024 -1.57512e-13 0)
(1.00024 -6.87511e-14 0)
(1.00024 3.21282e-14 0)
(1.00024 1.10865e-13 0)
(1.00024 1.51013e-13 0)
(1.00024 1.80643e-13 0)
(1.00024 1.65272e-13 0)
(1.00024 1.27451e-13 0)
(1.00024 9.86505e-14 0)
(1.00024 4.91153e-14 0)
(1.00024 1.98431e-15 0)
(1.00024 -6.18506e-14 0)
(1.00024 -1.3113e-13 0)
(1.00024 -1.63382e-13 0)
(1.00024 -1.72549e-13 0)
(1.00024 -1.72216e-13 0)
(1.00024 -1.82244e-13 0)
(1.00024 -1.88385e-13 0)
(1.00024 -1.74356e-13 0)
(1.00024 -1.0604e-13 0)
(1.00024 -7.80415e-14 0)
(1.00024 -8.48592e-14 0)
(1.00024 -6.8312e-14 0)
(1.00024 -4.3293e-14 0)
(1.00024 1.08688e-14 0)
(1.00024 -1.2218e-14 0)
(1.00024 -1.5084e-14 0)
(1.00024 -2.86934e-14 0)
(1.00024 -5.78169e-14 0)
(1.00024 2.04702e-14 0)
(1.00024 1.26421e-14 0)
(1.00024 1.1792e-14 0)
(1 6.57842e-05 0)
(1.00003 0.000171908 0)
(1.00007 0.000264111 0)
(1.00015 0.000341457 0)
(1.00023 0.000391743 0)
(1.00029 0.000419801 0)
(1.00033 0.000422126 0)
(1.00036 0.000390346 0)
(1.00038 0.000333256 0)
(1.00039 0.000269818 0)
(1.00038 0.000212773 0)
(1.00037 0.000166071 0)
(1.00035 0.000129477 0)
(1.00034 0.000101482 0)
(1.00032 8.02564e-05 0)
(1.00031 6.41055e-05 0)
(1.0003 5.16931e-05 0)
(1.00029 4.20418e-05 0)
(1.00028 3.44496e-05 0)
(1.00028 2.84112e-05 0)
(1.00027 2.35602e-05 0)
(1.00027 1.96286e-05 0)
(1.00026 1.64176e-05 0)
(1.00026 1.37777e-05 0)
(1.00025 1.1595e-05 0)
(1.00025 9.78132e-06 0)
(1.00025 8.2681e-06 0)
(1.00025 7.00101e-06 0)
(1.00025 5.93678e-06 0)
(1.00024 5.04059e-06 0)
(1.00024 4.28424e-06 0)
(1.00024 3.64468e-06 0)
(1.00024 3.103e-06 0)
(1.00024 2.64357e-06 0)
(1.00024 2.25344e-06 0)
(1.00024 1.92182e-06 0)
(1.00024 1.63968e-06 0)
(1.00024 1.39946e-06 0)
(1.00024 1.19479e-06 0)
(1.00024 1.02033e-06 0)
(1.00024 8.71538e-07 0)
(1.00024 7.44588e-07 0)
(1.00024 6.36235e-07 0)
(1.00024 5.43728e-07 0)
(1.00024 4.64728e-07 0)
(1.00024 3.97248e-07 0)
(1.00024 3.39597e-07 0)
(1.00024 2.90335e-07 0)
(1.00024 2.48237e-07 0)
(1.00024 2.12254e-07 0)
(1.00024 1.81497e-07 0)
(1.00024 1.55203e-07 0)
(1.00024 1.32723e-07 0)
(1.00024 1.13502e-07 0)
(1.00024 9.70684e-08 0)
(1.00024 8.3016e-08 0)
(1.00024 7.09993e-08 0)
(1.00024 6.07229e-08 0)
(1.00024 5.19345e-08 0)
(1.00024 4.44185e-08 0)
(1.00024 3.79908e-08 0)
(1.00024 3.24937e-08 0)
(1.00024 2.77923e-08 0)
(1.00024 2.37713e-08 0)
(1.00024 2.0332e-08 0)
(1.00024 1.73905e-08 0)
(1.00024 1.48747e-08 0)
(1.00024 1.27229e-08 0)
(1.00024 1.08824e-08 0)
(1.00024 9.30808e-09 0)
(1.00024 7.9615e-09 0)
(1.00024 6.80977e-09 0)
(1.00024 5.82465e-09 0)
(1.00024 4.98201e-09 0)
(1.00024 4.26122e-09 0)
(1.00024 3.64471e-09 0)
(1.00024 3.11746e-09 0)
(1.00024 2.6666e-09 0)
(1.00024 2.28104e-09 0)
(1.00024 1.95119e-09 0)
(1.00024 1.66893e-09 0)
(1.00024 1.42735e-09 0)
(1.00024 1.22066e-09 0)
(1.00024 1.04391e-09 0)
(1.00024 8.92854e-10 0)
(1.00024 7.63798e-10 0)
(1.00024 6.53468e-10 0)
(1.00024 5.59078e-10 0)
(1.00024 4.78266e-10 0)
(1.00024 4.09038e-10 0)
(1.00024 3.49783e-10 0)
(1.00024 2.99123e-10 0)
(1.00024 2.55859e-10 0)
(1.00024 2.18926e-10 0)
(1.00024 1.87358e-10 0)
(1.00024 1.60328e-10 0)
(1.00024 1.37146e-10 0)
(1.00024 1.17263e-10 0)
(1.00024 1.0026e-10 0)
(1.00024 8.5765e-11 0)
(1.00024 7.34745e-11 0)
(1.00024 6.30483e-11 0)
(1.00024 5.416e-11 0)
(1.00024 4.65182e-11 0)
(1.00024 3.98595e-11 0)
(1.00024 3.40486e-11 0)
(1.00024 2.89818e-11 0)
(1.00024 2.46152e-11 0)
(1.00024 2.09333e-11 0)
(1.00024 1.78319e-11 0)
(1.00024 1.52629e-11 0)
(1.00024 1.31033e-11 0)
(1.00024 1.12448e-11 0)
(1.00024 9.61236e-12 0)
(1.00024 8.1494e-12 0)
(1.00024 6.85435e-12 0)
(1.00024 5.70768e-12 0)
(1.00024 4.71975e-12 0)
(1.00024 3.89295e-12 0)
(1.00024 3.20259e-12 0)
(1.00024 2.63799e-12 0)
(1.00024 2.17384e-12 0)
(1.00024 1.77667e-12 0)
(1.00024 1.44178e-12 0)
(1.00024 1.14865e-12 0)
(1.00024 9.0472e-13 0)
(1.00024 6.92639e-13 0)
(1.00024 5.09965e-13 0)
(1.00024 3.45287e-13 0)
(1.00024 2.03688e-13 0)
(1.00024 7.73588e-14 0)
(1.00024 -1.42759e-14 0)
(1.00024 -7.67293e-14 0)
(1.00024 -9.9927e-14 0)
(1.00024 -1.02428e-13 0)
(1.00024 -8.78785e-14 0)
(1.00024 -4.69078e-14 0)
(1.00024 2.80014e-15 0)
(1.00024 6.57871e-14 0)
(1.00024 1.41371e-13 0)
(1.00024 2.21416e-13 0)
(1.00024 3.09488e-13 0)
(1.00024 3.97738e-13 0)
(1.00024 4.86894e-13 0)
(1.00024 5.6757e-13 0)
(1.00024 6.50712e-13 0)
(1.00024 7.29551e-13 0)
(1.00024 7.84937e-13 0)
(1.00024 8.07235e-13 0)
(1.00024 7.99275e-13 0)
(1.00024 7.59684e-13 0)
(1.00024 6.96088e-13 0)
(1.00024 6.11176e-13 0)
(1.00024 5.08452e-13 0)
(1.00024 3.76855e-13 0)
(1.00024 2.27329e-13 0)
(1.00024 7.55429e-14 0)
(1.00024 -8.12603e-14 0)
(1.00024 -2.21136e-13 0)
(1.00024 -3.69051e-13 0)
(1.00024 -5.02036e-13 0)
(1.00024 -5.9641e-13 0)
(1.00024 -6.70271e-13 0)
(1.00024 -6.73536e-13 0)
(1.00024 -6.50066e-13 0)
(1.00024 -5.85255e-13 0)
(1.00024 -4.84831e-13 0)
(1.00024 -3.73699e-13 0)
(1.00024 -2.4417e-13 0)
(1.00024 -1.07508e-13 0)
(1.00024 3.00061e-14 0)
(1.00024 1.3206e-13 0)
(1.00024 2.08263e-13 0)
(1.00024 2.39208e-13 0)
(1.00024 2.31992e-13 0)
(1.00024 2.25884e-13 0)
(1.00024 1.83315e-13 0)
(1.00024 1.08893e-13 0)
(1.00024 4.09564e-14 0)
(1.00024 -3.18983e-14 0)
(1.00024 -9.08239e-14 0)
(1.00024 -1.17995e-13 0)
(1.00024 -1.44069e-13 0)
(1.00024 -1.79639e-13 0)
(1.00024 -1.7405e-13 0)
(1.00024 -1.63041e-13 0)
(1.00024 -1.46936e-13 0)
(1.00024 -1.05939e-13 0)
(1.00024 -7.42464e-14 0)
(1.00024 -6.33403e-14 0)
(1.00024 -3.63729e-14 0)
(1.00024 -2.09393e-14 0)
(1.00024 -3.4095e-15 0)
(1.00024 1.09603e-14 0)
(1.00024 -5.34175e-14 0)
(1.00024 -8.31506e-15 0)
(1.00024 2.80582e-14 0)
(1.00024 -2.63881e-14 0)
(1.00024 -4.84931e-14 0)
(1.00024 6.94097e-16 0)
(1 4.47098e-05 0)
(1.00002 0.000119652 0)
(1.00005 0.000180944 0)
(1.00009 0.000238399 0)
(1.00016 0.000286689 0)
(1.00021 0.000320257 0)
(1.00026 0.000334178 0)
(1.00029 0.000323362 0)
(1.00032 0.000291365 0)
(1.00033 0.000249361 0)
(1.00034 0.000207152 0)
(1.00033 0.000169454 0)
(1.00032 0.000137614 0)
(1.00032 0.000111561 0)
(1.00031 9.0618e-05 0)
(1.0003 7.38974e-05 0)
(1.00029 6.05455e-05 0)
(1.00028 4.98466e-05 0)
(1.00028 4.12305e-05 0)
(1.00027 3.42518e-05 0)
(1.00027 2.85656e-05 0)
(1.00026 2.3906e-05 0)
(1.00026 2.00671e-05 0)
(1.00025 1.68892e-05 0)
(1.00025 1.42469e-05 0)
(1.00025 1.20417e-05 0)
(1.00025 1.01949e-05 0)
(1.00025 8.64394e-06 0)
(1.00024 7.33802e-06 0)
(1.00024 6.23605e-06 0)
(1.00024 5.30441e-06 0)
(1.00024 4.5155e-06 0)
(1.00024 3.84651e-06 0)
(1.00024 3.27853e-06 0)
(1.00024 2.7958e-06 0)
(1.00024 2.38517e-06 0)
(1.00024 2.03559e-06 0)
(1.00024 1.73779e-06 0)
(1.00024 1.48396e-06 0)
(1.00024 1.2675e-06 0)
(1.00024 1.08283e-06 0)
(1.00024 9.25225e-07 0)
(1.00024 7.90675e-07 0)
(1.00024 6.75777e-07 0)
(1.00024 5.77639e-07 0)
(1.00024 4.93799e-07 0)
(1.00024 4.22162e-07 0)
(1.00024 3.60943e-07 0)
(1.00024 3.0862e-07 0)
(1.00024 2.63895e-07 0)
(1.00024 2.25662e-07 0)
(1.00024 1.92975e-07 0)
(1.00024 1.65028e-07 0)
(1.00024 1.41133e-07 0)
(1.00024 1.207e-07 0)
(1.00024 1.03228e-07 0)
(1.00024 8.82867e-08 0)
(1.00024 7.55088e-08 0)
(1.00024 6.45811e-08 0)
(1.00024 5.52357e-08 0)
(1.00024 4.72432e-08 0)
(1.00024 4.04077e-08 0)
(1.00024 3.45614e-08 0)
(1.00024 2.9561e-08 0)
(1.00024 2.52841e-08 0)
(1.00024 2.16262e-08 0)
(1.00024 1.84977e-08 0)
(1.00024 1.58218e-08 0)
(1.00024 1.3533e-08 0)
(1.00024 1.15752e-08 0)
(1.00024 9.90074e-09 0)
(1.00024 8.46849e-09 0)
(1.00024 7.24344e-09 0)
(1.00024 6.19559e-09 0)
(1.00024 5.29929e-09 0)
(1.00024 4.53266e-09 0)
(1.00024 3.877e-09 0)
(1.00024 3.31627e-09 0)
(1.00024 2.83668e-09 0)
(1.00024 2.42639e-09 0)
(1.00024 2.07534e-09 0)
(1.00024 1.77497e-09 0)
(1.00024 1.51802e-09 0)
(1.00024 1.29832e-09 0)
(1.00024 1.11052e-09 0)
(1.00024 9.49991e-10 0)
(1.00024 8.12716e-10 0)
(1.00024 6.95254e-10 0)
(1.00024 5.9469e-10 0)
(1.00024 5.08587e-10 0)
(1.00024 4.34918e-10 0)
(1.00024 3.71959e-10 0)
(1.00024 3.18204e-10 0)
(1.00024 2.72293e-10 0)
(1.00024 2.33036e-10 0)
(1.00024 1.99404e-10 0)
(1.00024 1.70555e-10 0)
(1.00024 1.4582e-10 0)
(1.00024 1.24689e-10 0)
(1.00024 1.06692e-10 0)
(1.00024 9.14175e-11 0)
(1.00024 7.84417e-11 0)
(1.00024 6.73561e-11 0)
(1.00024 5.77995e-11 0)
(1.00024 4.94819e-11 0)
(1.00024 4.22302e-11 0)
(1.00024 3.59518e-11 0)
(1.00024 3.05633e-11 0)
(1.00024 2.603e-11 0)
(1.00024 2.22344e-11 0)
(1.00024 1.9062e-11 0)
(1.00024 1.63819e-11 0)
(1.00024 1.40598e-11 0)
(1.00024 1.20151e-11 0)
(1.00024 1.01714e-11 0)
(1.00024 8.55074e-12 0)
(1.00024 7.12727e-12 0)
(1.00024 5.91252e-12 0)
(1.00024 4.91222e-12 0)
(1.00024 4.06813e-12 0)
(1.00024 3.39153e-12 0)
(1.00024 2.81655e-12 0)
(1.00024 2.32684e-12 0)
(1.00024 1.90707e-12 0)
(1.00024 1.53497e-12 0)
(1.00024 1.2181e-12 0)
(1.00024 9.4304e-13 0)
(1.00024 7.05822e-13 0)
(1.00024 5.09752e-13 0)
(1.00024 3.44288e-13 0)
(1.00024 2.10056e-13 0)
(1.00024 1.19943e-13 0)
(1.00024 4.56271e-14 0)
(1.00024 1.08269e-14 0)
(1.00024 4.65948e-17 0)
(1.00024 8.40697e-15 0)
(1.00024 3.46268e-14 0)
(1.00024 8.736e-14 0)
(1.00024 1.62623e-13 0)
(1.00024 2.60191e-13 0)
(1.00024 3.77279e-13 0)
(1.00024 4.84348e-13 0)
(1.00024 5.99852e-13 0)
(1.00024 7.14851e-13 0)
(1.00024 8.19641e-13 0)
(1.00024 9.18341e-13 0)
(1.00024 9.89025e-13 0)
(1.00024 1.03753e-12 0)
(1.00024 1.03711e-12 0)
(1.00024 1.00495e-12 0)
(1.00024 9.50415e-13 0)
(1.00024 8.65178e-13 0)
(1.00024 7.58882e-13 0)
(1.00024 6.18531e-13 0)
(1.00024 4.43771e-13 0)
(1.00024 2.5213e-13 0)
(1.00024 4.87687e-14 0)
(1.00024 -1.56735e-13 0)
(1.00024 -3.55034e-13 0)
(1.00024 -5.41882e-13 0)
(1.00024 -7.08915e-13 0)
(1.00024 -8.21804e-13 0)
(1.00024 -8.91576e-13 0)
(1.00024 -8.9278e-13 0)
(1.00024 -8.25782e-13 0)
(1.00024 -7.37206e-13 0)
(1.00024 -6.02484e-13 0)
(1.00024 -4.25261e-13 0)
(1.00024 -2.50342e-13 0)
(1.00024 -6.37533e-14 0)
(1.00024 9.03395e-14 0)
(1.00024 2.00969e-13 0)
(1.00024 2.79518e-13 0)
(1.00024 3.2396e-13 0)
(1.00024 3.2452e-13 0)
(1.00024 2.96145e-13 0)
(1.00024 2.41399e-13 0)
(1.00024 1.43197e-13 0)
(1.00024 6.18007e-14 0)
(1.00024 1.2172e-14 0)
(1.00024 -6.51034e-14 0)
(1.00024 -1.39024e-13 0)
(1.00024 -1.63423e-13 0)
(1.00024 -1.98287e-13 0)
(1.00024 -1.82808e-13 0)
(1.00024 -1.66254e-13 0)
(1.00024 -1.63466e-13 0)
(1.00024 -1.55538e-13 0)
(1.00024 -1.52298e-13 0)
(1.00024 -9.36893e-14 0)
(1.00024 -6.30126e-14 0)
(1.00024 -6.72005e-14 0)
(1.00024 -7.81557e-14 0)
(1.00024 -5.05512e-14 0)
(1.00024 2.83931e-14 0)
(1.00024 -2.94585e-14 0)
(1.00024 -9.85818e-14 0)
(1.00024 2.26002e-14 0)
(1.00024 1.50507e-14 0)
(1.00024 8.72729e-15 0)
(1 3.63438e-05 0)
(1.00001 9.99389e-05 0)
(1.00004 0.000154412 0)
(1.00007 0.000211162 0)
(1.00012 0.000264103 0)
(1.00016 0.000301132 0)
(1.0002 0.000316116 0)
(1.00024 0.000308059 0)
(1.00026 0.000281527 0)
(1.00028 0.000245379 0)
(1.00029 0.00020777 0)
(1.00029 0.000173227 0)
(1.00029 0.000143338 0)
(1.00029 0.000118266 0)
(1.00029 9.75922e-05 0)
(1.00028 8.06818e-05 0)
(1.00028 6.68802e-05 0)
(1.00027 5.56053e-05 0)
(1.00027 4.63715e-05 0)
(1.00026 3.87843e-05 0)
(1.00026 3.25269e-05 0)
(1.00026 2.73469e-05 0)
(1.00025 2.30431e-05 0)
(1.00025 1.9455e-05 0)
(1.00025 1.64543e-05 0)
(1.00025 1.39376e-05 0)
(1.00025 1.18215e-05 0)
(1.00024 1.00383e-05 0)
(1.00024 8.53261e-06 0)
(1.00024 7.25904e-06 0)
(1.00024 6.18019e-06 0)
(1.00024 5.26507e-06 0)
(1.00024 4.48795e-06 0)
(1.00024 3.82738e-06 0)
(1.00024 3.26538e-06 0)
(1.00024 2.78689e-06 0)
(1.00024 2.37925e-06 0)
(1.00024 2.03177e-06 0)
(1.00024 1.73544e-06 0)
(1.00024 1.48261e-06 0)
(1.00024 1.26684e-06 0)
(1.00024 1.08262e-06 0)
(1.00024 9.25304e-07 0)
(1.00024 7.90935e-07 0)
(1.00024 6.76141e-07 0)
(1.00024 5.78054e-07 0)
(1.00024 4.9423e-07 0)
(1.00024 4.22586e-07 0)
(1.00024 3.61347e-07 0)
(1.00024 3.08995e-07 0)
(1.00024 2.64238e-07 0)
(1.00024 2.25972e-07 0)
(1.00024 1.93252e-07 0)
(1.00024 1.65274e-07 0)
(1.00024 1.4135e-07 0)
(1.00024 1.20891e-07 0)
(1.00024 1.03394e-07 0)
(1.00024 8.8431e-08 0)
(1.00024 7.56343e-08 0)
(1.00024 6.46902e-08 0)
(1.00024 5.53303e-08 0)
(1.00024 4.7325e-08 0)
(1.00024 4.0478e-08 0)
(1.00024 3.46217e-08 0)
(1.00024 2.96128e-08 0)
(1.00024 2.53288e-08 0)
(1.00024 2.16646e-08 0)
(1.00024 1.85306e-08 0)
(1.00024 1.585e-08 0)
(1.00024 1.35571e-08 0)
(1.00024 1.15959e-08 0)
(1.00024 9.91851e-09 0)
(1.00024 8.48376e-09 0)
(1.00024 7.25653e-09 0)
(1.00024 6.2068e-09 0)
(1.00024 5.30893e-09 0)
(1.00024 4.54098e-09 0)
(1.00024 3.88419e-09 0)
(1.00024 3.32239e-09 0)
(1.00024 2.8418e-09 0)
(1.00024 2.43062e-09 0)
(1.00024 2.07887e-09 0)
(1.00024 1.77802e-09 0)
(1.00024 1.52077e-09 0)
(1.00024 1.30086e-09 0)
(1.00024 1.11283e-09 0)
(1.00024 9.51962e-10 0)
(1.00024 8.14284e-10 0)
(1.00024 6.96416e-10 0)
(1.00024 5.9555e-10 0)
(1.00024 5.09311e-10 0)
(1.00024 4.35639e-10 0)
(1.00024 3.72749e-10 0)
(1.00024 3.19008e-10 0)
(1.00024 2.73009e-10 0)
(1.00024 2.3358e-10 0)
(1.00024 1.99749e-10 0)
(1.00024 1.70779e-10 0)
(1.00024 1.4604e-10 0)
(1.00024 1.24996e-10 0)
(1.00024 1.07124e-10 0)
(1.00024 9.19089e-11 0)
(1.00024 7.88756e-11 0)
(1.00024 6.76009e-11 0)
(1.00024 5.78195e-11 0)
(1.00024 4.93226e-11 0)
(1.00024 4.1997e-11 0)
(1.00024 3.5776e-11 0)
(1.00024 3.05323e-11 0)
(1.00024 2.61484e-11 0)
(1.00024 2.24551e-11 0)
(1.00024 1.92952e-11 0)
(1.00024 1.65288e-11 0)
(1.00024 1.4077e-11 0)
(1.00024 1.19072e-11 0)
(1.00024 9.9973e-12 0)
(1.00024 8.34767e-12 0)
(1.00024 6.97335e-12 0)
(1.00024 5.83261e-12 0)
(1.00024 4.87784e-12 0)
(1.00024 4.09121e-12 0)
(1.00024 3.40318e-12 0)
(1.00024 2.81366e-12 0)
(1.00024 2.29476e-12 0)
(1.00024 1.84457e-12 0)
(1.00024 1.45607e-12 0)
(1.00024 1.13062e-12 0)
(1.00024 8.6198e-13 0)
(1.00024 6.47477e-13 0)
(1.00024 4.62812e-13 0)
(1.00024 3.27602e-13 0)
(1.00024 2.32792e-13 0)
(1.00024 1.53402e-13 0)
(1.00024 1.17149e-13 0)
(1.00024 8.56278e-14 0)
(1.00024 9.49792e-14 0)
(1.00024 1.27932e-13 0)
(1.00024 1.7839e-13 0)
(1.00024 2.68732e-13 0)
(1.00024 3.85361e-13 0)
(1.00024 5.15775e-13 0)
(1.00024 6.39929e-13 0)
(1.00024 7.76213e-13 0)
(1.00024 9.08535e-13 0)
(1.00024 1.03129e-12 0)
(1.00024 1.13863e-12 0)
(1.00024 1.20915e-12 0)
(1.00024 1.24545e-12 0)
(1.00024 1.2449e-12 0)
(1.00024 1.21318e-12 0)
(1.00024 1.14646e-12 0)
(1.00024 1.0418e-12 0)
(1.00024 9.02096e-13 0)
(1.00024 7.19742e-13 0)
(1.00024 5.00566e-13 0)
(1.00024 2.65468e-13 0)
(1.00024 1.36198e-14 0)
(1.00024 -2.28569e-13 0)
(1.00024 -4.70388e-13 0)
(1.00024 -6.96868e-13 0)
(1.00024 -8.66582e-13 0)
(1.00024 -1.00746e-12 0)
(1.00024 -1.05535e-12 0)
(1.00024 -1.04446e-12 0)
(1.00024 -9.76817e-13 0)
(1.00024 -8.52303e-13 0)
(1.00024 -6.87834e-13 0)
(1.00024 -4.80091e-13 0)
(1.00024 -2.64243e-13 0)
(1.00024 -5.9951e-14 0)
(1.00024 9.5032e-14 0)
(1.00024 2.22476e-13 0)
(1.00024 3.25696e-13 0)
(1.00024 3.72577e-13 0)
(1.00024 3.726e-13 0)
(1.00024 3.33595e-13 0)
(1.00024 2.65356e-13 0)
(1.00024 1.86885e-13 0)
(1.00024 9.87648e-14 0)
(1.00024 3.55953e-14 0)
(1.00024 -4.29318e-14 0)
(1.00024 -1.35095e-13 0)
(1.00024 -1.65516e-13 0)
(1.00024 -1.71949e-13 0)
(1.00024 -1.79705e-13 0)
(1.00024 -1.98666e-13 0)
(1.00024 -1.93527e-13 0)
(1.00024 -1.38589e-13 0)
(1.00024 -1.18001e-13 0)
(1.00024 -9.25739e-14 0)
(1.00024 -1.07316e-13 0)
(1.00024 -8.2888e-14 0)
(1.00024 -2.95237e-14 0)
(1.00024 -5.26087e-14 0)
(1.00024 -3.3897e-14 0)
(1.00024 -2.67604e-14 0)
(1.00024 -4.22231e-14 0)
(1.00024 -2.57082e-15 0)
(1.00024 -1.91462e-14 0)
(1.00024 2.3042e-14 0)
(1 2.94795e-05 0)
(1.00001 8.23489e-05 0)
(1.00003 0.000126999 0)
(1.00005 0.000173493 0)
(1.00009 0.000220007 0)
(1.00013 0.000255732 0)
(1.00016 0.000273224 0)
(1.0002 0.000271276 0)
(1.00022 0.000253595 0)
(1.00024 0.000226715 0)
(1.00026 0.000196892 0)
(1.00026 0.000168099 0)
(1.00027 0.000142134 0)
(1.00027 0.000119547 0)
(1.00027 0.000100303 0)
(1.00027 8.4103e-05 0)
(1.00026 7.055e-05 0)
(1.00026 5.92427e-05 0)
(1.00026 4.98162e-05 0)
(1.00026 4.19538e-05 0)
(1.00025 3.53876e-05 0)
(1.00025 2.98946e-05 0)
(1.00025 2.52904e-05 0)
(1.00025 2.14237e-05 0)
(1.00025 1.817e-05 0)
(1.00024 1.5427e-05 0)
(1.00024 1.31107e-05 0)
(1.00024 1.11516e-05 0)
(1.00024 9.49224e-06 0)
(1.00024 8.08507e-06 0)
(1.00024 6.89041e-06 0)
(1.00024 5.87518e-06 0)
(1.00024 5.01168e-06 0)
(1.00024 4.27668e-06 0)
(1.00024 3.65065e-06 0)
(1.00024 3.11713e-06 0)
(1.00024 2.66222e-06 0)
(1.00024 2.27417e-06 0)
(1.00024 1.94303e-06 0)
(1.00024 1.66037e-06 0)
(1.00024 1.41902e-06 0)
(1.00024 1.21289e-06 0)
(1.00024 1.03681e-06 0)
(1.00024 8.86363e-07 0)
(1.00024 7.57804e-07 0)
(1.00024 6.47934e-07 0)
(1.00024 5.54023e-07 0)
(1.00024 4.73746e-07 0)
(1.00024 4.05118e-07 0)
(1.00024 3.46443e-07 0)
(1.00024 2.96276e-07 0)
(1.00024 2.53379e-07 0)
(1.00024 2.16699e-07 0)
(1.00024 1.85332e-07 0)
(1.00024 1.58508e-07 0)
(1.00024 1.35568e-07 0)
(1.00024 1.15949e-07 0)
(1.00024 9.9171e-08 0)
(1.00024 8.48215e-08 0)
(1.00024 7.25491e-08 0)
(1.00024 6.20527e-08 0)
(1.00024 5.30751e-08 0)
(1.00024 4.53964e-08 0)
(1.00024 3.88287e-08 0)
(1.00024 3.32113e-08 0)
(1.00024 2.84069e-08 0)
(1.00024 2.42976e-08 0)
(1.00024 2.07827e-08 0)
(1.00024 1.77763e-08 0)
(1.00024 1.52048e-08 0)
(1.00024 1.30053e-08 0)
(1.00024 1.11241e-08 0)
(1.00024 9.51503e-09 0)
(1.00024 8.13867e-09 0)
(1.00024 6.96135e-09 0)
(1.00024 5.95434e-09 0)
(1.00024 5.09301e-09 0)
(1.00024 4.35632e-09 0)
(1.00024 3.72618e-09 0)
(1.00024 3.18715e-09 0)
(1.00024 2.72604e-09 0)
(1.00024 2.33159e-09 0)
(1.00024 1.99428e-09 0)
(1.00024 1.70583e-09 0)
(1.00024 1.45918e-09 0)
(1.00024 1.24823e-09 0)
(1.00024 1.0677e-09 0)
(1.00024 9.13185e-10 0)
(1.00024 7.80947e-10 0)
(1.00024 6.67839e-10 0)
(1.00024 5.71192e-10 0)
(1.00024 4.88648e-10 0)
(1.00024 4.18151e-10 0)
(1.00024 3.57879e-10 0)
(1.00024 3.0625e-10 0)
(1.00024 2.61982e-10 0)
(1.00024 2.24009e-10 0)
(1.00024 1.9153e-10 0)
(1.00024 1.6382e-10 0)
(1.00024 1.40249e-10 0)
(1.00024 1.20202e-10 0)
(1.00024 1.03077e-10 0)
(1.00024 8.83884e-11 0)
(1.00024 7.5687e-11 0)
(1.00024 6.46757e-11 0)
(1.00024 5.51802e-11 0)
(1.00024 4.70219e-11 0)
(1.00024 4.01315e-11 0)
(1.00024 3.43333e-11 0)
(1.00024 2.94452e-11 0)
(1.00024 2.5293e-11 0)
(1.00024 2.1696e-11 0)
(1.00024 1.85573e-11 0)
(1.00024 1.57644e-11 0)
(1.00024 1.33095e-11 0)
(1.00024 1.11979e-11 0)
(1.00024 9.38745e-12 0)
(1.00024 7.89071e-12 0)
(1.00024 6.63868e-12 0)
(1.00024 5.59268e-12 0)
(1.00024 4.698e-12 0)
(1.00024 3.90814e-12 0)
(1.00024 3.22834e-12 0)
(1.00024 2.61735e-12 0)
(1.00024 2.09447e-12 0)
(1.00024 1.6568e-12 0)
(1.00024 1.29138e-12 0)
(1.00024 9.90449e-13 0)
(1.00024 7.65749e-13 0)
(1.00024 5.83704e-13 0)
(1.00024 4.45077e-13 0)
(1.00024 3.48063e-13 0)
(1.00024 2.69778e-13 0)
(1.00024 2.33251e-13 0)
(1.00024 1.97822e-13 0)
(1.00024 1.88961e-13 0)
(1.00024 2.22634e-13 0)
(1.00024 2.8227e-13 0)
(1.00024 3.78739e-13 0)
(1.00024 4.96527e-13 0)
(1.00024 6.4123e-13 0)
(1.00024 7.83793e-13 0)
(1.00024 9.3129e-13 0)
(1.00024 1.08919e-12 0)
(1.00024 1.22229e-12 0)
(1.00024 1.32878e-12 0)
(1.00024 1.40277e-12 0)
(1.00024 1.42924e-12 0)
(1.00024 1.43031e-12 0)
(1.00024 1.39256e-12 0)
(1.00024 1.30662e-12 0)
(1.00024 1.17338e-12 0)
(1.00024 9.9845e-13 0)
(1.00024 7.84593e-13 0)
(1.00024 5.27726e-13 0)
(1.00024 2.71666e-13 0)
(1.00024 -1.92748e-14 0)
(1.00024 -3.09089e-13 0)
(1.00024 -5.75887e-13 0)
(1.00024 -8.33202e-13 0)
(1.00024 -1.01762e-12 0)
(1.00024 -1.1573e-12 0)
(1.00024 -1.20764e-12 0)
(1.00024 -1.18459e-12 0)
(1.00024 -1.10722e-12 0)
(1.00024 -9.53879e-13 0)
(1.00024 -7.49788e-13 0)
(1.00024 -5.14282e-13 0)
(1.00024 -2.83615e-13 0)
(1.00024 -6.42668e-14 0)
(1.00024 1.22528e-13 0)
(1.00024 2.61948e-13 0)
(1.00024 3.73409e-13 0)
(1.00024 4.24562e-13 0)
(1.00024 4.11116e-13 0)
(1.00024 3.6552e-13 0)
(1.00024 3.00035e-13 0)
(1.00024 2.43524e-13 0)
(1.00024 1.35913e-13 0)
(1.00024 2.99109e-14 0)
(1.00024 -2.90902e-14 0)
(1.00024 -8.74803e-14 0)
(1.00024 -1.51142e-13 0)
(1.00024 -1.83171e-13 0)
(1.00024 -1.7776e-13 0)
(1.00024 -1.95725e-13 0)
(1.00024 -2.11021e-13 0)
(1.00024 -1.58364e-13 0)
(1.00024 -1.49954e-13 0)
(1.00024 -1.25906e-13 0)
(1.00024 -9.00944e-14 0)
(1.00024 -9.86411e-14 0)
(1.00024 -1.09462e-13 0)
(1.00024 -8.56605e-14 0)
(1.00024 -5.21547e-14 0)
(1.00024 -2.77664e-14 0)
(1.00024 -4.05906e-14 0)
(1.00024 -1.60778e-14 0)
(1.00024 -2.55788e-14 0)
(1.00024 1.57464e-14 0)
(1 2.43926e-05 0)
(1.00001 6.85891e-05 0)
(1.00002 0.000106257 0)
(1.00004 0.000146459 0)
(1.00007 0.00018891 0)
(1.0001 0.000223559 0)
(1.00013 0.000242222 0)
(1.00016 0.000243486 0)
(1.00019 0.000230838 0)
(1.00021 0.000209731 0)
(1.00023 0.000185242 0)
(1.00024 0.00016078 0)
(1.00025 0.000138087 0)
(1.00025 0.000117839 0)
(1.00025 0.000100177 0)
(1.00025 8.49817e-05 0)
(1.00025 7.20169e-05 0)
(1.00025 6.10103e-05 0)
(1.00025 5.1693e-05 0)
(1.00025 4.38175e-05 0)
(1.00025 3.71641e-05 0)
(1.00025 3.15429e-05 0)
(1.00025 2.67913e-05 0)
(1.00024 2.27718e-05 0)
(1.00024 1.93687e-05 0)
(1.00024 1.64847e-05 0)
(1.00024 1.40385e-05 0)
(1.00024 1.19617e-05 0)
(1.00024 1.0197e-05 0)
(1.00024 8.69637e-06 0)
(1.00024 7.41941e-06 0)
(1.00024 6.33208e-06 0)
(1.00024 5.40569e-06 0)
(1.00024 4.61601e-06 0)
(1.00024 3.94258e-06 0)
(1.00024 3.36806e-06 0)
(1.00024 2.87775e-06 0)
(1.00024 2.45918e-06 0)
(1.00024 2.10176e-06 0)
(1.00024 1.79648e-06 0)
(1.00024 1.5357e-06 0)
(1.00024 1.31288e-06 0)
(1.00024 1.12247e-06 0)
(1.00024 9.59733e-07 0)
(1.00024 8.20636e-07 0)
(1.00024 7.01731e-07 0)
(1.00024 6.00078e-07 0)
(1.00024 5.13169e-07 0)
(1.00024 4.38859e-07 0)
(1.00024 3.7532e-07 0)
(1.00024 3.20987e-07 0)
(1.00024 2.74525e-07 0)
(1.00024 2.34792e-07 0)
(1.00024 2.00812e-07 0)
(1.00024 1.71752e-07 0)
(1.00024 1.46899e-07 0)
(1.00024 1.25644e-07 0)
(1.00024 1.07464e-07 0)
(1.00024 9.19164e-08 0)
(1.00024 7.86185e-08 0)
(1.00024 6.72446e-08 0)
(1.00024 5.75162e-08 0)
(1.00024 4.91953e-08 0)
(1.00024 4.20784e-08 0)
(1.00024 3.59912e-08 0)
(1.00024 3.07848e-08 0)
(1.00024 2.63316e-08 0)
(1.00024 2.25225e-08 0)
(1.00024 1.92644e-08 0)
(1.00024 1.64777e-08 0)
(1.00024 1.40942e-08 0)
(1.00024 1.20556e-08 0)
(1.00024 1.03118e-08 0)
(1.00024 8.82021e-09 0)
(1.00024 7.54431e-09 0)
(1.00024 6.45295e-09 0)
(1.00024 5.51948e-09 0)
(1.00024 4.72107e-09 0)
(1.00024 4.03815e-09 0)
(1.00024 3.454e-09 0)
(1.00024 2.95433e-09 0)
(1.00024 2.52695e-09 0)
(1.00024 2.16144e-09 0)
(1.00024 1.84886e-09 0)
(1.00024 1.58152e-09 0)
(1.00024 1.3528e-09 0)
(1.00024 1.15708e-09 0)
(1.00024 9.89561e-10 0)
(1.00024 8.46249e-10 0)
(1.00024 7.23726e-10 0)
(1.00024 6.19051e-10 0)
(1.00024 5.29662e-10 0)
(1.00024 4.53276e-10 0)
(1.00024 3.87928e-10 0)
(1.00024 3.31931e-10 0)
(1.00024 2.83906e-10 0)
(1.00024 2.4276e-10 0)
(1.00024 2.07576e-10 0)
(1.00024 1.77573e-10 0)
(1.00024 1.52044e-10 0)
(1.00024 1.30289e-10 0)
(1.00024 1.11679e-10 0)
(1.00024 9.56686e-11 0)
(1.00024 8.1855e-11 0)
(1.00024 6.99185e-11 0)
(1.00024 5.96672e-11 0)
(1.00024 5.09305e-11 0)
(1.00024 4.35375e-11 0)
(1.00024 3.73099e-11 0)
(1.00024 3.20241e-11 0)
(1.00024 2.75011e-11 0)
(1.00024 2.35554e-11 0)
(1.00024 2.00852e-11 0)
(1.00024 1.70421e-11 0)
(1.00024 1.43972e-11 0)
(1.00024 1.21298e-11 0)
(1.00024 1.02204e-11 0)
(1.00024 8.6401e-12 0)
(1.00024 7.30699e-12 0)
(1.00024 6.17621e-12 0)
(1.00024 5.19366e-12 0)
(1.00024 4.3248e-12 0)
(1.00024 3.54446e-12 0)
(1.00024 2.86273e-12 0)
(1.00024 2.28278e-12 0)
(1.00024 1.79808e-12 0)
(1.00024 1.40492e-12 0)
(1.00024 1.10036e-12 0)
(1.00024 8.64403e-13 0)
(1.00024 6.89869e-13 0)
(1.00024 5.63925e-13 0)
(1.00024 4.61525e-13 0)
(1.00024 3.94524e-13 0)
(1.00024 3.32252e-13 0)
(1.00024 3.02176e-13 0)
(1.00024 2.97518e-13 0)
(1.00024 3.21597e-13 0)
(1.00024 3.84563e-13 0)
(1.00024 4.8327e-13 0)
(1.00024 6.11669e-13 0)
(1.00024 7.54031e-13 0)
(1.00024 9.08472e-13 0)
(1.00024 1.07322e-12 0)
(1.00024 1.23698e-12 0)
(1.00024 1.37757e-12 0)
(1.00024 1.48182e-12 0)
(1.00024 1.55237e-12 0)
(1.00024 1.58145e-12 0)
(1.00024 1.57456e-12 0)
(1.00024 1.52947e-12 0)
(1.00024 1.43285e-12 0)
(1.00024 1.27513e-12 0)
(1.00024 1.07343e-12 0)
(1.00024 8.37489e-13 0)
(1.00024 5.63444e-13 0)
(1.00024 2.63549e-13 0)
(1.00024 -5.06243e-14 0)
(1.00024 -3.80463e-13 0)
(1.00024 -6.83806e-13 0)
(1.00024 -9.32186e-13 0)
(1.00024 -1.14192e-12 0)
(1.00024 -1.26901e-12 0)
(1.00024 -1.32509e-12 0)
(1.00024 -1.29535e-12 0)
(1.00024 -1.18615e-12 0)
(1.00024 -1.01573e-12 0)
(1.00024 -7.80757e-13 0)
(1.00024 -5.36858e-13 0)
(1.00024 -2.92708e-13 0)
(1.00024 -6.31402e-14 0)
(1.00024 1.41427e-13 0)
(1.00024 3.01008e-13 0)
(1.00024 3.92178e-13 0)
(1.00024 4.3713e-13 0)
(1.00024 4.43437e-13 0)
(1.00024 3.99639e-13 0)
(1.00024 3.25436e-13 0)
(1.00024 2.57834e-13 0)
(1.00024 1.60455e-13 0)
(1.00024 3.78126e-14 0)
(1.00024 -2.74657e-14 0)
(1.00024 -6.01511e-14 0)
(1.00024 -1.39166e-13 0)
(1.00024 -1.98284e-13 0)
(1.00024 -1.82798e-13 0)
(1.00024 -1.49135e-13 0)
(1.00024 -1.77746e-13 0)
(1.00024 -1.88051e-13 0)
(1.00024 -1.56517e-13 0)
(1.00024 -1.25227e-13 0)
(1.00024 -1.12464e-13 0)
(1.00024 -9.72523e-14 0)
(1.00024 -4.76835e-14 0)
(1.00024 -1.08435e-13 0)
(1.00024 -6.01664e-14 0)
(1.00024 -3.22415e-14 0)
(1.00024 -1.04806e-13 0)
(1.00024 1.76646e-14 0)
(1.00024 -5.67524e-15 0)
(1.00024 6.09206e-15 0)
(1 2.04887e-05 0)
(1.00001 5.79887e-05 0)
(1.00002 9.02578e-05 0)
(1.00003 0.000125093 0)
(1.00006 0.000162805 0)
(1.00008 0.000194696 0)
(1.00011 0.000213061 0)
(1.00014 0.000216318 0)
(1.00017 0.000207449 0)
(1.00019 0.000191012 0)
(1.0002 0.000171141 0)
(1.00022 0.000150679 0)
(1.00022 0.000131195 0)
(1.00023 0.000113399 0)
(1.00024 9.75358e-05 0)
(1.00024 8.36122e-05 0)
(1.00024 7.1516e-05 0)
(1.00024 6.10801e-05 0)
(1.00024 5.21194e-05 0)
(1.00024 4.44501e-05 0)
(1.00024 3.79001e-05 0)
(1.00024 3.23138e-05 0)
(1.00024 2.75531e-05 0)
(1.00024 2.34975e-05 0)
(1.00024 2.00431e-05 0)
(1.00024 1.71004e-05 0)
(1.00024 1.45932e-05 0)
(1.00024 1.24566e-05 0)
(1.00024 1.06351e-05 0)
(1.00024 9.08194e-06 0)
(1.00024 7.75705e-06 0)
(1.00024 6.6266e-06 0)
(1.00024 5.66178e-06 0)
(1.00024 4.83811e-06 0)
(1.00024 4.13478e-06 0)
(1.00024 3.53408e-06 0)
(1.00024 3.02095e-06 0)
(1.00024 2.58254e-06 0)
(1.00024 2.20791e-06 0)
(1.00024 1.88775e-06 0)
(1.00024 1.61411e-06 0)
(1.00024 1.3802e-06 0)
(1.00024 1.18024e-06 0)
(1.00024 1.00929e-06 0)
(1.00024 8.63121e-07 0)
(1.00024 7.38144e-07 0)
(1.00024 6.31278e-07 0)
(1.00024 5.39896e-07 0)
(1.00024 4.6175e-07 0)
(1.00024 3.94921e-07 0)
(1.00024 3.37769e-07 0)
(1.00024 2.88891e-07 0)
(1.00024 2.47088e-07 0)
(1.00024 2.11337e-07 0)
(1.00024 1.80759e-07 0)
(1.00024 1.54606e-07 0)
(1.00024 1.32239e-07 0)
(1.00024 1.13107e-07 0)
(1.00024 9.67446e-08 0)
(1.00024 8.27492e-08 0)
(1.00024 7.07783e-08 0)
(1.00024 6.05393e-08 0)
(1.00024 5.17815e-08 0)
(1.00024 4.42909e-08 0)
(1.00024 3.78841e-08 0)
(1.00024 3.24041e-08 0)
(1.00024 2.77167e-08 0)
(1.00024 2.37073e-08 0)
(1.00024 2.02778e-08 0)
(1.00024 1.73446e-08 0)
(1.00024 1.48358e-08 0)
(1.00024 1.269e-08 0)
(1.00024 1.08544e-08 0)
(1.00024 9.28433e-09 0)
(1.00024 7.94129e-09 0)
(1.00024 6.79249e-09 0)
(1.00024 5.8099e-09 0)
(1.00024 4.96949e-09 0)
(1.00024 4.25065e-09 0)
(1.00024 3.63581e-09 0)
(1.00024 3.10988e-09 0)
(1.00024 2.66006e-09 0)
(1.00024 2.27535e-09 0)
(1.00024 1.9463e-09 0)
(1.00024 1.66484e-09 0)
(1.00024 1.42401e-09 0)
(1.00024 1.21792e-09 0)
(1.00024 1.04157e-09 0)
(1.00024 8.90741e-10 0)
(1.00024 7.61848e-10 0)
(1.00024 6.51726e-10 0)
(1.00024 5.57658e-10 0)
(1.00024 4.77241e-10 0)
(1.00024 4.08393e-10 0)
(1.00024 3.49407e-10 0)
(1.00024 2.98813e-10 0)
(1.00024 2.55508e-10 0)
(1.00024 2.18511e-10 0)
(1.00024 1.86965e-10 0)
(1.00024 1.60096e-10 0)
(1.00024 1.37137e-10 0)
(1.00024 1.17483e-10 0)
(1.00024 1.00568e-10 0)
(1.00024 8.59756e-11 0)
(1.00024 7.34474e-11 0)
(1.00024 6.27049e-11 0)
(1.00024 5.36024e-11 0)
(1.00024 4.59047e-11 0)
(1.00024 3.93862e-11 0)
(1.00024 3.3822e-11 0)
(1.00024 2.8997e-11 0)
(1.00024 2.48032e-11 0)
(1.00024 2.11131e-11 0)
(1.00024 1.78798e-11 0)
(1.00024 1.51234e-11 0)
(1.00024 1.27806e-11 0)
(1.00024 1.08272e-11 0)
(1.00024 9.20019e-12 0)
(1.00024 7.81207e-12 0)
(1.00024 6.62857e-12 0)
(1.00024 5.56186e-12 0)
(1.00024 4.61766e-12 0)
(1.00024 3.77012e-12 0)
(1.00024 3.03029e-12 0)
(1.00024 2.40871e-12 0)
(1.00024 1.90603e-12 0)
(1.00024 1.49489e-12 0)
(1.00024 1.18922e-12 0)
(1.00024 9.627e-13 0)
(1.00024 7.94726e-13 0)
(1.00024 6.78516e-13 0)
(1.00024 5.66859e-13 0)
(1.00024 5.04922e-13 0)
(1.00024 4.41923e-13 0)
(1.00024 4.02978e-13 0)
(1.00024 3.957e-13 0)
(1.00024 4.287e-13 0)
(1.00024 4.97144e-13 0)
(1.00024 5.79922e-13 0)
(1.00024 7.11355e-13 0)
(1.00024 8.60411e-13 0)
(1.00024 1.02087e-12 0)
(1.00024 1.19512e-12 0)
(1.00024 1.35001e-12 0)
(1.00024 1.49043e-12 0)
(1.00024 1.60063e-12 0)
(1.00024 1.66506e-12 0)
(1.00024 1.69831e-12 0)
(1.00024 1.68879e-12 0)
(1.00024 1.63187e-12 0)
(1.00024 1.51098e-12 0)
(1.00024 1.34068e-12 0)
(1.00024 1.13223e-12 0)
(1.00024 8.61928e-13 0)
(1.00024 5.84646e-13 0)
(1.00024 2.5019e-13 0)
(1.00024 -1.03651e-13 0)
(1.00024 -4.27869e-13 0)
(1.00024 -7.67377e-13 0)
(1.00024 -1.01473e-12 0)
(1.00024 -1.21914e-12 0)
(1.00024 -1.35309e-12 0)
(1.00024 -1.40047e-12 0)
(1.00024 -1.36076e-12 0)
(1.00024 -1.22812e-12 0)
(1.00024 -1.04465e-12 0)
(1.00024 -8.0055e-13 0)
(1.00024 -5.55624e-13 0)
(1.00024 -3.05692e-13 0)
(1.00024 -5.03633e-14 0)
(1.00024 1.49733e-13 0)
(1.00024 3.00588e-13 0)
(1.00024 4.02469e-13 0)
(1.00024 4.40828e-13 0)
(1.00024 4.62673e-13 0)
(1.00024 4.23311e-13 0)
(1.00024 3.24656e-13 0)
(1.00024 2.46345e-13 0)
(1.00024 1.82467e-13 0)
(1.00024 7.88528e-14 0)
(1.00024 -2.17026e-14 0)
(1.00024 -6.12003e-14 0)
(1.00024 -1.09117e-13 0)
(1.00024 -1.56636e-13 0)
(1.00024 -1.84131e-13 0)
(1.00024 -1.82887e-13 0)
(1.00024 -1.44059e-13 0)
(1.00024 -1.50996e-13 0)
(1.00024 -1.45805e-13 0)
(1.00024 -1.43682e-13 0)
(1.00024 -1.09712e-13 0)
(1.00024 -9.74139e-14 0)
(1.00024 -1.32935e-13 0)
(1.00024 -9.03582e-14 0)
(1.00024 -1.02185e-13 0)
(1.00024 -7.04967e-14 0)
(1.00024 -4.7144e-14 0)
(1.00024 -4.52166e-14 0)
(1.00024 -3.69742e-14 0)
(1.00024 2.22347e-14 0)
(1 1.73767e-05 0)
(1.00001 4.9317e-05 0)
(1.00001 7.70264e-05 0)
(1.00003 0.000107137 0)
(1.00005 0.000140286 0)
(1.00007 0.000169131 0)
(1.0001 0.000186683 0)
(1.00012 0.000191203 0)
(1.00015 0.000185134 0)
(1.00017 0.000172317 0)
(1.00018 0.000156191 0)
(1.0002 0.000139136 0)
(1.00021 0.000122528 0)
(1.00022 0.000107052 0)
(1.00022 9.29985e-05 0)
(1.00023 8.04502e-05 0)
(1.00023 6.93761e-05 0)
(1.00023 5.96852e-05 0)
(1.00023 5.12575e-05 0)
(1.00023 4.39623e-05 0)
(1.00024 3.76694e-05 0)
(1.00024 3.22551e-05 0)
(1.00024 2.76054e-05 0)
(1.00024 2.3618e-05 0)
(1.00024 2.02018e-05 0)
(1.00024 1.72772e-05 0)
(1.00024 1.47745e-05 0)
(1.00024 1.26337e-05 0)
(1.00024 1.08029e-05 0)
(1.00024 9.23731e-06 0)
(1.00024 7.89868e-06 0)
(1.00024 6.75414e-06 0)
(1.00024 5.77558e-06 0)
(1.00024 4.9389e-06 0)
(1.00024 4.22353e-06 0)
(1.00024 3.61186e-06 0)
(1.00024 3.08884e-06 0)
(1.00024 2.64161e-06 0)
(1.00024 2.25918e-06 0)
(1.00024 1.93215e-06 0)
(1.00024 1.65249e-06 0)
(1.00024 1.41332e-06 0)
(1.00024 1.20878e-06 0)
(1.00024 1.03386e-06 0)
(1.00024 8.84258e-07 0)
(1.00024 7.5631e-07 0)
(1.00024 6.4688e-07 0)
(1.00024 5.53287e-07 0)
(1.00024 4.73239e-07 0)
(1.00024 4.04773e-07 0)
(1.00024 3.46215e-07 0)
(1.00024 2.96129e-07 0)
(1.00024 2.53289e-07 0)
(1.00024 2.16648e-07 0)
(1.00024 1.85308e-07 0)
(1.00024 1.58501e-07 0)
(1.00024 1.35573e-07 0)
(1.00024 1.15962e-07 0)
(1.00024 9.91876e-08 0)
(1.00024 8.48398e-08 0)
(1.00024 7.25673e-08 0)
(1.00024 6.20701e-08 0)
(1.00024 5.30916e-08 0)
(1.00024 4.5412e-08 0)
(1.00024 3.88433e-08 0)
(1.00024 3.32247e-08 0)
(1.00024 2.84186e-08 0)
(1.00024 2.43077e-08 0)
(1.00024 2.07915e-08 0)
(1.00024 1.77841e-08 0)
(1.00024 1.52118e-08 0)
(1.00024 1.30116e-08 0)
(1.00024 1.11295e-08 0)
(1.00024 9.51961e-09 0)
(1.00024 8.14251e-09 0)
(1.00024 6.96461e-09 0)
(1.00024 5.95716e-09 0)
(1.00024 5.09548e-09 0)
(1.00024 4.35846e-09 0)
(1.00024 3.72806e-09 0)
(1.00024 3.18884e-09 0)
(1.00024 2.72763e-09 0)
(1.00024 2.33315e-09 0)
(1.00024 1.99573e-09 0)
(1.00024 1.70707e-09 0)
(1.00024 1.4601e-09 0)
(1.00024 1.24876e-09 0)
(1.00024 1.06797e-09 0)
(1.00024 9.13377e-10 0)
(1.00024 7.81264e-10 0)
(1.00024 6.68395e-10 0)
(1.00024 5.71928e-10 0)
(1.00024 4.89418e-10 0)
(1.00024 4.18757e-10 0)
(1.00024 3.58214e-10 0)
(1.00024 3.06345e-10 0)
(1.00024 2.61971e-10 0)
(1.00024 2.24071e-10 0)
(1.00024 1.91746e-10 0)
(1.00024 1.64179e-10 0)
(1.00024 1.406e-10 0)
(1.00024 1.20359e-10 0)
(1.00024 1.02957e-10 0)
(1.00024 8.79761e-11 0)
(1.00024 7.51607e-11 0)
(1.00024 6.42405e-11 0)
(1.00024 5.49855e-11 0)
(1.00024 4.71595e-11 0)
(1.00024 4.04818e-11 0)
(1.00024 3.47603e-11 0)
(1.00024 2.97725e-11 0)
(1.00024 2.53986e-11 0)
(1.00024 2.15937e-11 0)
(1.00024 1.82937e-11 0)
(1.00024 1.54929e-11 0)
(1.00024 1.31477e-11 0)
(1.00024 1.11959e-11 0)
(1.00024 9.55511e-12 0)
(1.00024 8.14254e-12 0)
(1.00024 6.90624e-12 0)
(1.00024 5.78499e-12 0)
(1.00024 4.78442e-12 0)
(1.00024 3.89338e-12 0)
(1.00024 3.11999e-12 0)
(1.00024 2.47429e-12 0)
(1.00024 1.95942e-12 0)
(1.00024 1.56103e-12 0)
(1.00024 1.2613e-12 0)
(1.00024 1.04551e-12 0)
(1.00024 8.88455e-13 0)
(1.00024 7.79959e-13 0)
(1.00024 6.8517e-13 0)
(1.00024 6.05352e-13 0)
(1.00024 5.48972e-13 0)
(1.00024 5.11888e-13 0)
(1.00024 5.07434e-13 0)
(1.00024 5.28315e-13 0)
(1.00024 5.88836e-13 0)
(1.00024 6.79205e-13 0)
(1.00024 7.96096e-13 0)
(1.00024 9.49002e-13 0)
(1.00024 1.11036e-12 0)
(1.00024 1.27768e-12 0)
(1.00024 1.4359e-12 0)
(1.00024 1.56611e-12 0)
(1.00024 1.67656e-12 0)
(1.00024 1.74878e-12 0)
(1.00024 1.77362e-12 0)
(1.00024 1.76013e-12 0)
(1.00024 1.69185e-12 0)
(1.00024 1.55791e-12 0)
(1.00024 1.37236e-12 0)
(1.00024 1.1523e-12 0)
(1.00024 8.74138e-13 0)
(1.00024 5.63733e-13 0)
(1.00024 2.23284e-13 0)
(1.00024 -1.46641e-13 0)
(1.00024 -4.81901e-13 0)
(1.00024 -8.00444e-13 0)
(1.00024 -1.06832e-12 0)
(1.00024 -1.26621e-12 0)
(1.00024 -1.3939e-12 0)
(1.00024 -1.42633e-12 0)
(1.00024 -1.37266e-12 0)
(1.00024 -1.24354e-12 0)
(1.00024 -1.04338e-12 0)
(1.00024 -8.08398e-13 0)
(1.00024 -5.45962e-13 0)
(1.00024 -2.8335e-13 0)
(1.00024 -4.08185e-14 0)
(1.00024 1.55502e-13 0)
(1.00024 3.01028e-13 0)
(1.00024 4.04319e-13 0)
(1.00024 4.40123e-13 0)
(1.00024 4.46053e-13 0)
(1.00024 4.13944e-13 0)
(1.00024 3.26509e-13 0)
(1.00024 2.40342e-13 0)
(1.00024 1.84843e-13 0)
(1.00024 9.83483e-14 0)
(1.00024 -2.40968e-16 0)
(1.00024 -4.13919e-14 0)
(1.00024 -7.12063e-14 0)
(1.00024 -1.18826e-13 0)
(1.00024 -1.41e-13 0)
(1.00024 -1.60205e-13 0)
(1.00024 -1.52349e-13 0)
(1.00024 -1.54264e-13 0)
(1.00024 -1.3558e-13 0)
(1.00024 -1.23851e-13 0)
(1.00024 -1.29251e-13 0)
(1.00024 -1.0158e-13 0)
(1.00024 -8.72123e-14 0)
(1.00024 -1.0488e-13 0)
(1.00024 -7.46817e-14 0)
(1.00024 -7.78428e-14 0)
(1.00024 -1.15505e-13 0)
(1.00024 4.68987e-15 0)
(1.00024 -1.40449e-14 0)
(1.00024 4.07891e-15 0)
(1 1.47832e-05 0)
(1 4.20377e-05 0)
(1.00001 6.5828e-05 0)
(1.00002 9.18293e-05 0)
(1.00004 0.000120766 0)
(1.00006 0.00014647 0)
(1.00008 0.000162762 0)
(1.00011 0.000167897 0)
(1.00013 0.000163843 0)
(1.00015 0.000153842 0)
(1.00017 0.00014077 0)
(1.00018 0.000126622 0)
(1.00019 0.000112578 0)
(1.0002 9.92617e-05 0)
(1.00021 8.69737e-05 0)
(1.00021 7.5836e-05 0)
(1.00022 6.58698e-05 0)
(1.00022 5.70376e-05 0)
(1.00023 4.92684e-05 0)
(1.00023 4.24743e-05 0)
(1.00023 3.65599e-05 0)
(1.00023 3.143e-05 0)
(1.00023 2.69932e-05 0)
(1.00023 2.31645e-05 0)
(1.00023 1.98664e-05 0)
(1.00023 1.70294e-05 0)
(1.00023 1.45916e-05 0)
(1.00023 1.24989e-05 0)
(1.00024 1.07035e-05 0)
(1.00024 9.16411e-06 0)
(1.00024 7.8448e-06 0)
(1.00024 6.71451e-06 0)
(1.00024 5.74643e-06 0)
(1.00024 4.91748e-06 0)
(1.00024 4.2078e-06 0)
(1.00024 3.60031e-06 0)
(1.00024 3.08037e-06 0)
(1.00024 2.63541e-06 0)
(1.00024 2.25464e-06 0)
(1.00024 1.92883e-06 0)
(1.00024 1.65006e-06 0)
(1.00024 1.41155e-06 0)
(1.00024 1.2075e-06 0)
(1.00024 1.03292e-06 0)
(1.00024 8.83579e-07 0)
(1.00024 7.5582e-07 0)
(1.00024 6.46527e-07 0)
(1.00024 5.53035e-07 0)
(1.00024 4.73058e-07 0)
(1.00024 4.04646e-07 0)
(1.00024 3.46125e-07 0)
(1.00024 2.96066e-07 0)
(1.00024 2.53247e-07 0)
(1.00024 2.16619e-07 0)
(1.00024 1.85289e-07 0)
(1.00024 1.5849e-07 0)
(1.00024 1.35566e-07 0)
(1.00024 1.15958e-07 0)
(1.00024 9.91859e-08 0)
(1.00024 8.48394e-08 0)
(1.00024 7.25679e-08 0)
(1.00024 6.20715e-08 0)
(1.00024 5.30934e-08 0)
(1.00024 4.5414e-08 0)
(1.00024 3.88453e-08 0)
(1.00024 3.32265e-08 0)
(1.00024 2.84202e-08 0)
(1.00024 2.43092e-08 0)
(1.00024 2.07929e-08 0)
(1.00024 1.77854e-08 0)
(1.00024 1.5213e-08 0)
(1.00024 1.30126e-08 0)
(1.00024 1.11303e-08 0)
(1.00024 9.52026e-09 0)
(1.00024 8.14307e-09 0)
(1.00024 6.96514e-09 0)
(1.00024 5.95767e-09 0)
(1.00024 5.09597e-09 0)
(1.00024 4.35893e-09 0)
(1.00024 3.72847e-09 0)
(1.00024 3.1892e-09 0)
(1.00024 2.72795e-09 0)
(1.00024 2.3334e-09 0)
(1.00024 1.99592e-09 0)
(1.00024 1.70721e-09 0)
(1.00024 1.4602e-09 0)
(1.00024 1.24888e-09 0)
(1.00024 1.06812e-09 0)
(1.00024 9.13582e-10 0)
(1.00024 7.81491e-10 0)
(1.00024 6.68606e-10 0)
(1.00024 5.72087e-10 0)
(1.00024 4.89492e-10 0)
(1.00024 4.18769e-10 0)
(1.00024 3.58178e-10 0)
(1.00024 3.06316e-10 0)
(1.00024 2.61974e-10 0)
(1.00024 2.24113e-10 0)
(1.00024 1.91816e-10 0)
(1.00024 1.64201e-10 0)
(1.00024 1.40558e-10 0)
(1.00024 1.20246e-10 0)
(1.00024 1.02786e-10 0)
(1.00024 8.78361e-11 0)
(1.00024 7.50583e-11 0)
(1.00024 6.42212e-11 0)
(1.00024 5.50388e-11 0)
(1.00024 4.72556e-11 0)
(1.00024 4.05939e-11 0)
(1.00024 3.4809e-11 0)
(1.00024 2.9771e-11 0)
(1.00024 2.53643e-11 0)
(1.00024 2.15242e-11 0)
(1.00024 1.82592e-11 0)
(1.00024 1.55072e-11 0)
(1.00024 1.32191e-11 0)
(1.00024 1.13143e-11 0)
(1.00024 9.68395e-12 0)
(1.00024 8.27891e-12 0)
(1.00024 7.00526e-12 0)
(1.00024 5.86405e-12 0)
(1.00024 4.83015e-12 0)
(1.00024 3.91463e-12 0)
(1.00024 3.12591e-12 0)
(1.00024 2.48783e-12 0)
(1.00024 1.97727e-12 0)
(1.00024 1.60411e-12 0)
(1.00024 1.32263e-12 0)
(1.00024 1.12675e-12 0)
(1.00024 9.90997e-13 0)
(1.00024 8.66305e-13 0)
(1.00024 7.85114e-13 0)
(1.00024 7.12197e-13 0)
(1.00024 6.5233e-13 0)
(1.00024 6.12794e-13 0)
(1.00024 6.08495e-13 0)
(1.00024 6.32977e-13 0)
(1.00024 6.82484e-13 0)
(1.00024 7.67568e-13 0)
(1.00024 8.83942e-13 0)
(1.00024 1.02051e-12 0)
(1.00024 1.18499e-12 0)
(1.00024 1.33883e-12 0)
(1.00024 1.48129e-12 0)
(1.00024 1.60951e-12 0)
(1.00024 1.71775e-12 0)
(1.00024 1.7886e-12 0)
(1.00024 1.81006e-12 0)
(1.00024 1.78525e-12 0)
(1.00024 1.70498e-12 0)
(1.00024 1.56451e-12 0)
(1.00024 1.38075e-12 0)
(1.00024 1.14362e-12 0)
(1.00024 8.62126e-13 0)
(1.00024 5.29711e-13 0)
(1.00024 1.76029e-13 0)
(1.00024 -1.63448e-13 0)
(1.00024 -5.21495e-13 0)
(1.00024 -8.22238e-13 0)
(1.00024 -1.0863e-12 0)
(1.00024 -1.27782e-12 0)
(1.00024 -1.39154e-12 0)
(1.00024 -1.41523e-12 0)
(1.00024 -1.35317e-12 0)
(1.00024 -1.23575e-12 0)
(1.00024 -1.02271e-12 0)
(1.00024 -7.84672e-13 0)
(1.00024 -5.35015e-13 0)
(1.00024 -2.67664e-13 0)
(1.00024 -4.2679e-14 0)
(1.00024 1.3531e-13 0)
(1.00024 2.93009e-13 0)
(1.00024 3.96478e-13 0)
(1.00024 4.20256e-13 0)
(1.00024 4.02004e-13 0)
(1.00024 3.99315e-13 0)
(1.00024 3.41628e-13 0)
(1.00024 2.36527e-13 0)
(1.00024 1.72805e-13 0)
(1.00024 1.07145e-13 0)
(1.00024 3.88675e-14 0)
(1.00024 -4.21766e-14 0)
(1.00024 -7.82157e-14 0)
(1.00024 -7.63915e-14 0)
(1.00024 -1.09419e-13 0)
(1.00024 -1.02055e-13 0)
(1.00024 -9.62459e-14 0)
(1.00024 -1.10635e-13 0)
(1.00024 -1.23377e-13 0)
(1.00024 -1.02342e-13 0)
(1.00024 -1.03399e-13 0)
(1.00024 -1.27108e-13 0)
(1.00024 -7.22497e-14 0)
(1.00024 -1.0932e-13 0)
(1.00024 -1.22762e-13 0)
(1.00024 -5.51925e-14 0)
(1.00024 -9.54118e-14 0)
(1.00024 -7.34195e-14 0)
(1.00024 -6.14705e-14 0)
(1.00024 -1.77143e-15 0)
(1 1.25657e-05 0)
(1 3.57779e-05 0)
(1.00001 5.61344e-05 0)
(1.00002 7.84944e-05 0)
(1.00004 0.000103555 0)
(1.00005 0.000126144 0)
(1.00007 0.000140908 0)
(1.0001 0.000146199 0)
(1.00012 0.000143592 0)
(1.00014 0.000135799 0)
(1.00015 0.000125231 0)
(1.00017 0.000113555 0)
(1.00018 0.000101771 0)
(1.00019 9.04296e-05 0)
(1.0002 7.98177e-05 0)
(1.00021 7.00734e-05 0)
(1.00021 6.12481e-05 0)
(1.00022 5.33396e-05 0)
(1.00022 4.63125e-05 0)
(1.00022 4.01108e-05 0)
(1.00022 3.46678e-05 0)
(1.00023 2.99121e-05 0)
(1.00023 2.57721e-05 0)
(1.00023 2.21791e-05 0)
(1.00023 1.90683e-05 0)
(1.00023 1.63805e-05 0)
(1.00023 1.40621e-05 0)
(1.00023 1.2065e-05 0)
(1.00023 1.03466e-05 0)
(1.00023 8.86947e-06 0)
(1.00023 7.60069e-06 0)
(1.00023 6.51158e-06 0)
(1.00023 5.57722e-06 0)
(1.00024 4.77598e-06 0)
(1.00024 4.08916e-06 0)
(1.00024 3.5006e-06 0)
(1.00024 2.9964e-06 0)
(1.00024 2.56455e-06 0)
(1.00024 2.19475e-06 0)
(1.00024 1.87813e-06 0)
(1.00024 1.60708e-06 0)
(1.00024 1.37508e-06 0)
(1.00024 1.17651e-06 0)
(1.00024 1.00658e-06 0)
(1.00024 8.61158e-07 0)
(1.00024 7.36727e-07 0)
(1.00024 6.30259e-07 0)
(1.00024 5.39166e-07 0)
(1.00024 4.6123e-07 0)
(1.00024 3.94553e-07 0)
(1.00024 3.37511e-07 0)
(1.00024 2.88712e-07 0)
(1.00024 2.46966e-07 0)
(1.00024 2.11255e-07 0)
(1.00024 1.80706e-07 0)
(1.00024 1.54573e-07 0)
(1.00024 1.32219e-07 0)
(1.00024 1.13097e-07 0)
(1.00024 9.67405e-08 0)
(1.00024 8.27489e-08 0)
(1.00024 7.07807e-08 0)
(1.00024 6.05436e-08 0)
(1.00024 5.17871e-08 0)
(1.00024 4.4297e-08 0)
(1.00024 3.789e-08 0)
(1.00024 3.24095e-08 0)
(1.00024 2.77215e-08 0)
(1.00024 2.37117e-08 0)
(1.00024 2.0282e-08 0)
(1.00024 1.73485e-08 0)
(1.00024 1.48392e-08 0)
(1.00024 1.26929e-08 0)
(1.00024 1.08568e-08 0)
(1.00024 9.28631e-09 0)
(1.00024 7.943e-09 0)
(1.00024 6.79409e-09 0)
(1.00024 5.81143e-09 0)
(1.00024 4.97093e-09 0)
(1.00024 4.25199e-09 0)
(1.00024 3.637e-09 0)
(1.00024 3.11094e-09 0)
(1.00024 2.66098e-09 0)
(1.00024 2.2761e-09 0)
(1.00024 1.9469e-09 0)
(1.00024 1.66529e-09 0)
(1.00024 1.42437e-09 0)
(1.00024 1.21829e-09 0)
(1.00024 1.04202e-09 0)
(1.00024 8.91317e-10 0)
(1.00024 7.62482e-10 0)
(1.00024 6.5233e-10 0)
(1.00024 5.58123e-10 0)
(1.00024 4.77468e-10 0)
(1.00024 4.08418e-10 0)
(1.00024 3.49298e-10 0)
(1.00024 2.98733e-10 0)
(1.00024 2.55537e-10 0)
(1.00024 2.18638e-10 0)
(1.00024 1.8714e-10 0)
(1.00024 1.60173e-10 0)
(1.00024 1.37032e-10 0)
(1.00024 1.17177e-10 0)
(1.00024 1.00111e-10 0)
(1.00024 8.55425e-11 0)
(1.00024 7.31485e-11 0)
(1.00024 6.26499e-11 0)
(1.00024 5.37646e-11 0)
(1.00024 4.61713e-11 0)
(1.00024 3.96586e-11 0)
(1.00024 3.39828e-11 0)
(1.00024 2.90015e-11 0)
(1.00024 2.46824e-11 0)
(1.00024 2.0947e-11 0)
(1.00024 1.77916e-11 0)
(1.00024 1.51631e-11 0)
(1.00024 1.29771e-11 0)
(1.00024 1.11603e-11 0)
(1.00024 9.57917e-12 0)
(1.00024 8.19413e-12 0)
(1.00024 6.93098e-12 0)
(1.00024 5.78323e-12 0)
(1.00024 4.74669e-12 0)
(1.00024 3.84106e-12 0)
(1.00024 3.07264e-12 0)
(1.00024 2.45602e-12 0)
(1.00024 1.97763e-12 0)
(1.00024 1.6251e-12 0)
(1.00024 1.37836e-12 0)
(1.00024 1.18855e-12 0)
(1.00024 1.06654e-12 0)
(1.00024 9.5734e-13 0)
(1.00024 8.66015e-13 0)
(1.00024 7.98286e-13 0)
(1.00024 7.50643e-13 0)
(1.00024 7.24244e-13 0)
(1.00024 7.05042e-13 0)
(1.00024 7.34485e-13 0)
(1.00024 7.77151e-13 0)
(1.00024 8.50362e-13 0)
(1.00024 9.6496e-13 0)
(1.00024 1.08257e-12 0)
(1.00024 1.22879e-12 0)
(1.00024 1.37292e-12 0)
(1.00024 1.50059e-12 0)
(1.00024 1.62334e-12 0)
(1.00024 1.71958e-12 0)
(1.00024 1.78367e-12 0)
(1.00024 1.7965e-12 0)
(1.00024 1.76577e-12 0)
(1.00024 1.68202e-12 0)
(1.00024 1.53059e-12 0)
(1.00024 1.35701e-12 0)
(1.00024 1.1056e-12 0)
(1.00024 8.10242e-13 0)
(1.00024 4.9634e-13 0)
(1.00024 1.369e-13 0)
(1.00024 -1.86011e-13 0)
(1.00024 -5.26348e-13 0)
(1.00024 -8.30417e-13 0)
(1.00024 -1.07349e-12 0)
(1.00024 -1.24724e-12 0)
(1.00024 -1.34275e-12 0)
(1.00024 -1.36733e-12 0)
(1.00024 -1.30473e-12 0)
(1.00024 -1.17437e-12 0)
(1.00024 -9.71965e-13 0)
(1.00024 -7.38633e-13 0)
(1.00024 -5.07012e-13 0)
(1.00024 -2.63886e-13 0)
(1.00024 -4.53251e-14 0)
(1.00024 1.24214e-13 0)
(1.00024 2.58566e-13 0)
(1.00024 3.52437e-13 0)
(1.00024 3.93078e-13 0)
(1.00024 3.6995e-13 0)
(1.00024 3.56999e-13 0)
(1.00024 3.1347e-13 0)
(1.00024 2.17805e-13 0)
(1.00024 1.7352e-13 0)
(1.00024 1.13103e-13 0)
(1.00024 6.2512e-14 0)
(1.00024 9.99741e-15 0)
(1.00024 -4.90157e-14 0)
(1.00024 -2.96331e-14 0)
(1.00024 -7.81323e-14 0)
(1.00024 -9.01395e-14 0)
(1.00024 -8.34818e-14 0)
(1.00024 -6.71036e-14 0)
(1.00024 -7.45104e-14 0)
(1.00024 -1.10152e-13 0)
(1.00024 -9.71839e-14 0)
(1.00024 -1.09578e-13 0)
(1.00024 -1.17342e-13 0)
(1.00024 -1.16827e-13 0)
(1.00024 -7.7841e-14 0)
(1.00024 -9.40393e-14 0)
(1.00024 -1.30523e-13 0)
(1.00024 -2.55746e-14 0)
(1.00024 -3.14539e-14 0)
(1.00024 -1.21291e-14 0)
(1 1.06232e-05 0)
(1 3.02745e-05 0)
(1.00001 4.75703e-05 0)
(1.00002 6.66439e-05 0)
(1.00003 8.81322e-05 0)
(1.00005 0.000107702 0)
(1.00007 0.000120794 0)
(1.00009 0.000125917 0)
(1.00011 0.000124327 0)
(1.00013 0.000118273 0)
(1.00014 0.000109767 0)
(1.00016 0.000100197 0)
(1.00017 9.04e-05 0)
(1.00018 8.08501e-05 0)
(1.00019 7.18075e-05 0)
(1.0002 6.34107e-05 0)
(1.0002 5.5726e-05 0)
(1.00021 4.87729e-05 0)
(1.00021 4.25396e-05 0)
(1.00022 3.69941e-05 0)
(1.00022 3.20914e-05 0)
(1.00022 2.77798e-05 0)
(1.00022 2.40046e-05 0)
(1.00023 2.0711e-05 0)
(1.00023 1.78464e-05 0)
(1.00023 1.53613e-05 0)
(1.00023 1.321e-05 0)
(1.00023 1.13511e-05 0)
(1.00023 9.74732e-06 0)
(1.00023 8.36537e-06 0)
(1.00023 7.17589e-06 0)
(1.00023 6.153e-06 0)
(1.00023 5.27407e-06 0)
(1.00023 4.51933e-06 0)
(1.00023 3.87161e-06 0)
(1.00023 3.31599e-06 0)
(1.00024 2.83958e-06 0)
(1.00024 2.43122e-06 0)
(1.00024 2.0813e-06 0)
(1.00024 1.78153e-06 0)
(1.00024 1.52479e-06 0)
(1.00024 1.30493e-06 0)
(1.00024 1.11669e-06 0)
(1.00024 9.55537e-07 0)
(1.00024 8.176e-07 0)
(1.00024 6.99541e-07 0)
(1.00024 5.98505e-07 0)
(1.00024 5.12044e-07 0)
(1.00024 4.3806e-07 0)
(1.00024 3.74756e-07 0)
(1.00024 3.20593e-07 0)
(1.00024 2.74253e-07 0)
(1.00024 2.34607e-07 0)
(1.00024 2.00689e-07 0)
(1.00024 1.71673e-07 0)
(1.00024 1.46851e-07 0)
(1.00024 1.25616e-07 0)
(1.00024 1.07451e-07 0)
(1.00024 9.19125e-08 0)
(1.00024 7.86203e-08 0)
(1.00024 6.72502e-08 0)
(1.00024 5.75244e-08 0)
(1.00024 4.9205e-08 0)
(1.00024 4.20886e-08 0)
(1.00024 3.60011e-08 0)
(1.00024 3.07939e-08 0)
(1.00024 2.63399e-08 0)
(1.00024 2.25301e-08 0)
(1.00024 1.92714e-08 0)
(1.00024 1.64841e-08 0)
(1.00024 1.40999e-08 0)
(1.00024 1.20604e-08 0)
(1.00024 1.03158e-08 0)
(1.00024 8.82357e-09 0)
(1.00024 7.54727e-09 0)
(1.00024 6.45568e-09 0)
(1.00024 5.52204e-09 0)
(1.00024 4.72342e-09 0)
(1.00024 4.04026e-09 0)
(1.00024 3.45586e-09 0)
(1.00024 2.95597e-09 0)
(1.00024 2.52839e-09 0)
(1.00024 2.16269e-09 0)
(1.00024 1.8499e-09 0)
(1.00024 1.58236e-09 0)
(1.00024 1.3535e-09 0)
(1.00024 1.15773e-09 0)
(1.00024 9.90294e-10 0)
(1.00024 8.47107e-10 0)
(1.00024 7.24671e-10 0)
(1.00024 6.19945e-10 0)
(1.00024 5.30346e-10 0)
(1.00024 4.53645e-10 0)
(1.00024 3.87987e-10 0)
(1.00024 3.31819e-10 0)
(1.00024 2.83804e-10 0)
(1.00024 2.42803e-10 0)
(1.00024 2.07786e-10 0)
(1.00024 1.77834e-10 0)
(1.00024 1.52172e-10 0)
(1.00024 1.3013e-10 0)
(1.00024 1.11204e-10 0)
(1.00024 9.49982e-11 0)
(1.00024 8.11789e-11 0)
(1.00024 6.94696e-11 0)
(1.00024 5.95518e-11 0)
(1.00024 5.11507e-11 0)
(1.00024 4.39568e-11 0)
(1.00024 3.77112e-11 0)
(1.00024 3.22728e-11 0)
(1.00024 2.75118e-11 0)
(1.00024 2.33788e-11 0)
(1.00024 1.98654e-11 0)
(1.00024 1.69113e-11 0)
(1.00024 1.44728e-11 0)
(1.00024 1.24447e-11 0)
(1.00024 1.07323e-11 0)
(1.00024 9.24378e-12 0)
(1.00024 7.89455e-12 0)
(1.00024 6.66882e-12 0)
(1.00024 5.5517e-12 0)
(1.00024 4.55137e-12 0)
(1.00024 3.67987e-12 0)
(1.00024 2.96121e-12 0)
(1.00024 2.38603e-12 0)
(1.00024 1.95364e-12 0)
(1.00024 1.64089e-12 0)
(1.00024 1.4237e-12 0)
(1.00024 1.25307e-12 0)
(1.00024 1.12308e-12 0)
(1.00024 1.02789e-12 0)
(1.00024 9.4621e-13 0)
(1.00024 8.85086e-13 0)
(1.00024 8.31261e-13 0)
(1.00024 8.1162e-13 0)
(1.00024 8.07899e-13 0)
(1.00024 8.24129e-13 0)
(1.00024 8.64573e-13 0)
(1.00024 9.28201e-13 0)
(1.00024 1.02234e-12 0)
(1.00024 1.12977e-12 0)
(1.00024 1.25079e-12 0)
(1.00024 1.37857e-12 0)
(1.00024 1.49435e-12 0)
(1.00024 1.60333e-12 0)
(1.00024 1.68753e-12 0)
(1.00024 1.73859e-12 0)
(1.00024 1.7481e-12 0)
(1.00024 1.70608e-12 0)
(1.00024 1.61525e-12 0)
(1.00024 1.47251e-12 0)
(1.00024 1.28583e-12 0)
(1.00024 1.03408e-12 0)
(1.00024 7.45369e-13 0)
(1.00024 4.35233e-13 0)
(1.00024 1.15113e-13 0)
(1.00024 -2.0865e-13 0)
(1.00024 -5.21756e-13 0)
(1.00024 -7.9963e-13 0)
(1.00024 -1.01415e-12 0)
(1.00024 -1.17891e-12 0)
(1.00024 -1.26561e-12 0)
(1.00024 -1.27728e-12 0)
(1.00024 -1.22284e-12 0)
(1.00024 -1.07927e-12 0)
(1.00024 -9.00498e-13 0)
(1.00024 -6.94898e-13 0)
(1.00024 -4.70153e-13 0)
(1.00024 -2.48979e-13 0)
(1.00024 -5.94949e-14 0)
(1.00024 1.02344e-13 0)
(1.00024 2.16557e-13 0)
(1.00024 2.93955e-13 0)
(1.00024 3.54509e-13 0)
(1.00024 3.38062e-13 0)
(1.00024 2.93021e-13 0)
(1.00024 2.8631e-13 0)
(1.00024 2.21525e-13 0)
(1.00024 1.52006e-13 0)
(1.00024 1.14748e-13 0)
(1.00024 6.2257e-14 0)
(1.00024 5.34377e-14 0)
(1.00024 1.20053e-14 0)
(1.00024 -3.86495e-15 0)
(1.00024 6.70421e-16 0)
(1.00024 -1.11187e-14 0)
(1.00024 -4.21807e-14 0)
(1.00024 -3.69348e-14 0)
(1.00024 -4.00919e-14 0)
(1.00024 -4.3541e-14 0)
(1.00024 -6.07204e-14 0)
(1.00024 -1.1131e-13 0)
(1.00024 -7.32182e-14 0)
(1.00024 -1.21002e-13 0)
(1.00024 -1.45217e-13 0)
(1.00024 -7.23347e-14 0)
(1.00024 -9.84385e-14 0)
(1.00024 -6.33353e-14 0)
(1.00024 -5.93718e-14 0)
(1.00024 -1.8932e-14 0)
(1 8.88591e-06 0)
(1 2.53406e-05 0)
(1.00001 3.98625e-05 0)
(1.00002 5.59279e-05 0)
(1.00003 7.40982e-05 0)
(1.00004 9.07709e-05 0)
(1.00006 0.00010212 0)
(1.00008 0.000106849 0)
(1.0001 0.000105952 0)
(1.00012 0.000101277 0)
(1.00013 9.44842e-05 0)
(1.00015 8.67182e-05 0)
(1.00016 7.86722e-05 0)
(1.00017 7.07439e-05 0)
(1.00018 6.31604e-05 0)
(1.00019 5.60513e-05 0)
(1.0002 4.94868e-05 0)
(1.0002 4.34976e-05 0)
(1.00021 3.80874e-05 0)
(1.00021 3.32403e-05 0)
(1.00022 2.89278e-05 0)
(1.00022 2.51135e-05 0)
(1.00022 2.17564e-05 0)
(1.00022 1.88142e-05 0)
(1.00023 1.62448e-05 0)
(1.00023 1.40076e-05 0)
(1.00023 1.20648e-05 0)
(1.00023 1.03814e-05 0)
(1.00023 8.92531e-06 0)
(1.00023 7.66796e-06 0)
(1.00023 6.58367e-06 0)
(1.00023 5.6497e-06 0)
(1.00023 4.84602e-06 0)
(1.00023 4.15504e-06 0)
(1.00023 3.56139e-06 0)
(1.00023 3.05167e-06 0)
(1.00023 2.61426e-06 0)
(1.00023 2.23906e-06 0)
(1.00024 1.91736e-06 0)
(1.00024 1.64162e-06 0)
(1.00024 1.40535e-06 0)
(1.00024 1.20294e-06 0)
(1.00024 1.02958e-06 0)
(1.00024 8.81125e-07 0)
(1.00024 7.54021e-07 0)
(1.00024 6.4521e-07 0)
(1.00024 5.52071e-07 0)
(1.00024 4.72355e-07 0)
(1.00024 4.04133e-07 0)
(1.00024 3.45752e-07 0)
(1.00024 2.95796e-07 0)
(1.00024 2.53051e-07 0)
(1.00024 2.16478e-07 0)
(1.00024 1.85187e-07 0)
(1.00024 1.58417e-07 0)
(1.00024 1.35514e-07 0)
(1.00024 1.15921e-07 0)
(1.00024 9.91601e-08 0)
(1.00024 8.48216e-08 0)
(1.00024 7.25558e-08 0)
(1.00024 6.20635e-08 0)
(1.00024 5.30883e-08 0)
(1.00024 4.54108e-08 0)
(1.00024 3.88433e-08 0)
(1.00024 3.32253e-08 0)
(1.00024 2.84198e-08 0)
(1.00024 2.43093e-08 0)
(1.00024 2.07934e-08 0)
(1.00024 1.7786e-08 0)
(1.00024 1.52136e-08 0)
(1.00024 1.3013e-08 0)
(1.00024 1.11307e-08 0)
(1.00024 9.52061e-09 0)
(1.00024 8.14348e-09 0)
(1.00024 6.96565e-09 0)
(1.00024 5.95828e-09 0)
(1.00024 5.0966e-09 0)
(1.00024 4.35951e-09 0)
(1.00024 3.72894e-09 0)
(1.00024 3.18951e-09 0)
(1.00024 2.7281e-09 0)
(1.00024 2.33348e-09 0)
(1.00024 1.99599e-09 0)
(1.00024 1.70736e-09 0)
(1.00024 1.46048e-09 0)
(1.00024 1.24931e-09 0)
(1.00024 1.06867e-09 0)
(1.00024 9.14159e-10 0)
(1.00024 7.81998e-10 0)
(1.00024 6.68953e-10 0)
(1.00024 5.72246e-10 0)
(1.00024 4.89471e-10 0)
(1.00024 4.18625e-10 0)
(1.00024 3.57998e-10 0)
(1.00024 3.0617e-10 0)
(1.00024 2.61914e-10 0)
(1.00024 2.24099e-10 0)
(1.00024 1.91799e-10 0)
(1.00024 1.64147e-10 0)
(1.00024 1.40403e-10 0)
(1.00024 1.20023e-10 0)
(1.00024 1.02518e-10 0)
(1.00024 8.75639e-11 0)
(1.00024 7.4855e-11 0)
(1.00024 6.41091e-11 0)
(1.00024 5.50192e-11 0)
(1.00024 4.72622e-11 0)
(1.00024 4.06139e-11 0)
(1.00024 3.4824e-11 0)
(1.00024 2.97433e-11 0)
(1.00024 2.53291e-11 0)
(1.00024 2.15175e-11 0)
(1.00024 1.83093e-11 0)
(1.00024 1.56435e-11 0)
(1.00024 1.34316e-11 0)
(1.00024 1.16078e-11 0)
(1.00024 1.00345e-11 0)
(1.00024 8.65512e-12 0)
(1.00024 7.38942e-12 0)
(1.00024 6.2287e-12 0)
(1.00024 5.1707e-12 0)
(1.00024 4.23942e-12 0)
(1.00024 3.44405e-12 0)
(1.00024 2.80107e-12 0)
(1.00024 2.29646e-12 0)
(1.00024 1.91581e-12 0)
(1.00024 1.65493e-12 0)
(1.00024 1.44841e-12 0)
(1.00024 1.30392e-12 0)
(1.00024 1.18714e-12 0)
(1.00024 1.08696e-12 0)
(1.00024 1.00838e-12 0)
(1.00024 9.55155e-13 0)
(1.00024 9.21573e-13 0)
(1.00024 8.95215e-13 0)
(1.00024 8.92914e-13 0)
(1.00024 9.10575e-13 0)
(1.00024 9.493e-13 0)
(1.00024 1.00687e-12 0)
(1.00024 1.07334e-12 0)
(1.00024 1.15652e-12 0)
(1.00024 1.25738e-12 0)
(1.00024 1.36329e-12 0)
(1.00024 1.45812e-12 0)
(1.00024 1.54732e-12 0)
(1.00024 1.62224e-12 0)
(1.00024 1.65567e-12 0)
(1.00024 1.654e-12 0)
(1.00024 1.61569e-12 0)
(1.00024 1.51358e-12 0)
(1.00024 1.37612e-12 0)
(1.00024 1.17789e-12 0)
(1.00024 9.30971e-13 0)
(1.00024 6.77806e-13 0)
(1.00024 3.71138e-13 0)
(1.00024 7.72959e-14 0)
(1.00024 -2.18903e-13 0)
(1.00024 -5.00333e-13 0)
(1.00024 -7.42877e-13 0)
(1.00024 -9.36208e-13 0)
(1.00024 -1.07465e-12 0)
(1.00024 -1.15389e-12 0)
(1.00024 -1.14755e-12 0)
(1.00024 -1.09062e-12 0)
(1.00024 -9.73993e-13 0)
(1.00024 -8.13195e-13 0)
(1.00024 -6.27348e-13 0)
(1.00024 -4.29904e-13 0)
(1.00024 -2.34284e-13 0)
(1.00024 -7.15028e-14 0)
(1.00024 7.49747e-14 0)
(1.00024 1.80542e-13 0)
(1.00024 2.33131e-13 0)
(1.00024 2.81246e-13 0)
(1.00024 2.82324e-13 0)
(1.00024 2.41028e-13 0)
(1.00024 2.31819e-13 0)
(1.00024 2.12252e-13 0)
(1.00024 1.42557e-13 0)
(1.00024 1.24898e-13 0)
(1.00024 1.06796e-13 0)
(1.00024 7.46919e-14 0)
(1.00024 7.68696e-14 0)
(1.00024 4.13912e-14 0)
(1.00024 4.72215e-14 0)
(1.00024 4.40176e-14 0)
(1.00024 2.22229e-14 0)
(1.00024 -3.21406e-16 0)
(1.00024 -3.65585e-14 0)
(1.00024 -3.61519e-14 0)
(1.00024 -4.74907e-14 0)
(1.00024 -6.73519e-14 0)
(1.00024 -9.50149e-14 0)
(1.00024 -9.8014e-14 0)
(1.00024 -8.24438e-14 0)
(1.00024 -9.25317e-14 0)
(1.00024 -1.24409e-13 0)
(1.00024 -9.53004e-14 0)
(1.00024 -8.03731e-14 0)
(1.00024 -2.01648e-14 0)
(1 7.30333e-06 0)
(1 2.08381e-05 0)
(1.00001 3.28078e-05 0)
(1.00002 4.6083e-05 0)
(1.00003 6.11418e-05 0)
(1.00004 7.50369e-05 0)
(1.00006 8.46197e-05 0)
(1.00008 8.87969e-05 0)
(1.00009 8.83535e-05 0)
(1.00011 8.47817e-05 0)
(1.00013 7.94287e-05 0)
(1.00014 7.32237e-05 0)
(1.00015 6.67296e-05 0)
(1.00016 6.02728e-05 0)
(1.00017 5.40446e-05 0)
(1.00018 4.81593e-05 0)
(1.00019 4.26839e-05 0)
(1.0002 3.76534e-05 0)
(1.0002 3.30795e-05 0)
(1.00021 2.89573e-05 0)
(1.00021 2.52699e-05 0)
(1.00022 2.19923e-05 0)
(1.00022 1.90949e-05 0)
(1.00022 1.65454e-05 0)
(1.00022 1.4311e-05 0)
(1.00022 1.23595e-05 0)
(1.00023 1.06599e-05 0)
(1.00023 9.18363e-06 0)
(1.00023 7.90397e-06 0)
(1.00023 6.79683e-06 0)
(1.00023 5.84048e-06 0)
(1.00023 5.01551e-06 0)
(1.00023 4.30471e-06 0)
(1.00023 3.6929e-06 0)
(1.00023 3.16676e-06 0)
(1.00023 2.71462e-06 0)
(1.00023 2.32634e-06 0)
(1.00023 1.99307e-06 0)
(1.00023 1.70717e-06 0)
(1.00024 1.46199e-06 0)
(1.00024 1.25182e-06 0)
(1.00024 1.0717e-06 0)
(1.00024 9.17391e-07 0)
(1.00024 7.85214e-07 0)
(1.00024 6.72019e-07 0)
(1.00024 5.75097e-07 0)
(1.00024 4.92119e-07 0)
(1.00024 4.21089e-07 0)
(1.00024 3.60294e-07 0)
(1.00024 3.08262e-07 0)
(1.00024 2.63734e-07 0)
(1.00024 2.25631e-07 0)
(1.00024 1.93028e-07 0)
(1.00024 1.65131e-07 0)
(1.00024 1.41264e-07 0)
(1.00024 1.20844e-07 0)
(1.00024 1.03374e-07 0)
(1.00024 8.84284e-08 0)
(1.00024 7.56427e-08 0)
(1.00024 6.47052e-08 0)
(1.00024 5.53487e-08 0)
(1.00024 4.73449e-08 0)
(1.00024 4.04982e-08 0)
(1.00024 3.46413e-08 0)
(1.00024 2.96312e-08 0)
(1.00024 2.53457e-08 0)
(1.00024 2.168e-08 0)
(1.00024 1.85445e-08 0)
(1.00024 1.58625e-08 0)
(1.00024 1.35682e-08 0)
(1.00024 1.16056e-08 0)
(1.00024 9.92684e-09 0)
(1.00024 8.49093e-09 0)
(1.00024 7.26283e-09 0)
(1.00024 6.21247e-09 0)
(1.00024 5.31408e-09 0)
(1.00024 4.54557e-09 0)
(1.00024 3.88813e-09 0)
(1.00024 3.32568e-09 0)
(1.00024 2.84454e-09 0)
(1.00024 2.43302e-09 0)
(1.00024 2.0811e-09 0)
(1.00024 1.78015e-09 0)
(1.00024 1.5228e-09 0)
(1.00024 1.30265e-09 0)
(1.00024 1.11436e-09 0)
(1.00024 9.5327e-10 0)
(1.00024 8.15455e-10 0)
(1.00024 6.97575e-10 0)
(1.00024 5.96708e-10 0)
(1.00024 5.10402e-10 0)
(1.00024 4.36514e-10 0)
(1.00024 3.73287e-10 0)
(1.00024 3.19221e-10 0)
(1.00024 2.73009e-10 0)
(1.00024 2.33571e-10 0)
(1.00024 1.99888e-10 0)
(1.00024 1.71077e-10 0)
(1.00024 1.46393e-10 0)
(1.00024 1.25172e-10 0)
(1.00024 1.06952e-10 0)
(1.00024 9.13369e-11 0)
(1.00024 7.80133e-11 0)
(1.00024 6.6732e-11 0)
(1.00024 5.71843e-11 0)
(1.00024 4.91078e-11 0)
(1.00024 4.2213e-11 0)
(1.00024 3.62362e-11 0)
(1.00024 3.10303e-11 0)
(1.00024 2.64729e-11 0)
(1.00024 2.25208e-11 0)
(1.00024 1.91466e-11 0)
(1.00024 1.63175e-11 0)
(1.00024 1.40022e-11 0)
(1.00024 1.20797e-11 0)
(1.00024 1.04698e-11 0)
(1.00024 9.079e-12 0)
(1.00024 7.8291e-12 0)
(1.00024 6.6799e-12 0)
(1.00024 5.61999e-12 0)
(1.00024 4.66537e-12 0)
(1.00024 3.83888e-12 0)
(1.00024 3.14943e-12 0)
(1.00024 2.59829e-12 0)
(1.00024 2.18089e-12 0)
(1.00024 1.86984e-12 0)
(1.00024 1.64718e-12 0)
(1.00024 1.47112e-12 0)
(1.00024 1.33141e-12 0)
(1.00024 1.21738e-12 0)
(1.00024 1.12675e-12 0)
(1.00024 1.064e-12 0)
(1.00024 1.01129e-12 0)
(1.00024 9.91118e-13 0)
(1.00024 9.77115e-13 0)
(1.00024 9.80237e-13 0)
(1.00024 1.00203e-12 0)
(1.00024 1.02535e-12 0)
(1.00024 1.07248e-12 0)
(1.00024 1.11325e-12 0)
(1.00024 1.1702e-12 0)
(1.00024 1.2417e-12 0)
(1.00024 1.31722e-12 0)
(1.00024 1.39857e-12 0)
(1.00024 1.46053e-12 0)
(1.00024 1.51298e-12 0)
(1.00024 1.54211e-12 0)
(1.00024 1.52976e-12 0)
(1.00024 1.48655e-12 0)
(1.00024 1.37806e-12 0)
(1.00024 1.23709e-12 0)
(1.00024 1.04913e-12 0)
(1.00024 8.14829e-13 0)
(1.00024 5.81882e-13 0)
(1.00024 3.15569e-13 0)
(1.00024 4.50037e-14 0)
(1.00024 -2.14526e-13 0)
(1.00024 -4.55351e-13 0)
(1.00024 -6.62841e-13 0)
(1.00024 -8.3258e-13 0)
(1.00024 -9.44581e-13 0)
(1.00024 -9.95932e-13 0)
(1.00024 -9.86938e-13 0)
(1.00024 -9.27133e-13 0)
(1.00024 -8.39067e-13 0)
(1.00024 -7.07127e-13 0)
(1.00024 -5.46174e-13 0)
(1.00024 -3.76402e-13 0)
(1.00024 -2.28949e-13 0)
(1.00024 -9.96862e-14 0)
(1.00024 3.67506e-14 0)
(1.00024 1.22611e-13 0)
(1.00024 1.56586e-13 0)
(1.00024 2.01779e-13 0)
(1.00024 2.15101e-13 0)
(1.00024 1.8385e-13 0)
(1.00024 1.61297e-13 0)
(1.00024 1.7148e-13 0)
(1.00024 1.46688e-13 0)
(1.00024 1.13433e-13 0)
(1.00024 1.33363e-13 0)
(1.00024 1.14757e-13 0)
(1.00024 1.32497e-13 0)
(1.00024 1.09853e-13 0)
(1.00024 1.01502e-13 0)
(1.00024 1.14002e-13 0)
(1.00024 8.74458e-14 0)
(1.00024 6.88931e-14 0)
(1.00024 6.44259e-14 0)
(1.00024 2.64213e-14 0)
(1.00024 -5.00582e-14 0)
(1.00024 -5.01457e-14 0)
(1.00024 -8.52179e-14 0)
(1.00024 -1.36637e-13 0)
(1.00024 -1.28008e-13 0)
(1.00024 -1.29241e-13 0)
(1.00024 -9.79201e-14 0)
(1.00024 -5.96454e-15 0)
(1.00024 -7.00459e-14 0)
(1.00024 -5.62376e-14 0)
(1 5.83743e-06 0)
(1 1.6662e-05 0)
(1.00001 2.62498e-05 0)
(1.00002 3.6904e-05 0)
(1.00003 4.90166e-05 0)
(1.00004 6.024e-05 0)
(1.00005 6.80551e-05 0)
(1.00007 7.15759e-05 0)
(1.00009 7.14098e-05 0)
(1.0001 6.87324e-05 0)
(1.00012 6.4608e-05 0)
(1.00013 5.9771e-05 0)
(1.00015 5.46664e-05 0)
(1.00016 4.9554e-05 0)
(1.00017 4.45888e-05 0)
(1.00018 3.98662e-05 0)
(1.00019 3.54455e-05 0)
(1.00019 3.13606e-05 0)
(1.0002 2.76265e-05 0)
(1.0002 2.42446e-05 0)
(1.00021 2.12058e-05 0)
(1.00021 1.84936e-05 0)
(1.00022 1.6087e-05 0)
(1.00022 1.39624e-05 0)
(1.00022 1.20949e-05 0)
(1.00022 1.04593e-05 0)
(1.00023 9.03168e-06 0)
(1.00023 7.78891e-06 0)
(1.00023 6.70969e-06 0)
(1.00023 5.77444e-06 0)
(1.00023 4.96542e-06 0)
(1.00023 4.26665e-06 0)
(1.00023 3.66394e-06 0)
(1.00023 3.14466e-06 0)
(1.00023 2.69772e-06 0)
(1.00023 2.31336e-06 0)
(1.00023 1.98308e-06 0)
(1.00023 1.69944e-06 0)
(1.00023 1.45599e-06 0)
(1.00023 1.24713e-06 0)
(1.00024 1.06803e-06 0)
(1.00024 9.14495e-07 0)
(1.00024 7.82919e-07 0)
(1.00024 6.70191e-07 0)
(1.00024 5.73633e-07 0)
(1.00024 4.90941e-07 0)
(1.00024 4.20136e-07 0)
(1.00024 3.59518e-07 0)
(1.00024 3.07628e-07 0)
(1.00024 2.63214e-07 0)
(1.00024 2.25202e-07 0)
(1.00024 1.92672e-07 0)
(1.00024 1.64836e-07 0)
(1.00024 1.41018e-07 0)
(1.00024 1.20638e-07 0)
(1.00024 1.03202e-07 0)
(1.00024 8.82838e-08 0)
(1.00024 7.5521e-08 0)
(1.00024 6.46024e-08 0)
(1.00024 5.52618e-08 0)
(1.00024 4.72713e-08 0)
(1.00024 4.04357e-08 0)
(1.00024 3.45883e-08 0)
(1.00024 2.95862e-08 0)
(1.00024 2.53074e-08 0)
(1.00024 2.16474e-08 0)
(1.00024 1.85168e-08 0)
(1.00024 1.58389e-08 0)
(1.00024 1.35481e-08 0)
(1.00024 1.15885e-08 0)
(1.00024 9.91228e-09 0)
(1.00024 8.47846e-09 0)
(1.00024 7.25214e-09 0)
(1.00024 6.2033e-09 0)
(1.00024 5.30625e-09 0)
(1.00024 4.53893e-09 0)
(1.00024 3.88249e-09 0)
(1.00024 3.3209e-09 0)
(1.00024 2.84044e-09 0)
(1.00024 2.42948e-09 0)
(1.00024 2.07802e-09 0)
(1.00024 1.7775e-09 0)
(1.00024 1.52051e-09 0)
(1.00024 1.30074e-09 0)
(1.00024 1.11275e-09 0)
(1.00024 9.51913e-10 0)
(1.00024 8.14318e-10 0)
(1.00024 6.96601e-10 0)
(1.00024 5.95891e-10 0)
(1.00024 5.09715e-10 0)
(1.00024 4.3595e-10 0)
(1.00024 3.7281e-10 0)
(1.00024 3.18782e-10 0)
(1.00024 2.72595e-10 0)
(1.00024 2.33164e-10 0)
(1.00024 1.99491e-10 0)
(1.00024 1.70739e-10 0)
(1.00024 1.46136e-10 0)
(1.00024 1.25008e-10 0)
(1.00024 1.06857e-10 0)
(1.00024 9.12634e-11 0)
(1.00024 7.79136e-11 0)
(1.00024 6.65628e-11 0)
(1.00024 5.69744e-11 0)
(1.00024 4.88751e-11 0)
(1.00024 4.19829e-11 0)
(1.00024 3.60794e-11 0)
(1.00024 3.09494e-11 0)
(1.00024 2.64547e-11 0)
(1.00024 2.25461e-11 0)
(1.00024 1.91576e-11 0)
(1.00024 1.63194e-11 0)
(1.00024 1.39658e-11 0)
(1.00024 1.2032e-11 0)
(1.00024 1.04445e-11 0)
(1.00024 9.0768e-12 0)
(1.00024 7.88167e-12 0)
(1.00024 6.79309e-12 0)
(1.00024 5.78858e-12 0)
(1.00024 4.87506e-12 0)
(1.00024 4.06821e-12 0)
(1.00024 3.37413e-12 0)
(1.00024 2.81504e-12 0)
(1.00024 2.37385e-12 0)
(1.00024 2.04979e-12 0)
(1.00024 1.81956e-12 0)
(1.00024 1.62933e-12 0)
(1.00024 1.48233e-12 0)
(1.00024 1.36175e-12 0)
(1.00024 1.25343e-12 0)
(1.00024 1.15529e-12 0)
(1.00024 1.10431e-12 0)
(1.00024 1.07378e-12 0)
(1.00024 1.05275e-12 0)
(1.00024 1.05314e-12 0)
(1.00024 1.06764e-12 0)
(1.00024 1.08379e-12 0)
(1.00024 1.10443e-12 0)
(1.00024 1.12061e-12 0)
(1.00024 1.14036e-12 0)
(1.00024 1.17132e-12 0)
(1.00024 1.21565e-12 0)
(1.00024 1.26676e-12 0)
(1.00024 1.31497e-12 0)
(1.00024 1.35667e-12 0)
(1.00024 1.39473e-12 0)
(1.00024 1.39922e-12 0)
(1.00024 1.37968e-12 0)
(1.00024 1.32615e-12 0)
(1.00024 1.21268e-12 0)
(1.00024 1.07167e-12 0)
(1.00024 8.87348e-13 0)
(1.00024 7.01227e-13 0)
(1.00024 4.74675e-13 0)
(1.00024 2.39576e-13 0)
(1.00024 2.252e-14 0)
(1.00024 -1.88987e-13 0)
(1.00024 -3.94477e-13 0)
(1.00024 -5.63263e-13 0)
(1.00024 -6.89148e-13 0)
(1.00024 -7.89044e-13 0)
(1.00024 -8.15569e-13 0)
(1.00024 -8.15966e-13 0)
(1.00024 -7.83235e-13 0)
(1.00024 -6.95265e-13 0)
(1.00024 -5.84912e-13 0)
(1.00024 -4.66584e-13 0)
(1.00024 -3.28954e-13 0)
(1.00024 -2.09351e-13 0)
(1.00024 -1.14763e-13 0)
(1.00024 -2.0498e-14 0)
(1.00024 4.61951e-14 0)
(1.00024 7.26169e-14 0)
(1.00024 1.08226e-13 0)
(1.00024 1.41783e-13 0)
(1.00024 1.34199e-13 0)
(1.00024 1.30052e-13 0)
(1.00024 1.42197e-13 0)
(1.00024 1.40792e-13 0)
(1.00024 1.33412e-13 0)
(1.00024 1.44118e-13 0)
(1.00024 1.67847e-13 0)
(1.00024 1.89954e-13 0)
(1.00024 1.91549e-13 0)
(1.00024 1.85622e-13 0)
(1.00024 1.79433e-13 0)
(1.00024 1.71419e-13 0)
(1.00024 1.23113e-13 0)
(1.00024 8.01413e-14 0)
(1.00024 3.85009e-14 0)
(1.00024 5.99912e-15 0)
(1.00024 -1.56713e-15 0)
(1.00024 -7.15366e-14 0)
(1.00024 -7.08285e-14 0)
(1.00024 -8.2513e-14 0)
(1.00024 -1.0804e-13 0)
(1.00024 -1.44461e-13 0)
(1.00024 -1.09876e-13 0)
(1.00024 -7.12792e-14 0)
(1.00024 -3.38603e-14 0)
(1 4.45851e-06 0)
(1 1.27297e-05 0)
(1.00001 2.00645e-05 0)
(1.00001 2.82268e-05 0)
(1.00002 3.75218e-05 0)
(1.00004 4.61607e-05 0)
(1.00005 5.2219e-05 0)
(1.00007 5.50134e-05 0)
(1.00008 5.49977e-05 0)
(1.0001 5.30593e-05 0)
(1.00012 5.00035e-05 0)
(1.00013 4.63856e-05 0)
(1.00014 4.25425e-05 0)
(1.00015 3.86714e-05 0)
(1.00016 3.48913e-05 0)
(1.00017 3.12777e-05 0)
(1.00018 2.78786e-05 0)
(1.00019 2.47232e-05 0)
(1.0002 2.18268e-05 0)
(1.0002 1.91931e-05 0)
(1.00021 1.68181e-05 0)
(1.00021 1.46914e-05 0)
(1.00021 1.27988e-05 0)
(1.00022 1.11234e-05 0)
(1.00022 9.64719e-06 0)
(1.00022 8.35161e-06 0)
(1.00022 7.2185e-06 0)
(1.00023 6.23046e-06 0)
(1.00023 5.37116e-06 0)
(1.00023 4.62551e-06 0)
(1.00023 3.97973e-06 0)
(1.00023 3.42139e-06 0)
(1.00023 2.93936e-06 0)
(1.00023 2.52374e-06 0)
(1.00023 2.16577e-06 0)
(1.00023 1.85774e-06 0)
(1.00023 1.59291e-06 0)
(1.00023 1.36537e-06 0)
(1.00023 1.17e-06 0)
(1.00023 1.00233e-06 0)
(1.00023 8.58507e-07 0)
(1.00024 7.35183e-07 0)
(1.00024 6.29474e-07 0)
(1.00024 5.38889e-07 0)
(1.00024 4.61284e-07 0)
(1.00024 3.94815e-07 0)
(1.00024 3.37894e-07 0)
(1.00024 2.89157e-07 0)
(1.00024 2.47433e-07 0)
(1.00024 2.11718e-07 0)
(1.00024 1.81149e-07 0)
(1.00024 1.54987e-07 0)
(1.00024 1.32598e-07 0)
(1.00024 1.13441e-07 0)
(1.00024 9.70483e-08 0)
(1.00024 8.30228e-08 0)
(1.00024 7.10227e-08 0)
(1.00024 6.07559e-08 0)
(1.00024 5.19725e-08 0)
(1.00024 4.44584e-08 0)
(1.00024 3.80302e-08 0)
(1.00024 3.25311e-08 0)
(1.00024 2.78268e-08 0)
(1.00024 2.38027e-08 0)
(1.00024 2.03604e-08 0)
(1.00024 1.7416e-08 0)
(1.00024 1.48974e-08 0)
(1.00024 1.2743e-08 0)
(1.00024 1.09e-08 0)
(1.00024 9.3234e-09 0)
(1.00024 7.97478e-09 0)
(1.00024 6.82126e-09 0)
(1.00024 5.83472e-09 0)
(1.00024 4.99096e-09 0)
(1.00024 4.26928e-09 0)
(1.00024 3.65191e-09 0)
(1.00024 3.12372e-09 0)
(1.00024 2.67181e-09 0)
(1.00024 2.28523e-09 0)
(1.00024 1.9546e-09 0)
(1.00024 1.67188e-09 0)
(1.00024 1.43015e-09 0)
(1.00024 1.22345e-09 0)
(1.00024 1.04665e-09 0)
(1.00024 8.95389e-10 0)
(1.00024 7.6597e-10 0)
(1.00024 6.55243e-10 0)
(1.00024 5.60514e-10 0)
(1.00024 4.7947e-10 0)
(1.00024 4.1012e-10 0)
(1.00024 3.50752e-10 0)
(1.00024 2.99937e-10 0)
(1.00024 2.56462e-10 0)
(1.00024 2.19297e-10 0)
(1.00024 1.87573e-10 0)
(1.00024 1.60504e-10 0)
(1.00024 1.37374e-10 0)
(1.00024 1.17576e-10 0)
(1.00024 1.00558e-10 0)
(1.00024 8.59221e-11 0)
(1.00024 7.33581e-11 0)
(1.00024 6.26279e-11 0)
(1.00024 5.3525e-11 0)
(1.00024 4.58258e-11 0)
(1.00024 3.93438e-11 0)
(1.00024 3.38259e-11 0)
(1.00024 2.90488e-11 0)
(1.00024 2.48888e-11 0)
(1.00024 2.12371e-11 0)
(1.00024 1.80658e-11 0)
(1.00024 1.53553e-11 0)
(1.00024 1.30969e-11 0)
(1.00024 1.12662e-11 0)
(1.00024 9.76599e-12 0)
(1.00024 8.53188e-12 0)
(1.00024 7.4537e-12 0)
(1.00024 6.47552e-12 0)
(1.00024 5.57382e-12 0)
(1.00024 4.73739e-12 0)
(1.00024 3.98071e-12 0)
(1.00024 3.33666e-12 0)
(1.00024 2.81739e-12 0)
(1.00024 2.42006e-12 0)
(1.00024 2.1291e-12 0)
(1.00024 1.90923e-12 0)
(1.00024 1.74977e-12 0)
(1.00024 1.59749e-12 0)
(1.00024 1.46239e-12 0)
(1.00024 1.34058e-12 0)
(1.00024 1.24269e-12 0)
(1.00024 1.16522e-12 0)
(1.00024 1.10862e-12 0)
(1.00024 1.1005e-12 0)
(1.00024 1.10931e-12 0)
(1.00024 1.12191e-12 0)
(1.00024 1.14167e-12 0)
(1.00024 1.15324e-12 0)
(1.00024 1.16554e-12 0)
(1.00024 1.16454e-12 0)
(1.00024 1.156e-12 0)
(1.00024 1.15784e-12 0)
(1.00024 1.168e-12 0)
(1.00024 1.18785e-12 0)
(1.00024 1.20335e-12 0)
(1.00024 1.2256e-12 0)
(1.00024 1.2443e-12 0)
(1.00024 1.23037e-12 0)
(1.00024 1.19489e-12 0)
(1.00024 1.12262e-12 0)
(1.00024 1.01548e-12 0)
(1.00024 8.86852e-13 0)
(1.00024 7.15474e-13 0)
(1.00024 5.45693e-13 0)
(1.00024 3.65335e-13 0)
(1.00024 1.76498e-13 0)
(1.00024 -4.52679e-15 0)
(1.00024 -1.61772e-13 0)
(1.00024 -3.08618e-13 0)
(1.00024 -4.3514e-13 0)
(1.00024 -5.2238e-13 0)
(1.00024 -5.82956e-13 0)
(1.00024 -6.11448e-13 0)
(1.00024 -6.08567e-13 0)
(1.00024 -5.86748e-13 0)
(1.00024 -5.30058e-13 0)
(1.00024 -4.52649e-13 0)
(1.00024 -3.73894e-13 0)
(1.00024 -2.84992e-13 0)
(1.00024 -1.89292e-13 0)
(1.00024 -1.26909e-13 0)
(1.00024 -7.98842e-14 0)
(1.00024 -1.36264e-14 0)
(1.00024 7.00084e-15 0)
(1.00024 6.53671e-16 0)
(1.00024 4.98515e-14 0)
(1.00024 6.0471e-14 0)
(1.00024 6.03958e-14 0)
(1.00024 9.77929e-14 0)
(1.00024 1.28474e-13 0)
(1.00024 1.78163e-13 0)
(1.00024 1.7622e-13 0)
(1.00024 2.1181e-13 0)
(1.00024 2.55382e-13 0)
(1.00024 2.56998e-13 0)
(1.00024 2.56465e-13 0)
(1.00024 2.2198e-13 0)
(1.00024 2.33769e-13 0)
(1.00024 1.89397e-13 0)
(1.00024 1.35124e-13 0)
(1.00024 1.16688e-13 0)
(1.00024 1.06805e-15 0)
(1.00024 -2.42469e-14 0)
(1.00024 -2.46887e-14 0)
(1.00024 -1.05962e-13 0)
(1.00024 -9.37395e-14 0)
(1.00024 -8.35625e-14 0)
(1.00024 -1.04535e-13 0)
(1.00024 -5.40063e-14 0)
(1.00024 -7.05914e-14 0)
(1.00024 -5.4954e-14 0)
(1 3.1425e-06 0)
(1 8.97413e-06 0)
(1.00001 1.41498e-05 0)
(1.00001 1.99153e-05 0)
(1.00002 2.64886e-05 0)
(1.00004 3.26111e-05 0)
(1.00005 3.6926e-05 0)
(1.00007 3.89489e-05 0)
(1.00008 3.89949e-05 0)
(1.0001 3.76841e-05 0)
(1.00011 3.55801e-05 0)
(1.00013 3.30711e-05 0)
(1.00014 3.03929e-05 0)
(1.00015 2.76837e-05 0)
(1.00016 2.50277e-05 0)
(1.00017 2.2479e-05 0)
(1.00018 2.0073e-05 0)
(1.00019 1.78319e-05 0)
(1.00019 1.57682e-05 0)
(1.0002 1.38863e-05 0)
(1.0002 1.21846e-05 0)
(1.00021 1.06571e-05 0)
(1.00021 9.29465e-06 0)
(1.00022 8.08618e-06 0)
(1.00022 7.01941e-06 0)
(1.00022 6.08166e-06 0)
(1.00022 5.26032e-06 0)
(1.00022 4.54321e-06 0)
(1.00023 3.91882e-06 0)
(1.00023 3.37647e-06 0)
(1.00023 2.90634e-06 0)
(1.00023 2.49955e-06 0)
(1.00023 2.14812e-06 0)
(1.00023 1.84492e-06 0)
(1.00023 1.58363e-06 0)
(1.00023 1.3587e-06 0)
(1.00023 1.16524e-06 0)
(1.00023 9.98956e-07 0)
(1.00023 8.56139e-07 0)
(1.00023 7.33543e-07 0)
(1.00023 6.28355e-07 0)
(1.00023 5.38144e-07 0)
(1.00024 4.60803e-07 0)
(1.00024 3.94519e-07 0)
(1.00024 3.37726e-07 0)
(1.00024 2.89076e-07 0)
(1.00024 2.47411e-07 0)
(1.00024 2.11733e-07 0)
(1.00024 1.81187e-07 0)
(1.00024 1.55039e-07 0)
(1.00024 1.32656e-07 0)
(1.00024 1.135e-07 0)
(1.00024 9.71068e-08 0)
(1.00024 8.30783e-08 0)
(1.00024 7.10744e-08 0)
(1.00024 6.08033e-08 0)
(1.00024 5.20153e-08 0)
(1.00024 4.44966e-08 0)
(1.00024 3.80641e-08 0)
(1.00024 3.2561e-08 0)
(1.00024 2.78532e-08 0)
(1.00024 2.38257e-08 0)
(1.00024 2.03804e-08 0)
(1.00024 1.74332e-08 0)
(1.00024 1.49122e-08 0)
(1.00024 1.27558e-08 0)
(1.00024 1.09112e-08 0)
(1.00024 9.33323e-09 0)
(1.00024 7.98335e-09 0)
(1.00024 6.82863e-09 0)
(1.00024 5.84091e-09 0)
(1.00024 4.99612e-09 0)
(1.00024 4.27361e-09 0)
(1.00024 3.65565e-09 0)
(1.00024 3.12705e-09 0)
(1.00024 2.67483e-09 0)
(1.00024 2.28792e-09 0)
(1.00024 1.95691e-09 0)
(1.00024 1.67378e-09 0)
(1.00024 1.43166e-09 0)
(1.00024 1.22464e-09 0)
(1.00024 1.04762e-09 0)
(1.00024 8.9623e-10 0)
(1.00024 7.66713e-10 0)
(1.00024 6.55889e-10 0)
(1.00024 5.61075e-10 0)
(1.00024 4.7996e-10 0)
(1.00024 4.10583e-10 0)
(1.00024 3.51225e-10 0)
(1.00024 3.00423e-10 0)
(1.00024 2.56929e-10 0)
(1.00024 2.19686e-10 0)
(1.00024 1.87825e-10 0)
(1.00024 1.60607e-10 0)
(1.00024 1.37377e-10 0)
(1.00024 1.17553e-10 0)
(1.00024 1.00606e-10 0)
(1.00024 8.60761e-11 0)
(1.00024 7.3589e-11 0)
(1.00024 6.28523e-11 0)
(1.00024 5.3646e-11 0)
(1.00024 4.57989e-11 0)
(1.00024 3.91565e-11 0)
(1.00024 3.35546e-11 0)
(1.00024 2.88127e-11 0)
(1.00024 2.47673e-11 0)
(1.00024 2.12624e-11 0)
(1.00024 1.81893e-11 0)
(1.00024 1.55083e-11 0)
(1.00024 1.31805e-11 0)
(1.00024 1.12291e-11 0)
(1.00024 9.60843e-12 0)
(1.00024 8.30323e-12 0)
(1.00024 7.25444e-12 0)
(1.00024 6.3749e-12 0)
(1.00024 5.60428e-12 0)
(1.00024 4.89707e-12 0)
(1.00024 4.2426e-12 0)
(1.00024 3.63222e-12 0)
(1.00024 3.08818e-12 0)
(1.00024 2.63695e-12 0)
(1.00024 2.28813e-12 0)
(1.00024 2.03219e-12 0)
(1.00024 1.87117e-12 0)
(1.00024 1.75643e-12 0)
(1.00024 1.6593e-12 0)
(1.00024 1.56443e-12 0)
(1.00024 1.46084e-12 0)
(1.00024 1.35666e-12 0)
(1.00024 1.26561e-12 0)
(1.00024 1.2092e-12 0)
(1.00024 1.15872e-12 0)
(1.00024 1.15185e-12 0)
(1.00024 1.16749e-12 0)
(1.00024 1.19455e-12 0)
(1.00024 1.22576e-12 0)
(1.00024 1.23256e-12 0)
(1.00024 1.22529e-12 0)
(1.00024 1.20776e-12 0)
(1.00024 1.17706e-12 0)
(1.00024 1.15195e-12 0)
(1.00024 1.12349e-12 0)
(1.00024 1.10569e-12 0)
(1.00024 1.08955e-12 0)
(1.00024 1.08305e-12 0)
(1.00024 1.07102e-12 0)
(1.00024 1.04703e-12 0)
(1.00024 1.00989e-12 0)
(1.00024 9.13579e-13 0)
(1.00024 8.16102e-13 0)
(1.00024 6.9205e-13 0)
(1.00024 5.41642e-13 0)
(1.00024 3.87081e-13 0)
(1.00024 2.45641e-13 0)
(1.00024 1.15743e-13 0)
(1.00024 -1.62672e-14 0)
(1.00024 -1.42389e-13 0)
(1.00024 -2.31558e-13 0)
(1.00024 -3.01038e-13 0)
(1.00024 -3.73867e-13 0)
(1.00024 -4.10687e-13 0)
(1.00024 -4.28369e-13 0)
(1.00024 -4.18243e-13 0)
(1.00024 -3.95731e-13 0)
(1.00024 -3.67082e-13 0)
(1.00024 -3.22997e-13 0)
(1.00024 -2.80431e-13 0)
(1.00024 -2.39298e-13 0)
(1.00024 -1.98223e-13 0)
(1.00024 -1.58154e-13 0)
(1.00024 -1.42776e-13 0)
(1.00024 -1.03327e-13 0)
(1.00024 -6.25694e-14 0)
(1.00024 -6.86452e-14 0)
(1.00024 -3.12502e-14 0)
(1.00024 -1.05921e-15 0)
(1.00024 1.14023e-14 0)
(1.00024 6.39361e-14 0)
(1.00024 1.0846e-13 0)
(1.00024 1.84401e-13 0)
(1.00024 2.25819e-13 0)
(1.00024 2.50327e-13 0)
(1.00024 2.95114e-13 0)
(1.00024 3.39153e-13 0)
(1.00024 3.50838e-13 0)
(1.00024 3.30068e-13 0)
(1.00024 2.81643e-13 0)
(1.00024 2.727e-13 0)
(1.00024 2.1854e-13 0)
(1.00024 1.44571e-13 0)
(1.00024 1.12915e-13 0)
(1.00024 1.17903e-14 0)
(1.00024 -2.63092e-14 0)
(1.00024 -6.9425e-14 0)
(1.00024 -8.50224e-14 0)
(1.00024 -7.19309e-14 0)
(1.00024 -1.13734e-13 0)
(1.00024 -6.17596e-14 0)
(1.00024 -4.65965e-14 0)
(1.00024 -4.62468e-14 0)
(1 1.86909e-06 0)
(1 5.33829e-06 0)
(1.00001 8.41887e-06 0)
(1.00001 1.18528e-05 0)
(1.00002 1.57709e-05 0)
(1.00003 1.94251e-05 0)
(1.00005 2.20087e-05 0)
(1.00006 2.32324e-05 0)
(1.00008 2.32818e-05 0)
(1.0001 2.2524e-05 0)
(1.00011 2.12922e-05 0)
(1.00012 1.98164e-05 0)
(1.00014 1.82358e-05 0)
(1.00015 1.66325e-05 0)
(1.00016 1.50566e-05 0)
(1.00017 1.35405e-05 0)
(1.00018 1.21059e-05 0)
(1.00018 1.07667e-05 0)
(1.00019 9.53082e-06 0)
(1.0002 8.40163e-06 0)
(1.0002 7.37875e-06 0)
(1.00021 6.45908e-06 0)
(1.00021 5.63758e-06 0)
(1.00021 4.90792e-06 0)
(1.00022 4.26304e-06 0)
(1.00022 3.69553e-06 0)
(1.00022 3.19799e-06 0)
(1.00022 2.76322e-06 0)
(1.00023 2.38437e-06 0)
(1.00023 2.05506e-06 0)
(1.00023 1.76944e-06 0)
(1.00023 1.52218e-06 0)
(1.00023 1.30846e-06 0)
(1.00023 1.12399e-06 0)
(1.00023 9.64976e-07 0)
(1.00023 8.28041e-07 0)
(1.00023 7.10228e-07 0)
(1.00023 6.08948e-07 0)
(1.00023 5.2194e-07 0)
(1.00023 4.47238e-07 0)
(1.00023 3.83135e-07 0)
(1.00023 3.2815e-07 0)
(1.00024 2.81005e-07 0)
(1.00024 2.40595e-07 0)
(1.00024 2.05969e-07 0)
(1.00024 1.76305e-07 0)
(1.00024 1.50898e-07 0)
(1.00024 1.29142e-07 0)
(1.00024 1.10514e-07 0)
(1.00024 9.45661e-08 0)
(1.00024 8.09154e-08 0)
(1.00024 6.92321e-08 0)
(1.00024 5.92334e-08 0)
(1.00024 5.06769e-08 0)
(1.00024 4.3355e-08 0)
(1.00024 3.70898e-08 0)
(1.00024 3.17293e-08 0)
(1.00024 2.7143e-08 0)
(1.00024 2.32193e-08 0)
(1.00024 1.98626e-08 0)
(1.00024 1.69909e-08 0)
(1.00024 1.45341e-08 0)
(1.00024 1.24324e-08 0)
(1.00024 1.06346e-08 0)
(1.00024 9.09685e-09 0)
(1.00024 7.78142e-09 0)
(1.00024 6.65617e-09 0)
(1.00024 5.69355e-09 0)
(1.00024 4.87004e-09 0)
(1.00024 4.16563e-09 0)
(1.00024 3.56315e-09 0)
(1.00024 3.04791e-09 0)
(1.00024 2.60725e-09 0)
(1.00024 2.23031e-09 0)
(1.00024 1.9078e-09 0)
(1.00024 1.63182e-09 0)
(1.00024 1.39571e-09 0)
(1.00024 1.19377e-09 0)
(1.00024 1.02111e-09 0)
(1.00024 8.73514e-10 0)
(1.00024 7.47335e-10 0)
(1.00024 6.39398e-10 0)
(1.00024 5.47017e-10 0)
(1.00024 4.67908e-10 0)
(1.00024 4.00193e-10 0)
(1.00024 3.42277e-10 0)
(1.00024 2.92772e-10 0)
(1.00024 2.50482e-10 0)
(1.00024 2.14321e-10 0)
(1.00024 1.83368e-10 0)
(1.00024 1.56837e-10 0)
(1.00024 1.34101e-10 0)
(1.00024 1.14627e-10 0)
(1.00024 9.79937e-11 0)
(1.00024 8.38233e-11 0)
(1.00024 7.17323e-11 0)
(1.00024 6.14025e-11 0)
(1.00024 5.25239e-11 0)
(1.00024 4.48705e-11 0)
(1.00024 3.82902e-11 0)
(1.00024 3.26672e-11 0)
(1.00024 2.78868e-11 0)
(1.00024 2.38469e-11 0)
(1.00024 2.04695e-11 0)
(1.00024 1.75968e-11 0)
(1.00024 1.511e-11 0)
(1.00024 1.29421e-11 0)
(1.00024 1.10292e-11 0)
(1.00024 9.38647e-12 0)
(1.00024 7.98307e-12 0)
(1.00024 6.83832e-12 0)
(1.00024 5.92299e-12 0)
(1.00024 5.17946e-12 0)
(1.00024 4.57921e-12 0)
(1.00024 4.04599e-12 0)
(1.00024 3.56283e-12 0)
(1.00024 3.10602e-12 0)
(1.00024 2.68643e-12 0)
(1.00024 2.30869e-12 0)
(1.00024 1.99874e-12 0)
(1.00024 1.76893e-12 0)
(1.00024 1.63299e-12 0)
(1.00024 1.57194e-12 0)
(1.00024 1.54674e-12 0)
(1.00024 1.53977e-12 0)
(1.00024 1.50625e-12 0)
(1.00024 1.44816e-12 0)
(1.00024 1.37268e-12 0)
(1.00024 1.3062e-12 0)
(1.00024 1.2408e-12 0)
(1.00024 1.19431e-12 0)
(1.00024 1.18273e-12 0)
(1.00024 1.20204e-12 0)
(1.00024 1.2304e-12 0)
(1.00024 1.25974e-12 0)
(1.00024 1.28587e-12 0)
(1.00024 1.28729e-12 0)
(1.00024 1.26008e-12 0)
(1.00024 1.21002e-12 0)
(1.00024 1.15932e-12 0)
(1.00024 1.09619e-12 0)
(1.00024 1.03237e-12 0)
(1.00024 9.82552e-13 0)
(1.00024 9.34289e-13 0)
(1.00024 8.93583e-13 0)
(1.00024 8.37785e-13 0)
(1.00024 7.61921e-13 0)
(1.00024 6.92033e-13 0)
(1.00024 5.81081e-13 0)
(1.00024 4.81759e-13 0)
(1.00024 3.69238e-13 0)
(1.00024 2.552e-13 0)
(1.00024 1.71351e-13 0)
(1.00024 8.74963e-14 0)
(1.00024 1.6017e-14 0)
(1.00024 -2.3274e-14 0)
(1.00024 -6.42903e-14 0)
(1.00024 -9.07534e-14 0)
(1.00024 -8.99618e-14 0)
(1.00024 -1.15238e-13 0)
(1.00024 -1.26554e-13 0)
(1.00024 -1.24826e-13 0)
(1.00024 -1.36365e-13 0)
(1.00024 -1.50832e-13 0)
(1.00024 -1.49372e-13 0)
(1.00024 -1.55024e-13 0)
(1.00024 -1.67522e-13 0)
(1.00024 -1.7573e-13 0)
(1.00024 -1.90873e-13 0)
(1.00024 -1.96059e-13 0)
(1.00024 -2.14793e-13 0)
(1.00024 -2.249e-13 0)
(1.00024 -1.9868e-13 0)
(1.00024 -1.87413e-13 0)
(1.00024 -1.56827e-13 0)
(1.00024 -8.92645e-14 0)
(1.00024 -3.46045e-14 0)
(1.00024 3.83943e-14 0)
(1.00024 1.19e-13 0)
(1.00024 1.97697e-13 0)
(1.00024 2.89524e-13 0)
(1.00024 3.49371e-13 0)
(1.00024 3.90969e-13 0)
(1.00024 4.30793e-13 0)
(1.00024 4.36181e-13 0)
(1.00024 4.39884e-13 0)
(1.00024 3.6348e-13 0)
(1.00024 2.86864e-13 0)
(1.00024 2.55547e-13 0)
(1.00024 1.39124e-13 0)
(1.00024 6.56088e-14 0)
(1.00024 4.68106e-14 0)
(1.00024 -3.5416e-14 0)
(1.00024 -1.13449e-13 0)
(1.00024 -9.23372e-14 0)
(1.00024 -7.68338e-14 0)
(1.00024 -1.69132e-13 0)
(1.00024 -1.27449e-13 0)
(1.00024 -4.75325e-14 0)
(1.00024 -2.26175e-14 0)
(1 6.20337e-07 0)
(1 1.77185e-06 0)
(1.00001 2.79464e-06 0)
(1.00001 3.93512e-06 0)
(1.00002 5.23685e-06 0)
(1.00003 6.45174e-06 0)
(1.00005 7.31199e-06 0)
(1.00006 7.72145e-06 0)
(1.00008 7.74149e-06 0)
(1.00009 7.49356e-06 0)
(1.00011 7.088e-06 0)
(1.00012 6.60091e-06 0)
(1.00014 6.07842e-06 0)
(1.00015 5.54768e-06 0)
(1.00016 5.02532e-06 0)
(1.00017 4.52216e-06 0)
(1.00018 4.04548e-06 0)
(1.00018 3.59999e-06 0)
(1.00019 3.18847e-06 0)
(1.0002 2.81209e-06 0)
(1.0002 2.47085e-06 0)
(1.00021 2.16378e-06 0)
(1.00021 1.88929e-06 0)
(1.00021 1.64533e-06 0)
(1.00022 1.42957e-06 0)
(1.00022 1.2396e-06 0)
(1.00022 1.07297e-06 0)
(1.00022 9.273e-07 0)
(1.00023 8.00315e-07 0)
(1.00023 6.89901e-07 0)
(1.00023 5.94104e-07 0)
(1.00023 5.11148e-07 0)
(1.00023 4.39431e-07 0)
(1.00023 3.77519e-07 0)
(1.00023 3.24138e-07 0)
(1.00023 2.78162e-07 0)
(1.00023 2.38601e-07 0)
(1.00023 2.04588e-07 0)
(1.00023 1.75365e-07 0)
(1.00023 1.50272e-07 0)
(1.00023 1.28738e-07 0)
(1.00023 1.10266e-07 0)
(1.00024 9.4427e-08 0)
(1.00024 8.085e-08 0)
(1.00024 6.92155e-08 0)
(1.00024 5.92482e-08 0)
(1.00024 5.07111e-08 0)
(1.00024 4.34001e-08 0)
(1.00024 3.71401e-08 0)
(1.00024 3.1781e-08 0)
(1.00024 2.71936e-08 0)
(1.00024 2.32674e-08 0)
(1.00024 1.99072e-08 0)
(1.00024 1.70317e-08 0)
(1.00024 1.45709e-08 0)
(1.00024 1.24653e-08 0)
(1.00024 1.06637e-08 0)
(1.00024 9.12229e-09 0)
(1.00024 7.80366e-09 0)
(1.00024 6.67556e-09 0)
(1.00024 5.71045e-09 0)
(1.00024 4.88478e-09 0)
(1.00024 4.17844e-09 0)
(1.00024 3.57423e-09 0)
(1.00024 3.05741e-09 0)
(1.00024 2.61533e-09 0)
(1.00024 2.23714e-09 0)
(1.00024 1.91358e-09 0)
(1.00024 1.63678e-09 0)
(1.00024 1.40002e-09 0)
(1.00024 1.19755e-09 0)
(1.00024 1.02443e-09 0)
(1.00024 8.76374e-10 0)
(1.00024 7.49707e-10 0)
(1.00024 6.413e-10 0)
(1.00024 5.48499e-10 0)
(1.00024 4.69098e-10 0)
(1.00024 4.01205e-10 0)
(1.00024 3.43199e-10 0)
(1.00024 2.93646e-10 0)
(1.00024 2.51294e-10 0)
(1.00024 2.15052e-10 0)
(1.00024 1.83994e-10 0)
(1.00024 1.57359e-10 0)
(1.00024 1.34541e-10 0)
(1.00024 1.15035e-10 0)
(1.00024 9.83807e-11 0)
(1.00024 8.41775e-11 0)
(1.00024 7.20559e-11 0)
(1.00024 6.16785e-11 0)
(1.00024 5.27675e-11 0)
(1.00024 4.51187e-11 0)
(1.00024 3.85607e-11 0)
(1.00024 3.29604e-11 0)
(1.00024 2.81886e-11 0)
(1.00024 2.41254e-11 0)
(1.00024 2.06592e-11 0)
(1.00024 1.76796e-11 0)
(1.00024 1.51012e-11 0)
(1.00024 1.2874e-11 0)
(1.00024 1.09736e-11 0)
(1.00024 9.36724e-12 0)
(1.00024 8.01623e-12 0)
(1.00024 6.89102e-12 0)
(1.00024 5.93227e-12 0)
(1.00024 5.09046e-12 0)
(1.00024 4.34883e-12 0)
(1.00024 3.68656e-12 0)
(1.00024 3.12206e-12 0)
(1.00024 2.65277e-12 0)
(1.00024 2.28877e-12 0)
(1.00024 2.0106e-12 0)
(1.00024 1.78623e-12 0)
(1.00024 1.60187e-12 0)
(1.00024 1.42538e-12 0)
(1.00024 1.25211e-12 0)
(1.00024 1.07343e-12 0)
(1.00024 9.07269e-13 0)
(1.00024 7.62009e-13 0)
(1.00024 6.55429e-13 0)
(1.00024 5.98771e-13 0)
(1.00024 6.00509e-13 0)
(1.00024 6.38848e-13 0)
(1.00024 6.72252e-13 0)
(1.00024 6.98572e-13 0)
(1.00024 7.00931e-13 0)
(1.00024 6.71254e-13 0)
(1.00024 6.32104e-13 0)
(1.00024 6.03091e-13 0)
(1.00024 5.77782e-13 0)
(1.00024 5.61597e-13 0)
(1.00024 5.72786e-13 0)
(1.00024 5.99184e-13 0)
(1.00024 6.24524e-13 0)
(1.00024 6.36846e-13 0)
(1.00024 6.4562e-13 0)
(1.00024 6.47594e-13 0)
(1.00024 6.28718e-13 0)
(1.00024 5.94735e-13 0)
(1.00024 5.60743e-13 0)
(1.00024 5.17399e-13 0)
(1.00024 4.76783e-13 0)
(1.00024 4.44063e-13 0)
(1.00024 4.14839e-13 0)
(1.00024 3.8472e-13 0)
(1.00024 3.41592e-13 0)
(1.00024 2.84087e-13 0)
(1.00024 2.31706e-13 0)
(1.00024 1.72673e-13 0)
(1.00024 1.19771e-13 0)
(1.00024 6.97964e-14 0)
(1.00024 2.89032e-14 0)
(1.00024 1.11917e-14 0)
(1.00024 -5.08705e-15 0)
(1.00024 -2.27413e-14 0)
(1.00024 -1.38494e-14 0)
(1.00024 1.54887e-15 0)
(1.00024 1.11705e-14 0)
(1.00024 3.17741e-14 0)
(1.00024 4.4113e-14 0)
(1.00024 5.35925e-14 0)
(1.00024 5.40441e-14 0)
(1.00024 3.85447e-14 0)
(1.00024 1.73358e-14 0)
(1.00024 2.21542e-15 0)
(1.00024 -2.61641e-14 0)
(1.00024 -5.18166e-14 0)
(1.00024 -6.9651e-14 0)
(1.00024 -9.18284e-14 0)
(1.00024 -1.12827e-13 0)
(1.00024 -1.2885e-13 0)
(1.00024 -1.44843e-13 0)
(1.00024 -1.46118e-13 0)
(1.00024 -1.40953e-13 0)
(1.00024 -1.24464e-13 0)
(1.00024 -8.604e-14 0)
(1.00024 -4.41859e-14 0)
(1.00024 7.42202e-15 0)
(1.00024 6.7213e-14 0)
(1.00024 1.09923e-13 0)
(1.00024 1.54235e-13 0)
(1.00024 1.96193e-13 0)
(1.00024 2.3163e-13 0)
(1.00024 2.36199e-13 0)
(1.00024 2.33146e-13 0)
(1.00024 2.46218e-13 0)
(1.00024 2.40758e-13 0)
(1.00024 1.54159e-13 0)
(1.00024 1.31449e-13 0)
(1.00024 1.18974e-13 0)
(1.00024 -1.06115e-14 0)
(1.00024 -2.57429e-14 0)
(1.00024 -4.45354e-14 0)
(1.00024 -1.37824e-13 0)
(1.00024 -1.47771e-13 0)
(1.00024 -4.966e-14 0)
(1.00024 -1.94759e-14 0)
(1.00024 -4.8923e-14 0)
(1.00024 -2.08834e-14 0)
(1.00024 -3.1037e-15 0)
)
;

boundaryField
{
    inlet
    {
        type            fixedValue;
        value           uniform (1 0 0);
    }
    outlet
    {
        type            zeroGradient;
    }
    top
    {
        type            slip;
    }
    bottom
    {
        type            noSlip;
    }
    frontAndBack
    {
        type            empty;
    }
}


// ************************************************************************* //
