/*--------------------------------*- C++ -*----------------------------------*\
  =========                 |
  \\      /  F ield         | OpenFOAM: The Open Source CFD Toolbox
   \\    /   O peration     | Website:  https://openfoam.org
    \\  /    A nd           | Version:  dev
     \\/     M anipulation  |
\*---------------------------------------------------------------------------*/
FoamFile
{
    format      ascii;
    class       volScalarField;
    location    "0.6";
    object      p;
}
// * * * * * * * * * * * * * * * * * * * * * * * * * * * * * * * * * * * * * //

dimensions      [0 2 -2 0 0 0 0];

internalField   nonuniform List<scalar> 
4000
(
0.00685698
0.00658447
0.00632484
0.00608913
0.00592233
0.00586356
0.00586082
0.00582841
0.00575838
0.005692
0.0056455
0.00560736
0.00556834
0.00552908
0.00549179
0.00545642
0.00542214
0.0053886
0.00535568
0.00532333
0.00529143
0.00525991
0.00522871
0.00519777
0.00516706
0.00513654
0.00510619
0.00507598
0.00504588
0.00501589
0.00498598
0.00495615
0.00492638
0.00489666
0.00486699
0.00483736
0.00480776
0.0047782
0.00474865
0.00471913
0.00468963
0.00466014
0.00463066
0.0046012
0.00457174
0.0045423
0.00451286
0.00448342
0.00445399
0.00442457
0.00439515
0.00436573
0.00433632
0.00430691
0.0042775
0.00424809
0.00421868
0.00418928
0.00415987
0.00413047
0.00410107
0.00407166
0.00404226
0.00401286
0.00398346
0.00395406
0.00392466
0.00389526
0.00386586
0.00383646
0.00380706
0.00377767
0.00374827
0.00371887
0.00368947
0.00366007
0.00363067
0.00360128
0.00357188
0.00354248
0.00351308
0.00348369
0.00345429
0.00342489
0.00339549
0.0033661
0.0033367
0.0033073
0.0032779
0.00324851
0.00321911
0.00318971
0.00316031
0.00313092
0.00310152
0.00307212
0.00304272
0.00301333
0.00298393
0.00295453
0.00292513
0.00289574
0.00286634
0.00283694
0.00280754
0.00277815
0.00274875
0.00271935
0.00268995
0.00266056
0.00263116
0.00260176
0.00257236
0.00254296
0.00251357
0.00248417
0.00245477
0.00242537
0.00239598
0.00236658
0.00233718
0.00230778
0.00227838
0.00224899
0.00221959
0.00219019
0.00216079
0.00213139
0.002102
0.0020726
0.0020432
0.0020138
0.0019844
0.001955
0.00192561
0.00189621
0.00186681
0.00183741
0.00180801
0.00177861
0.00174922
0.00171982
0.00169042
0.00166102
0.00163162
0.00160222
0.00157283
0.00154343
0.00151403
0.00148463
0.00145523
0.00142583
0.00139644
0.00136704
0.00133764
0.00130824
0.00127884
0.00124945
0.00122005
0.00119065
0.00116125
0.00113185
0.00110246
0.00107306
0.00104366
0.00101426
0.000984862
0.000955464
0.000926065
0.000896667
0.000867269
0.00083787
0.000808472
0.000779074
0.000749675
0.000720277
0.000690878
0.00066148
0.000632081
0.000602683
0.000573284
0.000543885
0.000514486
0.000485088
0.000455689
0.00042629
0.000396891
0.000367492
0.000338093
0.000308694
0.000279295
0.000249895
0.000220496
0.000191097
0.000161697
0.000132298
0.000102898
7.34989e-05
4.40994e-05
1.46998e-05
0.00637716
0.00630101
0.00620058
0.00607802
0.00594424
0.00585302
0.00582052
0.00579792
0.00574829
0.005688
0.00563953
0.00560119
0.00556407
0.00552636
0.00548982
0.00545491
0.00542103
0.00538779
0.00535508
0.00532286
0.00529106
0.00525961
0.00522846
0.00519756
0.00516688
0.00513639
0.00510606
0.00507587
0.00504579
0.00501581
0.00498591
0.00495609
0.00492633
0.00489662
0.00486696
0.00483733
0.00480774
0.00477817
0.00474863
0.00471911
0.00468961
0.00466013
0.00463065
0.00460119
0.00457173
0.00454229
0.00451285
0.00448342
0.00445399
0.00442457
0.00439515
0.00436573
0.00433632
0.0043069
0.0042775
0.00424809
0.00421868
0.00418928
0.00415987
0.00413047
0.00410107
0.00407166
0.00404226
0.00401286
0.00398346
0.00395406
0.00392466
0.00389526
0.00386586
0.00383646
0.00380706
0.00377767
0.00374827
0.00371887
0.00368947
0.00366007
0.00363067
0.00360128
0.00357188
0.00354248
0.00351308
0.00348369
0.00345429
0.00342489
0.00339549
0.0033661
0.0033367
0.0033073
0.0032779
0.00324851
0.00321911
0.00318971
0.00316031
0.00313092
0.00310152
0.00307212
0.00304272
0.00301333
0.00298393
0.00295453
0.00292513
0.00289574
0.00286634
0.00283694
0.00280754
0.00277815
0.00274875
0.00271935
0.00268995
0.00266056
0.00263116
0.00260176
0.00257236
0.00254296
0.00251357
0.00248417
0.00245477
0.00242537
0.00239598
0.00236658
0.00233718
0.00230778
0.00227838
0.00224899
0.00221959
0.00219019
0.00216079
0.00213139
0.002102
0.0020726
0.0020432
0.0020138
0.0019844
0.001955
0.00192561
0.00189621
0.00186681
0.00183741
0.00180801
0.00177861
0.00174922
0.00171982
0.00169042
0.00166102
0.00163162
0.00160222
0.00157283
0.00154343
0.00151403
0.00148463
0.00145523
0.00142583
0.00139644
0.00136704
0.00133764
0.00130824
0.00127884
0.00124945
0.00122005
0.00119065
0.00116125
0.00113185
0.00110246
0.00107306
0.00104366
0.00101426
0.000984862
0.000955464
0.000926065
0.000896667
0.000867269
0.00083787
0.000808472
0.000779074
0.000749675
0.000720277
0.000690878
0.00066148
0.000632081
0.000602683
0.000573284
0.000543885
0.000514486
0.000485088
0.000455689
0.00042629
0.000396891
0.000367492
0.000338093
0.000308694
0.000279295
0.000249895
0.000220496
0.000191097
0.000161697
0.000132298
0.000102898
7.34989e-05
4.40994e-05
1.46998e-05
0.00627311
0.00622825
0.00615979
0.00606993
0.00595802
0.00585978
0.00581059
0.0057861
0.00574638
0.0056918
0.00564211
0.00560183
0.00556448
0.00552689
0.00549004
0.00545471
0.00542057
0.00538719
0.00535444
0.00532223
0.00529047
0.00525907
0.00522798
0.00519715
0.00516653
0.00513609
0.0051058
0.00507564
0.00504559
0.00501564
0.00498577
0.00495597
0.00492622
0.00489653
0.00486688
0.00483727
0.00480768
0.00477813
0.00474859
0.00471908
0.00468958
0.0046601
0.00463063
0.00460117
0.00457172
0.00454228
0.00451284
0.00448341
0.00445398
0.00442456
0.00439514
0.00436573
0.00433631
0.0043069
0.00427749
0.00424808
0.00421868
0.00418927
0.00415987
0.00413047
0.00410106
0.00407166
0.00404226
0.00401286
0.00398346
0.00395406
0.00392466
0.00389526
0.00386586
0.00383646
0.00380706
0.00377767
0.00374827
0.00371887
0.00368947
0.00366007
0.00363067
0.00360128
0.00357188
0.00354248
0.00351308
0.00348369
0.00345429
0.00342489
0.00339549
0.0033661
0.0033367
0.0033073
0.0032779
0.00324851
0.00321911
0.00318971
0.00316031
0.00313092
0.00310152
0.00307212
0.00304272
0.00301333
0.00298393
0.00295453
0.00292513
0.00289574
0.00286634
0.00283694
0.00280754
0.00277815
0.00274875
0.00271935
0.00268995
0.00266056
0.00263116
0.00260176
0.00257236
0.00254296
0.00251357
0.00248417
0.00245477
0.00242537
0.00239598
0.00236658
0.00233718
0.00230778
0.00227838
0.00224899
0.00221959
0.00219019
0.00216079
0.00213139
0.002102
0.0020726
0.0020432
0.0020138
0.0019844
0.001955
0.00192561
0.00189621
0.00186681
0.00183741
0.00180801
0.00177861
0.00174922
0.00171982
0.00169042
0.00166102
0.00163162
0.00160222
0.00157283
0.00154343
0.00151403
0.00148463
0.00145523
0.00142583
0.00139644
0.00136704
0.00133764
0.00130824
0.00127884
0.00124945
0.00122005
0.00119065
0.00116125
0.00113185
0.00110246
0.00107306
0.00104366
0.00101426
0.000984862
0.000955464
0.000926065
0.000896667
0.000867269
0.00083787
0.000808472
0.000779074
0.000749675
0.000720277
0.000690878
0.00066148
0.000632081
0.000602683
0.000573284
0.000543885
0.000514487
0.000485088
0.000455689
0.00042629
0.000396891
0.000367492
0.000338093
0.000308694
0.000279295
0.000249895
0.000220496
0.000191097
0.000161697
0.000132298
0.000102898
7.34989e-05
4.40994e-05
1.46998e-05
0.00612374
0.00609568
0.00605013
0.00599103
0.00591737
0.00584156
0.00578773
0.00575495
0.00572026
0.00567546
0.00563043
0.00559138
0.00555564
0.00552024
0.00548516
0.005451
0.0054177
0.00538498
0.00535271
0.00532084
0.00528934
0.00525814
0.00522721
0.00519649
0.00516597
0.00513562
0.0051054
0.0050753
0.0050453
0.00501539
0.00498556
0.00495579
0.00492607
0.0048964
0.00486677
0.00483717
0.0048076
0.00477806
0.00474853
0.00471903
0.00468954
0.00466006
0.0046306
0.00460114
0.0045717
0.00454226
0.00451282
0.00448339
0.00445397
0.00442455
0.00439513
0.00436572
0.00433631
0.0043069
0.00427749
0.00424808
0.00421867
0.00418927
0.00415987
0.00413046
0.00410106
0.00407166
0.00404226
0.00401286
0.00398346
0.00395406
0.00392466
0.00389526
0.00386586
0.00383646
0.00380706
0.00377767
0.00374827
0.00371887
0.00368947
0.00366007
0.00363067
0.00360128
0.00357188
0.00354248
0.00351308
0.00348369
0.00345429
0.00342489
0.00339549
0.0033661
0.0033367
0.0033073
0.0032779
0.00324851
0.00321911
0.00318971
0.00316031
0.00313092
0.00310152
0.00307212
0.00304272
0.00301333
0.00298393
0.00295453
0.00292513
0.00289574
0.00286634
0.00283694
0.00280754
0.00277815
0.00274875
0.00271935
0.00268995
0.00266056
0.00263116
0.00260176
0.00257236
0.00254296
0.00251357
0.00248417
0.00245477
0.00242537
0.00239598
0.00236658
0.00233718
0.00230778
0.00227838
0.00224899
0.00221959
0.00219019
0.00216079
0.00213139
0.002102
0.0020726
0.0020432
0.0020138
0.0019844
0.001955
0.00192561
0.00189621
0.00186681
0.00183741
0.00180801
0.00177861
0.00174922
0.00171982
0.00169042
0.00166102
0.00163162
0.00160222
0.00157283
0.00154343
0.00151403
0.00148463
0.00145523
0.00142583
0.00139644
0.00136704
0.00133764
0.00130824
0.00127884
0.00124945
0.00122005
0.00119065
0.00116125
0.00113185
0.00110246
0.00107306
0.00104366
0.00101426
0.000984862
0.000955464
0.000926065
0.000896667
0.000867269
0.00083787
0.000808472
0.000779074
0.000749675
0.000720277
0.000690878
0.00066148
0.000632081
0.000602683
0.000573284
0.000543885
0.000514487
0.000485088
0.000455689
0.00042629
0.000396891
0.000367492
0.000338093
0.000308694
0.000279295
0.000249895
0.000220496
0.000191097
0.000161697
0.000132298
0.000102898
7.34989e-05
4.40994e-05
1.46998e-05
0.00603587
0.00601928
0.00598899
0.00594783
0.00589508
0.00583413
0.00578076
0.00574266
0.00570884
0.00566957
0.00562779
0.00558884
0.00555276
0.0055176
0.00548284
0.00544883
0.00541563
0.00538308
0.00535101
0.00531935
0.00528803
0.00525701
0.00522624
0.00519566
0.00516526
0.00513501
0.00510488
0.00507486
0.00504493
0.00501507
0.00498528
0.00495555
0.00492587
0.00489623
0.00486662
0.00483704
0.00480749
0.00477796
0.00474845
0.00471896
0.00468948
0.00466001
0.00463056
0.00460111
0.00457166
0.00454223
0.0045128
0.00448337
0.00445395
0.00442453
0.00439512
0.00436571
0.0043363
0.00430689
0.00427748
0.00424807
0.00421867
0.00418927
0.00415986
0.00413046
0.00410106
0.00407166
0.00404226
0.00401286
0.00398346
0.00395406
0.00392466
0.00389526
0.00386586
0.00383646
0.00380706
0.00377767
0.00374827
0.00371887
0.00368947
0.00366007
0.00363067
0.00360128
0.00357188
0.00354248
0.00351308
0.00348369
0.00345429
0.00342489
0.00339549
0.00336609
0.0033367
0.0033073
0.0032779
0.00324851
0.00321911
0.00318971
0.00316031
0.00313092
0.00310152
0.00307212
0.00304272
0.00301333
0.00298393
0.00295453
0.00292513
0.00289574
0.00286634
0.00283694
0.00280754
0.00277815
0.00274875
0.00271935
0.00268995
0.00266056
0.00263116
0.00260176
0.00257236
0.00254296
0.00251357
0.00248417
0.00245477
0.00242537
0.00239598
0.00236658
0.00233718
0.00230778
0.00227838
0.00224899
0.00221959
0.00219019
0.00216079
0.00213139
0.002102
0.0020726
0.0020432
0.0020138
0.0019844
0.001955
0.00192561
0.00189621
0.00186681
0.00183741
0.00180801
0.00177861
0.00174922
0.00171982
0.00169042
0.00166102
0.00163162
0.00160222
0.00157283
0.00154343
0.00151403
0.00148463
0.00145523
0.00142583
0.00139644
0.00136704
0.00133764
0.00130824
0.00127884
0.00124945
0.00122005
0.00119065
0.00116125
0.00113185
0.00110246
0.00107306
0.00104366
0.00101426
0.000984862
0.000955464
0.000926065
0.000896667
0.000867269
0.00083787
0.000808472
0.000779074
0.000749675
0.000720277
0.000690879
0.00066148
0.000632081
0.000602683
0.000573284
0.000543885
0.000514487
0.000485088
0.000455689
0.00042629
0.000396891
0.000367492
0.000338093
0.000308694
0.000279295
0.000249895
0.000220496
0.000191097
0.000161697
0.000132298
0.000102898
7.34989e-05
4.40994e-05
1.46998e-05
0.0059616
0.00594921
0.005926
0.00589354
0.00585261
0.00580493
0.00575869
0.0057207
0.00568737
0.00565212
0.0056147
0.00557831
0.00554386
0.00551032
0.0054771
0.00544428
0.00541196
0.00538008
0.00534855
0.00531731
0.00528633
0.00525558
0.00522503
0.00519464
0.00516439
0.00513427
0.00510425
0.00507432
0.00504447
0.00501468
0.00498495
0.00495527
0.00492562
0.00489602
0.00486644
0.00483689
0.00480736
0.00477785
0.00474836
0.00471888
0.00468941
0.00465995
0.0046305
0.00460106
0.00457163
0.0045422
0.00451277
0.00448335
0.00445393
0.00442452
0.0043951
0.00436569
0.00433629
0.00430688
0.00427747
0.00424807
0.00421866
0.00418926
0.00415986
0.00413046
0.00410106
0.00407166
0.00404226
0.00401286
0.00398346
0.00395406
0.00392466
0.00389526
0.00386586
0.00383646
0.00380706
0.00377766
0.00374827
0.00371887
0.00368947
0.00366007
0.00363067
0.00360128
0.00357188
0.00354248
0.00351308
0.00348369
0.00345429
0.00342489
0.00339549
0.00336609
0.0033367
0.0033073
0.0032779
0.0032485
0.00321911
0.00318971
0.00316031
0.00313092
0.00310152
0.00307212
0.00304272
0.00301333
0.00298393
0.00295453
0.00292513
0.00289574
0.00286634
0.00283694
0.00280754
0.00277815
0.00274875
0.00271935
0.00268995
0.00266056
0.00263116
0.00260176
0.00257236
0.00254296
0.00251357
0.00248417
0.00245477
0.00242537
0.00239598
0.00236658
0.00233718
0.00230778
0.00227838
0.00224899
0.00221959
0.00219019
0.00216079
0.00213139
0.00210199
0.0020726
0.0020432
0.0020138
0.0019844
0.001955
0.00192561
0.00189621
0.00186681
0.00183741
0.00180801
0.00177861
0.00174922
0.00171982
0.00169042
0.00166102
0.00163162
0.00160222
0.00157283
0.00154343
0.00151403
0.00148463
0.00145523
0.00142583
0.00139644
0.00136704
0.00133764
0.00130824
0.00127884
0.00124945
0.00122005
0.00119065
0.00116125
0.00113185
0.00110246
0.00107306
0.00104366
0.00101426
0.000984862
0.000955464
0.000926065
0.000896667
0.000867269
0.000837871
0.000808472
0.000779074
0.000749675
0.000720277
0.000690879
0.00066148
0.000632081
0.000602683
0.000573284
0.000543885
0.000514487
0.000485088
0.000455689
0.00042629
0.000396891
0.000367492
0.000338093
0.000308694
0.000279295
0.000249896
0.000220496
0.000191097
0.000161697
0.000132298
0.000102898
7.34989e-05
4.40994e-05
1.46998e-05
0.00590107
0.00589184
0.00587419
0.00584894
0.00581719
0.00578001
0.00574113
0.00570536
0.00567276
0.00563987
0.00560543
0.00557093
0.00553745
0.00550472
0.00547231
0.00544021
0.00540847
0.00537709
0.00534599
0.00531512
0.00528446
0.00525399
0.00522367
0.00519348
0.0051634
0.00513342
0.00510353
0.0050737
0.00504394
0.00501423
0.00498457
0.00495494
0.00492535
0.00489578
0.00486624
0.00483672
0.00480721
0.00477773
0.00474825
0.00471879
0.00468933
0.00465989
0.00463045
0.00460101
0.00457158
0.00454216
0.00451274
0.00448332
0.00445391
0.0044245
0.00439509
0.00436568
0.00433627
0.00430687
0.00427746
0.00424806
0.00421866
0.00418926
0.00415985
0.00413045
0.00410105
0.00407165
0.00404225
0.00401285
0.00398345
0.00395406
0.00392466
0.00389526
0.00386586
0.00383646
0.00380706
0.00377766
0.00374827
0.00371887
0.00368947
0.00366007
0.00363067
0.00360128
0.00357188
0.00354248
0.00351308
0.00348369
0.00345429
0.00342489
0.00339549
0.00336609
0.0033367
0.0033073
0.0032779
0.0032485
0.00321911
0.00318971
0.00316031
0.00313092
0.00310152
0.00307212
0.00304272
0.00301333
0.00298393
0.00295453
0.00292513
0.00289574
0.00286634
0.00283694
0.00280754
0.00277815
0.00274875
0.00271935
0.00268995
0.00266056
0.00263116
0.00260176
0.00257236
0.00254296
0.00251357
0.00248417
0.00245477
0.00242537
0.00239598
0.00236658
0.00233718
0.00230778
0.00227838
0.00224899
0.00221959
0.00219019
0.00216079
0.00213139
0.00210199
0.0020726
0.0020432
0.0020138
0.0019844
0.001955
0.00192561
0.00189621
0.00186681
0.00183741
0.00180801
0.00177861
0.00174922
0.00171982
0.00169042
0.00166102
0.00163162
0.00160222
0.00157283
0.00154343
0.00151403
0.00148463
0.00145523
0.00142584
0.00139644
0.00136704
0.00133764
0.00130824
0.00127884
0.00124945
0.00122005
0.00119065
0.00116125
0.00113185
0.00110246
0.00107306
0.00104366
0.00101426
0.000984862
0.000955464
0.000926065
0.000896667
0.000867269
0.000837871
0.000808472
0.000779074
0.000749676
0.000720277
0.000690879
0.00066148
0.000632081
0.000602683
0.000573284
0.000543885
0.000514487
0.000485088
0.000455689
0.00042629
0.000396891
0.000367492
0.000338093
0.000308694
0.000279295
0.000249896
0.000220496
0.000191097
0.000161697
0.000132298
0.000102898
7.3499e-05
4.40994e-05
1.46998e-05
0.00585121
0.005844
0.00583005
0.00580982
0.00578415
0.0057536
0.00572022
0.00568738
0.00565626
0.00562533
0.00559346
0.00556116
0.00552923
0.00549774
0.00546646
0.00543533
0.00540439
0.00537365
0.00534308
0.00531266
0.00528238
0.00525222
0.00522216
0.0051922
0.00516231
0.00513249
0.00510274
0.00507303
0.00504336
0.00501374
0.00498414
0.00495458
0.00492504
0.00489552
0.00486601
0.00483652
0.00480705
0.00477758
0.00474813
0.00471868
0.00468924
0.00465981
0.00463038
0.00460096
0.00457154
0.00454212
0.00451271
0.00448329
0.00445388
0.00442448
0.00439507
0.00436566
0.00433626
0.00430686
0.00427745
0.00424805
0.00421865
0.00418925
0.00415985
0.00413045
0.00410105
0.00407165
0.00404225
0.00401285
0.00398345
0.00395405
0.00392465
0.00389526
0.00386586
0.00383646
0.00380706
0.00377766
0.00374827
0.00371887
0.00368947
0.00366007
0.00363067
0.00360128
0.00357188
0.00354248
0.00351308
0.00348369
0.00345429
0.00342489
0.00339549
0.00336609
0.0033367
0.0033073
0.0032779
0.0032485
0.00321911
0.00318971
0.00316031
0.00313092
0.00310152
0.00307212
0.00304272
0.00301333
0.00298393
0.00295453
0.00292513
0.00289574
0.00286634
0.00283694
0.00280754
0.00277815
0.00274875
0.00271935
0.00268995
0.00266056
0.00263116
0.00260176
0.00257236
0.00254296
0.00251357
0.00248417
0.00245477
0.00242537
0.00239598
0.00236658
0.00233718
0.00230778
0.00227838
0.00224899
0.00221959
0.00219019
0.00216079
0.00213139
0.00210199
0.0020726
0.0020432
0.0020138
0.0019844
0.001955
0.00192561
0.00189621
0.00186681
0.00183741
0.00180801
0.00177861
0.00174922
0.00171982
0.00169042
0.00166102
0.00163162
0.00160222
0.00157283
0.00154343
0.00151403
0.00148463
0.00145523
0.00142584
0.00139644
0.00136704
0.00133764
0.00130824
0.00127884
0.00124945
0.00122005
0.00119065
0.00116125
0.00113185
0.00110246
0.00107306
0.00104366
0.00101426
0.000984862
0.000955464
0.000926066
0.000896667
0.000867269
0.000837871
0.000808472
0.000779074
0.000749676
0.000720277
0.000690879
0.00066148
0.000632082
0.000602683
0.000573284
0.000543885
0.000514487
0.000485088
0.000455689
0.00042629
0.000396891
0.000367492
0.000338093
0.000308694
0.000279295
0.000249896
0.000220496
0.000191097
0.000161697
0.000132298
0.000102899
7.3499e-05
4.40994e-05
1.46998e-05
0.00580931
0.00580344
0.00579204
0.00577532
0.00575383
0.00572809
0.00569942
0.00566994
0.0056409
0.00561187
0.00558211
0.00555175
0.0055213
0.00549097
0.00546069
0.00543044
0.00540023
0.00537011
0.00534007
0.0053101
0.0052802
0.00525036
0.00522057
0.00519084
0.00516115
0.00513151
0.00510189
0.00507231
0.00504275
0.00501321
0.00498369
0.00495419
0.00492471
0.00489523
0.00486577
0.00483632
0.00480687
0.00477743
0.004748
0.00471857
0.00468915
0.00465973
0.00463031
0.0046009
0.00457149
0.00454208
0.00451267
0.00448326
0.00445386
0.00442445
0.00439505
0.00436565
0.00433625
0.00430684
0.00427744
0.00424804
0.00421864
0.00418924
0.00415984
0.00413044
0.00410104
0.00407165
0.00404225
0.00401285
0.00398345
0.00395405
0.00392465
0.00389526
0.00386586
0.00383646
0.00380706
0.00377766
0.00374826
0.00371887
0.00368947
0.00366007
0.00363067
0.00360128
0.00357188
0.00354248
0.00351308
0.00348368
0.00345429
0.00342489
0.00339549
0.00336609
0.0033367
0.0033073
0.0032779
0.0032485
0.00321911
0.00318971
0.00316031
0.00313092
0.00310152
0.00307212
0.00304272
0.00301333
0.00298393
0.00295453
0.00292513
0.00289574
0.00286634
0.00283694
0.00280754
0.00277815
0.00274875
0.00271935
0.00268995
0.00266056
0.00263116
0.00260176
0.00257236
0.00254296
0.00251357
0.00248417
0.00245477
0.00242537
0.00239598
0.00236658
0.00233718
0.00230778
0.00227838
0.00224899
0.00221959
0.00219019
0.00216079
0.00213139
0.00210199
0.0020726
0.0020432
0.0020138
0.0019844
0.001955
0.00192561
0.00189621
0.00186681
0.00183741
0.00180801
0.00177861
0.00174922
0.00171982
0.00169042
0.00166102
0.00163162
0.00160222
0.00157283
0.00154343
0.00151403
0.00148463
0.00145523
0.00142584
0.00139644
0.00136704
0.00133764
0.00130824
0.00127884
0.00124945
0.00122005
0.00119065
0.00116125
0.00113185
0.00110246
0.00107306
0.00104366
0.00101426
0.000984862
0.000955464
0.000926066
0.000896667
0.000867269
0.000837871
0.000808472
0.000779074
0.000749676
0.000720277
0.000690879
0.00066148
0.000632082
0.000602683
0.000573284
0.000543886
0.000514487
0.000485088
0.000455689
0.00042629
0.000396891
0.000367492
0.000338093
0.000308694
0.000279295
0.000249896
0.000220496
0.000191097
0.000161697
0.000132298
0.000102899
7.3499e-05
4.40994e-05
1.46998e-05
0.00577376
0.00576884
0.00575922
0.00574504
0.00572668
0.00570463
0.00567972
0.00565326
0.00562632
0.00559901
0.00557102
0.00554234
0.0055133
0.00548412
0.00545483
0.00542544
0.00539598
0.00536648
0.00533697
0.00530746
0.00527794
0.00524843
0.00521893
0.00518944
0.00515996
0.00513048
0.00510102
0.00507156
0.00504211
0.00501266
0.00498323
0.00495379
0.00492437
0.00489494
0.00486552
0.0048361
0.00480669
0.00477728
0.00474787
0.00471846
0.00468905
0.00465965
0.00463024
0.00460084
0.00457143
0.00454203
0.00451263
0.00448323
0.00445383
0.00442443
0.00439503
0.00436563
0.00433623
0.00430683
0.00427743
0.00424803
0.00421863
0.00418924
0.00415984
0.00413044
0.00410104
0.00407164
0.00404224
0.00401285
0.00398345
0.00395405
0.00392465
0.00389525
0.00386586
0.00383646
0.00380706
0.00377766
0.00374826
0.00371887
0.00368947
0.00366007
0.00363067
0.00360128
0.00357188
0.00354248
0.00351308
0.00348368
0.00345429
0.00342489
0.00339549
0.00336609
0.0033367
0.0033073
0.0032779
0.0032485
0.00321911
0.00318971
0.00316031
0.00313092
0.00310152
0.00307212
0.00304272
0.00301333
0.00298393
0.00295453
0.00292513
0.00289574
0.00286634
0.00283694
0.00280754
0.00277815
0.00274875
0.00271935
0.00268995
0.00266056
0.00263116
0.00260176
0.00257236
0.00254296
0.00251357
0.00248417
0.00245477
0.00242537
0.00239597
0.00236658
0.00233718
0.00230778
0.00227838
0.00224899
0.00221959
0.00219019
0.00216079
0.00213139
0.00210199
0.0020726
0.0020432
0.0020138
0.0019844
0.001955
0.00192561
0.00189621
0.00186681
0.00183741
0.00180801
0.00177861
0.00174922
0.00171982
0.00169042
0.00166102
0.00163162
0.00160222
0.00157283
0.00154343
0.00151403
0.00148463
0.00145523
0.00142584
0.00139644
0.00136704
0.00133764
0.00130824
0.00127884
0.00124945
0.00122005
0.00119065
0.00116125
0.00113185
0.00110246
0.00107306
0.00104366
0.00101426
0.000984862
0.000955464
0.000926066
0.000896667
0.000867269
0.000837871
0.000808473
0.000779074
0.000749676
0.000720277
0.000690879
0.00066148
0.000632082
0.000602683
0.000573284
0.000543886
0.000514487
0.000485088
0.000455689
0.00042629
0.000396891
0.000367492
0.000338093
0.000308694
0.000279295
0.000249896
0.000220496
0.000191097
0.000161698
0.000132298
0.000102899
7.3499e-05
4.40994e-05
1.46998e-05
0.00574347
0.00573923
0.00573093
0.00571866
0.00570269
0.00568341
0.00566138
0.00563748
0.00561254
0.00558688
0.00556045
0.00553327
0.00550553
0.00547745
0.0054491
0.00542053
0.00539177
0.00536288
0.00533389
0.00530482
0.00527569
0.00524651
0.00521728
0.00518803
0.00515875
0.00512945
0.00510013
0.0050708
0.00504146
0.00501211
0.00498275
0.00495339
0.00492402
0.00489465
0.00486527
0.00483589
0.0048065
0.00477712
0.00474773
0.00471834
0.00468895
0.00465956
0.00463017
0.00460078
0.00457138
0.00454199
0.00451259
0.0044832
0.0044538
0.0044244
0.00439501
0.00436561
0.00433621
0.00430682
0.00427742
0.00424802
0.00421863
0.00418923
0.00415983
0.00413043
0.00410104
0.00407164
0.00404224
0.00401284
0.00398345
0.00395405
0.00392465
0.00389525
0.00386585
0.00383646
0.00380706
0.00377766
0.00374826
0.00371887
0.00368947
0.00366007
0.00363067
0.00360127
0.00357188
0.00354248
0.00351308
0.00348368
0.00345429
0.00342489
0.00339549
0.00336609
0.0033367
0.0033073
0.0032779
0.0032485
0.00321911
0.00318971
0.00316031
0.00313092
0.00310152
0.00307212
0.00304272
0.00301333
0.00298393
0.00295453
0.00292513
0.00289574
0.00286634
0.00283694
0.00280754
0.00277815
0.00274875
0.00271935
0.00268995
0.00266055
0.00263116
0.00260176
0.00257236
0.00254296
0.00251357
0.00248417
0.00245477
0.00242537
0.00239597
0.00236658
0.00233718
0.00230778
0.00227838
0.00224899
0.00221959
0.00219019
0.00216079
0.00213139
0.00210199
0.0020726
0.0020432
0.0020138
0.0019844
0.001955
0.00192561
0.00189621
0.00186681
0.00183741
0.00180801
0.00177861
0.00174922
0.00171982
0.00169042
0.00166102
0.00163162
0.00160222
0.00157283
0.00154343
0.00151403
0.00148463
0.00145523
0.00142584
0.00139644
0.00136704
0.00133764
0.00130824
0.00127884
0.00124945
0.00122005
0.00119065
0.00116125
0.00113185
0.00110246
0.00107306
0.00104366
0.00101426
0.000984862
0.000955464
0.000926066
0.000896667
0.000867269
0.000837871
0.000808473
0.000779074
0.000749676
0.000720277
0.000690879
0.00066148
0.000632082
0.000602683
0.000573284
0.000543886
0.000514487
0.000485088
0.000455689
0.00042629
0.000396891
0.000367492
0.000338093
0.000308694
0.000279295
0.000249896
0.000220496
0.000191097
0.000161698
0.000132298
0.000102899
7.3499e-05
4.40994e-05
1.46998e-05
0.00571765
0.00571393
0.00570662
0.00569579
0.00568164
0.00566446
0.00564468
0.00562291
0.00559978
0.00557565
0.0055506
0.00552472
0.00549816
0.00547109
0.00544361
0.0054158
0.00538771
0.0053594
0.0053309
0.00530226
0.00527349
0.00524462
0.00521567
0.00518665
0.00515757
0.00512844
0.00509927
0.00507006
0.00504083
0.00501157
0.00498229
0.00495299
0.00492368
0.00489435
0.00486502
0.00483567
0.00480632
0.00477696
0.0047476
0.00471823
0.00468885
0.00465948
0.0046301
0.00460071
0.00457133
0.00454194
0.00451255
0.00448316
0.00445377
0.00442438
0.00439499
0.00436559
0.0043362
0.00430681
0.00427741
0.00424801
0.00421862
0.00418922
0.00415983
0.00413043
0.00410103
0.00407163
0.00404224
0.00401284
0.00398344
0.00395405
0.00392465
0.00389525
0.00386585
0.00383646
0.00380706
0.00377766
0.00374826
0.00371887
0.00368947
0.00366007
0.00363067
0.00360127
0.00357188
0.00354248
0.00351308
0.00348368
0.00345429
0.00342489
0.00339549
0.00336609
0.0033367
0.0033073
0.0032779
0.0032485
0.00321911
0.00318971
0.00316031
0.00313092
0.00310152
0.00307212
0.00304272
0.00301333
0.00298393
0.00295453
0.00292513
0.00289574
0.00286634
0.00283694
0.00280754
0.00277815
0.00274875
0.00271935
0.00268995
0.00266055
0.00263116
0.00260176
0.00257236
0.00254296
0.00251357
0.00248417
0.00245477
0.00242537
0.00239597
0.00236658
0.00233718
0.00230778
0.00227838
0.00224899
0.00221959
0.00219019
0.00216079
0.00213139
0.00210199
0.0020726
0.0020432
0.0020138
0.0019844
0.001955
0.00192561
0.00189621
0.00186681
0.00183741
0.00180801
0.00177861
0.00174922
0.00171982
0.00169042
0.00166102
0.00163162
0.00160222
0.00157283
0.00154343
0.00151403
0.00148463
0.00145523
0.00142584
0.00139644
0.00136704
0.00133764
0.00130824
0.00127884
0.00124945
0.00122005
0.00119065
0.00116125
0.00113185
0.00110246
0.00107306
0.00104366
0.00101426
0.000984862
0.000955464
0.000926066
0.000896668
0.000867269
0.000837871
0.000808473
0.000779074
0.000749676
0.000720277
0.000690879
0.00066148
0.000632082
0.000602683
0.000573284
0.000543886
0.000514487
0.000485088
0.000455689
0.00042629
0.000396891
0.000367492
0.000338093
0.000308694
0.000279295
0.000249896
0.000220496
0.000191097
0.000161698
0.000132298
0.000102899
7.3499e-05
4.40994e-05
1.46998e-05
0.00569573
0.0056924
0.00568584
0.00567611
0.00566336
0.0056478
0.00562979
0.00560977
0.0055882
0.00556542
0.0055416
0.00551685
0.00549133
0.00546516
0.00543848
0.00541137
0.00538389
0.00535611
0.00532807
0.00529982
0.0052714
0.00524283
0.00521413
0.00518533
0.00515643
0.00512747
0.00509843
0.00506935
0.00504022
0.00501105
0.00498184
0.00495261
0.00492335
0.00489407
0.00486478
0.00483547
0.00480615
0.00477681
0.00474747
0.00471812
0.00468876
0.0046594
0.00463003
0.00460065
0.00457128
0.0045419
0.00451252
0.00448313
0.00445375
0.00442436
0.00439497
0.00436558
0.00433619
0.00430679
0.0042774
0.00424801
0.00421861
0.00418922
0.00415982
0.00413042
0.00410103
0.00407163
0.00404223
0.00401284
0.00398344
0.00395404
0.00392465
0.00389525
0.00386585
0.00383645
0.00380706
0.00377766
0.00374826
0.00371886
0.00368947
0.00366007
0.00363067
0.00360127
0.00357188
0.00354248
0.00351308
0.00348368
0.00345429
0.00342489
0.00339549
0.00336609
0.0033367
0.0033073
0.0032779
0.0032485
0.00321911
0.00318971
0.00316031
0.00313092
0.00310152
0.00307212
0.00304272
0.00301333
0.00298393
0.00295453
0.00292513
0.00289574
0.00286634
0.00283694
0.00280754
0.00277815
0.00274875
0.00271935
0.00268995
0.00266055
0.00263116
0.00260176
0.00257236
0.00254296
0.00251357
0.00248417
0.00245477
0.00242537
0.00239597
0.00236658
0.00233718
0.00230778
0.00227838
0.00224899
0.00221959
0.00219019
0.00216079
0.00213139
0.00210199
0.0020726
0.0020432
0.0020138
0.0019844
0.001955
0.00192561
0.00189621
0.00186681
0.00183741
0.00180801
0.00177861
0.00174922
0.00171982
0.00169042
0.00166102
0.00163162
0.00160222
0.00157283
0.00154343
0.00151403
0.00148463
0.00145523
0.00142584
0.00139644
0.00136704
0.00133764
0.00130824
0.00127884
0.00124945
0.00122005
0.00119065
0.00116125
0.00113185
0.00110246
0.00107306
0.00104366
0.00101426
0.000984862
0.000955464
0.000926066
0.000896668
0.000867269
0.000837871
0.000808473
0.000779074
0.000749676
0.000720278
0.000690879
0.00066148
0.000632082
0.000602683
0.000573284
0.000543886
0.000514487
0.000485088
0.000455689
0.00042629
0.000396891
0.000367492
0.000338093
0.000308694
0.000279295
0.000249896
0.000220496
0.000191097
0.000161698
0.000132298
0.000102899
7.3499e-05
4.40994e-05
1.46998e-05
0.00567727
0.00567423
0.00566825
0.00565937
0.00564769
0.00563341
0.00561678
0.00559816
0.0055779
0.00555629
0.00553353
0.00550977
0.00548514
0.00545977
0.0054338
0.00540731
0.00538038
0.00535307
0.00532546
0.00529757
0.00526946
0.00524116
0.0052127
0.0051841
0.00515538
0.00512656
0.00509766
0.00506868
0.00503965
0.00501056
0.00498142
0.00495225
0.00492304
0.00489381
0.00486455
0.00483528
0.00480598
0.00477667
0.00474735
0.00471801
0.00468867
0.00465932
0.00462996
0.0046006
0.00457123
0.00454186
0.00451248
0.0044831
0.00445372
0.00442434
0.00439495
0.00436556
0.00433617
0.00430678
0.00427739
0.004248
0.0042186
0.00418921
0.00415981
0.00413042
0.00410102
0.00407163
0.00404223
0.00401284
0.00398344
0.00395404
0.00392465
0.00389525
0.00386585
0.00383645
0.00380706
0.00377766
0.00374826
0.00371886
0.00368947
0.00366007
0.00363067
0.00360127
0.00357188
0.00354248
0.00351308
0.00348368
0.00345429
0.00342489
0.00339549
0.00336609
0.0033367
0.0033073
0.0032779
0.0032485
0.00321911
0.00318971
0.00316031
0.00313092
0.00310152
0.00307212
0.00304272
0.00301333
0.00298393
0.00295453
0.00292513
0.00289574
0.00286634
0.00283694
0.00280754
0.00277815
0.00274875
0.00271935
0.00268995
0.00266055
0.00263116
0.00260176
0.00257236
0.00254296
0.00251357
0.00248417
0.00245477
0.00242537
0.00239597
0.00236658
0.00233718
0.00230778
0.00227838
0.00224898
0.00221959
0.00219019
0.00216079
0.00213139
0.00210199
0.0020726
0.0020432
0.0020138
0.0019844
0.001955
0.00192561
0.00189621
0.00186681
0.00183741
0.00180801
0.00177861
0.00174922
0.00171982
0.00169042
0.00166102
0.00163162
0.00160222
0.00157283
0.00154343
0.00151403
0.00148463
0.00145523
0.00142584
0.00139644
0.00136704
0.00133764
0.00130824
0.00127884
0.00124945
0.00122005
0.00119065
0.00116125
0.00113185
0.00110246
0.00107306
0.00104366
0.00101426
0.000984862
0.000955464
0.000926066
0.000896668
0.000867269
0.000837871
0.000808473
0.000779074
0.000749676
0.000720278
0.000690879
0.00066148
0.000632082
0.000602683
0.000573285
0.000543886
0.000514487
0.000485088
0.000455689
0.00042629
0.000396891
0.000367492
0.000338093
0.000308694
0.000279295
0.000249896
0.000220496
0.000191097
0.000161698
0.000132298
0.000102899
7.3499e-05
4.40994e-05
1.46998e-05
0.00566193
0.00565913
0.00565359
0.00564536
0.00563452
0.00562122
0.00560567
0.00558816
0.00556897
0.00554834
0.00552649
0.00550355
0.00547968
0.00545501
0.00542965
0.0054037
0.00537725
0.00535036
0.00532311
0.00529555
0.00526772
0.00523966
0.00521141
0.00518299
0.00515443
0.00512574
0.00509696
0.00506808
0.00503913
0.00501011
0.00498104
0.00495192
0.00492277
0.00489357
0.00486435
0.0048351
0.00480583
0.00477654
0.00474724
0.00471792
0.00468859
0.00465925
0.0046299
0.00460055
0.00457119
0.00454182
0.00451245
0.00448308
0.0044537
0.00442432
0.00439493
0.00436555
0.00433616
0.00430677
0.00427738
0.00424799
0.0042186
0.0041892
0.00415981
0.00413042
0.00410102
0.00407162
0.00404223
0.00401283
0.00398344
0.00395404
0.00392464
0.00389525
0.00386585
0.00383645
0.00380706
0.00377766
0.00374826
0.00371886
0.00368947
0.00366007
0.00363067
0.00360127
0.00357188
0.00354248
0.00351308
0.00348368
0.00345429
0.00342489
0.00339549
0.00336609
0.0033367
0.0033073
0.0032779
0.0032485
0.00321911
0.00318971
0.00316031
0.00313092
0.00310152
0.00307212
0.00304272
0.00301333
0.00298393
0.00295453
0.00292513
0.00289574
0.00286634
0.00283694
0.00280754
0.00277815
0.00274875
0.00271935
0.00268995
0.00266055
0.00263116
0.00260176
0.00257236
0.00254296
0.00251357
0.00248417
0.00245477
0.00242537
0.00239597
0.00236658
0.00233718
0.00230778
0.00227838
0.00224898
0.00221959
0.00219019
0.00216079
0.00213139
0.00210199
0.0020726
0.0020432
0.0020138
0.0019844
0.001955
0.00192561
0.00189621
0.00186681
0.00183741
0.00180801
0.00177861
0.00174922
0.00171982
0.00169042
0.00166102
0.00163162
0.00160222
0.00157283
0.00154343
0.00151403
0.00148463
0.00145523
0.00142584
0.00139644
0.00136704
0.00133764
0.00130824
0.00127884
0.00124945
0.00122005
0.00119065
0.00116125
0.00113185
0.00110246
0.00107306
0.00104366
0.00101426
0.000984862
0.000955464
0.000926066
0.000896668
0.000867269
0.000837871
0.000808473
0.000779075
0.000749676
0.000720278
0.000690879
0.000661481
0.000632082
0.000602683
0.000573285
0.000543886
0.000514487
0.000485088
0.000455689
0.00042629
0.000396891
0.000367492
0.000338093
0.000308694
0.000279295
0.000249896
0.000220496
0.000191097
0.000161698
0.000132298
0.000102899
7.3499e-05
4.40994e-05
1.46998e-05
0.00564948
0.00564685
0.00564165
0.00563391
0.00562371
0.00561116
0.00559645
0.00557981
0.00556147
0.00554165
0.00552053
0.00549828
0.00547504
0.00545094
0.00542609
0.0054006
0.00537455
0.00534803
0.00532109
0.0052938
0.00526621
0.00523836
0.00521029
0.00518203
0.0051536
0.00512503
0.00509635
0.00506756
0.00503868
0.00500973
0.00498071
0.00495164
0.00492252
0.00489336
0.00486417
0.00483495
0.0048057
0.00477643
0.00474714
0.00471784
0.00468852
0.00465919
0.00462985
0.0046005
0.00457115
0.00454179
0.00451242
0.00448305
0.00445368
0.0044243
0.00439492
0.00436553
0.00433615
0.00430676
0.00427737
0.00424798
0.00421859
0.0041892
0.00415981
0.00413041
0.00410102
0.00407162
0.00404223
0.00401283
0.00398344
0.00395404
0.00392464
0.00389525
0.00386585
0.00383645
0.00380705
0.00377766
0.00374826
0.00371886
0.00368947
0.00366007
0.00363067
0.00360127
0.00357188
0.00354248
0.00351308
0.00348368
0.00345429
0.00342489
0.00339549
0.00336609
0.0033367
0.0033073
0.0032779
0.0032485
0.00321911
0.00318971
0.00316031
0.00313092
0.00310152
0.00307212
0.00304272
0.00301333
0.00298393
0.00295453
0.00292513
0.00289574
0.00286634
0.00283694
0.00280754
0.00277815
0.00274875
0.00271935
0.00268995
0.00266055
0.00263116
0.00260176
0.00257236
0.00254296
0.00251357
0.00248417
0.00245477
0.00242537
0.00239597
0.00236658
0.00233718
0.00230778
0.00227838
0.00224898
0.00221959
0.00219019
0.00216079
0.00213139
0.00210199
0.0020726
0.0020432
0.0020138
0.0019844
0.001955
0.00192561
0.00189621
0.00186681
0.00183741
0.00180801
0.00177861
0.00174922
0.00171982
0.00169042
0.00166102
0.00163162
0.00160222
0.00157283
0.00154343
0.00151403
0.00148463
0.00145523
0.00142584
0.00139644
0.00136704
0.00133764
0.00130824
0.00127884
0.00124945
0.00122005
0.00119065
0.00116125
0.00113185
0.00110246
0.00107306
0.00104366
0.00101426
0.000984862
0.000955464
0.000926066
0.000896668
0.00086727
0.000837871
0.000808473
0.000779075
0.000749676
0.000720278
0.000690879
0.000661481
0.000632082
0.000602683
0.000573285
0.000543886
0.000514487
0.000485088
0.000455689
0.00042629
0.000396891
0.000367492
0.000338093
0.000308694
0.000279295
0.000249896
0.000220496
0.000191097
0.000161698
0.000132298
0.000102899
7.3499e-05
4.40994e-05
1.46998e-05
0.00563972
0.00563721
0.00563227
0.0056249
0.00561517
0.00560319
0.0055891
0.00557312
0.00555543
0.00553624
0.00551572
0.00549401
0.00547127
0.00544762
0.00542319
0.00539806
0.00537234
0.00534611
0.00531943
0.00529236
0.00526497
0.00523729
0.00520936
0.00518123
0.00515291
0.00512444
0.00509584
0.00506712
0.00503831
0.00500941
0.00498044
0.00495141
0.00492232
0.00489319
0.00486402
0.00483482
0.00480559
0.00477634
0.00474706
0.00471777
0.00468846
0.00465914
0.00462981
0.00460047
0.00457112
0.00454176
0.0045124
0.00448303
0.00445366
0.00442428
0.00439491
0.00436552
0.00433614
0.00430675
0.00427737
0.00424798
0.00421859
0.00418919
0.0041598
0.00413041
0.00410101
0.00407162
0.00404223
0.00401283
0.00398343
0.00395404
0.00392464
0.00389524
0.00386585
0.00383645
0.00380705
0.00377766
0.00374826
0.00371886
0.00368947
0.00366007
0.00363067
0.00360127
0.00357188
0.00354248
0.00351308
0.00348368
0.00345429
0.00342489
0.00339549
0.00336609
0.0033367
0.0033073
0.0032779
0.0032485
0.00321911
0.00318971
0.00316031
0.00313092
0.00310152
0.00307212
0.00304272
0.00301333
0.00298393
0.00295453
0.00292513
0.00289574
0.00286634
0.00283694
0.00280754
0.00277815
0.00274875
0.00271935
0.00268995
0.00266055
0.00263116
0.00260176
0.00257236
0.00254296
0.00251357
0.00248417
0.00245477
0.00242537
0.00239597
0.00236658
0.00233718
0.00230778
0.00227838
0.00224898
0.00221959
0.00219019
0.00216079
0.00213139
0.00210199
0.0020726
0.0020432
0.0020138
0.0019844
0.001955
0.00192561
0.00189621
0.00186681
0.00183741
0.00180801
0.00177861
0.00174922
0.00171982
0.00169042
0.00166102
0.00163162
0.00160222
0.00157283
0.00154343
0.00151403
0.00148463
0.00145523
0.00142584
0.00139644
0.00136704
0.00133764
0.00130824
0.00127884
0.00124945
0.00122005
0.00119065
0.00116125
0.00113185
0.00110246
0.00107306
0.00104366
0.00101426
0.000984862
0.000955464
0.000926066
0.000896668
0.00086727
0.000837871
0.000808473
0.000779075
0.000749676
0.000720278
0.000690879
0.000661481
0.000632082
0.000602683
0.000573285
0.000543886
0.000514487
0.000485088
0.000455689
0.00042629
0.000396891
0.000367492
0.000338093
0.000308694
0.000279295
0.000249896
0.000220496
0.000191097
0.000161698
0.000132298
0.000102899
7.3499e-05
4.40994e-05
1.46998e-05
0.00563251
0.0056301
0.00562533
0.00561822
0.00560883
0.00559725
0.00558362
0.0055681
0.0055509
0.00553216
0.00551207
0.00549077
0.0054684
0.0054451
0.00542097
0.00539613
0.00537065
0.00534464
0.00531815
0.00529126
0.00526401
0.00523646
0.00520865
0.00518062
0.00515239
0.00512399
0.00509545
0.00506679
0.00503802
0.00500916
0.00498023
0.00495122
0.00492216
0.00489306
0.00486391
0.00483472
0.00480551
0.00477627
0.004747
0.00471772
0.00468842
0.0046591
0.00462978
0.00460044
0.00457109
0.00454174
0.00451238
0.00448302
0.00445365
0.00442427
0.0043949
0.00436552
0.00433613
0.00430675
0.00427736
0.00424797
0.00421858
0.00418919
0.0041598
0.00413041
0.00410101
0.00407162
0.00404222
0.00401283
0.00398343
0.00395404
0.00392464
0.00389524
0.00386585
0.00383645
0.00380705
0.00377766
0.00374826
0.00371886
0.00368947
0.00366007
0.00363067
0.00360127
0.00357188
0.00354248
0.00351308
0.00348368
0.00345429
0.00342489
0.00339549
0.00336609
0.0033367
0.0033073
0.0032779
0.0032485
0.00321911
0.00318971
0.00316031
0.00313092
0.00310152
0.00307212
0.00304272
0.00301333
0.00298393
0.00295453
0.00292513
0.00289574
0.00286634
0.00283694
0.00280754
0.00277815
0.00274875
0.00271935
0.00268995
0.00266055
0.00263116
0.00260176
0.00257236
0.00254296
0.00251357
0.00248417
0.00245477
0.00242537
0.00239597
0.00236658
0.00233718
0.00230778
0.00227838
0.00224898
0.00221959
0.00219019
0.00216079
0.00213139
0.00210199
0.0020726
0.0020432
0.0020138
0.0019844
0.001955
0.00192561
0.00189621
0.00186681
0.00183741
0.00180801
0.00177861
0.00174922
0.00171982
0.00169042
0.00166102
0.00163162
0.00160222
0.00157283
0.00154343
0.00151403
0.00148463
0.00145523
0.00142584
0.00139644
0.00136704
0.00133764
0.00130824
0.00127884
0.00124945
0.00122005
0.00119065
0.00116125
0.00113185
0.00110246
0.00107306
0.00104366
0.00101426
0.000984862
0.000955464
0.000926066
0.000896668
0.00086727
0.000837871
0.000808473
0.000779075
0.000749676
0.000720278
0.000690879
0.000661481
0.000632082
0.000602683
0.000573285
0.000543886
0.000514487
0.000485088
0.000455689
0.00042629
0.000396891
0.000367492
0.000338093
0.000308694
0.000279295
0.000249896
0.000220496
0.000191097
0.000161698
0.000132298
0.000102899
7.3499e-05
4.40994e-05
1.46998e-05
0.00562775
0.0056254
0.00562075
0.00561381
0.00560464
0.00559331
0.00557997
0.00556476
0.00554786
0.00552944
0.00550963
0.0054886
0.00546648
0.0054434
0.00541948
0.00539482
0.00536951
0.00534365
0.00531729
0.00529051
0.00526337
0.0052359
0.00520817
0.0051802
0.00515203
0.00512368
0.00509518
0.00506656
0.00503782
0.00500899
0.00498008
0.0049511
0.00492206
0.00489297
0.00486383
0.00483466
0.00480545
0.00477622
0.00474696
0.00471768
0.00468839
0.00465908
0.00462975
0.00460042
0.00457108
0.00454173
0.00451237
0.00448301
0.00445364
0.00442427
0.00439489
0.00436551
0.00433613
0.00430674
0.00427736
0.00424797
0.00421858
0.00418919
0.0041598
0.0041304
0.00410101
0.00407162
0.00404222
0.00401283
0.00398343
0.00395404
0.00392464
0.00389524
0.00386585
0.00383645
0.00380705
0.00377766
0.00374826
0.00371886
0.00368947
0.00366007
0.00363067
0.00360127
0.00357188
0.00354248
0.00351308
0.00348368
0.00345429
0.00342489
0.00339549
0.00336609
0.0033367
0.0033073
0.0032779
0.0032485
0.00321911
0.00318971
0.00316031
0.00313092
0.00310152
0.00307212
0.00304272
0.00301333
0.00298393
0.00295453
0.00292513
0.00289574
0.00286634
0.00283694
0.00280754
0.00277815
0.00274875
0.00271935
0.00268995
0.00266055
0.00263116
0.00260176
0.00257236
0.00254296
0.00251357
0.00248417
0.00245477
0.00242537
0.00239597
0.00236658
0.00233718
0.00230778
0.00227838
0.00224898
0.00221959
0.00219019
0.00216079
0.00213139
0.00210199
0.0020726
0.0020432
0.0020138
0.0019844
0.001955
0.00192561
0.00189621
0.00186681
0.00183741
0.00180801
0.00177861
0.00174922
0.00171982
0.00169042
0.00166102
0.00163162
0.00160222
0.00157283
0.00154343
0.00151403
0.00148463
0.00145523
0.00142584
0.00139644
0.00136704
0.00133764
0.00130824
0.00127884
0.00124945
0.00122005
0.00119065
0.00116125
0.00113185
0.00110246
0.00107306
0.00104366
0.00101426
0.000984862
0.000955464
0.000926066
0.000896668
0.00086727
0.000837871
0.000808473
0.000779075
0.000749676
0.000720278
0.000690879
0.000661481
0.000632082
0.000602683
0.000573285
0.000543886
0.000514487
0.000485088
0.000455689
0.00042629
0.000396891
0.000367492
0.000338093
0.000308694
0.000279295
0.000249896
0.000220496
0.000191097
0.000161698
0.000132298
0.000102899
7.3499e-05
4.40994e-05
1.46998e-05
0.00562539
0.00562307
0.00561847
0.00561161
0.00560255
0.00559135
0.00557815
0.00556309
0.00554635
0.00552807
0.00550841
0.00548751
0.00546551
0.00544255
0.00541873
0.00539416
0.00536894
0.00534314
0.00531685
0.00529013
0.00526304
0.00523562
0.00520793
0.00517999
0.00515185
0.00512352
0.00509505
0.00506644
0.00503772
0.00500891
0.00498001
0.00495104
0.00492201
0.00489292
0.00486379
0.00483462
0.00480542
0.00477619
0.00474694
0.00471766
0.00468837
0.00465906
0.00462974
0.00460041
0.00457107
0.00454172
0.00451236
0.004483
0.00445363
0.00442426
0.00439489
0.00436551
0.00433613
0.00430674
0.00427736
0.00424797
0.00421858
0.00418919
0.0041598
0.0041304
0.00410101
0.00407162
0.00404222
0.00401283
0.00398343
0.00395404
0.00392464
0.00389524
0.00386585
0.00383645
0.00380705
0.00377766
0.00374826
0.00371886
0.00368947
0.00366007
0.00363067
0.00360127
0.00357188
0.00354248
0.00351308
0.00348368
0.00345429
0.00342489
0.00339549
0.00336609
0.0033367
0.0033073
0.0032779
0.0032485
0.00321911
0.00318971
0.00316031
0.00313092
0.00310152
0.00307212
0.00304272
0.00301333
0.00298393
0.00295453
0.00292513
0.00289574
0.00286634
0.00283694
0.00280754
0.00277815
0.00274875
0.00271935
0.00268995
0.00266055
0.00263116
0.00260176
0.00257236
0.00254296
0.00251357
0.00248417
0.00245477
0.00242537
0.00239597
0.00236658
0.00233718
0.00230778
0.00227838
0.00224898
0.00221959
0.00219019
0.00216079
0.00213139
0.00210199
0.0020726
0.0020432
0.0020138
0.0019844
0.001955
0.00192561
0.00189621
0.00186681
0.00183741
0.00180801
0.00177861
0.00174922
0.00171982
0.00169042
0.00166102
0.00163162
0.00160222
0.00157283
0.00154343
0.00151403
0.00148463
0.00145523
0.00142584
0.00139644
0.00136704
0.00133764
0.00130824
0.00127884
0.00124945
0.00122005
0.00119065
0.00116125
0.00113185
0.00110246
0.00107306
0.00104366
0.00101426
0.000984862
0.000955464
0.000926066
0.000896668
0.00086727
0.000837871
0.000808473
0.000779075
0.000749676
0.000720278
0.000690879
0.000661481
0.000632082
0.000602683
0.000573285
0.000543886
0.000514487
0.000485088
0.000455689
0.00042629
0.000396891
0.000367492
0.000338093
0.000308694
0.000279295
0.000249896
0.000220496
0.000191097
0.000161698
0.000132298
0.000102899
7.3499e-05
4.40994e-05
1.46998e-05
)
;

boundaryField
{
    inlet
    {
        type            zeroGradient;
    }
    outlet
    {
        type            fixedValue;
        value           uniform 0;
    }
    top
    {
        type            zeroGradient;
    }
    bottom
    {
        type            zeroGradient;
    }
    frontAndBack
    {
        type            empty;
    }
}


// ************************************************************************* //
