/*--------------------------------*- C++ -*----------------------------------*\
  =========                 |
  \\      /  F ield         | OpenFOAM: The Open Source CFD Toolbox
   \\    /   O peration     | Website:  https://openfoam.org
    \\  /    A nd           | Version:  dev
     \\/     M anipulation  |
\*---------------------------------------------------------------------------*/
FoamFile
{
    format      ascii;
    class       surfaceScalarField;
    location    "0.6";
    object      phi;
}
// * * * * * * * * * * * * * * * * * * * * * * * * * * * * * * * * * * * * * //

dimensions      [0 3 -1 0 0 0 0];

internalField   nonuniform List<scalar> 
7780
(
0.00499906
9.44786e-07
0.00499707
1.98769e-06
0.00499448
2.58403e-06
0.00499184
2.64167e-06
0.00498952
2.3251e-06
0.00498726
2.25894e-06
0.0049847
2.5611e-06
0.00498177
2.92984e-06
0.00497873
3.03364e-06
0.00497589
2.8444e-06
0.00497344
2.44748e-06
0.0049715
1.94501e-06
0.00497005
1.44299e-06
0.00496903
1.01874e-06
0.00496833
7.00304e-07
0.00496786
4.78718e-07
0.00496752
3.30987e-07
0.00496729
2.34311e-07
0.00496712
1.70937e-07
0.00496699
1.28582e-07
0.00496689
9.9381e-08
0.00496681
7.85218e-08
0.00496675
6.31076e-08
0.0049667
5.13784e-08
0.00496666
4.22389e-08
0.00496662
3.49841e-08
0.00496659
2.91424e-08
0.00496657
2.43862e-08
0.00496655
2.04803e-08
0.00496653
1.72506e-08
0.00496652
1.45652e-08
0.0049665
1.23225e-08
0.00496649
1.04424e-08
0.00496648
8.86154e-09
0.00496648
7.52885e-09
0.00496647
6.40294e-09
0.00496646
5.44999e-09
0.00496646
4.6422e-09
0.00496646
3.95655e-09
0.00496645
3.37392e-09
0.00496645
2.87836e-09
0.00496645
2.45653e-09
0.00496644
2.0972e-09
0.00496644
1.79093e-09
0.00496644
1.52975e-09
0.00496644
1.30693e-09
0.00496644
1.11676e-09
0.00496644
9.54402e-10
0.00496644
8.15757e-10
0.00496644
6.9733e-10
0.00496644
5.96153e-10
0.00496644
5.09698e-10
0.00496644
4.35812e-10
0.00496643
3.72659e-10
0.00496643
3.18673e-10
0.00496643
2.72521e-10
0.00496643
2.33062e-10
0.00496643
1.99323e-10
0.00496643
1.70474e-10
0.00496643
1.45803e-10
0.00496643
1.24705e-10
0.00496643
1.06662e-10
0.00496643
9.12316e-11
0.00496643
7.80344e-11
0.00496643
6.6747e-11
0.00496643
5.70927e-11
0.00496643
4.88354e-11
0.00496643
4.17726e-11
0.00496643
3.57314e-11
0.00496643
3.0564e-11
0.00496643
2.61442e-11
0.00496643
2.2364e-11
0.00496643
1.91308e-11
0.00496643
1.6365e-11
0.00496643
1.39988e-11
0.00496643
1.19742e-11
0.00496643
1.02423e-11
0.00496643
8.76115e-12
0.00496643
7.49458e-12
0.00496643
6.41138e-12
0.00496643
5.4846e-12
0.00496643
4.69141e-12
0.00496643
4.01266e-12
0.00496643
3.43212e-12
0.00496643
2.93595e-12
0.00496643
2.51179e-12
0.00496643
2.14892e-12
0.00496643
1.8383e-12
0.00496643
1.57224e-12
0.00496643
1.34452e-12
0.00496643
1.14985e-12
0.00496643
9.83611e-13
0.00496643
8.41728e-13
0.00496643
7.20402e-13
0.00496643
6.16515e-13
0.00496643
5.27417e-13
0.00496643
4.50999e-13
0.00496643
3.85639e-13
0.00496643
3.29871e-13
0.00496643
2.82371e-13
0.00496643
2.41854e-13
0.00496643
2.072e-13
0.00496643
1.77441e-13
0.00496643
1.51766e-13
0.00496643
1.29662e-13
0.00496643
1.10749e-13
0.00496643
9.46635e-14
0.00496643
8.10483e-14
0.00496643
6.94748e-14
0.00496643
5.95903e-14
0.00496643
5.10366e-14
0.00496643
4.35821e-14
0.00496643
3.69996e-14
0.00496643
3.12076e-14
0.00496643
2.62762e-14
0.00496643
2.21171e-14
0.00496643
1.86558e-14
0.00496643
1.58064e-14
0.00496643
1.34908e-14
0.00496643
1.15737e-14
0.00496643
9.89605e-15
0.00496643
8.51001e-15
0.00496643
7.15998e-15
0.00496643
5.95608e-15
0.00496643
4.99801e-15
0.00496643
4.14108e-15
0.00496643
3.48901e-15
0.00496643
2.97065e-15
0.00496643
2.61066e-15
0.00496643
2.34368e-15
0.00496643
2.09951e-15
0.00496643
1.82505e-15
0.00496643
1.56484e-15
0.00496643
1.2658e-15
0.00496643
9.40299e-16
0.00496643
6.47925e-16
0.00496643
4.53624e-16
0.00496643
4.11406e-16
0.00496643
5.59489e-16
0.00496643
8.64323e-16
0.00496643
1.13959e-15
0.00496643
1.44882e-15
0.00496643
1.57586e-15
0.00496643
1.5673e-15
0.00496643
1.3814e-15
0.00496643
1.10122e-15
0.00496643
7.82659e-16
0.00496643
5.59344e-16
0.00496643
2.98152e-16
0.00496643
2.79328e-16
0.00496643
4.50562e-16
0.00496643
8.68413e-16
0.00496643
1.26895e-15
0.00496643
1.39091e-15
0.00496643
1.60424e-15
0.00496643
1.85804e-15
0.00496643
1.75019e-15
0.00496643
1.44166e-15
0.00496643
8.76754e-16
0.00496643
1.91094e-16
0.00496643
-7.14982e-16
0.00496643
-1.38059e-15
0.00496643
-1.94301e-15
0.00496643
-2.68001e-15
0.00496643
-3.0389e-15
0.00496643
-3.1909e-15
0.00496643
-3.2558e-15
0.00496643
-3.18077e-15
0.00496643
-3.04926e-15
0.00496643
-2.79158e-15
0.00496643
-2.486e-15
0.00496643
-2.30369e-15
0.00496643
-2.17851e-15
0.00496643
-2.18219e-15
0.00496643
-2.27149e-15
0.00496643
-2.47188e-15
0.00496643
-2.56299e-15
0.00496643
-2.74795e-15
0.00496643
-3.06998e-15
0.00496643
-3.21952e-15
0.00496643
-3.38721e-15
0.00496643
-3.33848e-15
0.00496643
-3.18566e-15
0.00496643
-2.97812e-15
0.00496643
-2.71361e-15
0.00496643
-2.30633e-15
0.00496643
-1.90103e-15
0.00496643
-1.40712e-15
0.00496643
-7.16831e-16
0.00496643
-4.54585e-16
0.00496643
-6.31724e-17
0.00496643
2.60761e-16
0.00496643
1.64491e-16
0.00496643
6.33425e-16
0.00496643
3.91572e-16
0.00496643
9.91116e-17
0.00496643
9.02621e-18
0.00496643
-2.37443e-16
0.00496643
-4.00073e-16
-4.45166e-16
0.0050004
5.41189e-07
0.00500102
1.36752e-06
0.00500164
1.96594e-06
0.00500202
2.26302e-06
0.00500218
2.16184e-06
0.00500242
2.02556e-06
0.00500277
2.20369e-06
0.00500316
2.54615e-06
0.00500346
2.73241e-06
0.00500364
2.66172e-06
0.00500369
2.39761e-06
0.00500361
2.02247e-06
0.00500345
1.61203e-06
0.00500323
1.23247e-06
0.00500301
9.21537e-07
0.0050028
6.85407e-07
0.00500262
5.12926e-07
0.00500247
3.88842e-07
0.00500234
2.9957e-07
0.00500223
2.34619e-07
0.00500215
1.86506e-07
0.00500207
1.50146e-07
0.00500201
1.22147e-07
0.00500197
1.00222e-07
0.00500193
8.28093e-08
0.00500189
6.88129e-08
0.00500186
5.745e-08
0.00500184
4.81485e-08
0.00500182
4.04818e-08
0.0050018
3.41263e-08
0.00500179
2.88324e-08
0.00500178
2.4405e-08
0.00500177
2.06898e-08
0.00500176
1.75634e-08
0.00500175
1.4926e-08
0.00500174
1.26967e-08
0.00500174
1.08091e-08
0.00500173
9.20844e-09
0.00500173
7.8494e-09
0.00500173
6.69427e-09
0.00500172
5.71158e-09
0.00500172
4.87492e-09
0.00500172
4.16212e-09
0.00500172
3.5545e-09
0.00500172
3.03629e-09
0.00500171
2.59413e-09
0.00500171
2.21674e-09
0.00500171
1.89453e-09
0.00500171
1.61936e-09
0.00500171
1.3843e-09
0.00500171
1.18347e-09
0.00500171
1.01186e-09
0.00500171
8.65193e-10
0.00500171
7.39827e-10
0.00500171
6.32659e-10
0.00500171
5.41038e-10
0.00500171
4.62704e-10
0.00500171
3.95724e-10
0.00500171
3.3845e-10
0.00500171
2.89471e-10
0.00500171
2.47585e-10
0.00500171
2.11764e-10
0.00500171
1.81129e-10
0.00500171
1.54928e-10
0.00500171
1.32518e-10
0.00500171
1.1335e-10
0.00500171
9.6956e-11
0.00500171
8.29339e-11
0.00500171
7.09402e-11
0.00500171
6.06815e-11
0.00500171
5.19066e-11
0.00500171
4.44009e-11
0.00500171
3.79808e-11
0.00500171
3.24889e-11
0.00500171
2.77906e-11
0.00500171
2.37713e-11
0.00500171
2.03331e-11
0.00500171
1.73925e-11
0.00500171
1.48777e-11
0.00500171
1.27268e-11
0.00500171
1.08866e-11
0.00500171
9.31217e-12
0.00500171
7.96525e-12
0.00500171
6.81314e-12
0.00500171
5.82795e-12
0.00500171
4.98539e-12
0.00500171
4.26467e-12
0.00500171
3.64795e-12
0.00500171
3.12024e-12
0.00500171
2.66893e-12
0.00500171
2.28315e-12
0.00500171
1.95354e-12
0.00500171
1.67182e-12
0.00500171
1.43093e-12
0.00500171
1.22473e-12
0.00500171
1.04814e-12
0.00500171
8.97003e-13
0.00500171
7.67831e-13
0.00500171
6.57487e-13
0.00500171
5.63188e-13
0.00500171
4.82518e-13
0.00500171
4.13495e-13
0.00500171
3.54447e-13
0.00500171
3.03809e-13
0.00500171
2.60406e-13
0.00500171
2.2327e-13
0.00500171
1.91512e-13
0.00500171
1.64287e-13
0.00500171
1.408e-13
0.00500171
1.20492e-13
0.00500171
1.02858e-13
0.00500171
8.76035e-14
0.00500171
7.44952e-14
0.00500171
6.32361e-14
0.00500171
5.38058e-14
0.00500171
4.58778e-14
0.00500171
3.92667e-14
0.00500171
3.36892e-14
0.00500171
2.888e-14
0.00500171
2.47709e-14
0.00500171
2.10512e-14
0.00500171
1.78732e-14
0.00500171
1.5077e-14
0.00500171
1.26116e-14
0.00500171
1.0592e-14
0.00500171
8.85911e-15
0.00500171
7.42736e-15
0.00500171
6.22332e-15
0.00500171
5.234e-15
0.00500171
4.36982e-15
0.00500171
3.69695e-15
0.00500171
3.07512e-15
0.00500171
2.61552e-15
0.00500171
2.23852e-15
0.00500171
1.86792e-15
0.00500171
1.62845e-15
0.00500171
1.57056e-15
0.00500171
1.75153e-15
0.00500171
2.04505e-15
0.00500171
2.4982e-15
0.00500171
2.8996e-15
0.00500171
3.33237e-15
0.00500171
3.64971e-15
0.00500171
3.85456e-15
0.00500171
4.06714e-15
0.00500171
4.20413e-15
0.00500171
4.32303e-15
0.00500171
4.37541e-15
0.00500171
4.35698e-15
0.00500171
4.32488e-15
0.00500171
4.26647e-15
0.00500171
4.12058e-15
0.00500171
3.75906e-15
0.00500171
3.13123e-15
0.00500171
2.26884e-15
0.00500171
1.18758e-15
0.00500171
7.7067e-17
0.00500171
-1.07171e-15
0.00500171
-2.27935e-15
0.00500171
-3.48988e-15
0.00500171
-4.58676e-15
0.00500171
-5.40612e-15
0.00500171
-5.91616e-15
0.00500171
-6.18246e-15
0.00500171
-6.0997e-15
0.00500171
-5.84518e-15
0.00500171
-5.51345e-15
0.00500171
-5.05264e-15
0.00500171
-4.48847e-15
0.00500171
-3.96881e-15
0.00500171
-3.41e-15
0.00500171
-3.04367e-15
0.00500171
-2.85513e-15
0.00500171
-2.8253e-15
0.00500171
-2.74128e-15
0.00500171
-2.84528e-15
0.00500171
-2.96372e-15
0.00500171
-3.11015e-15
0.00500171
-3.45594e-15
0.00500171
-3.6121e-15
0.00500171
-3.65692e-15
0.00500171
-3.64783e-15
0.00500171
-3.62197e-15
0.00500171
-3.51242e-15
0.00500171
-3.42651e-15
0.00500171
-3.02628e-15
0.00500171
-2.65535e-15
0.00500171
-2.44933e-15
0.00500171
-1.98212e-15
0.00500171
-1.83966e-15
0.00500171
-1.44764e-15
0.00500171
-1.12963e-15
0.00500171
-1.13876e-15
0.00500171
-7.85885e-16
0.00500171
-8.74075e-16
0.00500171
-7.2807e-16
0.00500171
-5.81923e-16
0.00500171
-6.44841e-16
0.00500171
-5.99648e-16
-3.70943e-16
0.00500019
3.54566e-07
0.00500061
9.45823e-07
0.00500114
1.43785e-06
0.00500158
1.81911e-06
0.00500181
1.92835e-06
0.00500198
1.85561e-06
0.00500226
1.92284e-06
0.00500263
2.17959e-06
0.00500297
2.39572e-06
0.00500321
2.42232e-06
0.00500333
2.27656e-06
0.00500333
2.02001e-06
0.00500324
1.70552e-06
0.00500309
1.38354e-06
0.00500291
1.09388e-06
0.00500274
8.54682e-07
0.00500259
6.66449e-07
0.00500246
5.21836e-07
0.00500235
4.11844e-07
0.00500225
3.28198e-07
0.00500217
2.64138e-07
0.00500211
2.14538e-07
0.00500206
1.75663e-07
0.00500201
1.44831e-07
0.00500197
1.20108e-07
0.00500194
1.00093e-07
0.00500192
8.37528e-08
0.0050019
7.03187e-08
0.00500188
5.92074e-08
0.00500186
4.99706e-08
0.00500185
4.22594e-08
0.00500184
3.57985e-08
0.00500183
3.03688e-08
0.00500182
2.57938e-08
0.00500181
2.19306e-08
0.0050018
1.86622e-08
0.0050018
1.58929e-08
0.0050018
1.3543e-08
0.00500179
1.15469e-08
0.00500179
9.84959e-09
0.00500179
8.4051e-09
0.00500178
7.1749e-09
0.00500178
6.12654e-09
0.00500178
5.23268e-09
0.00500178
4.47019e-09
0.00500178
3.81952e-09
0.00500178
3.26407e-09
0.00500178
2.78978e-09
0.00500177
2.38469e-09
0.00500177
2.03862e-09
0.00500177
1.74293e-09
0.00500177
1.49024e-09
0.00500177
1.27426e-09
0.00500177
1.08965e-09
0.00500177
9.31823e-10
0.00500177
7.96891e-10
0.00500177
6.81522e-10
0.00500177
5.82874e-10
0.00500177
4.98517e-10
0.00500177
4.26378e-10
0.00500177
3.64685e-10
0.00500177
3.11924e-10
0.00500177
2.668e-10
0.00500177
2.28207e-10
0.00500177
1.95198e-10
0.00500177
1.66965e-10
0.00500177
1.42817e-10
0.00500177
1.22163e-10
0.00500177
1.04496e-10
0.00500177
8.93849e-11
0.00500177
7.64593e-11
0.00500177
6.54031e-11
0.00500177
5.59459e-11
0.00500177
4.78559e-11
0.00500177
4.09352e-11
0.00500177
3.5015e-11
0.00500177
2.9951e-11
0.00500177
2.56197e-11
0.00500177
2.19152e-11
0.00500177
1.87465e-11
0.00500177
1.60358e-11
0.00500177
1.37169e-11
0.00500177
1.1733e-11
0.00500177
1.00361e-11
0.00500177
8.58475e-12
0.00500177
7.34338e-12
0.00500177
6.28153e-12
0.00500177
5.37312e-12
0.00500177
4.5961e-12
0.00500177
3.9317e-12
0.00500177
3.36368e-12
0.00500177
2.87816e-12
0.00500177
2.46299e-12
0.00500177
2.10786e-12
0.00500177
1.80403e-12
0.00500177
1.54403e-12
0.00500177
1.3217e-12
0.00500177
1.1316e-12
0.00500177
9.69081e-13
0.00500177
8.30138e-13
0.00500177
7.11244e-13
0.00500177
6.09534e-13
0.00500177
5.22451e-13
0.00500177
4.47912e-13
0.00500177
3.84184e-13
0.00500177
3.29633e-13
0.00500177
2.82845e-13
0.00500177
2.42547e-13
0.00500177
2.07713e-13
0.00500177
1.77596e-13
0.00500177
1.51533e-13
0.00500177
1.29066e-13
0.00500177
1.09839e-13
0.00500177
9.35082e-14
0.00500177
7.9822e-14
0.00500177
6.8273e-14
0.00500177
5.85386e-14
0.00500177
5.02266e-14
0.00500177
4.2996e-14
0.00500177
3.67958e-14
0.00500177
3.12498e-14
0.00500177
2.64173e-14
0.00500177
2.22717e-14
0.00500177
1.87091e-14
0.00500177
1.57292e-14
0.00500177
1.32004e-14
0.00500177
1.10254e-14
0.00500177
9.20539e-15
0.00500177
7.64306e-15
0.00500177
6.29289e-15
0.00500177
5.207e-15
0.00500177
4.31782e-15
0.00500177
3.6163e-15
0.00500177
3.0722e-15
0.00500177
2.74667e-15
0.00500177
2.59693e-15
0.00500177
2.65486e-15
0.00500177
2.93691e-15
0.00500177
3.34814e-15
0.00500177
3.8886e-15
0.00500177
4.38457e-15
0.00500177
4.92754e-15
0.00500177
5.41566e-15
0.00500177
5.86945e-15
0.00500177
6.36361e-15
0.00500177
6.76371e-15
0.00500177
7.10436e-15
0.00500177
7.31851e-15
0.00500177
7.38618e-15
0.00500177
7.33997e-15
0.00500177
7.04555e-15
0.00500177
6.52361e-15
0.00500177
5.55091e-15
0.00500177
4.26219e-15
0.00500177
2.71773e-15
0.00500177
9.29668e-16
0.00500177
-8.77474e-16
0.00500177
-2.71605e-15
0.00500177
-4.52442e-15
0.00500177
-6.08758e-15
0.00500177
-7.44968e-15
0.00500177
-8.3409e-15
0.00500177
-8.86721e-15
0.00500177
-9.00493e-15
0.00500177
-8.76256e-15
0.00500177
-8.36446e-15
0.00500177
-7.74504e-15
0.00500177
-6.98299e-15
0.00500177
-6.10701e-15
0.00500177
-5.33134e-15
0.00500177
-4.70308e-15
0.00500177
-4.21053e-15
0.00500177
-3.9299e-15
0.00500177
-3.74841e-15
0.00500177
-3.61509e-15
0.00500177
-3.75231e-15
0.00500177
-3.96463e-15
0.00500177
-4.1806e-15
0.00500177
-4.45908e-15
0.00500177
-4.62543e-15
0.00500177
-4.70463e-15
0.00500177
-4.82424e-15
0.00500177
-4.85847e-15
0.00500177
-4.70009e-15
0.00500177
-4.55286e-15
0.00500177
-4.2109e-15
0.00500177
-3.82038e-15
0.00500177
-3.62825e-15
0.00500177
-3.27191e-15
0.00500177
-2.94652e-15
0.00500177
-2.52159e-15
0.00500177
-2.09246e-15
0.00500177
-2.05938e-15
0.00500177
-1.81614e-15
0.00500177
-1.55138e-15
0.00500177
-1.17072e-15
0.00500177
-1.03192e-15
0.00500177
-9.12195e-16
0.00500177
-7.05672e-16
-2.78995e-16
0.00500011
2.41005e-07
0.00500036
7.03311e-07
0.00500067
1.12023e-06
0.00500102
1.46992e-06
0.0050013
1.65242e-06
0.00500148
1.66964e-06
0.00500168
1.72567e-06
0.00500194
1.92437e-06
0.0050022
2.13455e-06
0.00500241
2.20891e-06
0.00500256
2.12681e-06
0.00500265
1.93556e-06
0.00500267
1.68367e-06
0.00500264
1.41266e-06
0.00500258
1.1565e-06
0.0050025
9.34584e-07
0.00500241
7.51862e-07
0.00500233
6.05232e-07
0.00500225
4.88963e-07
0.00500218
3.97114e-07
0.00500212
3.24414e-07
0.00500207
2.6656e-07
0.00500202
2.20205e-07
0.00500199
1.82793e-07
0.00500195
1.52385e-07
0.00500193
1.27507e-07
0.0050019
1.0703e-07
0.00500188
9.00885e-08
0.00500187
7.60059e-08
0.00500185
6.42527e-08
0.00500184
5.44096e-08
0.00500183
4.61415e-08
0.00500182
3.91783e-08
0.00500181
3.33012e-08
0.00500181
2.83314e-08
0.0050018
2.41219e-08
0.0050018
2.05515e-08
0.00500179
1.75195e-08
0.00500179
1.49421e-08
0.00500179
1.27491e-08
0.00500178
1.08819e-08
0.00500178
9.29105e-09
0.00500178
7.93484e-09
0.00500178
6.77812e-09
0.00500178
5.79115e-09
0.00500178
4.94872e-09
0.00500178
4.22945e-09
0.00500177
3.61516e-09
0.00500177
3.09043e-09
0.00500177
2.6421e-09
0.00500177
2.25898e-09
0.00500177
1.93155e-09
0.00500177
1.65168e-09
0.00500177
1.41243e-09
0.00500177
1.20788e-09
0.00500177
1.033e-09
0.00500177
8.83468e-10
0.00500177
7.55601e-10
0.00500177
6.46255e-10
0.00500177
5.52744e-10
0.00500177
4.72773e-10
0.00500177
4.04378e-10
0.00500177
3.45882e-10
0.00500177
2.95851e-10
0.00500177
2.53059e-10
0.00500177
2.16459e-10
0.00500177
1.85154e-10
0.00500177
1.58377e-10
0.00500177
1.35473e-10
0.00500177
1.15883e-10
0.00500177
9.91253e-11
0.00500177
8.47914e-11
0.00500177
7.25304e-11
0.00500177
6.20421e-11
0.00500177
5.30701e-11
0.00500177
4.53952e-11
0.00500177
3.88304e-11
0.00500177
3.32153e-11
0.00500177
2.84126e-11
0.00500177
2.43045e-11
0.00500177
2.07901e-11
0.00500177
1.77835e-11
0.00500177
1.52114e-11
0.00500177
1.30114e-11
0.00500177
1.11298e-11
0.00500177
9.52037e-12
0.00500177
8.14381e-12
0.00500177
6.96634e-12
0.00500177
5.95923e-12
0.00500177
5.09795e-12
0.00500177
4.36147e-12
0.00500177
3.73171e-12
0.00500177
3.19318e-12
0.00500177
2.73265e-12
0.00500177
2.3388e-12
0.00500177
2.00188e-12
0.00500177
1.71378e-12
0.00500177
1.46737e-12
0.00500177
1.25667e-12
0.00500177
1.07644e-12
0.00500177
9.22187e-13
0.00500177
7.90283e-13
0.00500177
6.77484e-13
0.00500177
5.80987e-13
0.00500177
4.98395e-13
0.00500177
4.27556e-13
0.00500177
3.66785e-13
0.00500177
3.14381e-13
0.00500177
2.69141e-13
0.00500177
2.30067e-13
0.00500177
1.96299e-13
0.00500177
1.67358e-13
0.00500177
1.42659e-13
0.00500177
1.21707e-13
0.00500177
1.04039e-13
0.00500177
8.90928e-14
0.00500177
7.64254e-14
0.00500177
6.5499e-14
0.00500177
5.60201e-14
0.00500177
4.77796e-14
0.00500177
4.05444e-14
0.00500177
3.42868e-14
0.00500177
2.8935e-14
0.00500177
2.43562e-14
0.00500177
2.04602e-14
0.00500177
1.716e-14
0.00500177
1.42993e-14
0.00500177
1.18574e-14
0.00500177
9.74191e-15
0.00500177
8.01011e-15
0.00500177
6.56425e-15
0.00500177
5.42297e-15
0.00500177
4.56572e-15
0.00500177
3.95322e-15
0.00500177
3.6399e-15
0.00500177
3.55384e-15
0.00500177
3.68742e-15
0.00500177
4.04945e-15
0.00500177
4.54168e-15
0.00500177
5.10051e-15
0.00500177
5.7293e-15
0.00500177
6.39271e-15
0.00500177
7.06725e-15
0.00500177
7.8063e-15
0.00500177
8.51114e-15
0.00500177
9.13035e-15
0.00500177
9.63149e-15
0.00500177
9.98741e-15
0.00500177
1.01429e-14
0.00500177
1.00004e-14
0.00500177
9.46936e-15
0.00500177
8.50368e-15
0.00500177
7.06116e-15
0.00500177
5.20897e-15
0.00500177
3.05735e-15
0.00500177
6.77603e-16
0.00500177
-1.78463e-15
0.00500177
-4.19767e-15
0.00500177
-6.4873e-15
0.00500177
-8.4074e-15
0.00500177
-9.95672e-15
0.00500177
-1.09741e-14
0.00500177
-1.14784e-14
0.00500177
-1.15681e-14
0.00500177
-1.12638e-14
0.00500177
-1.06156e-14
0.00500177
-9.76342e-15
0.00500177
-8.70833e-15
0.00500177
-7.60995e-15
0.00500177
-6.7109e-15
0.00500177
-5.93999e-15
0.00500177
-5.31221e-15
0.00500177
-4.8854e-15
0.00500177
-4.60406e-15
0.00500177
-4.5471e-15
0.00500177
-4.70968e-15
0.00500177
-4.96242e-15
0.00500177
-5.17744e-15
0.00500177
-5.38592e-15
0.00500177
-5.66922e-15
0.00500177
-5.82295e-15
0.00500177
-6.01842e-15
0.00500177
-5.99868e-15
0.00500177
-5.79451e-15
0.00500177
-5.64151e-15
0.00500177
-5.37533e-15
0.00500177
-5.12087e-15
0.00500177
-4.71892e-15
0.00500177
-4.22452e-15
0.00500177
-3.84566e-15
0.00500177
-3.55368e-15
0.00500177
-3.17709e-15
0.00500177
-2.80725e-15
0.00500177
-2.33214e-15
0.00500177
-2.18373e-15
0.00500177
-1.78487e-15
0.00500177
-1.47001e-15
0.00500177
-1.09344e-15
0.00500177
-7.7612e-16
-3.1215e-16
0.00500005
1.87851e-07
0.0050002
5.54735e-07
0.00500042
9.0066e-07
0.00500069
1.19942e-06
0.00500095
1.39695e-06
0.00500114
1.47794e-06
0.00500132
1.54876e-06
0.00500154
1.70316e-06
0.00500179
1.885e-06
0.00500201
1.9809e-06
0.00500219
1.94924e-06
0.00500231
1.81587e-06
0.00500237
1.62082e-06
0.00500239
1.39874e-06
0.00500237
1.178e-06
0.00500232
9.77469e-07
0.00500227
8.05154e-07
0.00500221
6.6157e-07
0.00500216
5.43853e-07
0.00500211
4.48105e-07
0.00500206
3.70409e-07
0.00500202
3.07281e-07
0.00500199
2.55818e-07
0.00500196
2.13691e-07
0.00500193
1.79049e-07
0.00500191
1.50436e-07
0.00500189
1.26703e-07
0.00500187
1.06941e-07
0.00500186
9.04289e-08
0.00500184
7.65889e-08
0.00500183
6.4957e-08
0.00500182
5.51576e-08
0.00500182
4.68847e-08
0.00500181
3.9888e-08
0.0050018
3.39612e-08
0.0050018
2.8934e-08
0.00500179
2.46649e-08
0.00500179
2.10358e-08
0.00500179
1.79482e-08
0.00500179
1.53193e-08
0.00500178
1.30794e-08
0.00500178
1.117e-08
0.00500178
9.54153e-09
0.00500178
8.15206e-09
0.00500178
6.9661e-09
0.00500178
5.95354e-09
0.00500178
5.0888e-09
0.00500177
4.35012e-09
0.00500177
3.71902e-09
0.00500177
3.17972e-09
0.00500177
2.71882e-09
0.00500177
2.32486e-09
0.00500177
1.98809e-09
0.00500177
1.70017e-09
0.00500177
1.45401e-09
0.00500177
1.24353e-09
0.00500177
1.06355e-09
0.00500177
9.09634e-10
0.00500177
7.78012e-10
0.00500177
6.65447e-10
0.00500177
5.69177e-10
0.00500177
4.86842e-10
0.00500177
4.16421e-10
0.00500177
3.5619e-10
0.00500177
3.04673e-10
0.00500177
2.6061e-10
0.00500177
2.2292e-10
0.00500177
1.90682e-10
0.00500177
1.63107e-10
0.00500177
1.3952e-10
0.00500177
1.19345e-10
0.00500177
1.02087e-10
0.00500177
8.73254e-11
0.00500177
7.46978e-11
0.00500177
6.38958e-11
0.00500177
5.46558e-11
0.00500177
4.67523e-11
0.00500177
3.99921e-11
0.00500177
3.42097e-11
0.00500177
2.92632e-11
0.00500177
2.50316e-11
0.00500177
2.14114e-11
0.00500177
1.83146e-11
0.00500177
1.56659e-11
0.00500177
1.34006e-11
0.00500177
1.1463e-11
0.00500177
9.80583e-12
0.00500177
8.38826e-12
0.00500177
7.17569e-12
0.00500177
6.13855e-12
0.00500177
5.25162e-12
0.00500177
4.49319e-12
0.00500177
3.84464e-12
0.00500177
3.29008e-12
0.00500177
2.81587e-12
0.00500177
2.41034e-12
0.00500177
2.06355e-12
0.00500177
1.76691e-12
0.00500177
1.51314e-12
0.00500177
1.29607e-12
0.00500177
1.1104e-12
0.00500177
9.51549e-13
0.00500177
8.15637e-13
0.00500177
6.99416e-13
0.00500177
5.99958e-13
0.00500177
5.14669e-13
0.00500177
4.41359e-13
0.00500177
3.78205e-13
0.00500177
3.23705e-13
0.00500177
2.76762e-13
0.00500177
2.3634e-13
0.00500177
2.01685e-13
0.00500177
1.72098e-13
0.00500177
1.47098e-13
0.00500177
1.25907e-13
0.00500177
1.07889e-13
0.00500177
9.254e-14
0.00500177
7.92011e-14
0.00500177
6.76863e-14
0.00500177
5.76026e-14
0.00500177
4.88677e-14
0.00500177
4.13328e-14
0.00500177
3.48652e-14
0.00500177
2.93622e-14
0.00500177
2.46758e-14
0.00500177
2.06158e-14
0.00500177
1.71506e-14
0.00500177
1.41503e-14
0.00500177
1.15662e-14
0.00500177
9.47499e-15
0.00500177
7.71928e-15
0.00500177
6.39657e-15
0.00500177
5.4114e-15
0.00500177
4.77549e-15
0.00500177
4.50068e-15
0.00500177
4.46566e-15
0.00500177
4.66828e-15
0.00500177
5.07167e-15
0.00500177
5.62428e-15
0.00500177
6.20034e-15
0.00500177
6.9116e-15
0.00500177
7.71523e-15
0.00500177
8.57724e-15
0.00500177
9.52784e-15
0.00500177
1.04366e-14
0.00500177
1.12709e-14
0.00500177
1.19535e-14
0.00500177
1.24196e-14
0.00500177
1.26106e-14
0.00500177
1.23659e-14
0.00500177
1.15811e-14
0.00500177
1.02277e-14
0.00500177
8.2995e-15
0.00500177
5.9728e-15
0.00500177
3.2917e-15
0.00500177
3.49228e-16
0.00500177
-2.66292e-15
0.00500177
-5.61202e-15
0.00500177
-8.26425e-15
0.00500177
-1.04961e-14
0.00500177
-1.21821e-14
0.00500177
-1.32884e-14
0.00500177
-1.38056e-14
0.00500177
-1.38252e-14
0.00500177
-1.33965e-14
0.00500177
-1.24967e-14
0.00500177
-1.14232e-14
0.00500177
-1.01707e-14
0.00500177
-8.958e-15
0.00500177
-7.92827e-15
0.00500177
-6.96771e-15
0.00500177
-6.20131e-15
0.00500177
-5.70295e-15
0.00500177
-5.44538e-15
0.00500177
-5.41083e-15
0.00500177
-5.5327e-15
0.00500177
-5.76605e-15
0.00500177
-6.02104e-15
0.00500177
-6.26934e-15
0.00500177
-6.67206e-15
0.00500177
-6.87432e-15
0.00500177
-6.96818e-15
0.00500177
-6.90225e-15
0.00500177
-6.7519e-15
0.00500177
-6.72073e-15
0.00500177
-6.38557e-15
0.00500177
-6.10594e-15
0.00500177
-5.65185e-15
0.00500177
-5.16759e-15
0.00500177
-4.83394e-15
0.00500177
-4.30547e-15
0.00500177
-3.96954e-15
0.00500177
-3.47726e-15
0.00500177
-2.94695e-15
0.00500177
-2.88774e-15
0.00500177
-2.24086e-15
0.00500177
-1.77394e-15
0.00500177
-1.27278e-15
0.00500177
-9.12791e-16
-3.79158e-16
0.00500004
1.50737e-07
0.00500015
4.44898e-07
0.00500031
7.3685e-07
0.00500052
9.93738e-07
0.00500073
1.18046e-06
0.00500092
1.29065e-06
0.00500109
1.38372e-06
0.00500127
1.5224e-06
0.00500147
1.68172e-06
0.00500167
1.78193e-06
0.00500184
1.77878e-06
0.00500197
1.68363e-06
0.00500206
1.52908e-06
0.00500212
1.34552e-06
0.00500214
1.15695e-06
0.00500213
9.79908e-07
0.00500212
8.22855e-07
0.00500209
6.8804e-07
0.00500206
5.74418e-07
0.00500203
4.79629e-07
0.005002
4.00953e-07
0.00500197
3.35759e-07
0.00500194
2.81714e-07
0.00500192
2.36841e-07
0.0050019
1.99502e-07
0.00500188
1.68356e-07
0.00500187
1.4231e-07
0.00500185
1.20475e-07
0.00500184
1.02128e-07
0.00500183
8.66774e-08
0.00500182
7.36415e-08
0.00500181
6.26234e-08
0.00500181
5.32963e-08
0.0050018
4.53899e-08
0.0050018
3.86796e-08
0.00500179
3.29785e-08
0.00500179
2.81304e-08
0.00500179
2.40044e-08
0.00500179
2.04905e-08
0.00500178
1.7496e-08
0.00500178
1.49429e-08
0.00500178
1.27651e-08
0.00500178
1.09067e-08
0.00500178
9.32042e-09
0.00500178
7.96593e-09
0.00500178
6.80909e-09
0.00500177
5.82085e-09
0.00500177
4.97648e-09
0.00500177
4.25492e-09
0.00500177
3.63822e-09
0.00500177
3.11108e-09
0.00500177
2.66045e-09
0.00500177
2.27518e-09
0.00500177
1.94578e-09
0.00500177
1.66412e-09
0.00500177
1.42327e-09
0.00500177
1.21731e-09
0.00500177
1.04117e-09
0.00500177
8.90536e-10
0.00500177
7.61705e-10
0.00500177
6.51521e-10
0.00500177
5.57281e-10
0.00500177
4.76677e-10
0.00500177
4.07735e-10
0.00500177
3.48766e-10
0.00500177
2.98328e-10
0.00500177
2.55185e-10
0.00500177
2.18282e-10
0.00500177
1.86716e-10
0.00500177
1.59716e-10
0.00500177
1.3662e-10
0.00500177
1.16865e-10
0.00500177
9.99662e-11
0.00500177
8.55109e-11
0.00500177
7.31456e-11
0.00500177
6.25685e-11
0.00500177
5.35213e-11
0.00500177
4.57826e-11
0.00500177
3.9163e-11
0.00500177
3.35001e-11
0.00500177
2.86556e-11
0.00500177
2.45112e-11
0.00500177
2.09663e-11
0.00500177
1.79344e-11
0.00500177
1.53413e-11
0.00500177
1.31235e-11
0.00500177
1.12264e-11
0.00500177
9.60358e-12
0.00500177
8.21535e-12
0.00500177
7.0279e-12
0.00500177
6.01231e-12
0.00500177
5.14386e-12
0.00500177
4.40126e-12
0.00500177
3.76641e-12
0.00500177
3.22355e-12
0.00500177
2.75936e-12
0.00500177
2.36237e-12
0.00500177
2.02279e-12
0.00500177
1.73228e-12
0.00500177
1.48367e-12
0.00500177
1.27099e-12
0.00500177
1.08905e-12
0.00500177
9.33473e-13
0.00500177
8.00443e-13
0.00500177
6.86473e-13
0.00500177
5.8875e-13
0.00500177
5.04771e-13
0.00500177
4.32471e-13
0.00500177
3.70217e-13
0.00500177
3.16588e-13
0.00500177
2.70526e-13
0.00500177
2.31138e-13
0.00500177
1.9759e-13
0.00500177
1.69118e-13
0.00500177
1.44868e-13
0.00500177
1.24203e-13
0.00500177
1.06439e-13
0.00500177
9.0996e-14
0.00500177
7.76666e-14
0.00500177
6.60192e-14
0.00500177
5.59699e-14
0.00500177
4.73464e-14
0.00500177
3.99601e-14
0.00500177
3.36659e-14
0.00500177
2.82847e-14
0.00500177
2.35864e-14
0.00500177
1.95375e-14
0.00500177
1.60238e-14
0.00500177
1.30313e-14
0.00500177
1.06207e-14
0.00500177
8.63267e-15
0.00500177
7.1915e-15
0.00500177
6.14879e-15
0.00500177
5.52574e-15
0.00500177
5.29926e-15
0.00500177
5.3043e-15
0.00500177
5.58849e-15
0.00500177
5.9853e-15
0.00500177
6.52164e-15
0.00500177
7.15844e-15
0.00500177
7.94292e-15
0.00500177
8.89202e-15
0.00500177
9.90304e-15
0.00500177
1.10044e-14
0.00500177
1.21128e-14
0.00500177
1.31172e-14
0.00500177
1.39564e-14
0.00500177
1.45368e-14
0.00500177
1.46999e-14
0.00500177
1.4308e-14
0.00500177
1.3276e-14
0.00500177
1.16208e-14
0.00500177
9.31761e-15
0.00500177
6.56526e-15
0.00500177
3.39378e-15
0.00500177
-4.90657e-17
0.00500177
-3.51823e-15
0.00500177
-6.88876e-15
0.00500177
-9.77899e-15
0.00500177
-1.2253e-14
0.00500177
-1.40515e-14
0.00500177
-1.52091e-14
0.00500177
-1.578e-14
0.00500177
-1.5684e-14
0.00500177
-1.50783e-14
0.00500177
-1.4019e-14
0.00500177
-1.27632e-14
0.00500177
-1.14183e-14
0.00500177
-1.00923e-14
0.00500177
-8.87637e-15
0.00500177
-7.76579e-15
0.00500177
-6.94497e-15
0.00500177
-6.44322e-15
0.00500177
-6.17122e-15
0.00500177
-6.18723e-15
0.00500177
-6.21719e-15
0.00500177
-6.42491e-15
0.00500177
-6.80229e-15
0.00500177
-7.11567e-15
0.00500177
-7.41678e-15
0.00500177
-7.59866e-15
0.00500177
-7.73091e-15
0.00500177
-7.7445e-15
0.00500177
-7.60326e-15
0.00500177
-7.57917e-15
0.00500177
-7.17414e-15
0.00500177
-6.76576e-15
0.00500177
-6.42315e-15
0.00500177
-6.02793e-15
0.00500177
-5.65457e-15
0.00500177
-5.0777e-15
0.00500177
-4.57487e-15
0.00500177
-4.1304e-15
0.00500177
-3.51544e-15
0.00500177
-3.26907e-15
0.00500177
-2.62876e-15
0.00500177
-2.18328e-15
0.00500177
-1.59612e-15
0.00500177
-9.89152e-16
-3.48868e-16
0.00500003
1.24301e-07
0.00500011
3.66191e-07
0.00500023
6.13302e-07
0.00500039
8.36489e-07
0.00500056
1.00742e-06
0.00500073
1.12347e-06
0.00500088
1.22757e-06
0.00500105
1.35721e-06
0.00500123
1.49786e-06
0.00500142
1.59471e-06
0.00500159
1.60921e-06
0.00500173
1.54358e-06
0.00500183
1.4224e-06
0.00500191
1.27169e-06
0.00500195
1.11203e-06
0.00500198
9.57769e-07
0.00500198
8.17096e-07
0.00500198
6.93205e-07
0.00500196
5.86303e-07
0.00500195
4.95177e-07
0.00500193
4.18061e-07
0.00500191
3.53058e-07
0.0050019
2.98366e-07
0.00500188
2.52371e-07
0.00500187
2.13678e-07
0.00500186
1.81101e-07
0.00500184
1.53642e-07
0.00500183
1.30468e-07
0.00500183
1.10885e-07
0.00500182
9.43159e-08
0.00500181
8.02794e-08
0.00500181
6.8375e-08
0.0050018
5.82685e-08
0.0050018
4.96804e-08
0.00500179
4.23764e-08
0.00500179
3.61599e-08
0.00500179
3.08656e-08
0.00500178
2.63541e-08
0.00500178
2.25076e-08
0.00500178
1.92267e-08
0.00500178
1.64271e-08
0.00500178
1.40375e-08
0.00500178
1.19972e-08
0.00500178
1.02546e-08
0.00500177
8.76615e-09
0.00500177
7.49439e-09
0.00500177
6.40764e-09
0.00500177
5.47885e-09
0.00500177
4.68496e-09
0.00500177
4.00631e-09
0.00500177
3.42612e-09
0.00500177
2.93005e-09
0.00500177
2.5059e-09
0.00500177
2.1432e-09
0.00500177
1.83305e-09
0.00500177
1.56781e-09
0.00500177
1.34097e-09
0.00500177
1.14698e-09
0.00500177
9.81055e-10
0.00500177
8.39147e-10
0.00500177
7.17773e-10
0.00500177
6.1396e-10
0.00500177
5.25165e-10
0.00500177
4.49215e-10
0.00500177
3.84251e-10
0.00500177
3.28684e-10
0.00500177
2.81153e-10
0.00500177
2.40495e-10
0.00500177
2.05718e-10
0.00500177
1.75971e-10
0.00500177
1.50525e-10
0.00500177
1.2876e-10
0.00500177
1.10141e-10
0.00500177
9.42148e-11
0.00500177
8.05913e-11
0.00500177
6.89381e-11
0.00500177
5.89703e-11
0.00500177
5.0444e-11
0.00500177
4.31502e-11
0.00500177
3.69105e-11
0.00500177
3.15727e-11
0.00500177
2.70067e-11
0.00500177
2.31011e-11
0.00500177
1.97609e-11
0.00500177
1.69042e-11
0.00500177
1.44607e-11
0.00500177
1.23705e-11
0.00500177
1.05823e-11
0.00500177
9.05253e-12
0.00500177
7.74396e-12
0.00500177
6.62476e-12
0.00500177
5.66773e-12
0.00500177
4.84947e-12
0.00500177
4.14992e-12
0.00500177
3.55181e-12
0.00500177
3.04043e-12
0.00500177
2.60298e-12
0.00500177
2.22873e-12
0.00500177
1.90848e-12
0.00500177
1.63445e-12
0.00500177
1.40004e-12
0.00500177
1.19956e-12
0.00500177
1.02805e-12
0.00500177
8.81376e-13
0.00500177
7.55772e-13
0.00500177
6.4806e-13
0.00500177
5.55531e-13
0.00500177
4.75891e-13
0.00500177
4.07446e-13
0.00500177
3.48643e-13
0.00500177
2.98214e-13
0.00500177
2.5509e-13
0.00500177
2.18364e-13
0.00500177
1.87164e-13
0.00500177
1.60442e-13
0.00500177
1.3753e-13
0.00500177
1.1775e-13
0.00500177
1.00575e-13
0.00500177
8.56709e-14
0.00500177
7.28111e-14
0.00500177
6.174e-14
0.00500177
5.22328e-14
0.00500177
4.41116e-14
0.00500177
3.716e-14
0.00500177
3.1151e-14
0.00500177
2.59051e-14
0.00500177
2.13678e-14
0.00500177
1.74298e-14
0.00500177
1.4121e-14
0.00500177
1.14224e-14
0.00500177
9.32512e-15
0.00500177
7.80041e-15
0.00500177
6.78782e-15
0.00500177
6.21586e-15
0.00500177
6.03615e-15
0.00500177
6.0898e-15
0.00500177
6.36393e-15
0.00500177
6.77116e-15
0.00500177
7.29278e-15
0.00500177
7.96725e-15
0.00500177
8.81821e-15
0.00500177
9.84658e-15
0.00500177
1.09848e-14
0.00500177
1.22204e-14
0.00500177
1.34839e-14
0.00500177
1.46305e-14
0.00500177
1.56076e-14
0.00500177
1.6235e-14
0.00500177
1.6343e-14
0.00500177
1.58175e-14
0.00500177
1.45723e-14
0.00500177
1.26628e-14
0.00500177
1.00484e-14
0.00500177
6.92899e-15
0.00500177
3.35799e-15
0.00500177
-5.01609e-16
0.00500177
-4.33443e-15
0.00500177
-7.94505e-15
0.00500177
-1.10492e-14
0.00500177
-1.3639e-14
0.00500177
-1.55641e-14
0.00500177
-1.67299e-14
0.00500177
-1.72342e-14
0.00500177
-1.70719e-14
0.00500177
-1.62902e-14
0.00500177
-1.51502e-14
0.00500177
-1.38069e-14
0.00500177
-1.23498e-14
0.00500177
-1.08828e-14
0.00500177
-9.5257e-15
0.00500177
-8.36887e-15
0.00500177
-7.56217e-15
0.00500177
-7.06748e-15
0.00500177
-6.75152e-15
0.00500177
-6.71659e-15
0.00500177
-6.77559e-15
0.00500177
-6.98021e-15
0.00500177
-7.41855e-15
0.00500177
-7.77878e-15
0.00500177
-7.94681e-15
0.00500177
-8.12594e-15
0.00500177
-8.34152e-15
0.00500177
-8.41797e-15
0.00500177
-8.18293e-15
0.00500177
-8.06475e-15
0.00500177
-7.81857e-15
0.00500177
-7.47693e-15
0.00500177
-7.07253e-15
0.00500177
-6.49667e-15
0.00500177
-6.17845e-15
0.00500177
-5.63254e-15
0.00500177
-5.15724e-15
0.00500177
-4.7091e-15
0.00500177
-3.87155e-15
0.00500177
-3.659e-15
0.00500177
-2.96935e-15
0.00500177
-2.4402e-15
0.00500177
-1.79696e-15
0.00500177
-1.13278e-15
-4.4696e-16
0.00500002
1.04353e-07
0.00500008
3.06902e-07
0.00500017
5.17736e-07
0.0050003
7.11333e-07
0.00500044
8.62414e-07
0.00500059
9.74794e-07
0.00500074
1.08173e-06
0.00500089
1.20528e-06
0.00500106
1.33272e-06
0.00500123
1.42423e-06
0.00500139
1.44862e-06
0.00500153
1.40406e-06
0.00500164
1.30883e-06
0.00500173
1.18489e-06
0.00500179
1.05004e-06
0.00500183
9.16717e-07
0.00500186
7.92373e-07
0.00500187
6.805e-07
0.00500187
5.82024e-07
0.00500187
4.96516e-07
0.00500187
4.22918e-07
0.00500186
3.5993e-07
0.00500185
3.06215e-07
0.00500184
2.60506e-07
0.00500184
2.21657e-07
0.00500183
1.88658e-07
0.00500182
1.6063e-07
0.00500181
1.36822e-07
0.00500181
1.1659e-07
0.0050018
9.93891e-08
0.0050018
8.47583e-08
0.0050018
7.23067e-08
0.00500179
6.17042e-08
0.00500179
5.26718e-08
0.00500179
4.49733e-08
0.00500178
3.8409e-08
0.00500178
3.28096e-08
0.00500178
2.80316e-08
0.00500178
2.39532e-08
0.00500178
2.04711e-08
0.00500178
1.74973e-08
0.00500178
1.49571e-08
0.00500177
1.27869e-08
0.00500177
1.09324e-08
0.00500177
9.34754e-09
0.00500177
7.99292e-09
0.00500177
6.83497e-09
0.00500177
5.84504e-09
0.00500177
4.99868e-09
0.00500177
4.27502e-09
0.00500177
3.65623e-09
0.00500177
3.12709e-09
0.00500177
2.67458e-09
0.00500177
2.2876e-09
0.00500177
1.95664e-09
0.00500177
1.67359e-09
0.00500177
1.4315e-09
0.00500177
1.22444e-09
0.00500177
1.04734e-09
0.00500177
8.95868e-10
0.00500177
7.66304e-10
0.00500177
6.55482e-10
0.00500177
5.6069e-10
0.00500177
4.79609e-10
0.00500177
4.10254e-10
0.00500177
3.50929e-10
0.00500177
3.00183e-10
0.00500177
2.56775e-10
0.00500177
2.19645e-10
0.00500177
1.87885e-10
0.00500177
1.60718e-10
0.00500177
1.37479e-10
0.00500177
1.176e-10
0.00500177
1.00595e-10
0.00500177
8.60494e-11
0.00500177
7.36074e-11
0.00500177
6.29648e-11
0.00500177
5.38609e-11
0.00500177
4.6073e-11
0.00500177
3.94106e-11
0.00500177
3.37113e-11
0.00500177
2.88362e-11
0.00500177
2.46667e-11
0.00500177
2.11005e-11
0.00500177
1.80505e-11
0.00500177
1.54416e-11
0.00500177
1.32096e-11
0.00500177
1.13001e-11
0.00500177
9.66646e-12
0.00500177
8.26905e-12
0.00500177
7.07393e-12
0.00500177
6.05197e-12
0.00500177
5.1783e-12
0.00500177
4.43132e-12
0.00500177
3.79268e-12
0.00500177
3.24651e-12
0.00500177
2.77924e-12
0.00500177
2.37952e-12
0.00500177
2.03744e-12
0.00500177
1.74473e-12
0.00500177
1.49436e-12
0.00500177
1.28019e-12
0.00500177
1.09708e-12
0.00500177
9.40387e-13
0.00500177
8.06196e-13
0.00500177
6.91131e-13
0.00500177
5.9236e-13
0.00500177
5.07534e-13
0.00500177
4.3467e-13
0.00500177
3.72158e-13
0.00500177
3.18701e-13
0.00500177
2.72993e-13
0.00500177
2.3402e-13
0.00500177
2.00711e-13
0.00500177
1.72101e-13
0.00500177
1.47505e-13
0.00500177
1.26132e-13
0.00500177
1.07642e-13
0.00500177
9.1628e-14
0.00500177
7.78313e-14
0.00500177
6.60072e-14
0.00500177
5.58905e-14
0.00500177
4.72128e-14
0.00500177
3.97562e-14
0.00500177
3.32411e-14
0.00500177
2.75502e-14
0.00500177
2.262e-14
0.00500177
1.83441e-14
0.00500177
1.48506e-14
0.00500177
1.19383e-14
0.00500177
9.813e-15
0.00500177
8.27647e-15
0.00500177
7.31943e-15
0.00500177
6.82423e-15
0.00500177
6.64625e-15
0.00500177
6.75168e-15
0.00500177
6.98137e-15
0.00500177
7.35991e-15
0.00500177
7.87471e-15
0.00500177
8.57843e-15
0.00500177
9.48782e-15
0.00500177
1.05651e-14
0.00500177
1.18037e-14
0.00500177
1.31382e-14
0.00500177
1.44962e-14
0.00500177
1.57877e-14
0.00500177
1.68201e-14
0.00500177
1.74569e-14
0.00500177
1.75011e-14
0.00500177
1.6812e-14
0.00500177
1.54674e-14
0.00500177
1.33144e-14
0.00500177
1.04777e-14
0.00500177
7.03437e-15
0.00500177
3.11903e-15
0.00500177
-9.16647e-16
0.00500177
-5.00741e-15
0.00500177
-8.71143e-15
0.00500177
-1.20017e-14
0.00500177
-1.4678e-14
0.00500177
-1.66244e-14
0.00500177
-1.78186e-14
0.00500177
-1.81899e-14
0.00500177
-1.79426e-14
0.00500177
-1.71012e-14
0.00500177
-1.58999e-14
0.00500177
-1.44952e-14
0.00500177
-1.29076e-14
0.00500177
-1.13537e-14
0.00500177
-9.97469e-15
0.00500177
-8.83391e-15
0.00500177
-8.02939e-15
0.00500177
-7.47368e-15
0.00500177
-7.11235e-15
0.00500177
-7.1075e-15
0.00500177
-7.26854e-15
0.00500177
-7.41933e-15
0.00500177
-7.74903e-15
0.00500177
-8.15245e-15
0.00500177
-8.33287e-15
0.00500177
-8.5246e-15
0.00500177
-8.69248e-15
0.00500177
-8.7353e-15
0.00500177
-8.62438e-15
0.00500177
-8.37435e-15
0.00500177
-8.16117e-15
0.00500177
-7.85943e-15
0.00500177
-7.50803e-15
0.00500177
-6.91991e-15
0.00500177
-6.45617e-15
0.00500177
-6.02198e-15
0.00500177
-5.56637e-15
0.00500177
-5.09677e-15
0.00500177
-4.25985e-15
0.00500177
-3.96191e-15
0.00500177
-3.2006e-15
0.00500177
-2.63659e-15
0.00500177
-2.00571e-15
0.00500177
-1.34196e-15
-5.12007e-16
0.00500002
8.85228e-08
0.00500006
2.60043e-07
0.00500014
4.40393e-07
0.00500024
6.07926e-07
0.00500037
7.40291e-07
0.00500049
8.45402e-07
0.00500063
9.49032e-07
0.00500077
1.06571e-06
0.00500092
1.18206e-06
0.00500108
1.26708e-06
0.00500123
1.29632e-06
0.00500136
1.26675e-06
0.00500148
1.19201e-06
0.00500158
1.09025e-06
0.00500165
9.76789e-07
0.0050017
8.62363e-07
0.00500174
7.53604e-07
0.00500177
6.53951e-07
0.00500179
5.64712e-07
0.0050018
4.85972e-07
0.0050018
4.17191e-07
0.00500181
3.5753e-07
0.00500181
3.06035e-07
0.0050018
2.61745e-07
0.0050018
2.23745e-07
0.0050018
1.91201e-07
0.0050018
1.6336e-07
0.00500179
1.39563e-07
0.00500179
1.19231e-07
0.00500179
1.01865e-07
0.00500179
8.70347e-08
0.00500178
7.43696e-08
0.00500178
6.35534e-08
0.00500178
5.43153e-08
0.00500178
4.64244e-08
0.00500178
3.96833e-08
0.00500178
3.39238e-08
0.00500178
2.90024e-08
0.00500178
2.47967e-08
0.00500177
2.12021e-08
0.00500177
1.81296e-08
0.00500177
1.55032e-08
0.00500177
1.32577e-08
0.00500177
1.1338e-08
0.00500177
9.69651e-09
0.00500177
8.29294e-09
0.00500177
7.09271e-09
0.00500177
6.06632e-09
0.00500177
5.18857e-09
0.00500177
4.43789e-09
0.00500177
3.79587e-09
0.00500177
3.24678e-09
0.00500177
2.77714e-09
0.00500177
2.37546e-09
0.00500177
2.03189e-09
0.00500177
1.73803e-09
0.00500177
1.48667e-09
0.00500177
1.27168e-09
0.00500177
1.08778e-09
0.00500177
9.30475e-10
0.00500177
7.95923e-10
0.00500177
6.8083e-10
0.00500177
5.82381e-10
0.00500177
4.98169e-10
0.00500177
4.26134e-10
0.00500177
3.64516e-10
0.00500177
3.11808e-10
0.00500177
2.66721e-10
0.00500177
2.28155e-10
0.00500177
1.95165e-10
0.00500177
1.66946e-10
0.00500177
1.42807e-10
0.00500177
1.22158e-10
0.00500177
1.04494e-10
0.00500177
8.93852e-11
0.00500177
7.64612e-11
0.00500177
6.54061e-11
0.00500177
5.59493e-11
0.00500177
4.78592e-11
0.00500177
4.09386e-11
0.00500177
3.50185e-11
0.00500177
2.99549e-11
0.00500177
2.56242e-11
0.00500177
2.19201e-11
0.00500177
1.87519e-11
0.00500177
1.60416e-11
0.00500177
1.37229e-11
0.00500177
1.17391e-11
0.00500177
1.0042e-11
0.00500177
8.59027e-12
0.00500177
7.34884e-12
0.00500177
6.28727e-12
0.00500177
5.37968e-12
0.00500177
4.60365e-12
0.00500177
3.94005e-12
0.00500177
3.3725e-12
0.00500177
2.8869e-12
0.00500177
2.47141e-12
0.00500177
2.11589e-12
0.00500177
1.81176e-12
0.00500177
1.55166e-12
0.00500177
1.32911e-12
0.00500177
1.13884e-12
0.00500177
9.75987e-13
0.00500177
8.36547e-13
0.00500177
7.17083e-13
0.00500177
6.14515e-13
0.00500177
5.26568e-13
0.00500177
4.51216e-13
0.00500177
3.86668e-13
0.00500177
3.3148e-13
0.00500177
2.84275e-13
0.00500177
2.43962e-13
0.00500177
2.09362e-13
0.00500177
1.79551e-13
0.00500177
1.5379e-13
0.00500177
1.314e-13
0.00500177
1.12055e-13
0.00500177
9.53038e-14
0.00500177
8.09682e-14
0.00500177
6.87056e-14
0.00500177
5.82077e-14
0.00500177
4.91764e-14
0.00500177
4.13426e-14
0.00500177
3.44853e-14
0.00500177
2.84724e-14
0.00500177
2.32797e-14
0.00500177
1.88072e-14
0.00500177
1.51586e-14
0.00500177
1.2206e-14
0.00500177
1.00894e-14
0.00500177
8.64414e-15
0.00500177
7.71874e-15
0.00500177
7.28941e-15
0.00500177
7.14402e-15
0.00500177
7.21661e-15
0.00500177
7.40652e-15
0.00500177
7.76886e-15
0.00500177
8.29358e-15
0.00500177
8.97728e-15
0.00500177
9.9003e-15
0.00500177
1.10219e-14
0.00500177
1.23129e-14
0.00500177
1.37317e-14
0.00500177
1.51717e-14
0.00500177
1.64935e-14
0.00500177
1.75595e-14
0.00500177
1.81551e-14
0.00500177
1.81274e-14
0.00500177
1.73482e-14
0.00500177
1.5885e-14
0.00500177
1.35626e-14
0.00500177
1.05569e-14
0.00500177
6.93513e-15
0.00500177
2.80839e-15
0.00500177
-1.33813e-15
0.00500177
-5.51481e-15
0.00500177
-9.28968e-15
0.00500177
-1.26107e-14
0.00500177
-1.53263e-14
0.00500177
-1.7203e-14
0.00500177
-1.8317e-14
0.00500177
-1.86343e-14
0.00500177
-1.83145e-14
0.00500177
-1.74432e-14
0.00500177
-1.61836e-14
0.00500177
-1.46794e-14
0.00500177
-1.30417e-14
0.00500177
-1.15322e-14
0.00500177
-1.01986e-14
0.00500177
-9.02795e-15
0.00500177
-8.2315e-15
0.00500177
-7.68986e-15
0.00500177
-7.35716e-15
0.00500177
-7.34492e-15
0.00500177
-7.51642e-15
0.00500177
-7.67008e-15
0.00500177
-7.88612e-15
0.00500177
-8.28023e-15
0.00500177
-8.56279e-15
0.00500177
-8.69987e-15
0.00500177
-8.76622e-15
0.00500177
-8.74204e-15
0.00500177
-8.7706e-15
0.00500177
-8.50171e-15
0.00500177
-8.24451e-15
0.00500177
-7.90838e-15
0.00500177
-7.59509e-15
0.00500177
-7.25855e-15
0.00500177
-6.68843e-15
0.00500177
-6.23868e-15
0.00500177
-5.70651e-15
0.00500177
-5.28986e-15
0.00500177
-4.58201e-15
0.00500177
-4.15643e-15
0.00500177
-3.41396e-15
0.00500177
-2.81655e-15
0.00500177
-2.06416e-15
0.00500177
-1.44151e-15
-5.86541e-16
0.00500001
7.5421e-08
0.00500005
2.21448e-07
0.00500012
3.75822e-07
0.0050002
5.20881e-07
0.00500031
6.36581e-07
0.00500042
7.31879e-07
0.00500054
8.28538e-07
0.00500067
9.36676e-07
0.00500081
1.04274e-06
0.00500096
1.12112e-06
0.0050011
1.15237e-06
0.00500123
1.13346e-06
0.00500135
1.07484e-06
0.00500145
9.91419e-07
0.00500153
8.96256e-07
0.00500159
7.98618e-07
0.00500164
7.04322e-07
0.00500168
6.16578e-07
0.00500171
5.3684e-07
0.00500173
4.65504e-07
0.00500174
4.02385e-07
0.00500175
3.46983e-07
0.00500176
2.9865e-07
0.00500177
2.56676e-07
0.00500177
2.20356e-07
0.00500177
1.89012e-07
0.00500177
1.62019e-07
0.00500177
1.38811e-07
0.00500177
1.18882e-07
0.00500177
1.01784e-07
0.00500177
8.71262e-08
0.00500177
7.45667e-08
0.00500177
6.38095e-08
0.00500177
5.45991e-08
0.00500177
4.67147e-08
0.00500177
3.99667e-08
0.00500177
3.41921e-08
0.00500177
2.92509e-08
0.00500177
2.50233e-08
0.00500177
2.14063e-08
0.00500177
1.83118e-08
0.00500177
1.56646e-08
0.00500177
1.34e-08
0.00500177
1.14627e-08
0.00500177
9.8054e-09
0.00500177
8.38773e-09
0.00500177
7.17501e-09
0.00500177
6.13761e-09
0.00500177
5.25021e-09
0.00500177
4.4911e-09
0.00500177
3.84175e-09
0.00500177
3.28628e-09
0.00500177
2.81113e-09
0.00500177
2.40468e-09
0.00500177
2.05699e-09
0.00500177
1.75957e-09
0.00500177
1.50516e-09
0.00500177
1.28753e-09
0.00500177
1.10137e-09
0.00500177
9.42126e-10
0.00500177
8.05906e-10
0.00500177
6.89381e-10
0.00500177
5.89705e-10
0.00500177
5.0444e-10
0.00500177
4.31504e-10
0.00500177
3.69113e-10
0.00500177
3.15743e-10
0.00500177
2.70089e-10
0.00500177
2.31037e-10
0.00500177
1.97632e-10
0.00500177
1.69057e-10
0.00500177
1.44613e-10
0.00500177
1.23703e-10
0.00500177
1.05816e-10
0.00500177
9.05165e-11
0.00500177
7.74292e-11
0.00500177
6.62342e-11
0.00500177
5.66575e-11
0.00500177
4.8465e-11
0.00500177
4.1457e-11
0.00500177
3.54624e-11
0.00500177
3.03352e-11
0.00500177
2.595e-11
0.00500177
2.21992e-11
0.00500177
1.89907e-11
0.00500177
1.62459e-11
0.00500177
1.38975e-11
0.00500177
1.18885e-11
0.00500177
1.01698e-11
0.00500177
8.69985e-12
0.00500177
7.44273e-12
0.00500177
6.3678e-12
0.00500177
5.44866e-12
0.00500177
4.66261e-12
0.00500177
3.99031e-12
0.00500177
3.41515e-12
0.00500177
2.92313e-12
0.00500177
2.50216e-12
0.00500177
2.14201e-12
0.00500177
1.83394e-12
0.00500177
1.57047e-12
0.00500177
1.34515e-12
0.00500177
1.1524e-12
0.00500177
9.87455e-13
0.00500177
8.46176e-13
0.00500177
7.25197e-13
0.00500177
6.21552e-13
0.00500177
5.32749e-13
0.00500177
4.56731e-13
0.00500177
3.91749e-13
0.00500177
3.36207e-13
0.00500177
2.88676e-13
0.00500177
2.47917e-13
0.00500177
2.12831e-13
0.00500177
1.82538e-13
0.00500177
1.56226e-13
0.00500177
1.33421e-13
0.00500177
1.13685e-13
0.00500177
9.66923e-14
0.00500177
8.21601e-14
0.00500177
6.97573e-14
0.00500177
5.90995e-14
0.00500177
4.99334e-14
0.00500177
4.18814e-14
0.00500177
3.48383e-14
0.00500177
2.8654e-14
0.00500177
2.33052e-14
0.00500177
1.88008e-14
0.00500177
1.50905e-14
0.00500177
1.22414e-14
0.00500177
1.01947e-14
0.00500177
8.8474e-15
0.00500177
8.02112e-15
0.00500177
7.6244e-15
0.00500177
7.47198e-15
0.00500177
7.50078e-15
0.00500177
7.65852e-15
0.00500177
7.97851e-15
0.00500177
8.46397e-15
0.00500177
9.16235e-15
0.00500177
1.007e-14
0.00500177
1.12161e-14
0.00500177
1.25259e-14
0.00500177
1.39594e-14
0.00500177
1.54361e-14
0.00500177
1.67483e-14
0.00500177
1.77822e-14
0.00500177
1.83294e-14
0.00500177
1.82041e-14
0.00500177
1.73941e-14
0.00500177
1.58293e-14
0.00500177
1.34293e-14
0.00500177
1.02894e-14
0.00500177
6.56543e-15
0.00500177
2.47178e-15
0.00500177
-1.73472e-15
0.00500177
-5.80859e-15
0.00500177
-9.62036e-15
0.00500177
-1.28922e-14
0.00500177
-1.54986e-14
0.00500177
-1.73046e-14
0.00500177
-1.82528e-14
0.00500177
-1.8581e-14
0.00500177
-1.8193e-14
0.00500177
-1.72698e-14
0.00500177
-1.59924e-14
0.00500177
-1.44344e-14
0.00500177
-1.28678e-14
0.00500177
-1.14349e-14
0.00500177
-1.0129e-14
0.00500177
-9.00401e-15
0.00500177
-8.17468e-15
0.00500177
-7.72597e-15
0.00500177
-7.43711e-15
0.00500177
-7.31571e-15
0.00500177
-7.51479e-15
0.00500177
-7.70411e-15
0.00500177
-7.90608e-15
0.00500177
-8.1909e-15
0.00500177
-8.43185e-15
0.00500177
-8.61306e-15
0.00500177
-8.62384e-15
0.00500177
-8.56417e-15
0.00500177
-8.54199e-15
0.00500177
-8.3996e-15
0.00500177
-8.13833e-15
0.00500177
-7.83411e-15
0.00500177
-7.46285e-15
0.00500177
-7.06476e-15
0.00500177
-6.8115e-15
0.00500177
-6.22376e-15
0.00500177
-5.75736e-15
0.00500177
-5.43837e-15
0.00500177
-4.63006e-15
0.00500177
-4.33147e-15
0.00500177
-3.474e-15
0.00500177
-2.82801e-15
0.00500177
-2.1629e-15
0.00500177
-1.53606e-15
-6.59589e-16
0.00500001
6.42664e-08
0.00500004
1.88715e-07
0.0050001
3.20711e-07
0.00500017
4.45861e-07
0.00500026
5.46628e-07
0.00500036
6.31092e-07
0.00500047
7.18977e-07
0.00500059
8.17331e-07
0.00500072
9.13248e-07
0.00500086
9.84803e-07
0.005001
1.01615e-06
0.00500112
1.00471e-06
0.00500124
9.5876e-07
0.00500134
8.90538e-07
0.00500143
8.11065e-07
0.0050015
7.28285e-07
0.00500155
6.47246e-07
0.0050016
5.70844e-07
0.00500164
5.00534e-07
0.00500166
4.3688e-07
0.00500169
3.79924e-07
0.0050017
3.29412e-07
0.00500172
2.84926e-07
0.00500173
2.45961e-07
0.00500174
2.11983e-07
0.00500174
1.82458e-07
0.00500175
1.56877e-07
0.00500175
1.34763e-07
0.00500176
1.15683e-07
0.00500176
9.92464e-08
0.00500176
8.51036e-08
0.00500176
7.29471e-08
0.00500176
6.25065e-08
0.00500176
5.35456e-08
0.00500177
4.58589e-08
0.00500177
3.92683e-08
0.00500177
3.36196e-08
0.00500177
2.87796e-08
0.00500177
2.46337e-08
0.00500177
2.10831e-08
0.00500177
1.80428e-08
0.00500177
1.544e-08
0.00500177
1.32119e-08
0.00500177
1.13048e-08
0.00500177
9.67254e-09
0.00500177
8.27571e-09
0.00500177
7.08038e-09
0.00500177
6.05756e-09
0.00500177
5.18238e-09
0.00500177
4.43356e-09
0.00500177
3.79288e-09
0.00500177
3.24475e-09
0.00500177
2.77579e-09
0.00500177
2.37459e-09
0.00500177
2.03136e-09
0.00500177
1.73773e-09
0.00500177
1.48653e-09
0.00500177
1.27164e-09
0.00500177
1.0878e-09
0.00500177
9.30543e-10
0.00500177
7.96014e-10
0.00500177
6.80932e-10
0.00500177
5.82486e-10
0.00500177
4.98272e-10
0.00500177
4.26232e-10
0.00500177
3.64607e-10
0.00500177
3.11891e-10
0.00500177
2.66797e-10
0.00500177
2.28223e-10
0.00500177
1.95226e-10
0.00500177
1.66999e-10
0.00500177
1.42853e-10
0.00500177
1.22197e-10
0.00500177
1.04529e-10
0.00500177
8.94155e-11
0.00500177
7.64875e-11
0.00500177
6.54287e-11
0.00500177
5.59684e-11
0.00500177
4.78757e-11
0.00500177
4.09533e-11
0.00500177
3.50321e-11
0.00500177
2.99676e-11
0.00500177
2.56359e-11
0.00500177
2.19306e-11
0.00500177
1.87609e-11
0.00500177
1.60492e-11
0.00500177
1.37292e-11
0.00500177
1.17446e-11
0.00500177
1.00469e-11
0.00500177
8.59506e-12
0.00500177
7.35341e-12
0.00500177
6.29155e-12
0.00500177
5.38337e-12
0.00500177
4.60653e-12
0.00500177
3.94203e-12
0.00500177
3.37348e-12
0.00500177
2.88712e-12
0.00500177
2.47105e-12
0.00500177
2.11515e-12
0.00500177
1.81087e-12
0.00500177
1.55057e-12
0.00500177
1.32796e-12
0.00500177
1.1375e-12
0.00500177
9.74511e-13
0.00500177
8.35009e-13
0.00500177
7.15548e-13
0.00500177
6.13293e-13
0.00500177
5.25896e-13
0.00500177
4.51146e-13
0.00500177
3.87306e-13
0.00500177
3.32688e-13
0.00500177
2.85921e-13
0.00500177
2.45735e-13
0.00500177
2.10964e-13
0.00500177
1.80869e-13
0.00500177
1.54698e-13
0.00500177
1.32047e-13
0.00500177
1.1249e-13
0.00500177
9.5743e-14
0.00500177
8.13828e-14
0.00500177
6.9156e-14
0.00500177
5.85979e-14
0.00500177
4.94533e-14
0.00500177
4.13929e-14
0.00500177
3.43383e-14
0.00500177
2.81572e-14
0.00500177
2.27809e-14
0.00500177
1.83479e-14
0.00500177
1.47413e-14
0.00500177
1.2044e-14
0.00500177
1.0146e-14
0.00500177
8.89913e-15
0.00500177
8.17613e-15
0.00500177
7.77498e-15
0.00500177
7.61311e-15
0.00500177
7.58092e-15
0.00500177
7.67495e-15
0.00500177
8.00985e-15
0.00500177
8.44096e-15
0.00500177
9.11763e-15
0.00500177
1.00257e-14
0.00500177
1.11294e-14
0.00500177
1.24397e-14
0.00500177
1.38651e-14
0.00500177
1.52774e-14
0.00500177
1.65326e-14
0.00500177
1.7463e-14
0.00500177
1.79512e-14
0.00500177
1.77579e-14
0.00500177
1.69315e-14
0.00500177
1.52878e-14
0.00500177
1.28234e-14
0.00500177
9.73438e-15
0.00500177
6.01674e-15
0.00500177
2.09887e-15
0.00500177
-2.04077e-15
0.00500177
-6.00306e-15
0.00500177
-9.65492e-15
0.00500177
-1.27829e-14
0.00500177
-1.51862e-14
0.00500177
-1.6878e-14
0.00500177
-1.77575e-14
0.00500177
-1.80078e-14
0.00500177
-1.75558e-14
0.00500177
-1.6597e-14
0.00500177
-1.53784e-14
0.00500177
-1.39017e-14
0.00500177
-1.2412e-14
0.00500177
-1.10313e-14
0.00500177
-9.76532e-15
0.00500177
-8.7734e-15
0.00500177
-7.98291e-15
0.00500177
-7.5623e-15
0.00500177
-7.34582e-15
0.00500177
-7.14253e-15
0.00500177
-7.34141e-15
0.00500177
-7.51229e-15
0.00500177
-7.69243e-15
0.00500177
-7.89871e-15
0.00500177
-8.00621e-15
0.00500177
-8.28021e-15
0.00500177
-8.22164e-15
0.00500177
-8.17163e-15
0.00500177
-8.05755e-15
0.00500177
-7.95124e-15
0.00500177
-7.77919e-15
0.00500177
-7.46697e-15
0.00500177
-7.22182e-15
0.00500177
-6.79683e-15
0.00500177
-6.57463e-15
0.00500177
-6.06625e-15
0.00500177
-5.61748e-15
0.00500177
-5.37388e-15
0.00500177
-4.59425e-15
0.00500177
-4.31767e-15
0.00500177
-3.61928e-15
0.00500177
-2.93474e-15
0.00500177
-2.15628e-15
0.00500177
-1.51688e-15
-7.27588e-16
0.00500001
5.45579e-08
0.00500004
1.60258e-07
0.00500009
2.72621e-07
0.00500015
3.79849e-07
0.00500023
4.66945e-07
0.00500032
5.40714e-07
0.00500042
6.18844e-07
0.00500053
7.06627e-07
0.00500065
7.92198e-07
0.00500078
8.56637e-07
0.00500091
8.86772e-07
0.00500104
8.80522e-07
0.00500115
8.44581e-07
0.00500125
7.89014e-07
0.00500134
7.23043e-07
0.00500141
6.53408e-07
0.00500148
5.84444e-07
0.00500153
5.18701e-07
0.00500157
4.57549e-07
0.00500161
4.01617e-07
0.00500164
3.51087e-07
0.00500166
3.0587e-07
0.00500168
2.65715e-07
0.0050017
2.30277e-07
0.00500171
1.99162e-07
0.00500172
1.71958e-07
0.00500173
1.48258e-07
0.00500173
1.2767e-07
0.00500174
1.0983e-07
0.00500174
9.4402e-08
0.00500175
8.10827e-08
0.00500175
6.96003e-08
0.00500175
5.97132e-08
0.00500176
5.12083e-08
0.00500176
4.38986e-08
0.00500176
3.76205e-08
0.00500176
3.22317e-08
0.00500176
2.76085e-08
0.00500176
2.36438e-08
0.00500177
2.02452e-08
0.00500177
1.73327e-08
0.00500177
1.48374e-08
0.00500177
1.27e-08
0.00500177
1.08695e-08
0.00500177
9.30222e-09
0.00500177
7.96038e-09
0.00500177
6.81173e-09
0.00500177
5.82854e-09
0.00500177
4.98706e-09
0.00500177
4.26691e-09
0.00500177
3.65065e-09
0.00500177
3.12331e-09
0.00500177
2.67209e-09
0.00500177
2.28601e-09
0.00500177
1.95568e-09
0.00500177
1.67306e-09
0.00500177
1.43126e-09
0.00500177
1.2244e-09
0.00500177
1.04742e-09
0.00500177
8.96023e-10
0.00500177
7.665e-10
0.00500177
6.55696e-10
0.00500177
5.60907e-10
0.00500177
4.79819e-10
0.00500177
4.10452e-10
0.00500177
3.51112e-10
0.00500177
3.0035e-10
0.00500177
2.56926e-10
0.00500177
2.19781e-10
0.00500177
1.88005e-10
0.00500177
1.60822e-10
0.00500177
1.3757e-10
0.00500177
1.17679e-10
0.00500177
1.00664e-10
0.00500177
8.61096e-11
0.00500177
7.36596e-11
0.00500177
6.30096e-11
0.00500177
5.38991e-11
0.00500177
4.61059e-11
0.00500177
3.94398e-11
0.00500177
3.3738e-11
0.00500177
2.8861e-11
0.00500177
2.46895e-11
0.00500177
2.11209e-11
0.00500177
1.80681e-11
0.00500177
1.54563e-11
0.00500177
1.32221e-11
0.00500177
1.1311e-11
0.00500177
9.67645e-12
0.00500177
8.27848e-12
0.00500177
7.08282e-12
0.00500177
6.06014e-12
0.00500177
5.18529e-12
0.00500177
4.43677e-12
0.00500177
3.79635e-12
0.00500177
3.24845e-12
0.00500177
2.77981e-12
0.00500177
2.37899e-12
0.00500177
2.03618e-12
0.00500177
1.7431e-12
0.00500177
1.49244e-12
0.00500177
1.27807e-12
0.00500177
1.09464e-12
0.00500177
9.37586e-13
0.00500177
8.03265e-13
0.00500177
6.88373e-13
0.00500177
5.90133e-13
0.00500177
5.06203e-13
0.00500177
4.34522e-13
0.00500177
3.73346e-13
0.00500177
3.2101e-13
0.00500177
2.76051e-13
0.00500177
2.37309e-13
0.00500177
2.03733e-13
0.00500177
1.74616e-13
0.00500177
1.49287e-13
0.00500177
1.27388e-13
0.00500177
1.08536e-13
0.00500177
9.24215e-14
0.00500177
7.86561e-14
0.00500177
6.68363e-14
0.00500177
5.66638e-14
0.00500177
4.77602e-14
0.00500177
3.9919e-14
0.00500177
3.2973e-14
0.00500177
2.69601e-14
0.00500177
2.17508e-14
0.00500177
1.7497e-14
0.00500177
1.41454e-14
0.00500177
1.16254e-14
0.00500177
9.92512e-15
0.00500177
8.78838e-15
0.00500177
8.1378e-15
0.00500177
7.7044e-15
0.00500177
7.51493e-15
0.00500177
7.44741e-15
0.00500177
7.50751e-15
0.00500177
7.79595e-15
0.00500177
8.21259e-15
0.00500177
8.83888e-15
0.00500177
9.73799e-15
0.00500177
1.07824e-14
0.00500177
1.20439e-14
0.00500177
1.33711e-14
0.00500177
1.4677e-14
0.00500177
1.5825e-14
0.00500177
1.66586e-14
0.00500177
1.70657e-14
0.00500177
1.68003e-14
0.00500177
1.59317e-14
0.00500177
1.42623e-14
0.00500177
1.18634e-14
0.00500177
8.91421e-15
0.00500177
5.37491e-15
0.00500177
1.63017e-15
0.00500177
-2.26497e-15
0.00500177
-6.03989e-15
0.00500177
-9.3828e-15
0.00500177
-1.22603e-14
0.00500177
-1.44681e-14
0.00500177
-1.59576e-14
0.00500177
-1.67514e-14
0.00500177
-1.68693e-14
0.00500177
-1.63903e-14
0.00500177
-1.54809e-14
0.00500177
-1.43309e-14
0.00500177
-1.29655e-14
0.00500177
-1.15639e-14
0.00500177
-1.02745e-14
0.00500177
-9.14453e-15
0.00500177
-8.30747e-15
0.00500177
-7.57422e-15
0.00500177
-7.11847e-15
0.00500177
-7.02074e-15
0.00500177
-6.86686e-15
0.00500177
-6.94338e-15
0.00500177
-7.09922e-15
0.00500177
-7.16638e-15
0.00500177
-7.3902e-15
0.00500177
-7.3902e-15
0.00500177
-7.56651e-15
0.00500177
-7.54882e-15
0.00500177
-7.52729e-15
0.00500177
-7.40512e-15
0.00500177
-7.27404e-15
0.00500177
-7.10523e-15
0.00500177
-6.83789e-15
0.00500177
-6.70106e-15
0.00500177
-6.34604e-15
0.00500177
-6.19446e-15
0.00500177
-5.78162e-15
0.00500177
-5.37815e-15
0.00500177
-5.10075e-15
0.00500177
-4.41703e-15
0.00500177
-4.19917e-15
0.00500177
-3.48679e-15
0.00500177
-2.921e-15
0.00500177
-2.27182e-15
0.00500177
-1.62837e-15
-7.66422e-16
0.00500001
4.59394e-08
0.00500003
1.34979e-07
0.00500008
2.29805e-07
0.00500014
3.20705e-07
0.00500021
3.95098e-07
0.00500029
4.58642e-07
0.00500038
5.26577e-07
0.00500049
6.03378e-07
0.0050006
6.78388e-07
0.00500072
7.35401e-07
0.00500084
7.6338e-07
0.00500096
7.60633e-07
0.00500108
7.32651e-07
0.00500118
6.87696e-07
0.00500127
6.33411e-07
0.00500134
5.75446e-07
0.00500141
5.17469e-07
0.00500147
4.61683e-07
0.00500152
4.0932e-07
0.00500156
3.61009e-07
0.00500159
3.17003e-07
0.00500162
2.7732e-07
0.00500164
2.41825e-07
0.00500166
2.10294e-07
0.00500168
1.82442e-07
0.00500169
1.5796e-07
0.00500171
1.36525e-07
0.00500172
1.17825e-07
0.00500172
1.01557e-07
0.00500173
8.74403e-08
0.00500174
7.52159e-08
0.00500174
6.46493e-08
0.00500175
5.55293e-08
0.00500175
4.76681e-08
0.00500175
4.08995e-08
0.00500176
3.50769e-08
0.00500176
3.00723e-08
0.00500176
2.57736e-08
0.00500176
2.20835e-08
0.00500176
1.89173e-08
0.00500176
1.62018e-08
0.00500176
1.38738e-08
0.00500177
1.18785e-08
0.00500177
1.01689e-08
0.00500177
8.70446e-09
0.00500177
7.45019e-09
0.00500177
6.37615e-09
0.00500177
5.45656e-09
0.00500177
4.66933e-09
0.00500177
3.99546e-09
0.00500177
3.4187e-09
0.00500177
2.92509e-09
0.00500177
2.50266e-09
0.00500177
2.14118e-09
0.00500177
1.83186e-09
0.00500177
1.5672e-09
0.00500177
1.34075e-09
0.00500177
1.14701e-09
0.00500177
9.81242e-10
0.00500177
8.39425e-10
0.00500177
7.18098e-10
0.00500177
6.14302e-10
0.00500177
5.25505e-10
0.00500177
4.4954e-10
0.00500177
3.84554e-10
0.00500177
3.28961e-10
0.00500177
2.81404e-10
0.00500177
2.40721e-10
0.00500177
2.0592e-10
0.00500177
1.76148e-10
0.00500177
1.50681e-10
0.00500177
1.28895e-10
0.00500177
1.10258e-10
0.00500177
9.43168e-11
0.00500177
8.06803e-11
0.00500177
6.90154e-11
0.00500177
5.90369e-11
0.00500177
5.0501e-11
0.00500177
4.31994e-11
0.00500177
3.69539e-11
0.00500177
3.16119e-11
0.00500177
2.70425e-11
0.00500177
2.31337e-11
0.00500177
1.97899e-11
0.00500177
1.69292e-11
0.00500177
1.44821e-11
0.00500177
1.23889e-11
0.00500177
1.05986e-11
0.00500177
9.06739e-12
0.00500177
7.75779e-12
0.00500177
6.63757e-12
0.00500177
5.67916e-12
0.00500177
4.85909e-12
0.00500177
4.15735e-12
0.00500177
3.55691e-12
0.00500177
3.04323e-12
0.00500177
2.60391e-12
0.00500177
2.22826e-12
0.00500177
1.90711e-12
0.00500177
1.6325e-12
0.00500177
1.39766e-12
0.00500177
1.19673e-12
0.00500177
1.02482e-12
0.00500177
8.7776e-13
0.00500177
7.51958e-13
0.00500177
6.44401e-13
0.00500177
5.52541e-13
0.00500177
4.7418e-13
0.00500177
4.07339e-13
0.00500177
3.50201e-13
0.00500177
3.01301e-13
0.00500177
2.59245e-13
0.00500177
2.22867e-13
0.00500177
1.9132e-13
0.00500177
1.6388e-13
0.00500177
1.40102e-13
0.00500177
1.19529e-13
0.00500177
1.01909e-13
0.00500177
8.68453e-14
0.00500177
7.39916e-14
0.00500177
6.29232e-14
0.00500177
5.33212e-14
0.00500177
4.49055e-14
0.00500177
3.74254e-14
0.00500177
3.08515e-14
0.00500177
2.51188e-14
0.00500177
2.02691e-14
0.00500177
1.63273e-14
0.00500177
1.3314e-14
0.00500177
1.10769e-14
0.00500177
9.56441e-15
0.00500177
8.53818e-15
0.00500177
7.90036e-15
0.00500177
7.47059e-15
0.00500177
7.19291e-15
0.00500177
7.09207e-15
0.00500177
7.12765e-15
0.00500177
7.35841e-15
0.00500177
7.76095e-15
0.00500177
8.35861e-15
0.00500177
9.1959e-15
0.00500177
1.01936e-14
0.00500177
1.1334e-14
0.00500177
1.25407e-14
0.00500177
1.36741e-14
0.00500177
1.46551e-14
0.00500177
1.53723e-14
0.00500177
1.56442e-14
0.00500177
1.53497e-14
0.00500177
1.44535e-14
0.00500177
1.28197e-14
0.00500177
1.06061e-14
0.00500177
7.82151e-15
0.00500177
4.61006e-15
0.00500177
1.10837e-15
0.00500177
-2.43408e-15
0.00500177
-5.83777e-15
0.00500177
-8.82513e-15
0.00500177
-1.13631e-14
0.00500177
-1.33425e-14
0.00500177
-1.45925e-14
0.00500177
-1.52529e-14
0.00500177
-1.52624e-14
0.00500177
-1.48036e-14
0.00500177
-1.39979e-14
0.00500177
-1.29182e-14
0.00500177
-1.16396e-14
0.00500177
-1.04174e-14
0.00500177
-9.32392e-15
0.00500177
-8.33122e-15
0.00500177
-7.61372e-15
0.00500177
-6.99173e-15
0.00500177
-6.53217e-15
0.00500177
-6.47164e-15
0.00500177
-6.37349e-15
0.00500177
-6.29718e-15
0.00500177
-6.45968e-15
0.00500177
-6.49109e-15
0.00500177
-6.61765e-15
0.00500177
-6.66847e-15
0.00500177
-6.60615e-15
0.00500177
-6.65491e-15
0.00500177
-6.5955e-15
0.00500177
-6.42474e-15
0.00500177
-6.34116e-15
0.00500177
-6.21191e-15
0.00500177
-6.09807e-15
0.00500177
-5.89849e-15
0.00500177
-5.5844e-15
0.00500177
-5.58375e-15
0.00500177
-5.33565e-15
0.00500177
-5.01297e-15
0.00500177
-4.82495e-15
0.00500177
-4.17276e-15
0.00500177
-3.9451e-15
0.00500177
-3.39087e-15
0.00500177
-2.8845e-15
0.00500177
-2.13168e-15
0.00500177
-1.52824e-15
-7.90139e-16
0.00500001
3.81448e-08
0.00500003
1.12101e-07
0.00500007
1.90983e-07
0.00500012
2.66845e-07
0.00500019
3.2931e-07
0.00500026
3.83039e-07
0.00500035
4.40779e-07
0.00500045
5.0641e-07
0.00500056
5.70721e-07
0.00500067
6.20024e-07
0.00500079
6.45119e-07
0.0050009
6.44623e-07
0.00500101
6.23023e-07
0.00500112
5.87055e-07
0.00500121
5.42972e-07
0.00500129
4.95431e-07
0.00500136
4.47484e-07
0.00500142
4.00987e-07
0.00500147
3.57012e-07
0.00500151
3.16144e-07
0.00500155
2.78658e-07
0.00500158
2.44632e-07
0.00500161
2.14012e-07
0.00500164
1.86658e-07
0.00500166
1.6237e-07
0.00500167
1.4092e-07
0.00500169
1.22062e-07
0.0050017
1.05546e-07
0.00500171
9.11289e-08
0.00500172
7.85806e-08
0.00500173
6.76853e-08
0.00500173
5.82449e-08
0.00500174
5.008e-08
0.00500174
4.30291e-08
0.00500175
3.69482e-08
0.00500175
3.171e-08
0.00500175
2.7202e-08
0.00500176
2.33258e-08
0.00500176
1.99952e-08
0.00500176
1.71351e-08
0.00500176
1.46805e-08
0.00500176
1.25748e-08
0.00500176
1.07691e-08
0.00500176
9.22119e-09
0.00500177
7.89471e-09
0.00500177
6.75824e-09
0.00500177
5.78477e-09
0.00500177
4.95109e-09
0.00500177
4.23723e-09
0.00500177
3.62606e-09
0.00500177
3.10287e-09
0.00500177
2.65504e-09
0.00500177
2.27174e-09
0.00500177
1.94371e-09
0.00500177
1.663e-09
0.00500177
1.42279e-09
0.00500177
1.21724e-09
0.00500177
1.04137e-09
0.00500177
8.90899e-10
0.00500177
7.62155e-10
0.00500177
6.52008e-10
0.00500177
5.57773e-10
0.00500177
4.77154e-10
0.00500177
4.08183e-10
0.00500177
3.49179e-10
0.00500177
2.98702e-10
0.00500177
2.55522e-10
0.00500177
2.18582e-10
0.00500177
1.86982e-10
0.00500177
1.59949e-10
0.00500177
1.36824e-10
0.00500177
1.17042e-10
0.00500177
1.0012e-10
0.00500177
8.56443e-11
0.00500177
7.32618e-11
0.00500177
6.26695e-11
0.00500177
5.36085e-11
0.00500177
4.58577e-11
0.00500177
3.92278e-11
0.00500177
3.35568e-11
0.00500177
2.87061e-11
0.00500177
2.45567e-11
0.00500177
2.1007e-11
0.00500177
1.79704e-11
0.00500177
1.53726e-11
0.00500177
1.31506e-11
0.00500177
1.12501e-11
0.00500177
9.62477e-12
0.00500177
8.23471e-12
0.00500177
7.04564e-12
0.00500177
6.02832e-12
0.00500177
5.15781e-12
0.00500177
4.41277e-12
0.00500177
3.77518e-12
0.00500177
3.22959e-12
0.00500177
2.76291e-12
0.00500177
2.36394e-12
0.00500177
2.02277e-12
0.00500177
1.73116e-12
0.00500177
1.48182e-12
0.00500177
1.26855e-12
0.00500177
1.08613e-12
0.00500177
9.3001e-13
0.00500177
7.96421e-13
0.00500177
6.82233e-13
0.00500177
5.84757e-13
0.00500177
5.01561e-13
0.00500177
4.30582e-13
0.00500177
3.70083e-13
0.00500177
3.18407e-13
0.00500177
2.74065e-13
0.00500177
2.35865e-13
0.00500177
2.02716e-13
0.00500177
1.73975e-13
0.00500177
1.4897e-13
0.00500177
1.27338e-13
0.00500177
1.08703e-13
0.00500177
9.27661e-14
0.00500177
7.91608e-14
0.00500177
6.75224e-14
0.00500177
5.74391e-14
0.00500177
4.864e-14
0.00500177
4.09043e-14
0.00500177
3.40239e-14
0.00500177
2.79799e-14
0.00500177
2.27467e-14
0.00500177
1.84033e-14
0.00500177
1.49207e-14
0.00500177
1.22676e-14
0.00500177
1.03674e-14
0.00500177
9.03197e-15
0.00500177
8.1311e-15
0.00500177
7.4558e-15
0.00500177
6.99301e-15
0.00500177
6.68997e-15
0.00500177
6.51539e-15
0.00500177
6.56568e-15
0.00500177
6.74472e-15
0.00500177
7.11842e-15
0.00500177
7.70702e-15
0.00500177
8.4381e-15
0.00500177
9.30937e-15
0.00500177
1.03047e-14
0.00500177
1.13272e-14
0.00500177
1.22726e-14
0.00500177
1.30428e-14
0.00500177
1.36285e-14
0.00500177
1.37411e-14
0.00500177
1.33858e-14
0.00500177
1.25217e-14
0.00500177
1.10104e-14
0.00500177
9.06492e-15
0.00500177
6.5362e-15
0.00500177
3.68108e-15
0.00500177
6.2734e-16
0.00500177
-2.49883e-15
0.00500177
-5.40975e-15
0.00500177
-7.99981e-15
0.00500177
-1.0157e-14
0.00500177
-1.18051e-14
0.00500177
-1.28274e-14
0.00500177
-1.32951e-14
0.00500177
-1.32406e-14
0.00500177
-1.28022e-14
0.00500177
-1.20762e-14
0.00500177
-1.10928e-14
0.00500177
-9.98014e-15
0.00500177
-9.00298e-15
0.00500177
-8.09322e-15
0.00500177
-7.21743e-15
0.00500177
-6.68974e-15
0.00500177
-6.23378e-15
0.00500177
-5.8325e-15
0.00500177
-5.70695e-15
0.00500177
-5.67217e-15
0.00500177
-5.55238e-15
0.00500177
-5.58399e-15
0.00500177
-5.66419e-15
0.00500177
-5.55539e-15
0.00500177
-5.65233e-15
0.00500177
-5.49621e-15
0.00500177
-5.45663e-15
0.00500177
-5.4411e-15
0.00500177
-5.26267e-15
0.00500177
-5.15748e-15
0.00500177
-5.06961e-15
0.00500177
-5.08814e-15
0.00500177
-4.9227e-15
0.00500177
-4.88406e-15
0.00500177
-4.72799e-15
0.00500177
-4.5929e-15
0.00500177
-4.53534e-15
0.00500177
-4.25646e-15
0.00500177
-3.85308e-15
0.00500177
-3.70275e-15
0.00500177
-3.05362e-15
0.00500177
-2.73769e-15
0.00500177
-2.17871e-15
0.00500177
-1.59467e-15
-8.15217e-16
0.00500001
3.09752e-08
0.00500003
9.10473e-08
0.00500006
1.55196e-07
0.00500011
2.1704e-07
0.00500017
2.68199e-07
0.00500025
3.12455e-07
0.00500033
3.60181e-07
0.00500042
4.14616e-07
0.00500052
4.68165e-07
0.00500063
5.09527e-07
0.00500074
5.31177e-07
0.00500086
5.31987e-07
0.00500096
5.15564e-07
0.00500106
4.87306e-07
0.00500116
4.52231e-07
0.00500124
4.14088e-07
0.00500131
3.75353e-07
0.00500137
3.37547e-07
0.00500143
3.0157e-07
0.00500148
2.67934e-07
0.00500152
2.36904e-07
0.00500155
2.08585e-07
0.00500158
1.82971e-07
0.00500161
1.5998e-07
0.00500163
1.39479e-07
0.00500165
1.21301e-07
0.00500167
1.05261e-07
0.00500169
9.11683e-08
0.0050017
7.88311e-08
0.00500171
6.8065e-08
0.00500172
5.86953e-08
0.00500172
5.05603e-08
0.00500173
4.35116e-08
0.00500174
3.74149e-08
0.00500174
3.21496e-08
0.00500175
2.76083e-08
0.00500175
2.36959e-08
0.00500175
2.03286e-08
0.00500175
1.74329e-08
0.00500176
1.49445e-08
0.00500176
1.28075e-08
0.00500176
1.09733e-08
0.00500176
9.39971e-09
0.00500176
8.05023e-09
0.00500176
6.89336e-09
0.00500176
5.9019e-09
0.00500177
5.05242e-09
0.00500177
4.32476e-09
0.00500177
3.70155e-09
0.00500177
3.16791e-09
0.00500177
2.71101e-09
0.00500177
2.31988e-09
0.00500177
1.98507e-09
0.00500177
1.69852e-09
0.00500177
1.45327e-09
0.00500177
1.24339e-09
0.00500177
1.0638e-09
0.00500177
9.10122e-10
0.00500177
7.78628e-10
0.00500177
6.66122e-10
0.00500177
5.69863e-10
0.00500177
4.87508e-10
0.00500177
4.17049e-10
0.00500177
3.56769e-10
0.00500177
3.052e-10
0.00500177
2.61083e-10
0.00500177
2.23342e-10
0.00500177
1.91055e-10
0.00500177
1.63435e-10
0.00500177
1.39807e-10
0.00500177
1.19594e-10
0.00500177
1.02304e-10
0.00500177
8.75127e-11
0.00500177
7.48603e-11
0.00500177
6.4037e-11
0.00500177
5.47784e-11
0.00500177
4.68585e-11
0.00500177
4.00838e-11
0.00500177
3.42889e-11
0.00500177
2.93321e-11
0.00500177
2.50921e-11
0.00500177
2.1465e-11
0.00500177
1.8362e-11
0.00500177
1.57074e-11
0.00500177
1.34368e-11
0.00500177
1.14948e-11
0.00500177
9.83392e-12
0.00500177
8.41357e-12
0.00500177
7.19869e-12
0.00500177
6.15937e-12
0.00500177
5.26999e-12
0.00500177
4.50879e-12
0.00500177
3.85726e-12
0.00500177
3.29968e-12
0.00500177
2.82262e-12
0.00500177
2.41459e-12
0.00500177
2.06577e-12
0.00500177
1.76761e-12
0.00500177
1.51277e-12
0.00500177
1.29486e-12
0.00500177
1.1084e-12
0.00500177
9.48901e-13
0.00500177
8.12439e-13
0.00500177
6.95725e-13
0.00500177
5.95984e-13
0.00500177
5.10848e-13
0.00500177
4.38289e-13
0.00500177
3.76502e-13
0.00500177
3.23759e-13
0.00500177
2.78668e-13
0.00500177
2.39924e-13
0.00500177
2.06448e-13
0.00500177
1.77408e-13
0.00500177
1.52159e-13
0.00500177
1.30269e-13
0.00500177
1.11392e-13
0.00500177
9.51892e-14
0.00500177
8.13355e-14
0.00500177
6.95438e-14
0.00500177
5.93681e-14
0.00500177
5.05351e-14
0.00500177
4.27632e-14
0.00500177
3.58914e-14
0.00500177
2.9818e-14
0.00500177
2.44853e-14
0.00500177
1.99292e-14
0.00500177
1.62101e-14
0.00500177
1.32874e-14
0.00500177
1.10548e-14
0.00500177
9.49434e-15
0.00500177
8.34081e-15
0.00500177
7.48907e-15
0.00500177
6.80694e-15
0.00500177
6.31026e-15
0.00500177
5.97564e-15
0.00500177
5.76926e-15
0.00500177
5.79204e-15
0.00500177
5.95086e-15
0.00500177
6.31404e-15
0.00500177
6.86636e-15
0.00500177
7.49607e-15
0.00500177
8.235e-15
0.00500177
8.9896e-15
0.00500177
9.78205e-15
0.00500177
1.05093e-14
0.00500177
1.10515e-14
0.00500177
1.14472e-14
0.00500177
1.14147e-14
0.00500177
1.10272e-14
0.00500177
1.02177e-14
0.00500177
8.94202e-15
0.00500177
7.25554e-15
0.00500177
5.11922e-15
0.00500177
2.68137e-15
0.00500177
1.43897e-16
0.00500177
-2.41374e-15
0.00500177
-4.83014e-15
0.00500177
-6.91912e-15
0.00500177
-8.65554e-15
0.00500177
-9.87717e-15
0.00500177
-1.06399e-14
0.00500177
-1.09799e-14
0.00500177
-1.09003e-14
0.00500177
-1.04595e-14
0.00500177
-9.81896e-15
0.00500177
-8.99667e-15
0.00500177
-8.11917e-15
0.00500177
-7.36021e-15
0.00500177
-6.64133e-15
0.00500177
-5.97655e-15
0.00500177
-5.5575e-15
0.00500177
-5.23882e-15
0.00500177
-4.93333e-15
0.00500177
-4.77204e-15
0.00500177
-4.75631e-15
0.00500177
-4.66345e-15
0.00500177
-4.54873e-15
0.00500177
-4.56631e-15
0.00500177
-4.38833e-15
0.00500177
-4.37411e-15
0.00500177
-4.21295e-15
0.00500177
-4.06751e-15
0.00500177
-4.05346e-15
0.00500177
-3.93446e-15
0.00500177
-3.79362e-15
0.00500177
-3.76096e-15
0.00500177
-3.80223e-15
0.00500177
-3.74534e-15
0.00500177
-3.89628e-15
0.00500177
-3.7755e-15
0.00500177
-3.77302e-15
0.00500177
-3.83588e-15
0.00500177
-3.74973e-15
0.00500177
-3.44129e-15
0.00500177
-3.32245e-15
0.00500177
-2.80784e-15
0.00500177
-2.46522e-15
0.00500177
-1.99165e-15
0.00500177
-1.57935e-15
-8.43148e-16
0.00500001
2.42769e-08
0.00500003
7.13681e-08
0.00500006
1.21701e-07
0.00500011
1.70315e-07
0.00500016
2.10669e-07
0.00500023
2.45734e-07
0.00500031
2.83646e-07
0.0050004
3.26972e-07
0.00500049
3.6975e-07
0.0050006
4.02998e-07
0.00500071
4.20776e-07
0.00500082
4.22182e-07
0.00500093
4.10024e-07
0.00500102
3.88493e-07
0.00500112
3.61483e-07
0.0050012
3.31913e-07
0.00500127
3.01717e-07
0.00500134
2.72093e-07
0.00500139
2.43762e-07
0.00500145
2.17147e-07
0.00500149
1.92481e-07
0.00500153
1.69872e-07
0.00500156
1.49338e-07
0.00500159
1.30837e-07
0.00500162
1.1428e-07
0.00500164
9.95529e-08
0.00500166
8.65198e-08
0.00500167
7.50381e-08
0.00500169
6.49626e-08
0.0050017
5.61513e-08
0.00500171
4.84682e-08
0.00500172
4.17861e-08
0.00500173
3.59876e-08
0.00500173
3.09655e-08
0.00500174
2.66232e-08
0.00500174
2.28741e-08
0.00500175
1.96413e-08
0.00500175
1.68567e-08
0.00500175
1.44604e-08
0.00500175
1.23999e-08
0.00500176
1.06295e-08
0.00500176
9.10925e-09
0.00500176
7.80446e-09
0.00500176
6.68512e-09
0.00500176
5.72525e-09
0.00500176
4.9024e-09
0.00500176
4.19724e-09
0.00500177
3.59307e-09
0.00500177
3.07556e-09
0.00500177
2.63234e-09
0.00500177
2.25282e-09
0.00500177
1.9279e-09
0.00500177
1.64974e-09
0.00500177
1.41164e-09
0.00500177
1.20786e-09
0.00500177
1.03345e-09
0.00500177
8.84203e-10
0.00500177
7.56486e-10
0.00500177
6.47203e-10
0.00500177
5.53695e-10
0.00500177
4.7369e-10
0.00500177
4.05238e-10
0.00500177
3.46672e-10
0.00500177
2.96567e-10
0.00500177
2.53702e-10
0.00500177
2.1703e-10
0.00500177
1.85658e-10
0.00500177
1.5882e-10
0.00500177
1.3586e-10
0.00500177
1.16219e-10
0.00500177
9.94168e-11
0.00500177
8.50436e-11
0.00500177
7.27484e-11
0.00500177
6.22307e-11
0.00500177
5.32335e-11
0.00500177
4.55369e-11
0.00500177
3.89532e-11
0.00500177
3.33216e-11
0.00500177
2.85044e-11
0.00500177
2.43839e-11
0.00500177
2.0859e-11
0.00500177
1.78436e-11
0.00500177
1.52639e-11
0.00500177
1.30572e-11
0.00500177
1.11697e-11
0.00500177
9.55554e-12
0.00500177
8.17513e-12
0.00500177
6.99459e-12
0.00500177
5.98476e-12
0.00500177
5.12067e-12
0.00500177
4.38117e-12
0.00500177
3.74818e-12
0.00500177
3.20638e-12
0.00500177
2.7427e-12
0.00500177
2.34603e-12
0.00500177
2.00689e-12
0.00500177
1.71696e-12
0.00500177
1.46912e-12
0.00500177
1.25726e-12
0.00500177
1.07608e-12
0.00500177
9.21117e-13
0.00500177
7.88556e-13
0.00500177
6.7512e-13
0.00500177
5.78083e-13
0.00500177
4.95215e-13
0.00500177
4.24593e-13
0.00500177
3.64363e-13
0.00500177
3.13131e-13
0.00500177
2.69395e-13
0.00500177
2.31946e-13
0.00500177
1.99723e-13
0.00500177
1.71782e-13
0.00500177
1.47578e-13
0.00500177
1.26528e-13
0.00500177
1.08303e-13
0.00500177
9.26408e-14
0.00500177
7.92725e-14
0.00500177
6.78911e-14
0.00500177
5.81761e-14
0.00500177
4.97538e-14
0.00500177
4.23831e-14
0.00500177
3.5853e-14
0.00500177
3.00372e-14
0.00500177
2.49196e-14
0.00500177
2.04549e-14
0.00500177
1.67381e-14
0.00500177
1.37737e-14
0.00500177
1.14757e-14
0.00500177
9.75626e-15
0.00500177
8.46251e-15
0.00500177
7.48234e-15
0.00500177
6.64472e-15
0.00500177
5.94503e-15
0.00500177
5.44608e-15
0.00500177
5.06172e-15
0.00500177
4.86764e-15
0.00500177
4.84781e-15
0.00500177
5.0085e-15
0.00500177
5.36694e-15
0.00500177
5.86789e-15
0.00500177
6.38019e-15
0.00500177
6.9118e-15
0.00500177
7.4379e-15
0.00500177
7.96937e-15
0.00500177
8.40347e-15
0.00500177
8.71406e-15
0.00500177
8.87524e-15
0.00500177
8.70937e-15
0.00500177
8.3717e-15
0.00500177
7.63935e-15
0.00500177
6.62012e-15
0.00500177
5.24607e-15
0.00500177
3.54435e-15
0.00500177
1.67205e-15
0.00500177
-2.86093e-16
0.00500177
-2.24204e-15
0.00500177
-4.08028e-15
0.00500177
-5.61137e-15
0.00500177
-6.84648e-15
0.00500177
-7.69558e-15
0.00500177
-8.20305e-15
0.00500177
-8.40733e-15
0.00500177
-8.23323e-15
0.00500177
-7.81337e-15
0.00500177
-7.28533e-15
0.00500177
-6.68872e-15
0.00500177
-6.05766e-15
0.00500177
-5.49328e-15
0.00500177
-5.02599e-15
0.00500177
-4.6041e-15
0.00500177
-4.24086e-15
0.00500177
-4.10348e-15
0.00500177
-3.89864e-15
0.00500177
-3.71905e-15
0.00500177
-3.70119e-15
0.00500177
-3.55852e-15
0.00500177
-3.44611e-15
0.00500177
-3.26505e-15
0.00500177
-3.07841e-15
0.00500177
-2.94016e-15
0.00500177
-2.69191e-15
0.00500177
-2.54493e-15
0.00500177
-2.39434e-15
0.00500177
-2.41789e-15
0.00500177
-2.31974e-15
0.00500177
-2.25864e-15
0.00500177
-2.46595e-15
0.00500177
-2.4874e-15
0.00500177
-2.77335e-15
0.00500177
-2.79522e-15
0.00500177
-2.80684e-15
0.00500177
-3.02447e-15
0.00500177
-3.05009e-15
0.00500177
-2.91943e-15
0.00500177
-2.89493e-15
0.00500177
-2.48416e-15
0.00500177
-2.19043e-15
0.00500177
-1.70962e-15
0.00500177
-1.40207e-15
-8.60665e-16
0.00500001
1.79263e-08
0.00500003
5.27042e-08
0.00500006
8.99011e-08
0.0050001
1.25876e-07
0.00500016
1.55814e-07
0.00500022
1.81915e-07
0.00500029
2.10187e-07
0.00500038
2.42534e-07
0.00500047
2.74564e-07
0.00500058
2.99582e-07
0.00500068
3.1317e-07
0.00500079
3.14649e-07
0.0050009
3.06079e-07
0.00500099
2.90536e-07
0.00500108
2.70875e-07
0.00500117
2.49238e-07
0.00500124
2.27048e-07
0.00500131
2.05194e-07
0.00500137
1.84214e-07
0.00500142
1.64432e-07
0.00500147
1.46035e-07
0.00500151
1.29115e-07
0.00500154
1.13699e-07
0.00500157
9.97682e-08
0.0050016
8.72681e-08
0.00500162
7.61209e-08
0.00500165
6.62335e-08
0.00500166
5.7505e-08
0.00500168
4.98312e-08
0.00500169
4.31089e-08
0.0050017
3.72385e-08
0.00500171
3.21262e-08
0.00500172
2.76845e-08
0.00500173
2.38336e-08
0.00500173
2.05008e-08
0.00500174
1.7621e-08
0.00500174
1.51359e-08
0.00500175
1.2994e-08
0.00500175
1.11498e-08
0.00500175
9.56333e-09
0.00500176
8.19958e-09
0.00500176
7.02809e-09
0.00500176
6.02232e-09
0.00500176
5.15927e-09
0.00500176
4.41899e-09
0.00500176
3.78427e-09
0.00500176
3.24022e-09
0.00500177
2.77402e-09
0.00500177
2.37462e-09
0.00500177
2.03253e-09
0.00500177
1.73958e-09
0.00500177
1.48874e-09
0.00500177
1.27398e-09
0.00500177
1.09015e-09
0.00500177
9.32804e-10
0.00500177
7.98134e-10
0.00500177
6.82882e-10
0.00500177
5.84255e-10
0.00500177
4.9986e-10
0.00500177
4.27646e-10
0.00500177
3.65858e-10
0.00500177
3.12991e-10
0.00500177
2.67759e-10
0.00500177
2.29061e-10
0.00500177
1.95954e-10
0.00500177
1.67631e-10
0.00500177
1.434e-10
0.00500177
1.22671e-10
0.00500177
1.04937e-10
0.00500177
8.97668e-11
0.00500177
7.6789e-11
0.00500177
6.56874e-11
0.00500177
5.61908e-11
0.00500177
4.8067e-11
0.00500177
4.11176e-11
0.00500177
3.51728e-11
0.00500177
3.00875e-11
0.00500177
2.57377e-11
0.00500177
2.20169e-11
0.00500177
1.8834e-11
0.00500177
1.61113e-11
0.00500177
1.3782e-11
0.00500177
1.17894e-11
0.00500177
1.0085e-11
0.00500177
8.62729e-12
0.00500177
7.38065e-12
0.00500177
6.31454e-12
0.00500177
5.40274e-12
0.00500177
4.6227e-12
0.00500177
3.95518e-12
0.00500177
3.38383e-12
0.00500177
2.89476e-12
0.00500177
2.47623e-12
0.00500177
2.11811e-12
0.00500177
1.81176e-12
0.00500177
1.54986e-12
0.00500177
1.32596e-12
0.00500177
1.1346e-12
0.00500177
9.71026e-13
0.00500177
8.31095e-13
0.00500177
7.11365e-13
0.00500177
6.08912e-13
0.00500177
5.21288e-13
0.00500177
4.46385e-13
0.00500177
3.82436e-13
0.00500177
3.27933e-13
0.00500177
2.81596e-13
0.00500177
2.42065e-13
0.00500177
2.08335e-13
0.00500177
1.79376e-13
0.00500177
1.54411e-13
0.00500177
1.32747e-13
0.00500177
1.13962e-13
0.00500177
9.76836e-14
0.00500177
8.36506e-14
0.00500177
7.16605e-14
0.00500177
6.14733e-14
0.00500177
5.27725e-14
0.00500177
4.53243e-14
0.00500177
3.88602e-14
0.00500177
3.31303e-14
0.00500177
2.80389e-14
0.00500177
2.34705e-14
0.00500177
1.94794e-14
0.00500177
1.60585e-14
0.00500177
1.32873e-14
0.00500177
1.11417e-14
0.00500177
9.49114e-15
0.00500177
8.27311e-15
0.00500177
7.24872e-15
0.00500177
6.40126e-15
0.00500177
5.62633e-15
0.00500177
4.90635e-15
0.00500177
4.40608e-15
0.00500177
4.0358e-15
0.00500177
3.82141e-15
0.00500177
3.82318e-15
0.00500177
3.99477e-15
0.00500177
4.34341e-15
0.00500177
4.71435e-15
0.00500177
5.06552e-15
0.00500177
5.36823e-15
0.00500177
5.6581e-15
0.00500177
5.90524e-15
0.00500177
6.0331e-15
0.00500177
6.10188e-15
0.00500177
5.97991e-15
0.00500177
5.73521e-15
0.00500177
5.42192e-15
0.00500177
4.86297e-15
0.00500177
4.09723e-15
0.00500177
3.12622e-15
0.00500177
1.94238e-15
0.00500177
6.548e-16
0.00500177
-6.59719e-16
0.00500177
-1.98968e-15
0.00500177
-3.16241e-15
0.00500177
-4.12737e-15
0.00500177
-4.81321e-15
0.00500177
-5.30508e-15
0.00500177
-5.54921e-15
0.00500177
-5.5332e-15
0.00500177
-5.31388e-15
0.00500177
-4.9571e-15
0.00500177
-4.58204e-15
0.00500177
-4.18421e-15
0.00500177
-3.80022e-15
0.00500177
-3.44021e-15
0.00500177
-3.21697e-15
0.00500177
-3.05503e-15
0.00500177
-2.79842e-15
0.00500177
-2.82887e-15
0.00500177
-2.74602e-15
0.00500177
-2.55857e-15
0.00500177
-2.51881e-15
0.00500177
-2.24668e-15
0.00500177
-2.11922e-15
0.00500177
-1.84306e-15
0.00500177
-1.57386e-15
0.00500177
-1.375e-15
0.00500177
-1.0883e-15
0.00500177
-8.76467e-16
0.00500177
-6.82412e-16
0.00500177
-6.49884e-16
0.00500177
-7.32244e-16
0.00500177
-7.33883e-16
0.00500177
-8.87546e-16
0.00500177
-1.08919e-15
0.00500177
-1.3924e-15
0.00500177
-1.8485e-15
0.00500177
-1.85713e-15
0.00500177
-2.11199e-15
0.00500177
-2.37479e-15
0.00500177
-2.18494e-15
0.00500177
-2.43353e-15
0.00500177
-2.15285e-15
0.00500177
-1.8467e-15
0.00500177
-1.56988e-15
0.00500177
-1.29784e-15
-7.11491e-16
0.00500001
1.18211e-08
0.00500002
3.47567e-08
0.00500005
5.92994e-08
0.0050001
8.30575e-08
0.00500015
1.02863e-07
0.00500021
1.20168e-07
0.00500028
1.38938e-07
0.00500037
1.60429e-07
0.00500046
1.81749e-07
0.00500056
1.98462e-07
0.00500066
2.07638e-07
0.00500077
2.08819e-07
0.00500087
2.0336e-07
0.00500097
1.93278e-07
0.00500106
1.8045e-07
0.00500114
1.66279e-07
0.00500122
1.51702e-07
0.00500129
1.37305e-07
0.00500135
1.23448e-07
0.0050014
1.10349e-07
0.00500145
9.81355e-08
0.00500149
8.68761e-08
0.00500153
7.65952e-08
0.00500156
6.7285e-08
0.00500159
5.89148e-08
0.00500162
5.14371e-08
0.00500164
4.47937e-08
0.00500166
3.89203e-08
0.00500167
3.37496e-08
0.00500169
2.92146e-08
0.0050017
2.52501e-08
0.00500171
2.17941e-08
0.00500172
1.8789e-08
0.00500172
1.61815e-08
0.00500173
1.39234e-08
0.00500174
1.1971e-08
0.00500174
1.02854e-08
0.00500175
8.83189e-09
0.00500175
7.57989e-09
0.00500175
6.50246e-09
0.00500175
5.57603e-09
0.00500176
4.77998e-09
0.00500176
4.0964e-09
0.00500176
3.50968e-09
0.00500176
3.00635e-09
0.00500176
2.57472e-09
0.00500176
2.2047e-09
0.00500176
1.88759e-09
0.00500177
1.6159e-09
0.00500177
1.38317e-09
0.00500177
1.18385e-09
0.00500177
1.01317e-09
0.00500177
8.67046e-10
0.00500177
7.41951e-10
0.00500177
6.34873e-10
0.00500177
5.43224e-10
0.00500177
4.64789e-10
0.00500177
3.97666e-10
0.00500177
3.40227e-10
0.00500177
2.91078e-10
0.00500177
2.49023e-10
0.00500177
2.13041e-10
0.00500177
1.82254e-10
0.00500177
1.55914e-10
0.00500177
1.3338e-10
0.00500177
1.14102e-10
0.00500177
9.7609e-11
0.00500177
8.34994e-11
0.00500177
7.14286e-11
0.00500177
6.11023e-11
0.00500177
5.22687e-11
0.00500177
4.47121e-11
0.00500177
3.8248e-11
0.00500177
3.27183e-11
0.00500177
2.7988e-11
0.00500177
2.39415e-11
0.00500177
2.04801e-11
0.00500177
1.75191e-11
0.00500177
1.49863e-11
0.00500177
1.28196e-11
0.00500177
1.09661e-11
0.00500177
9.38049e-12
0.00500177
8.02424e-12
0.00500177
6.86423e-12
0.00500177
5.87214e-12
0.00500177
5.02371e-12
0.00500177
4.29802e-12
0.00500177
3.67728e-12
0.00500177
3.14616e-12
0.00500177
2.69163e-12
0.00500177
2.30264e-12
0.00500177
1.9698e-12
0.00500177
1.68501e-12
0.00500177
1.44135e-12
0.00500177
1.23296e-12
0.00500177
1.0548e-12
0.00500177
9.02481e-13
0.00500177
7.7226e-13
0.00500177
6.60915e-13
0.00500177
5.65695e-13
0.00500177
4.84234e-13
0.00500177
4.14507e-13
0.00500177
3.54819e-13
0.00500177
3.0381e-13
0.00500177
2.60396e-13
0.00500177
2.23358e-13
0.00500177
1.91862e-13
0.00500177
1.64995e-13
0.00500177
1.42064e-13
0.00500177
1.22321e-13
0.00500177
1.05164e-13
0.00500177
9.03364e-14
0.00500177
7.7465e-14
0.00500177
6.64027e-14
0.00500177
5.69151e-14
0.00500177
4.88861e-14
0.00500177
4.21095e-14
0.00500177
3.63829e-14
0.00500177
3.14358e-14
0.00500177
2.7051e-14
0.00500177
2.30852e-14
0.00500177
1.9501e-14
0.00500177
1.63338e-14
0.00500177
1.36004e-14
0.00500177
1.13684e-14
0.00500177
9.62469e-15
0.00500177
8.37582e-15
0.00500177
7.39767e-15
0.00500177
6.6391e-15
0.00500177
5.89885e-15
0.00500177
5.17079e-15
0.00500177
4.44885e-15
0.00500177
3.74727e-15
0.00500177
3.2033e-15
0.00500177
2.85787e-15
0.00500177
2.68416e-15
0.00500177
2.7076e-15
0.00500177
2.90507e-15
0.00500177
3.19983e-15
0.00500177
3.43948e-15
0.00500177
3.62751e-15
0.00500177
3.69138e-15
0.00500177
3.68698e-15
0.00500177
3.61713e-15
0.00500177
3.41179e-15
0.00500177
3.22214e-15
0.00500177
2.88862e-15
0.00500177
2.59607e-15
0.00500177
2.35543e-15
0.00500177
1.97053e-15
0.00500177
1.48786e-15
0.00500177
9.24289e-16
0.00500177
3.14776e-16
0.00500177
-3.10475e-16
0.00500177
-9.81739e-16
0.00500177
-1.63213e-15
0.00500177
-2.08932e-15
0.00500177
-2.48791e-15
0.00500177
-2.70324e-15
0.00500177
-2.77571e-15
0.00500177
-2.7009e-15
0.00500177
-2.51938e-15
0.00500177
-2.28604e-15
0.00500177
-1.99788e-15
0.00500177
-1.76556e-15
0.00500177
-1.54056e-15
0.00500177
-1.43745e-15
0.00500177
-1.34176e-15
0.00500177
-1.3071e-15
0.00500177
-1.39306e-15
0.00500177
-1.31394e-15
0.00500177
-1.42165e-15
0.00500177
-1.4839e-15
0.00500177
-1.30278e-15
0.00500177
-1.25324e-15
0.00500177
-9.5278e-16
0.00500177
-6.5626e-16
0.00500177
-4.00044e-16
0.00500177
4.26846e-18
0.00500177
3.86834e-16
0.00500177
6.64735e-16
0.00500177
9.63359e-16
0.00500177
1.06793e-15
0.00500177
1.21837e-15
0.00500177
1.09327e-15
0.00500177
7.77316e-16
0.00500177
7.07854e-16
0.00500177
3.24861e-16
0.00500177
5.33718e-18
0.00500177
-4.90972e-16
0.00500177
-8.90177e-16
0.00500177
-1.20657e-15
0.00500177
-1.6175e-15
0.00500177
-1.54772e-15
0.00500177
-1.80434e-15
0.00500177
-1.775e-15
0.00500177
-1.50838e-15
0.00500177
-1.15136e-15
0.00500177
-1.058e-15
-6.90492e-16
0.00500001
5.87245e-09
0.00500002
1.7267e-08
0.00500005
2.94632e-08
0.0050001
4.12758e-08
0.00500015
5.11327e-08
0.00500021
5.97567e-08
0.00500028
6.91178e-08
0.00500036
7.98405e-08
0.00500045
9.04891e-08
0.00500055
9.88557e-08
0.00500065
1.03478e-07
0.00500076
1.04126e-07
0.00500086
1.0147e-07
0.00500096
9.65127e-08
0.00500105
9.01806e-08
0.00500113
8.31705e-08
0.00500121
7.59466e-08
0.00500127
6.88003e-08
0.00500134
6.19109e-08
0.00500139
5.53882e-08
0.00500144
4.92977e-08
0.00500148
4.3675e-08
0.00500152
3.8534e-08
0.00500155
3.38727e-08
0.00500158
2.9677e-08
0.00500161
2.59247e-08
0.00500163
2.25879e-08
0.00500165
1.96351e-08
0.00500167
1.70336e-08
0.00500168
1.47502e-08
0.00500169
1.27527e-08
0.0050017
1.10105e-08
0.00500171
9.49473e-09
0.00500172
8.17897e-09
0.00500173
7.03901e-09
0.00500173
6.05305e-09
0.00500174
5.20153e-09
0.00500174
4.46707e-09
0.00500175
3.83428e-09
0.00500175
3.2896e-09
0.00500175
2.82117e-09
0.00500176
2.41861e-09
0.00500176
2.07286e-09
0.00500176
1.77608e-09
0.00500176
1.52144e-09
0.00500176
1.30306e-09
0.00500176
1.11584e-09
0.00500176
9.55377e-10
0.00500177
8.17887e-10
0.00500177
7.00108e-10
0.00500177
5.99233e-10
0.00500177
5.12851e-10
0.00500177
4.38891e-10
0.00500177
3.75574e-10
0.00500177
3.21375e-10
0.00500177
2.74985e-10
0.00500177
2.35283e-10
0.00500177
2.01306e-10
0.00500177
1.7223e-10
0.00500177
1.4735e-10
0.00500177
1.26062e-10
0.00500177
1.07847e-10
0.00500177
9.22623e-11
0.00500177
7.89288e-11
0.00500177
6.75215e-11
0.00500177
5.77624e-11
0.00500177
4.94132e-11
0.00500177
4.22704e-11
0.00500177
3.61597e-11
0.00500177
3.09321e-11
0.00500177
2.64602e-11
0.00500177
2.26348e-11
0.00500177
1.93624e-11
0.00500177
1.6563e-11
0.00500177
1.41683e-11
0.00500177
1.21198e-11
0.00500177
1.03674e-11
0.00500177
8.86835e-12
0.00500177
7.58598e-12
0.00500177
6.48895e-12
0.00500177
5.55055e-12
0.00500177
4.74786e-12
0.00500177
4.06134e-12
0.00500177
3.47426e-12
0.00500177
2.97211e-12
0.00500177
2.54259e-12
0.00500177
2.17512e-12
0.00500177
1.8607e-12
0.00500177
1.59167e-12
0.00500177
1.36152e-12
0.00500177
1.16467e-12
0.00500177
9.96319e-13
0.00500177
8.52337e-13
0.00500177
7.29187e-13
0.00500177
6.23857e-13
0.00500177
5.33769e-13
0.00500177
4.56767e-13
0.00500177
3.90931e-13
0.00500177
3.34672e-13
0.00500177
2.86528e-13
0.00500177
2.45246e-13
0.00500177
2.09925e-13
0.00500177
1.79705e-13
0.00500177
1.53879e-13
0.00500177
1.3195e-13
0.00500177
1.13278e-13
0.00500177
9.74287e-14
0.00500177
8.38425e-14
0.00500177
7.2188e-14
0.00500177
6.21279e-14
0.00500177
5.33036e-14
0.00500177
4.56729e-14
0.00500177
3.90717e-14
0.00500177
3.34954e-14
0.00500177
2.88543e-14
0.00500177
2.49926e-14
0.00500177
2.17733e-14
0.00500177
1.91254e-14
0.00500177
1.67276e-14
0.00500177
1.45037e-14
0.00500177
1.24493e-14
0.00500177
1.0559e-14
0.00500177
8.9121e-15
0.00500177
7.53706e-15
0.00500177
6.5415e-15
0.00500177
5.87779e-15
0.00500177
5.49785e-15
0.00500177
5.1647e-15
0.00500177
4.78847e-15
0.00500177
4.34664e-15
0.00500177
3.75427e-15
0.00500177
3.08314e-15
0.00500177
2.48851e-15
0.00500177
1.99758e-15
0.00500177
1.67343e-15
0.00500177
1.51811e-15
0.00500177
1.54779e-15
0.00500177
1.75057e-15
0.00500177
1.96448e-15
0.00500177
2.0676e-15
0.00500177
2.06748e-15
0.00500177
1.87542e-15
0.00500177
1.55689e-15
0.00500177
1.18334e-15
0.00500177
6.11769e-16
0.00500177
9.74338e-17
0.00500177
-2.01137e-16
0.00500177
-5.7965e-16
0.00500177
-7.74728e-16
0.00500177
-9.72509e-16
0.00500177
-1.10067e-15
0.00500177
-1.19131e-15
0.00500177
-1.24845e-15
0.00500177
-1.23222e-15
0.00500177
-1.23562e-15
0.00500177
-1.19966e-15
0.00500177
-9.3679e-16
0.00500177
-6.9702e-16
0.00500177
-4.94716e-16
0.00500177
-2.20565e-16
0.00500177
1.83633e-16
0.00500177
5.07681e-16
0.00500177
8.07064e-16
0.00500177
9.75402e-16
0.00500177
1.07661e-15
0.00500177
1.11785e-15
0.00500177
9.58376e-16
0.00500177
7.81227e-16
0.00500177
6.28136e-16
0.00500177
3.23544e-16
0.00500177
2.31931e-16
0.00500177
8.8663e-17
0.00500177
-5.00302e-17
0.00500177
7.59114e-17
0.00500177
1.88172e-16
0.00500177
4.49146e-16
0.00500177
8.95834e-16
0.00500177
1.21531e-15
0.00500177
1.6408e-15
0.00500177
2.17287e-15
0.00500177
2.5298e-15
0.00500177
2.8218e-15
0.00500177
2.90508e-15
0.00500177
2.96564e-15
0.00500177
2.97414e-15
0.00500177
2.51631e-15
0.00500177
2.08031e-15
0.00500177
1.91436e-15
0.00500177
1.30711e-15
0.00500177
7.7841e-16
0.00500177
2.79194e-16
0.00500177
-3.05058e-16
0.00500177
-7.96156e-16
0.00500177
-8.9636e-16
0.00500177
-1.05557e-15
0.00500177
-1.17601e-15
0.00500177
-1.19364e-15
0.00500177
-9.71486e-16
0.00500177
-7.17243e-16
-4.01088e-16
0.00500001
0.00500002
0.00500005
0.00500009
0.00500015
0.0050002
0.00500027
0.00500035
0.00500044
0.00500054
0.00500065
0.00500075
0.00500085
0.00500095
0.00500104
0.00500112
0.0050012
0.00500127
0.00500133
0.00500138
0.00500143
0.00500148
0.00500152
0.00500155
0.00500158
0.00500161
0.00500163
0.00500165
0.00500166
0.00500168
0.00500169
0.0050017
0.00500171
0.00500172
0.00500173
0.00500173
0.00500174
0.00500174
0.00500175
0.00500175
0.00500175
0.00500176
0.00500176
0.00500176
0.00500176
0.00500176
0.00500176
0.00500176
0.00500177
0.00500177
0.00500177
0.00500177
0.00500177
0.00500177
0.00500177
0.00500177
0.00500177
0.00500177
0.00500177
0.00500177
0.00500177
0.00500177
0.00500177
0.00500177
0.00500177
0.00500177
0.00500177
0.00500177
0.00500177
0.00500177
0.00500177
0.00500177
0.00500177
0.00500177
0.00500177
0.00500177
0.00500177
0.00500177
0.00500177
0.00500177
0.00500177
0.00500177
0.00500177
0.00500177
0.00500177
0.00500177
0.00500177
0.00500177
0.00500177
0.00500177
0.00500177
0.00500177
0.00500177
0.00500177
0.00500177
0.00500177
0.00500177
0.00500177
0.00500177
0.00500177
0.00500177
0.00500177
0.00500177
0.00500177
0.00500177
0.00500177
0.00500177
0.00500177
0.00500177
0.00500177
0.00500177
0.00500177
0.00500177
0.00500177
0.00500177
0.00500177
0.00500177
0.00500177
0.00500177
0.00500177
0.00500177
0.00500177
0.00500177
0.00500177
0.00500177
0.00500177
0.00500177
0.00500177
0.00500177
0.00500177
0.00500177
0.00500177
0.00500177
0.00500177
0.00500177
0.00500177
0.00500177
0.00500177
0.00500177
0.00500177
0.00500177
0.00500177
0.00500177
0.00500177
0.00500177
0.00500177
0.00500177
0.00500177
0.00500177
0.00500177
0.00500177
0.00500177
0.00500177
0.00500177
0.00500177
0.00500177
0.00500177
0.00500177
0.00500177
0.00500177
0.00500177
0.00500177
0.00500177
0.00500177
0.00500177
0.00500177
0.00500177
0.00500177
0.00500177
0.00500177
0.00500177
0.00500177
0.00500177
0.00500177
0.00500177
0.00500177
0.00500177
0.00500177
0.00500177
0.00500177
0.00500177
0.00500177
0.00500177
0.00500177
0.00500177
0.00500177
0.00500177
0.00500177
0.00500177
0.00500177
0.00500177
0.00500177
0.00500177
0.00500177
0.00500177
0.00500177
0.00500177
0.00500177
0.00500177
)
;

boundaryField
{
    inlet
    {
        type            calculated;
        value           nonuniform List<scalar> 
20
(
-0.005
-0.005
-0.005
-0.005
-0.005
-0.005
-0.005
-0.005
-0.005
-0.005
-0.005
-0.005
-0.005
-0.005
-0.005
-0.005
-0.005
-0.005
-0.005
-0.005
)
;
    }
    outlet
    {
        type            calculated;
        value           nonuniform List<scalar> 
20
(
0.00496643
0.00500171
0.00500177
0.00500177
0.00500177
0.00500177
0.00500177
0.00500177
0.00500177
0.00500177
0.00500177
0.00500177
0.00500177
0.00500177
0.00500177
0.00500177
0.00500177
0.00500177
0.00500177
0.00500177
)
;
    }
    top
    {
        type            calculated;
        value           uniform 0;
    }
    bottom
    {
        type            calculated;
        value           uniform 0;
    }
    frontAndBack
    {
        type            empty;
    }
}


// ************************************************************************* //
