/*--------------------------------*- C++ -*----------------------------------*\
  =========                 |
  \\      /  F ield         | OpenFOAM: The Open Source CFD Toolbox
   \\    /   O peration     | Website:  https://openfoam.org
    \\  /    A nd           | Version:  dev
     \\/     M anipulation  |
\*---------------------------------------------------------------------------*/
FoamFile
{
    format      ascii;
    class       volVectorField;
    location    "0.6";
    object      U;
}
// * * * * * * * * * * * * * * * * * * * * * * * * * * * * * * * * * * * * * //

dimensions      [0 1 -1 0 0 0 0];

internalField   nonuniform List<vector> 
4000
(
(0.999699 0.000146231 0)
(0.999399 0.000329858 0)
(0.999055 0.000442349 0)
(0.998689 0.00046398 0)
(0.998296 0.000415818 0)
(0.99779 0.000396223 0)
(0.997198 0.000450571 0)
(0.996614 0.000517183 0)
(0.996042 0.000535427 0)
(0.995462 0.000496723 0)
(0.994917 0.000418849 0)
(0.994467 0.000324017 0)
(0.99413 0.000232389 0)
(0.993891 0.000157231 0)
(0.993725 0.00010258 0)
(0.993611 6.59904e-05 0)
(0.993533 4.27364e-05 0)
(0.993478 2.83713e-05 0)
(0.993439 1.95554e-05 0)
(0.99341 1.40619e-05 0)
(0.993387 1.05209e-05 0)
(0.99337 8.13411e-06 0)
(0.993356 6.44821e-06 0)
(0.993344 5.20595e-06 0)
(0.993335 4.25847e-06 0)
(0.993327 3.51651e-06 0)
(0.993321 2.92404e-06 0)
(0.993316 2.44411e-06 0)
(0.993311 2.05119e-06 0)
(0.993308 1.72691e-06 0)
(0.993304 1.45762e-06 0)
(0.993302 1.23288e-06 0)
(0.993299 1.04459e-06 0)
(0.993298 8.86331e-07 0)
(0.993296 7.52952e-07 0)
(0.993295 6.40293e-07 0)
(0.993293 5.44958e-07 0)
(0.993292 4.64156e-07 0)
(0.993292 3.9558e-07 0)
(0.993291 3.37314e-07 0)
(0.99329 2.87759e-07 0)
(0.99329 2.4558e-07 0)
(0.993289 2.09652e-07 0)
(0.993289 1.79031e-07 0)
(0.993288 1.52919e-07 0)
(0.993288 1.30643e-07 0)
(0.993288 1.11631e-07 0)
(0.993288 9.54013e-08 0)
(0.993288 8.15416e-08 0)
(0.993287 6.97032e-08 0)
(0.993287 5.95893e-08 0)
(0.993287 5.09472e-08 0)
(0.993287 4.35617e-08 0)
(0.993287 3.72491e-08 0)
(0.993287 3.18529e-08 0)
(0.993287 2.72397e-08 0)
(0.993287 2.32954e-08 0)
(0.993287 1.9923e-08 0)
(0.993287 1.70394e-08 0)
(0.993287 1.45735e-08 0)
(0.993287 1.24647e-08 0)
(0.993287 1.06612e-08 0)
(0.993287 9.11885e-09 0)
(0.993287 7.79974e-09 0)
(0.993287 6.67153e-09 0)
(0.993287 5.70658e-09 0)
(0.993287 4.88127e-09 0)
(0.993287 4.17534e-09 0)
(0.993287 3.57149e-09 0)
(0.993287 3.05498e-09 0)
(0.993287 2.61317e-09 0)
(0.993287 2.23527e-09 0)
(0.993287 1.91208e-09 0)
(0.993287 1.63567e-09 0)
(0.993287 1.3992e-09 0)
(0.993287 1.19689e-09 0)
(0.993287 1.0238e-09 0)
(0.993287 8.75746e-10 0)
(0.993287 7.49118e-10 0)
(0.993287 6.40833e-10 0)
(0.993287 5.48187e-10 0)
(0.993287 4.6891e-10 0)
(0.993287 4.01086e-10 0)
(0.993287 3.43082e-10 0)
(0.993287 2.93489e-10 0)
(0.993287 2.5109e-10 0)
(0.993287 2.14828e-10 0)
(0.993287 1.83787e-10 0)
(0.993287 1.57189e-10 0)
(0.993287 1.34419e-10 0)
(0.993287 1.14956e-10 0)
(0.993287 9.83244e-11 0)
(0.993287 8.41331e-11 0)
(0.993287 7.20176e-11 0)
(0.993287 6.16426e-11 0)
(0.993287 5.27427e-11 0)
(0.993287 4.5115e-11 0)
(0.993287 3.85901e-11 0)
(0.993287 3.30129e-11 0)
(0.993287 2.8264e-11 0)
(0.993287 2.42086e-11 0)
(0.993287 2.07394e-11 0)
(0.993287 1.77646e-11 0)
(0.993287 1.51938e-11 0)
(0.993287 1.29702e-11 0)
(0.993287 1.10626e-11 0)
(0.993287 9.44076e-12 0)
(0.993287 8.07076e-12 0)
(0.993287 6.92234e-12 0)
(0.993287 5.95079e-12 0)
(0.993287 5.10704e-12 0)
(0.993287 4.3777e-12 0)
(0.993287 3.73534e-12 0)
(0.993287 3.15599e-12 0)
(0.993287 2.6459e-12 0)
(0.993287 2.21538e-12 0)
(0.993287 1.85575e-12 0)
(0.993287 1.56047e-12 0)
(0.993287 1.32848e-12 0)
(0.993287 1.13971e-12 0)
(0.993287 9.83204e-13 0)
(0.993287 8.68404e-13 0)
(0.993287 7.42871e-13 0)
(0.993287 6.30982e-13 0)
(0.993287 5.40641e-13 0)
(0.993287 4.54339e-13 0)
(0.993287 3.94438e-13 0)
(0.993287 3.4574e-13 0)
(0.993287 3.22282e-13 0)
(0.993287 3.21053e-13 0)
(0.993287 3.19363e-13 0)
(0.993287 3.18811e-13 0)
(0.993287 3.03252e-13 0)
(0.993287 2.62624e-13 0)
(0.993287 1.98934e-13 0)
(0.993287 1.16215e-13 0)
(0.993287 3.91896e-14 0)
(0.993287 -1.19791e-14 0)
(0.993287 -2.7757e-14 0)
(0.993287 -1.67679e-15 0)
(0.993287 5.00604e-14 0)
(0.993287 9.48803e-14 0)
(0.993287 1.30428e-13 0)
(0.993287 1.39887e-13 0)
(0.993287 9.374e-14 0)
(0.993287 2.09943e-14 0)
(0.993287 -6.07705e-14 0)
(0.993287 -1.59992e-13 0)
(0.993287 -2.34616e-13 0)
(0.993287 -2.71601e-13 0)
(0.993287 -2.63862e-13 0)
(0.993287 -2.15076e-13 0)
(0.993287 -8.30411e-14 0)
(0.993287 8.7031e-14 0)
(0.993287 2.2663e-13 0)
(0.993287 3.15033e-13 0)
(0.993287 3.56822e-13 0)
(0.993287 3.8056e-13 0)
(0.993287 3.59666e-13 0)
(0.993287 3.01414e-13 0)
(0.993287 2.00779e-13 0)
(0.993287 4.86657e-14 0)
(0.993287 -8.4054e-14 0)
(0.993287 -1.99006e-13 0)
(0.993287 -2.7556e-13 0)
(0.993287 -3.25417e-13 0)
(0.993287 -3.54373e-13 0)
(0.993287 -3.63702e-13 0)
(0.993287 -3.64464e-13 0)
(0.993287 -3.4365e-13 0)
(0.993287 -3.12473e-13 0)
(0.993287 -2.8948e-13 0)
(0.993287 -2.66251e-13 0)
(0.993287 -2.57787e-13 0)
(0.993287 -2.77781e-13 0)
(0.993287 -2.99068e-13 0)
(0.993287 -3.11341e-13 0)
(0.993287 -3.39382e-13 0)
(0.993287 -3.64923e-13 0)
(0.993287 -3.69993e-13 0)
(0.993287 -3.99157e-13 0)
(0.993287 -3.87204e-13 0)
(0.993287 -3.52182e-13 0)
(0.993287 -3.08137e-13 0)
(0.993287 -2.45822e-13 0)
(0.993287 -1.93215e-13 0)
(0.993287 -1.32966e-13 0)
(0.993287 -4.8035e-14 0)
(0.993287 5.05994e-14 0)
(0.993287 9.7679e-14 0)
(0.993287 1.43084e-13 0)
(0.993287 1.79855e-13 0)
(0.993287 1.52992e-13 0)
(0.993287 2.23832e-13 0)
(0.993287 1.88714e-13 0)
(0.993287 1.1972e-13 0)
(0.993287 8.86674e-14 0)
(0.993287 2.26551e-14 0)
(0.993287 -3.89771e-14 0)
(0.993287 -6.80628e-14 0)
(0.999997 0.000176701 0)
(1.00008 0.000402469 0)
(1.00018 0.00054504 0)
(1.0003 0.000585065 0)
(1.00045 0.000526892 0)
(1.00053 0.000489683 0)
(1.00054 0.000546576 0)
(1.00057 0.000631453 0)
(1.00065 0.000664059 0)
(1.00072 0.000630015 0)
(1.00075 0.000549598 0)
(1.00074 0.000445623 0)
(1.00071 0.000339116 0)
(1.00067 0.000246488 0)
(1.00062 0.000174998 0)
(1.00058 0.00012383 0)
(1.00054 8.86176e-05 0)
(1.00051 6.47265e-05 0)
(1.00048 4.84517e-05 0)
(1.00046 3.71614e-05 0)
(1.00044 2.91156e-05 0)
(1.00042 2.32121e-05 0)
(1.00041 1.87615e-05 0)
(1.0004 1.53276e-05 0)
(1.00039 1.26274e-05 0)
(1.00038 1.04716e-05 0)
(1.00038 8.72956e-06 0)
(1.00037 7.30816e-06 0)
(1.00037 6.13933e-06 0)
(1.00036 5.17208e-06 0)
(1.00036 4.36748e-06 0)
(1.00036 3.69527e-06 0)
(1.00035 3.13167e-06 0)
(1.00035 2.65769e-06 0)
(1.00035 2.25808e-06 0)
(1.00035 1.92044e-06 0)
(1.00035 1.63466e-06 0)
(1.00035 1.3924e-06 0)
(1.00035 1.18676e-06 0)
(1.00035 1.01202e-06 0)
(1.00035 8.63385e-07 0)
(1.00034 7.3686e-07 0)
(1.00034 6.2908e-07 0)
(1.00034 5.37214e-07 0)
(1.00034 4.58872e-07 0)
(1.00034 3.92035e-07 0)
(1.00034 3.34992e-07 0)
(1.00034 2.86291e-07 0)
(1.00034 2.44703e-07 0)
(1.00034 2.09179e-07 0)
(1.00034 1.78829e-07 0)
(1.00034 1.52895e-07 0)
(1.00034 1.30731e-07 0)
(1.00034 1.11787e-07 0)
(1.00034 9.55934e-08 0)
(1.00034 8.17489e-08 0)
(1.00034 6.99123e-08 0)
(1.00034 5.97916e-08 0)
(1.00034 5.11376e-08 0)
(1.00034 4.37371e-08 0)
(1.00034 3.74083e-08 0)
(1.00034 3.19959e-08 0)
(1.00034 2.7367e-08 0)
(1.00034 2.34081e-08 0)
(1.00034 2.00222e-08 0)
(1.00034 1.71262e-08 0)
(1.00034 1.46492e-08 0)
(1.00034 1.25306e-08 0)
(1.00034 1.07184e-08 0)
(1.00034 9.16833e-09 0)
(1.00034 7.8425e-09 0)
(1.00034 6.70847e-09 0)
(1.00034 5.73851e-09 0)
(1.00034 4.90883e-09 0)
(1.00034 4.19904e-09 0)
(1.00034 3.5918e-09 0)
(1.00034 3.07229e-09 0)
(1.00034 2.62793e-09 0)
(1.00034 2.24789e-09 0)
(1.00034 1.92289e-09 0)
(1.00034 1.64491e-09 0)
(1.00034 1.40709e-09 0)
(1.00034 1.20362e-09 0)
(1.00034 1.02954e-09 0)
(1.00034 8.80653e-10 0)
(1.00034 7.53319e-10 0)
(1.00034 6.44402e-10 0)
(1.00034 5.5122e-10 0)
(1.00034 4.71484e-10 0)
(1.00034 4.03291e-10 0)
(1.00034 3.44996e-10 0)
(1.00034 2.95171e-10 0)
(1.00034 2.52582e-10 0)
(1.00034 2.16167e-10 0)
(1.00034 1.85004e-10 0)
(1.00034 1.58327e-10 0)
(1.00034 1.35496e-10 0)
(1.00034 1.15968e-10 0)
(1.00034 9.92681e-11 0)
(1.00034 8.5001e-11 0)
(1.00034 7.2803e-11 0)
(1.00034 6.23591e-11 0)
(1.00034 5.34199e-11 0)
(1.00034 4.57584e-11 0)
(1.00034 3.92007e-11 0)
(1.00034 3.35882e-11 0)
(1.00034 2.87792e-11 0)
(1.00034 2.46666e-11 0)
(1.00034 2.11285e-11 0)
(1.00034 1.80903e-11 0)
(1.00034 1.54618e-11 0)
(1.00034 1.31835e-11 0)
(1.00034 1.12177e-11 0)
(1.00034 9.514e-12 0)
(1.00034 8.07133e-12 0)
(1.00034 6.84253e-12 0)
(1.00034 5.82256e-12 0)
(1.00034 4.97113e-12 0)
(1.00034 4.24787e-12 0)
(1.00034 3.64567e-12 0)
(1.00034 3.11208e-12 0)
(1.00034 2.66471e-12 0)
(1.00034 2.26121e-12 0)
(1.00034 1.90406e-12 0)
(1.00034 1.61219e-12 0)
(1.00034 1.34603e-12 0)
(1.00034 1.13395e-12 0)
(1.00034 9.64157e-13 0)
(1.00034 8.2756e-13 0)
(1.00034 7.17027e-13 0)
(1.00034 6.30151e-13 0)
(1.00034 5.4283e-13 0)
(1.00034 4.74694e-13 0)
(1.00034 3.97904e-13 0)
(1.00034 3.09811e-13 0)
(1.00034 2.44581e-13 0)
(1.00034 1.92391e-13 0)
(1.00034 1.81082e-13 0)
(1.00034 2.19277e-13 0)
(1.00034 2.90997e-13 0)
(1.00034 3.6917e-13 0)
(1.00034 4.49694e-13 0)
(1.00034 5.06805e-13 0)
(1.00034 5.29308e-13 0)
(1.00034 5.19046e-13 0)
(1.00034 4.79821e-13 0)
(1.00034 4.26885e-13 0)
(1.00034 3.54407e-13 0)
(1.00034 3.04648e-13 0)
(1.00034 2.75282e-13 0)
(1.00034 2.70386e-13 0)
(1.00034 2.94628e-13 0)
(1.00034 3.47507e-13 0)
(1.00034 4.03976e-13 0)
(1.00034 4.07606e-13 0)
(1.00034 3.56961e-13 0)
(1.00034 2.61837e-13 0)
(1.00034 1.28026e-13 0)
(1.00034 -3.74033e-14 0)
(1.00034 -2.09761e-13 0)
(1.00034 -3.93615e-13 0)
(1.00034 -6.01042e-13 0)
(1.00034 -7.56795e-13 0)
(1.00034 -8.71226e-13 0)
(1.00034 -9.24177e-13 0)
(1.00034 -9.28868e-13 0)
(1.00034 -9.1429e-13 0)
(1.00034 -8.59666e-13 0)
(1.00034 -7.90225e-13 0)
(1.00034 -6.9873e-13 0)
(1.00034 -6.16094e-13 0)
(1.00034 -5.45411e-13 0)
(1.00034 -5.01904e-13 0)
(1.00034 -5.00378e-13 0)
(1.00034 -4.9874e-13 0)
(1.00034 -5.27664e-13 0)
(1.00034 -5.5691e-13 0)
(1.00034 -5.90081e-13 0)
(1.00034 -6.61892e-13 0)
(1.00034 -6.96259e-13 0)
(1.00034 -7.14097e-13 0)
(1.00034 -7.00558e-13 0)
(1.00034 -6.74242e-13 0)
(1.00034 -6.39291e-13 0)
(1.00034 -6.06665e-13 0)
(1.00034 -5.13628e-13 0)
(1.00034 -4.34547e-13 0)
(1.00034 -3.54746e-13 0)
(1.00034 -2.31618e-13 0)
(1.00034 -1.94496e-13 0)
(1.00034 -1.11598e-13 0)
(1.00034 -4.37518e-14 0)
(1.00034 -5.96011e-14 0)
(1.00034 4.47583e-14 0)
(1.00034 -1.69523e-14 0)
(1.00034 -6.36704e-14 0)
(1.00034 -6.87147e-14 0)
(1.00034 -8.7543e-14 0)
(1.00034 -1.00788e-13 0)
(1.00034 -9.66331e-14 0)
(0.999998 6.88884e-05 0)
(1.00004 0.000183043 0)
(1.00012 0.000275954 0)
(1.00021 0.000345676 0)
(1.00033 0.000357708 0)
(1.00043 0.000339377 0)
(1.00046 0.000354933 0)
(1.00048 0.000406874 0)
(1.00055 0.000447382 0)
(1.00062 0.000450993 0)
(1.00067 0.000422894 0)
(1.00067 0.000373907 0)
(1.00066 0.000313687 0)
(1.00063 0.00025232 0)
(1.0006 0.000197658 0)
(1.00057 0.000153017 0)
(1.00053 0.000118266 0)
(1.0005 9.18516e-05 0)
(1.00048 7.19696e-05 0)
(1.00046 5.69971e-05 0)
(1.00044 4.56321e-05 0)
(1.00043 3.69023e-05 0)
(1.00042 3.01081e-05 0)
(1.00041 2.4752e-05 0)
(1.0004 2.04791e-05 0)
(1.00039 1.70344e-05 0)
(1.00039 1.4232e-05 0)
(1.00038 1.19346e-05 0)
(1.00038 1.00387e-05 0)
(1.00037 8.46572e-06 0)
(1.00037 7.15455e-06 0)
(1.00037 6.05739e-06 0)
(1.00037 5.13628e-06 0)
(1.00036 4.36085e-06 0)
(1.00036 3.70653e-06 0)
(1.00036 3.1533e-06 0)
(1.00036 2.68476e-06 0)
(1.00036 2.28737e-06 0)
(1.00036 1.94992e-06 0)
(1.00036 1.66306e-06 0)
(1.00036 1.419e-06 0)
(1.00036 1.21119e-06 0)
(1.00036 1.03413e-06 0)
(1.00036 8.83187e-07 0)
(1.00036 7.54445e-07 0)
(1.00036 6.44595e-07 0)
(1.00036 5.50832e-07 0)
(1.00036 4.70774e-07 0)
(1.00035 4.02401e-07 0)
(1.00035 3.43995e-07 0)
(1.00035 2.94093e-07 0)
(1.00035 2.51449e-07 0)
(1.00035 2.15004e-07 0)
(1.00035 1.83851e-07 0)
(1.00035 1.5722e-07 0)
(1.00035 1.34452e-07 0)
(1.00035 1.14986e-07 0)
(1.00035 9.83412e-08 0)
(1.00035 8.41082e-08 0)
(1.00035 7.19367e-08 0)
(1.00035 6.15277e-08 0)
(1.00035 5.26258e-08 0)
(1.00035 4.50126e-08 0)
(1.00035 3.85013e-08 0)
(1.00035 3.29323e-08 0)
(1.00035 2.8169e-08 0)
(1.00035 2.40948e-08 0)
(1.00035 2.06101e-08 0)
(1.00035 1.76295e-08 0)
(1.00035 1.50801e-08 0)
(1.00035 1.28995e-08 0)
(1.00035 1.10342e-08 0)
(1.00035 9.43872e-09 0)
(1.00035 8.07389e-09 0)
(1.00035 6.90629e-09 0)
(1.00035 5.90744e-09 0)
(1.00035 5.05298e-09 0)
(1.00035 4.32218e-09 0)
(1.00035 3.6972e-09 0)
(1.00035 3.16269e-09 0)
(1.00035 2.70546e-09 0)
(1.00035 2.31426e-09 0)
(1.00035 1.97954e-09 0)
(1.00035 1.69318e-09 0)
(1.00035 1.44826e-09 0)
(1.00035 1.23881e-09 0)
(1.00035 1.05969e-09 0)
(1.00035 9.06478e-10 0)
(1.00035 7.75424e-10 0)
(1.00035 6.63343e-10 0)
(1.00035 5.67485e-10 0)
(1.00035 4.85546e-10 0)
(1.00035 4.15491e-10 0)
(1.00035 3.55589e-10 0)
(1.00035 3.04352e-10 0)
(1.00035 2.60503e-10 0)
(1.00035 2.22984e-10 0)
(1.00035 1.90892e-10 0)
(1.00035 1.63448e-10 0)
(1.00035 1.39976e-10 0)
(1.00035 1.19899e-10 0)
(1.00035 1.02743e-10 0)
(1.00035 8.8086e-11 0)
(1.00035 7.55472e-11 0)
(1.00035 6.48126e-11 0)
(1.00035 5.56133e-11 0)
(1.00035 4.77104e-11 0)
(1.00035 4.09057e-11 0)
(1.00035 3.50225e-11 0)
(1.00035 2.99386e-11 0)
(1.00035 2.55489e-11 0)
(1.00035 2.17673e-11 0)
(1.00035 1.85424e-11 0)
(1.00035 1.57751e-11 0)
(1.00035 1.34468e-11 0)
(1.00035 1.14818e-11 0)
(1.00035 9.82981e-12 0)
(1.00035 8.43033e-12 0)
(1.00035 7.21367e-12 0)
(1.00035 6.18524e-12 0)
(1.00035 5.25853e-12 0)
(1.00035 4.45508e-12 0)
(1.00035 3.76672e-12 0)
(1.00035 3.15599e-12 0)
(1.00035 2.64278e-12 0)
(1.00035 2.20857e-12 0)
(1.00035 1.83101e-12 0)
(1.00035 1.51916e-12 0)
(1.00035 1.25961e-12 0)
(1.00035 1.02437e-12 0)
(1.00035 8.35602e-13 0)
(1.00035 6.72721e-13 0)
(1.00035 5.5335e-13 0)
(1.00035 4.58909e-13 0)
(1.00035 4.00507e-13 0)
(1.00035 3.90158e-13 0)
(1.00035 4.17863e-13 0)
(1.00035 4.8742e-13 0)
(1.00035 5.7242e-13 0)
(1.00035 6.71815e-13 0)
(1.00035 7.60054e-13 0)
(1.00035 8.46202e-13 0)
(1.00035 9.17412e-13 0)
(1.00035 9.74276e-13 0)
(1.00035 1.05961e-12 0)
(1.00035 1.125e-12 0)
(1.00035 1.18274e-12 0)
(1.00035 1.23083e-12 0)
(1.00035 1.25245e-12 0)
(1.00035 1.25152e-12 0)
(1.00035 1.21807e-12 0)
(1.00035 1.1472e-12 0)
(1.00035 9.88941e-13 0)
(1.00035 7.49215e-13 0)
(1.00035 4.7775e-13 0)
(1.00035 1.71028e-13 0)
(1.00035 -1.42103e-13 0)
(1.00035 -4.75505e-13 0)
(1.00035 -7.91254e-13 0)
(1.00035 -1.06345e-12 0)
(1.00035 -1.29489e-12 0)
(1.00035 -1.43516e-12 0)
(1.00035 -1.52196e-12 0)
(1.00035 -1.54296e-12 0)
(1.00035 -1.49655e-12 0)
(1.00035 -1.43154e-12 0)
(1.00035 -1.32551e-12 0)
(1.00035 -1.19791e-12 0)
(1.00035 -1.05209e-12 0)
(1.00035 -9.01021e-13 0)
(1.00035 -7.89457e-13 0)
(1.00035 -7.01055e-13 0)
(1.00035 -6.59131e-13 0)
(1.00035 -6.45205e-13 0)
(1.00035 -6.13327e-13 0)
(1.00035 -6.32358e-13 0)
(1.00035 -6.616e-13 0)
(1.00035 -6.96152e-13 0)
(1.00035 -7.68404e-13 0)
(1.00035 -7.97936e-13 0)
(1.00035 -7.98413e-13 0)
(1.00035 -8.04986e-13 0)
(1.00035 -8.18111e-13 0)
(1.00035 -8.07213e-13 0)
(1.00035 -8.01377e-13 0)
(1.00035 -7.26298e-13 0)
(1.00035 -6.44117e-13 0)
(1.00035 -6.31355e-13 0)
(1.00035 -5.86435e-13 0)
(1.00035 -5.56061e-13 0)
(1.00035 -4.42356e-13 0)
(1.00035 -3.69593e-13 0)
(1.00035 -3.72639e-13 0)
(1.00035 -3.22467e-13 0)
(1.00035 -3.22735e-13 0)
(1.00035 -2.21823e-13 0)
(1.00035 -1.67072e-13 0)
(1.00035 -1.64691e-13 0)
(1.00035 -1.39929e-13 0)
(1.00035 -5.64359e-14 0)
(0.999999 6.13277e-05 0)
(1.00003 0.000174323 0)
(1.00008 0.000273133 0)
(1.00013 0.000354235 0)
(1.00021 0.000390359 0)
(1.00029 0.000386642 0)
(1.00034 0.000398666 0)
(1.00036 0.000446374 0)
(1.00041 0.000491909 0)
(1.00046 0.000501524 0)
(1.0005 0.000474267 0)
(1.00053 0.000423041 0)
(1.00053 0.000359814 0)
(1.00053 0.000294681 0)
(1.00052 0.000235401 0)
(1.00051 0.000185814 0)
(1.00049 0.000146318 0)
(1.00047 0.000115614 0)
(1.00046 9.1978e-05 0)
(1.00044 7.37919e-05 0)
(1.00043 5.97147e-05 0)
(1.00042 4.8713e-05 0)
(1.00041 4.00221e-05 0)
(1.0004 3.30844e-05 0)
(1.00039 2.74927e-05 0)
(1.00039 2.29473e-05 0)
(1.00038 1.92248e-05 0)
(1.00038 1.61567e-05 0)
(1.00037 1.36142e-05 0)
(1.00037 1.14974e-05 0)
(1.00037 9.72806e-06 0)
(1.00037 8.24416e-06 0)
(1.00037 6.9961e-06 0)
(1.00036 5.94382e-06 0)
(1.00036 5.05477e-06 0)
(1.00036 4.3023e-06 0)
(1.00036 3.66447e-06 0)
(1.00036 3.1231e-06 0)
(1.00036 2.66309e-06 0)
(1.00036 2.27186e-06 0)
(1.00036 1.93885e-06 0)
(1.00036 1.65519e-06 0)
(1.00036 1.41343e-06 0)
(1.00036 1.20728e-06 0)
(1.00036 1.0314e-06 0)
(1.00036 8.81308e-07 0)
(1.00036 7.5317e-07 0)
(1.00036 6.43748e-07 0)
(1.00035 5.50285e-07 0)
(1.00035 4.70438e-07 0)
(1.00035 4.0221e-07 0)
(1.00035 3.43902e-07 0)
(1.00035 2.94065e-07 0)
(1.00035 2.51464e-07 0)
(1.00035 2.15044e-07 0)
(1.00035 1.83906e-07 0)
(1.00035 1.57283e-07 0)
(1.00035 1.34517e-07 0)
(1.00035 1.1505e-07 0)
(1.00035 9.84016e-08 0)
(1.00035 8.41641e-08 0)
(1.00035 7.19878e-08 0)
(1.00035 6.1574e-08 0)
(1.00035 5.26674e-08 0)
(1.00035 4.50494e-08 0)
(1.00035 3.85336e-08 0)
(1.00035 3.29606e-08 0)
(1.00035 2.81938e-08 0)
(1.00035 2.41165e-08 0)
(1.00035 2.06291e-08 0)
(1.00035 1.7646e-08 0)
(1.00035 1.50943e-08 0)
(1.00035 1.29117e-08 0)
(1.00035 1.10446e-08 0)
(1.00035 9.44732e-09 0)
(1.00035 8.081e-09 0)
(1.00035 6.91232e-09 0)
(1.00035 5.91277e-09 0)
(1.00035 5.05789e-09 0)
(1.00035 4.32663e-09 0)
(1.00035 3.70101e-09 0)
(1.00035 3.16575e-09 0)
(1.00035 2.7078e-09 0)
(1.00035 2.31612e-09 0)
(1.00035 1.98117e-09 0)
(1.00035 1.69473e-09 0)
(1.00035 1.44974e-09 0)
(1.00035 1.24016e-09 0)
(1.00035 1.06085e-09 0)
(1.00035 9.07489e-10 0)
(1.00035 7.76348e-10 0)
(1.00035 6.64247e-10 0)
(1.00035 5.68413e-10 0)
(1.00035 4.86467e-10 0)
(1.00035 4.16375e-10 0)
(1.00035 3.56387e-10 0)
(1.00035 3.05065e-10 0)
(1.00035 2.61157e-10 0)
(1.00035 2.23623e-10 0)
(1.00035 1.91549e-10 0)
(1.00035 1.64122e-10 0)
(1.00035 1.4068e-10 0)
(1.00035 1.20618e-10 0)
(1.00035 1.03448e-10 0)
(1.00035 8.87417e-11 0)
(1.00035 7.61111e-11 0)
(1.00035 6.528e-11 0)
(1.00035 5.59399e-11 0)
(1.00035 4.78947e-11 0)
(1.00035 4.096e-11 0)
(1.00035 3.4966e-11 0)
(1.00035 2.98165e-11 0)
(1.00035 2.54082e-11 0)
(1.00035 2.16596e-11 0)
(1.00035 1.84872e-11 0)
(1.00035 1.58039e-11 0)
(1.00035 1.35402e-11 0)
(1.00035 1.16093e-11 0)
(1.00035 9.93639e-12 0)
(1.00035 8.48937e-12 0)
(1.00035 7.21603e-12 0)
(1.00035 6.10828e-12 0)
(1.00035 5.14991e-12 0)
(1.00035 4.33002e-12 0)
(1.00035 3.63036e-12 0)
(1.00035 3.04136e-12 0)
(1.00035 2.53597e-12 0)
(1.00035 2.11042e-12 0)
(1.00035 1.74366e-12 0)
(1.00035 1.44386e-12 0)
(1.00035 1.19449e-12 0)
(1.00035 9.9628e-13 0)
(1.00035 8.37833e-13 0)
(1.00035 7.15966e-13 0)
(1.00035 6.50003e-13 0)
(1.00035 6.20423e-13 0)
(1.00035 6.35534e-13 0)
(1.00035 6.96059e-13 0)
(1.00035 7.84021e-13 0)
(1.00035 8.97685e-13 0)
(1.00035 1.01189e-12 0)
(1.00035 1.13015e-12 0)
(1.00035 1.24951e-12 0)
(1.00035 1.37083e-12 0)
(1.00035 1.48889e-12 0)
(1.00035 1.587e-12 0)
(1.00035 1.66556e-12 0)
(1.00035 1.71962e-12 0)
(1.00035 1.73862e-12 0)
(1.00035 1.72098e-12 0)
(1.00035 1.64514e-12 0)
(1.00035 1.49231e-12 0)
(1.00035 1.26251e-12 0)
(1.00035 9.55084e-13 0)
(1.00035 5.93623e-13 0)
(1.00035 1.82366e-13 0)
(1.00035 -2.40988e-13 0)
(1.00035 -6.59712e-13 0)
(1.00035 -1.06235e-12 0)
(1.00035 -1.4119e-12 0)
(1.00035 -1.71372e-12 0)
(1.00035 -1.90475e-12 0)
(1.00035 -2.01458e-12 0)
(1.00035 -2.04549e-12 0)
(1.00035 -1.99431e-12 0)
(1.00035 -1.90173e-12 0)
(1.00035 -1.75885e-12 0)
(1.00035 -1.58169e-12 0)
(1.00035 -1.38142e-12 0)
(1.00035 -1.214e-12 0)
(1.00035 -1.07706e-12 0)
(1.00035 -9.7043e-13 0)
(1.00035 -9.04768e-13 0)
(1.00035 -8.46333e-13 0)
(1.00035 -8.24491e-13 0)
(1.00035 -8.55361e-13 0)
(1.00035 -9.05455e-13 0)
(1.00035 -9.53853e-13 0)
(1.00035 -9.94289e-13 0)
(1.00035 -1.02746e-12 0)
(1.00035 -1.05283e-12 0)
(1.00035 -1.0939e-12 0)
(1.00035 -1.09691e-12 0)
(1.00035 -1.05122e-12 0)
(1.00035 -1.00427e-12 0)
(1.00035 -9.46927e-13 0)
(1.00035 -8.77063e-13 0)
(1.00035 -8.18695e-13 0)
(1.00035 -7.36775e-13 0)
(1.00035 -6.44014e-13 0)
(1.00035 -5.87359e-13 0)
(1.00035 -4.84886e-13 0)
(1.00035 -4.69899e-13 0)
(1.00035 -4.19528e-13 0)
(1.00035 -3.20539e-13 0)
(1.00035 -2.7298e-13 0)
(1.00035 -2.64698e-13 0)
(1.00035 -2.0087e-13 0)
(1.00035 -1.37756e-13 0)
(1.00035 -5.45925e-14 0)
(1 4.13957e-05 0)
(1.00002 0.000118858 0)
(1.00005 0.000190022 0)
(1.00009 0.000250238 0)
(1.00014 0.000286343 0)
(1.00021 0.000295898 0)
(1.00026 0.00030636 0)
(1.00029 0.000338268 0)
(1.00033 0.000376241 0)
(1.00038 0.000395334 0)
(1.00042 0.000388213 0)
(1.00046 0.000360833 0)
(1.00047 0.000321036 0)
(1.00048 0.00027574 0)
(1.00048 0.000230885 0)
(1.00047 0.000190388 0)
(1.00046 0.000155824 0)
(1.00045 0.000127224 0)
(1.00044 0.000103954 0)
(1.00043 8.51758e-05 0)
(1.00042 7.00581e-05 0)
(1.00041 5.78665e-05 0)
(1.0004 4.79963e-05 0)
(1.00039 3.9966e-05 0)
(1.00039 3.33984e-05 0)
(1.00038 2.79989e-05 0)
(1.00038 2.35381e-05 0)
(1.00038 1.98363e-05 0)
(1.00037 1.67519e-05 0)
(1.00037 1.41728e-05 0)
(1.00037 1.20095e-05 0)
(1.00037 1.01901e-05 0)
(1.00036 8.65624e-06 0)
(1.00036 7.36051e-06 0)
(1.00036 6.26403e-06 0)
(1.00036 5.33474e-06 0)
(1.00036 4.54614e-06 0)
(1.00036 3.87618e-06 0)
(1.00036 3.30646e-06 0)
(1.00036 2.82159e-06 0)
(1.00036 2.40863e-06 0)
(1.00036 2.05671e-06 0)
(1.00036 1.75664e-06 0)
(1.00036 1.50067e-06 0)
(1.00036 1.28224e-06 0)
(1.00036 1.09577e-06 0)
(1.00036 9.36549e-07 0)
(1.00035 8.00557e-07 0)
(1.00035 6.8438e-07 0)
(1.00035 5.85113e-07 0)
(1.00035 5.00282e-07 0)
(1.00035 4.27777e-07 0)
(1.00035 3.65801e-07 0)
(1.00035 3.12818e-07 0)
(1.00035 2.6752e-07 0)
(1.00035 2.2879e-07 0)
(1.00035 1.95673e-07 0)
(1.00035 1.67354e-07 0)
(1.00035 1.43137e-07 0)
(1.00035 1.22426e-07 0)
(1.00035 1.04714e-07 0)
(1.00035 8.95657e-08 0)
(1.00035 7.66098e-08 0)
(1.00035 6.55287e-08 0)
(1.00035 5.60508e-08 0)
(1.00035 4.79441e-08 0)
(1.00035 4.10103e-08 0)
(1.00035 3.50795e-08 0)
(1.00035 3.00065e-08 0)
(1.00035 2.56673e-08 0)
(1.00035 2.19557e-08 0)
(1.00035 1.87808e-08 0)
(1.00035 1.6065e-08 0)
(1.00035 1.37419e-08 0)
(1.00035 1.17546e-08 0)
(1.00035 1.00548e-08 0)
(1.00035 8.6008e-09 0)
(1.00035 7.35716e-09 0)
(1.00035 6.29339e-09 0)
(1.00035 5.38341e-09 0)
(1.00035 4.6049e-09 0)
(1.00035 3.93889e-09 0)
(1.00035 3.36919e-09 0)
(1.00035 2.88193e-09 0)
(1.00035 2.46522e-09 0)
(1.00035 2.1088e-09 0)
(1.00035 1.80392e-09 0)
(1.00035 1.5431e-09 0)
(1.00035 1.32e-09 0)
(1.00035 1.1292e-09 0)
(1.00035 9.66064e-10 0)
(1.00035 8.26579e-10 0)
(1.00035 7.07303e-10 0)
(1.00035 6.0529e-10 0)
(1.00035 5.18035e-10 0)
(1.00035 4.43393e-10 0)
(1.00035 3.79571e-10 0)
(1.00035 3.24995e-10 0)
(1.00035 2.78326e-10 0)
(1.00035 2.38415e-10 0)
(1.00035 2.04268e-10 0)
(1.00035 1.7506e-10 0)
(1.00035 1.50068e-10 0)
(1.00035 1.28681e-10 0)
(1.00035 1.10384e-10 0)
(1.00035 9.46819e-11 0)
(1.00035 8.12037e-11 0)
(1.00035 6.95988e-11 0)
(1.00035 5.95795e-11 0)
(1.00035 5.09384e-11 0)
(1.00035 4.34817e-11 0)
(1.00035 3.70964e-11 0)
(1.00035 3.16346e-11 0)
(1.00035 2.70115e-11 0)
(1.00035 2.31079e-11 0)
(1.00035 1.979e-11 0)
(1.00035 1.69775e-11 0)
(1.00035 1.4539e-11 0)
(1.00035 1.24309e-11 0)
(1.00035 1.05883e-11 0)
(1.00035 8.9798e-12 0)
(1.00035 7.59195e-12 0)
(1.00035 6.40343e-12 0)
(1.00035 5.39422e-12 0)
(1.00035 4.53553e-12 0)
(1.00035 3.79846e-12 0)
(1.00035 3.16559e-12 0)
(1.00035 2.62198e-12 0)
(1.00035 2.14477e-12 0)
(1.00035 1.76106e-12 0)
(1.00035 1.43491e-12 0)
(1.00035 1.1804e-12 0)
(1.00035 9.95582e-13 0)
(1.00035 8.69584e-13 0)
(1.00035 8.0599e-13 0)
(1.00035 7.97162e-13 0)
(1.00035 8.34428e-13 0)
(1.00035 9.10536e-13 0)
(1.00035 1.02058e-12 0)
(1.00035 1.13201e-12 0)
(1.00035 1.26315e-12 0)
(1.00035 1.41299e-12 0)
(1.00035 1.56565e-12 0)
(1.00035 1.73752e-12 0)
(1.00035 1.89764e-12 0)
(1.00035 2.0448e-12 0)
(1.00035 2.16447e-12 0)
(1.00035 2.24562e-12 0)
(1.00035 2.28569e-12 0)
(1.00035 2.2484e-12 0)
(1.00035 2.11559e-12 0)
(1.00035 1.87984e-12 0)
(1.00035 1.53827e-12 0)
(1.00035 1.11796e-12 0)
(1.00035 6.32468e-13 0)
(1.00035 9.76831e-14 0)
(1.00035 -4.53494e-13 0)
(1.00035 -9.88063e-13 0)
(1.00035 -1.49258e-12 0)
(1.00035 -1.90824e-12 0)
(1.00035 -2.22802e-12 0)
(1.00035 -2.44635e-12 0)
(1.00035 -2.53994e-12 0)
(1.00035 -2.55032e-12 0)
(1.00035 -2.48323e-12 0)
(1.00035 -2.31981e-12 0)
(1.00035 -2.12652e-12 0)
(1.00035 -1.88762e-12 0)
(1.00035 -1.64923e-12 0)
(1.00035 -1.45811e-12 0)
(1.00035 -1.28848e-12 0)
(1.00035 -1.14551e-12 0)
(1.00035 -1.04364e-12 0)
(1.00035 -9.90407e-13 0)
(1.00035 -9.82133e-13 0)
(1.00035 -1.01656e-12 0)
(1.00035 -1.07029e-12 0)
(1.00035 -1.10943e-12 0)
(1.00035 -1.15162e-12 0)
(1.00035 -1.23157e-12 0)
(1.00035 -1.26885e-12 0)
(1.00035 -1.30414e-12 0)
(1.00035 -1.2916e-12 0)
(1.00035 -1.25063e-12 0)
(1.00035 -1.23374e-12 0)
(1.00035 -1.18025e-12 0)
(1.00035 -1.14741e-12 0)
(1.00035 -1.05032e-12 0)
(1.00035 -9.32359e-13 0)
(1.00035 -8.68627e-13 0)
(1.00035 -8.0913e-13 0)
(1.00035 -7.63771e-13 0)
(1.00035 -6.36739e-13 0)
(1.00035 -5.14117e-13 0)
(1.00035 -5.45794e-13 0)
(1.00035 -4.24957e-13 0)
(1.00035 -3.17953e-13 0)
(1.00035 -2.35611e-13 0)
(1.00035 -1.74186e-13 0)
(1.00035 -7.40475e-14 0)
(1 3.3702e-05 0)
(1.00001 9.93077e-05 0)
(1.00004 0.000163376 0)
(1.00007 0.000219512 0)
(1.00011 0.000260206 0)
(1.00016 0.000283057 0)
(1.0002 0.00030216 0)
(1.00024 0.000332356 0)
(1.00027 0.000366633 0)
(1.00031 0.000386189 0)
(1.00035 0.000382072 0)
(1.00038 0.000357923 0)
(1.00041 0.000321393 0)
(1.00042 0.000279363 0)
(1.00043 0.000237217 0)
(1.00043 0.000198508 0)
(1.00043 0.000164857 0)
(1.00042 0.000136498 0)
(1.00042 0.00011299 0)
(1.00041 9.36646e-05 0)
(1.0004 7.78269e-05 0)
(1.0004 6.48445e-05 0)
(1.00039 5.41801e-05 0)
(1.00039 4.53929e-05 0)
(1.00038 3.81274e-05 0)
(1.00038 3.2099e-05 0)
(1.00037 2.70798e-05 0)
(1.00037 2.28874e-05 0)
(1.00037 1.93753e-05 0)
(1.00037 1.64252e-05 0)
(1.00037 1.39415e-05 0)
(1.00036 1.1846e-05 0)
(1.00036 1.00748e-05 0)
(1.00036 8.57519e-06 0)
(1.00036 7.30387e-06 0)
(1.00036 6.22473e-06 0)
(1.00036 5.30776e-06 0)
(1.00036 4.52787e-06 0)
(1.00036 3.86405e-06 0)
(1.00036 3.29863e-06 0)
(1.00036 2.81674e-06 0)
(1.00036 2.40584e-06 0)
(1.00036 2.05531e-06 0)
(1.00036 1.75616e-06 0)
(1.00036 1.5008e-06 0)
(1.00036 1.28273e-06 0)
(1.00035 1.09648e-06 0)
(1.00035 9.37365e-07 0)
(1.00035 8.01408e-07 0)
(1.00035 6.8522e-07 0)
(1.00035 5.85915e-07 0)
(1.00035 5.01029e-07 0)
(1.00035 4.28461e-07 0)
(1.00035 3.66419e-07 0)
(1.00035 3.13371e-07 0)
(1.00035 2.68012e-07 0)
(1.00035 2.29224e-07 0)
(1.00035 1.96053e-07 0)
(1.00035 1.67686e-07 0)
(1.00035 1.43426e-07 0)
(1.00035 1.22678e-07 0)
(1.00035 1.04932e-07 0)
(1.00035 8.97544e-08 0)
(1.00035 7.67726e-08 0)
(1.00035 6.5669e-08 0)
(1.00035 5.61717e-08 0)
(1.00035 4.80482e-08 0)
(1.00035 4.10998e-08 0)
(1.00035 3.51563e-08 0)
(1.00035 3.00724e-08 0)
(1.00035 2.57238e-08 0)
(1.00035 2.2004e-08 0)
(1.00035 1.88222e-08 0)
(1.00035 1.61004e-08 0)
(1.00035 1.37722e-08 0)
(1.00035 1.17807e-08 0)
(1.00035 1.00772e-08 0)
(1.00035 8.62011e-09 0)
(1.00035 7.37372e-09 0)
(1.00035 6.30749e-09 0)
(1.00035 5.39535e-09 0)
(1.00035 4.61504e-09 0)
(1.00035 3.94758e-09 0)
(1.00035 3.37672e-09 0)
(1.00035 2.88847e-09 0)
(1.00035 2.47087e-09 0)
(1.00035 2.11367e-09 0)
(1.00035 1.80811e-09 0)
(1.00035 1.54674e-09 0)
(1.00035 1.32318e-09 0)
(1.00035 1.132e-09 0)
(1.00035 9.68501e-10 0)
(1.00035 8.28686e-10 0)
(1.00035 7.09147e-10 0)
(1.00035 6.06926e-10 0)
(1.00035 5.19517e-10 0)
(1.00035 4.44764e-10 0)
(1.00035 3.80828e-10 0)
(1.00035 3.26138e-10 0)
(1.00035 2.79344e-10 0)
(1.00035 2.39317e-10 0)
(1.00035 2.05066e-10 0)
(1.00035 1.75782e-10 0)
(1.00035 1.50738e-10 0)
(1.00035 1.29283e-10 0)
(1.00035 1.10894e-10 0)
(1.00035 9.50757e-11 0)
(1.00035 8.14594e-11 0)
(1.00035 6.9725e-11 0)
(1.00035 5.96207e-11 0)
(1.00035 5.09342e-11 0)
(1.00035 4.34983e-11 0)
(1.00035 3.71729e-11 0)
(1.00035 3.18017e-11 0)
(1.00035 2.72251e-11 0)
(1.00035 2.33313e-11 0)
(1.00035 1.99962e-11 0)
(1.00035 1.70911e-11 0)
(1.00035 1.45926e-11 0)
(1.00035 1.24106e-11 0)
(1.00035 1.05247e-11 0)
(1.00035 8.90811e-12 0)
(1.00035 7.52308e-12 0)
(1.00035 6.33764e-12 0)
(1.00035 5.32487e-12 0)
(1.00035 4.44427e-12 0)
(1.00035 3.68844e-12 0)
(1.00035 3.02647e-12 0)
(1.00035 2.46381e-12 0)
(1.00035 2.01613e-12 0)
(1.00035 1.63816e-12 0)
(1.00035 1.3626e-12 0)
(1.00035 1.15547e-12 0)
(1.00035 1.02878e-12 0)
(1.00035 9.79424e-13 0)
(1.00035 9.72832e-13 0)
(1.00035 1.02078e-12 0)
(1.00035 1.10571e-12 0)
(1.00035 1.21535e-12 0)
(1.00035 1.3327e-12 0)
(1.00035 1.48513e-12 0)
(1.00035 1.66123e-12 0)
(1.00035 1.84907e-12 0)
(1.00035 2.05714e-12 0)
(1.00035 2.25641e-12 0)
(1.00035 2.44e-12 0)
(1.00035 2.59152e-12 0)
(1.00035 2.69625e-12 0)
(1.00035 2.73287e-12 0)
(1.00035 2.66871e-12 0)
(1.00035 2.48749e-12 0)
(1.00035 2.18637e-12 0)
(1.00035 1.76508e-12 0)
(1.00035 1.25773e-12 0)
(1.00035 6.72693e-13 0)
(1.00035 3.973e-14 0)
(1.00035 -6.09867e-13 0)
(1.00035 -1.24808e-12 0)
(1.00035 -1.7977e-12 0)
(1.00035 -2.27527e-12 0)
(1.00035 -2.62128e-12 0)
(1.00035 -2.84488e-12 0)
(1.00035 -2.95817e-12 0)
(1.00035 -2.95026e-12 0)
(1.00035 -2.8484e-12 0)
(1.00035 -2.65317e-12 0)
(1.00035 -2.41488e-12 0)
(1.00035 -2.15277e-12 0)
(1.00035 -1.90785e-12 0)
(1.00035 -1.68632e-12 0)
(1.00035 -1.47453e-12 0)
(1.00035 -1.31581e-12 0)
(1.00035 -1.21529e-12 0)
(1.00035 -1.16438e-12 0)
(1.00035 -1.16683e-12 0)
(1.00035 -1.1806e-12 0)
(1.00035 -1.22197e-12 0)
(1.00035 -1.28092e-12 0)
(1.00035 -1.33636e-12 0)
(1.00035 -1.41576e-12 0)
(1.00035 -1.45746e-12 0)
(1.00035 -1.46718e-12 0)
(1.00035 -1.45778e-12 0)
(1.00035 -1.43721e-12 0)
(1.00035 -1.43839e-12 0)
(1.00035 -1.36002e-12 0)
(1.00035 -1.2797e-12 0)
(1.00035 -1.19592e-12 0)
(1.00035 -1.12677e-12 0)
(1.00035 -1.06372e-12 0)
(1.00035 -9.14224e-13 0)
(1.00035 -8.25762e-13 0)
(1.00035 -7.55905e-13 0)
(1.00035 -6.4834e-13 0)
(1.00035 -6.02436e-13 0)
(1.00035 -4.71988e-13 0)
(1.00035 -3.86939e-13 0)
(1.00035 -2.78623e-13 0)
(1.00035 -1.87469e-13 0)
(1.00035 -7.08842e-14 0)
(1 2.76786e-05 0)
(1.00001 8.10163e-05 0)
(1.00003 0.00013456 0)
(1.00005 0.000182019 0)
(1.00009 0.000216621 0)
(1.00012 0.000238689 0)
(1.00016 0.000257916 0)
(1.00019 0.000283862 0)
(1.00023 0.000313067 0)
(1.00026 0.00033276 0)
(1.0003 0.000334671 0)
(1.00033 0.000319712 0)
(1.00036 0.00029325 0)
(1.00038 0.000260773 0)
(1.00039 0.000226671 0)
(1.00039 0.000194012 0)
(1.0004 0.000164495 0)
(1.0004 0.000138729 0)
(1.00039 0.000116689 0)
(1.00039 9.80576e-05 0)
(1.00039 8.24148e-05 0)
(1.00038 6.93248e-05 0)
(1.00038 5.83833e-05 0)
(1.00038 4.92357e-05 0)
(1.00038 4.158e-05 0)
(1.00037 3.51633e-05 0)
(1.00037 2.97758e-05 0)
(1.00037 2.52444e-05 0)
(1.00037 2.14262e-05 0)
(1.00036 1.82035e-05 0)
(1.00036 1.54792e-05 0)
(1.00036 1.31728e-05 0)
(1.00036 1.12177e-05 0)
(1.00036 9.55858e-06 0)
(1.00036 8.14907e-06 0)
(1.00036 6.95056e-06 0)
(1.00036 5.93066e-06 0)
(1.00036 5.06216e-06 0)
(1.00036 4.32212e-06 0)
(1.00036 3.69122e-06 0)
(1.00036 3.15311e-06 0)
(1.00036 2.69396e-06 0)
(1.00036 2.30205e-06 0)
(1.00036 1.96744e-06 0)
(1.00036 1.68168e-06 0)
(1.00035 1.43757e-06 0)
(1.00035 1.22901e-06 0)
(1.00035 1.05079e-06 0)
(1.00035 8.98476e-07 0)
(1.00035 7.68286e-07 0)
(1.00035 6.56993e-07 0)
(1.00035 5.61847e-07 0)
(1.00035 4.80498e-07 0)
(1.00035 4.1094e-07 0)
(1.00035 3.51462e-07 0)
(1.00035 3.006e-07 0)
(1.00035 2.57104e-07 0)
(1.00035 2.19905e-07 0)
(1.00035 1.88091e-07 0)
(1.00035 1.60882e-07 0)
(1.00035 1.37611e-07 0)
(1.00035 1.17707e-07 0)
(1.00035 1.00683e-07 0)
(1.00035 8.61212e-08 0)
(1.00035 7.36662e-08 0)
(1.00035 6.30128e-08 0)
(1.00035 5.39004e-08 0)
(1.00035 4.61058e-08 0)
(1.00035 3.94385e-08 0)
(1.00035 3.37355e-08 0)
(1.00035 2.88572e-08 0)
(1.00035 2.46844e-08 0)
(1.00035 2.11151e-08 0)
(1.00035 1.80618e-08 0)
(1.00035 1.54501e-08 0)
(1.00035 1.3216e-08 0)
(1.00035 1.13051e-08 0)
(1.00035 9.67047e-09 0)
(1.00035 8.2722e-09 0)
(1.00035 7.076e-09 0)
(1.00035 6.05271e-09 0)
(1.00035 5.17735e-09 0)
(1.00035 4.42861e-09 0)
(1.00035 3.78825e-09 0)
(1.00035 3.24057e-09 0)
(1.00035 2.77213e-09 0)
(1.00035 2.37142e-09 0)
(1.00035 2.02861e-09 0)
(1.00035 1.73536e-09 0)
(1.00035 1.48451e-09 0)
(1.00035 1.26997e-09 0)
(1.00035 1.08652e-09 0)
(1.00035 9.29656e-10 0)
(1.00035 7.95555e-10 0)
(1.00035 6.80885e-10 0)
(1.00035 5.82839e-10 0)
(1.00035 4.98982e-10 0)
(1.00035 4.2724e-10 0)
(1.00035 3.65865e-10 0)
(1.00035 3.13344e-10 0)
(1.00035 2.68427e-10 0)
(1.00035 2.30008e-10 0)
(1.00035 1.9713e-10 0)
(1.00035 1.69024e-10 0)
(1.00035 1.44937e-10 0)
(1.00035 1.24284e-10 0)
(1.00035 1.06545e-10 0)
(1.00035 9.12693e-11 0)
(1.00035 7.81371e-11 0)
(1.00035 6.68434e-11 0)
(1.00035 5.7167e-11 0)
(1.00035 4.88853e-11 0)
(1.00035 4.18165e-11 0)
(1.00035 3.58192e-11 0)
(1.00035 3.06869e-11 0)
(1.00035 2.62958e-11 0)
(1.00035 2.25122e-11 0)
(1.00035 1.92349e-11 0)
(1.00035 1.64031e-11 0)
(1.00035 1.39406e-11 0)
(1.00035 1.1829e-11 0)
(1.00035 1.00117e-11 0)
(1.00035 8.45164e-12 0)
(1.00035 7.12021e-12 0)
(1.00035 5.97393e-12 0)
(1.00035 4.97072e-12 0)
(1.00035 4.10934e-12 0)
(1.00035 3.36291e-12 0)
(1.00035 2.72551e-12 0)
(1.00035 2.2154e-12 0)
(1.00035 1.80089e-12 0)
(1.00035 1.50467e-12 0)
(1.00035 1.29666e-12 0)
(1.00035 1.17025e-12 0)
(1.00035 1.13226e-12 0)
(1.00035 1.13963e-12 0)
(1.00035 1.19816e-12 0)
(1.00035 1.27546e-12 0)
(1.00035 1.38153e-12 0)
(1.00035 1.51589e-12 0)
(1.00035 1.67641e-12 0)
(1.00035 1.87668e-12 0)
(1.00035 2.09214e-12 0)
(1.00035 2.32289e-12 0)
(1.00035 2.56414e-12 0)
(1.00035 2.7777e-12 0)
(1.00035 2.95962e-12 0)
(1.00035 3.0824e-12 0)
(1.00035 3.10792e-12 0)
(1.00035 3.01961e-12 0)
(1.00035 2.79117e-12 0)
(1.00035 2.43578e-12 0)
(1.00035 1.93837e-12 0)
(1.00035 1.35561e-12 0)
(1.00035 6.81668e-13 0)
(1.00035 -5.58405e-14 0)
(1.00035 -7.82567e-13 0)
(1.00035 -1.49023e-12 0)
(1.00035 -2.08611e-12 0)
(1.00035 -2.59056e-12 0)
(1.00035 -2.96496e-12 0)
(1.00035 -3.19353e-12 0)
(1.00035 -3.30873e-12 0)
(1.00035 -3.28389e-12 0)
(1.00035 -3.14219e-12 0)
(1.00035 -2.91962e-12 0)
(1.00035 -2.65864e-12 0)
(1.00035 -2.38239e-12 0)
(1.00035 -2.10156e-12 0)
(1.00035 -1.84567e-12 0)
(1.00035 -1.61407e-12 0)
(1.00035 -1.445e-12 0)
(1.00035 -1.34979e-12 0)
(1.00035 -1.29138e-12 0)
(1.00035 -1.29045e-12 0)
(1.00035 -1.29072e-12 0)
(1.00035 -1.33213e-12 0)
(1.00035 -1.42381e-12 0)
(1.00035 -1.4914e-12 0)
(1.00035 -1.53501e-12 0)
(1.00035 -1.56806e-12 0)
(1.00035 -1.60347e-12 0)
(1.00035 -1.61403e-12 0)
(1.00035 -1.57849e-12 0)
(1.00035 -1.57009e-12 0)
(1.00035 -1.49472e-12 0)
(1.00035 -1.41716e-12 0)
(1.00035 -1.35402e-12 0)
(1.00035 -1.25908e-12 0)
(1.00035 -1.17569e-12 0)
(1.00035 -1.0952e-12 0)
(1.00035 -9.80559e-13 0)
(1.00035 -8.72509e-13 0)
(1.00035 -7.52613e-13 0)
(1.00035 -6.91028e-13 0)
(1.00035 -5.71598e-13 0)
(1.00035 -4.84527e-13 0)
(1.00035 -3.44916e-13 0)
(1.00035 -2.04847e-13 0)
(1.00035 -7.42336e-14 0)
(1 2.29771e-05 0)
(1.00001 6.72915e-05 0)
(1.00002 0.000112785 0)
(1.00004 0.000153799 0)
(1.00007 0.000184638 0)
(1.0001 0.000207394 0)
(1.00013 0.000229215 0)
(1.00016 0.000255231 0)
(1.00019 0.000282331 0)
(1.00023 0.000301366 0)
(1.00026 0.000305599 0)
(1.00029 0.00029495 0)
(1.00032 0.000273574 0)
(1.00034 0.000246271 0)
(1.00035 0.000216913 0)
(1.00036 0.000188191 0)
(1.00037 0.000161677 0)
(1.00037 0.000138055 0)
(1.00037 0.000117453 0)
(1.00037 9.9719e-05 0)
(1.00037 8.45765e-05 0)
(1.00037 7.17104e-05 0)
(1.00037 6.0809e-05 0)
(1.00037 5.15851e-05 0)
(1.00037 4.37847e-05 0)
(1.00037 3.71874e-05 0)
(1.00036 3.16052e-05 0)
(1.00036 2.68788e-05 0)
(1.00036 2.28736e-05 0)
(1.00036 1.94767e-05 0)
(1.00036 1.65933e-05 0)
(1.00036 1.41438e-05 0)
(1.00036 1.20612e-05 0)
(1.00036 1.02893e-05 0)
(1.00036 8.78077e-06 0)
(1.00036 7.49573e-06 0)
(1.00036 6.40049e-06 0)
(1.00036 5.46657e-06 0)
(1.00036 4.6699e-06 0)
(1.00036 3.99004e-06 0)
(1.00036 3.4097e-06 0)
(1.00036 2.91416e-06 0)
(1.00036 2.49094e-06 0)
(1.00035 2.1294e-06 0)
(1.00035 1.82049e-06 0)
(1.00035 1.55652e-06 0)
(1.00035 1.33091e-06 0)
(1.00035 1.13807e-06 0)
(1.00035 9.73213e-07 0)
(1.00035 8.32275e-07 0)
(1.00035 7.11774e-07 0)
(1.00035 6.08739e-07 0)
(1.00035 5.20633e-07 0)
(1.00035 4.4529e-07 0)
(1.00035 3.80858e-07 0)
(1.00035 3.25755e-07 0)
(1.00035 2.78628e-07 0)
(1.00035 2.38322e-07 0)
(1.00035 2.0385e-07 0)
(1.00035 1.74365e-07 0)
(1.00035 1.49146e-07 0)
(1.00035 1.27576e-07 0)
(1.00035 1.09125e-07 0)
(1.00035 9.33441e-08 0)
(1.00035 7.98454e-08 0)
(1.00035 6.8299e-08 0)
(1.00035 5.84225e-08 0)
(1.00035 4.99742e-08 0)
(1.00035 4.27477e-08 0)
(1.00035 3.65663e-08 0)
(1.00035 3.12788e-08 0)
(1.00035 2.6756e-08 0)
(1.00035 2.28872e-08 0)
(1.00035 1.95778e-08 0)
(1.00035 1.67469e-08 0)
(1.00035 1.43254e-08 0)
(1.00035 1.22541e-08 0)
(1.00035 1.04823e-08 0)
(1.00035 8.9666e-09 0)
(1.00035 7.66998e-09 0)
(1.00035 6.56079e-09 0)
(1.00035 5.61201e-09 0)
(1.00035 4.80051e-09 0)
(1.00035 4.10645e-09 0)
(1.00035 3.51284e-09 0)
(1.00035 3.00508e-09 0)
(1.00035 2.57071e-09 0)
(1.00035 2.19909e-09 0)
(1.00035 1.88117e-09 0)
(1.00035 1.60924e-09 0)
(1.00035 1.37666e-09 0)
(1.00035 1.17778e-09 0)
(1.00035 1.00774e-09 0)
(1.00035 8.62368e-10 0)
(1.00035 7.38077e-10 0)
(1.00035 6.31794e-10 0)
(1.00035 5.40873e-10 0)
(1.00035 4.63097e-10 0)
(1.00035 3.96545e-10 0)
(1.00035 3.39601e-10 0)
(1.00035 2.90877e-10 0)
(1.00035 2.49212e-10 0)
(1.00035 2.1357e-10 0)
(1.00035 1.83073e-10 0)
(1.00035 1.56962e-10 0)
(1.00035 1.34562e-10 0)
(1.00035 1.15337e-10 0)
(1.00035 9.88117e-11 0)
(1.00035 8.46246e-11 0)
(1.00035 7.24438e-11 0)
(1.00035 6.20025e-11 0)
(1.00035 5.30854e-11 0)
(1.00035 4.54773e-11 0)
(1.00035 3.89805e-11 0)
(1.00035 3.34088e-11 0)
(1.00035 2.863e-11 0)
(1.00035 2.44975e-11 0)
(1.00035 2.09143e-11 0)
(1.00035 1.78085e-11 0)
(1.00035 1.51384e-11 0)
(1.00035 1.28392e-11 0)
(1.00035 1.0867e-11 0)
(1.00035 9.1821e-12 0)
(1.00035 7.73346e-12 0)
(1.00035 6.47017e-12 0)
(1.00035 5.37335e-12 0)
(1.00035 4.41646e-12 0)
(1.00035 3.58901e-12 0)
(1.00035 2.90589e-12 0)
(1.00035 2.34078e-12 0)
(1.00035 1.91735e-12 0)
(1.00035 1.60334e-12 0)
(1.00035 1.40815e-12 0)
(1.00035 1.30662e-12 0)
(1.00035 1.26862e-12 0)
(1.00035 1.28375e-12 0)
(1.00035 1.33792e-12 0)
(1.00035 1.41756e-12 0)
(1.00035 1.51671e-12 0)
(1.00035 1.65466e-12 0)
(1.00035 1.83369e-12 0)
(1.00035 2.04501e-12 0)
(1.00035 2.28279e-12 0)
(1.00035 2.53717e-12 0)
(1.00035 2.79898e-12 0)
(1.00035 3.04424e-12 0)
(1.00035 3.24595e-12 0)
(1.00035 3.37355e-12 0)
(1.00035 3.39067e-12 0)
(1.00035 3.26813e-12 0)
(1.00035 3.00411e-12 0)
(1.00035 2.60188e-12 0)
(1.00035 2.0598e-12 0)
(1.00035 1.3985e-12 0)
(1.00035 6.55983e-13 0)
(1.00035 -1.40198e-13 0)
(1.00035 -9.35785e-13 0)
(1.00035 -1.66137e-12 0)
(1.00035 -2.3092e-12 0)
(1.00035 -2.83119e-12 0)
(1.00035 -3.22046e-12 0)
(1.00035 -3.46158e-12 0)
(1.00035 -3.54718e-12 0)
(1.00035 -3.50735e-12 0)
(1.00035 -3.34023e-12 0)
(1.00035 -3.10686e-12 0)
(1.00035 -2.83262e-12 0)
(1.00035 -2.5316e-12 0)
(1.00035 -2.22871e-12 0)
(1.00035 -1.94349e-12 0)
(1.00035 -1.71662e-12 0)
(1.00035 -1.55838e-12 0)
(1.00035 -1.45147e-12 0)
(1.00035 -1.3853e-12 0)
(1.00035 -1.37772e-12 0)
(1.00035 -1.40069e-12 0)
(1.00035 -1.43644e-12 0)
(1.00035 -1.51951e-12 0)
(1.00035 -1.59747e-12 0)
(1.00035 -1.6205e-12 0)
(1.00035 -1.6588e-12 0)
(1.00035 -1.70845e-12 0)
(1.00035 -1.7292e-12 0)
(1.00035 -1.67655e-12 0)
(1.00035 -1.63813e-12 0)
(1.00035 -1.60643e-12 0)
(1.00035 -1.5444e-12 0)
(1.00035 -1.45962e-12 0)
(1.00035 -1.32391e-12 0)
(1.00035 -1.27814e-12 0)
(1.00035 -1.14637e-12 0)
(1.00035 -1.07662e-12 0)
(1.00035 -1.00536e-12 0)
(1.00035 -7.83151e-13 0)
(1.00035 -7.71149e-13 0)
(1.00035 -6.05749e-13 0)
(1.00035 -4.77391e-13 0)
(1.00035 -3.7949e-13 0)
(1.00035 -2.50518e-13 0)
(1.00035 -9.75443e-14 0)
(1 1.93953e-05 0)
(1.00001 5.67602e-05 0)
(1.00002 9.56547e-05 0)
(1.00003 0.000131386 0)
(1.00006 0.000159094 0)
(1.00008 0.000180723 0)
(1.00011 0.000202022 0)
(1.00014 0.000226244 0)
(1.00017 0.00025056 0)
(1.0002 0.000268097 0)
(1.00023 0.000273544 0)
(1.00026 0.000266388 0)
(1.00029 0.00024969 0)
(1.00031 0.00022739 0)
(1.00032 0.000202781 0)
(1.00034 0.000178171 0)
(1.00035 0.000154963 0)
(1.00035 0.000133861 0)
(1.00036 0.0001151 0)
(1.00036 9.866e-05 0)
(1.00036 8.43922e-05 0)
(1.00036 7.209e-05 0)
(1.00036 6.15295e-05 0)
(1.00036 5.2491e-05 0)
(1.00036 4.47704e-05 0)
(1.00036 3.81837e-05 0)
(1.00036 3.25685e-05 0)
(1.00036 2.7783e-05 0)
(1.00036 2.37053e-05 0)
(1.00036 2.02303e-05 0)
(1.00036 1.72686e-05 0)
(1.00036 1.47436e-05 0)
(1.00036 1.25904e-05 0)
(1.00036 1.07537e-05 0)
(1.00036 9.18657e-06 0)
(1.00036 7.84908e-06 0)
(1.00036 6.7073e-06 0)
(1.00036 5.73234e-06 0)
(1.00036 4.89966e-06 0)
(1.00035 4.18837e-06 0)
(1.00035 3.58065e-06 0)
(1.00035 3.06135e-06 0)
(1.00035 2.61754e-06 0)
(1.00035 2.23821e-06 0)
(1.00035 1.91395e-06 0)
(1.00035 1.63674e-06 0)
(1.00035 1.39973e-06 0)
(1.00035 1.19709e-06 0)
(1.00035 1.02381e-06 0)
(1.00035 8.75638e-07 0)
(1.00035 7.48927e-07 0)
(1.00035 6.40563e-07 0)
(1.00035 5.47888e-07 0)
(1.00035 4.68628e-07 0)
(1.00035 4.00839e-07 0)
(1.00035 3.4286e-07 0)
(1.00035 2.93269e-07 0)
(1.00035 2.50854e-07 0)
(1.00035 2.14574e-07 0)
(1.00035 1.83543e-07 0)
(1.00035 1.56999e-07 0)
(1.00035 1.34296e-07 0)
(1.00035 1.14875e-07 0)
(1.00035 9.82636e-08 0)
(1.00035 8.40544e-08 0)
(1.00035 7.19e-08 0)
(1.00035 6.15032e-08 0)
(1.00035 5.26098e-08 0)
(1.00035 4.50024e-08 0)
(1.00035 3.84952e-08 0)
(1.00035 3.2929e-08 0)
(1.00035 2.81677e-08 0)
(1.00035 2.40948e-08 0)
(1.00035 2.06108e-08 0)
(1.00035 1.76306e-08 0)
(1.00035 1.50814e-08 0)
(1.00035 1.29008e-08 0)
(1.00035 1.10355e-08 0)
(1.00035 9.43983e-09 0)
(1.00035 8.07479e-09 0)
(1.00035 6.90711e-09 0)
(1.00035 5.90832e-09 0)
(1.00035 5.05407e-09 0)
(1.00035 4.32344e-09 0)
(1.00035 3.69851e-09 0)
(1.00035 3.16395e-09 0)
(1.00035 2.70661e-09 0)
(1.00035 2.31534e-09 0)
(1.00035 1.98061e-09 0)
(1.00035 1.69428e-09 0)
(1.00035 1.44942e-09 0)
(1.00035 1.24003e-09 0)
(1.00035 1.06102e-09 0)
(1.00035 9.07961e-10 0)
(1.00035 7.7709e-10 0)
(1.00035 6.65174e-10 0)
(1.00035 5.69418e-10 0)
(1.00035 4.875e-10 0)
(1.00035 4.17388e-10 0)
(1.00035 3.57414e-10 0)
(1.00035 3.06123e-10 0)
(1.00035 2.62224e-10 0)
(1.00035 2.24699e-10 0)
(1.00035 1.92571e-10 0)
(1.00035 1.65067e-10 0)
(1.00035 1.41501e-10 0)
(1.00035 1.21268e-10 0)
(1.00035 1.03915e-10 0)
(1.00035 8.90197e-11 0)
(1.00035 7.62651e-11 0)
(1.00035 6.53558e-11 0)
(1.00035 5.60079e-11 0)
(1.00035 4.80382e-11 0)
(1.00035 4.12083e-11 0)
(1.00035 3.53282e-11 0)
(1.00035 3.02658e-11 0)
(1.00035 2.58655e-11 0)
(1.00035 2.20683e-11 0)
(1.00035 1.87782e-11 0)
(1.00035 1.59561e-11 0)
(1.00035 1.35401e-11 0)
(1.00035 1.14724e-11 0)
(1.00035 9.69151e-12 0)
(1.00035 8.15511e-12 0)
(1.00035 6.8059e-12 0)
(1.00035 5.6286e-12 0)
(1.00035 4.6105e-12 0)
(1.00035 3.73013e-12 0)
(1.00035 3.01371e-12 0)
(1.00035 2.41755e-12 0)
(1.00035 1.99433e-12 0)
(1.00035 1.69624e-12 0)
(1.00035 1.50498e-12 0)
(1.00035 1.41083e-12 0)
(1.00035 1.37884e-12 0)
(1.00035 1.40263e-12 0)
(1.00035 1.43772e-12 0)
(1.00035 1.51216e-12 0)
(1.00035 1.61962e-12 0)
(1.00035 1.75782e-12 0)
(1.00035 1.94472e-12 0)
(1.00035 2.16116e-12 0)
(1.00035 2.4134e-12 0)
(1.00035 2.69355e-12 0)
(1.00035 2.96912e-12 0)
(1.00035 3.23259e-12 0)
(1.00035 3.44294e-12 0)
(1.00035 3.56546e-12 0)
(1.00035 3.56825e-12 0)
(1.00035 3.41812e-12 0)
(1.00035 3.14236e-12 0)
(1.00035 2.68976e-12 0)
(1.00035 2.10994e-12 0)
(1.00035 1.40466e-12 0)
(1.00035 5.90569e-13 0)
(1.00035 -2.1758e-13 0)
(1.00035 -1.05405e-12 0)
(1.00035 -1.7991e-12 0)
(1.00035 -2.45676e-12 0)
(1.00035 -3.00394e-12 0)
(1.00035 -3.38568e-12 0)
(1.00035 -3.62252e-12 0)
(1.00035 -3.68692e-12 0)
(1.00035 -3.63001e-12 0)
(1.00035 -3.4581e-12 0)
(1.00035 -3.21321e-12 0)
(1.00035 -2.92823e-12 0)
(1.00035 -2.59871e-12 0)
(1.00035 -2.28748e-12 0)
(1.00035 -2.01953e-12 0)
(1.00035 -1.78723e-12 0)
(1.00035 -1.63197e-12 0)
(1.00035 -1.51986e-12 0)
(1.00035 -1.44351e-12 0)
(1.00035 -1.44527e-12 0)
(1.00035 -1.48197e-12 0)
(1.00035 -1.5097e-12 0)
(1.00035 -1.5584e-12 0)
(1.00035 -1.64082e-12 0)
(1.00035 -1.69015e-12 0)
(1.00035 -1.72534e-12 0)
(1.00035 -1.74194e-12 0)
(1.00035 -1.74148e-12 0)
(1.00035 -1.75122e-12 0)
(1.00035 -1.68873e-12 0)
(1.00035 -1.63822e-12 0)
(1.00035 -1.57654e-12 0)
(1.00035 -1.52214e-12 0)
(1.00035 -1.43287e-12 0)
(1.00035 -1.2875e-12 0)
(1.00035 -1.23838e-12 0)
(1.00035 -1.12086e-12 0)
(1.00035 -1.02029e-12 0)
(1.00035 -9.106e-13 0)
(1.00035 -7.90456e-13 0)
(1.00035 -6.70409e-13 0)
(1.00035 -5.76772e-13 0)
(1.00035 -4.06515e-13 0)
(1.00035 -2.76385e-13 0)
(1.00035 -1.10268e-13 0)
(1 1.64825e-05 0)
(1 4.82499e-05 0)
(1.00001 8.15788e-05 0)
(1.00003 0.000112656 0)
(1.00005 0.000137114 0)
(1.00007 0.000156757 0)
(1.00009 0.000176723 0)
(1.00012 0.000199267 0)
(1.00015 0.000221532 0)
(1.00018 0.000237893 0)
(1.00021 0.000244066 0)
(1.00023 0.000239442 0)
(1.00026 0.000226352 0)
(1.00028 0.000208051 0)
(1.0003 0.000187362 0)
(1.00031 0.000166285 0)
(1.00032 0.000146064 0)
(1.00033 0.000127371 0)
(1.00034 0.000110491 0)
(1.00034 9.54802e-05 0)
(1.00035 8.22737e-05 0)
(1.00035 7.07432e-05 0)
(1.00035 6.07326e-05 0)
(1.00035 5.20775e-05 0)
(1.00035 4.46176e-05 0)
(1.00035 3.82026e-05 0)
(1.00035 3.26955e-05 0)
(1.00035 2.79736e-05 0)
(1.00035 2.39287e-05 0)
(1.00035 2.04659e-05 0)
(1.00035 1.75028e-05 0)
(1.00035 1.49679e-05 0)
(1.00035 1.27999e-05 0)
(1.00035 1.09459e-05 0)
(1.00035 9.36047e-06 0)
(1.00035 8.00482e-06 0)
(1.00035 6.84564e-06 0)
(1.00035 5.85444e-06 0)
(1.00035 5.00688e-06 0)
(1.00035 4.28211e-06 0)
(1.00035 3.66234e-06 0)
(1.00035 3.13232e-06 0)
(1.00035 2.67906e-06 0)
(1.00035 2.29143e-06 0)
(1.00035 1.95991e-06 0)
(1.00035 1.67638e-06 0)
(1.00035 1.43388e-06 0)
(1.00035 1.22647e-06 0)
(1.00035 1.04907e-06 0)
(1.00035 8.97342e-07 0)
(1.00035 7.67562e-07 0)
(1.00035 6.56556e-07 0)
(1.00035 5.61606e-07 0)
(1.00035 4.80391e-07 0)
(1.00035 4.10921e-07 0)
(1.00035 3.51499e-07 0)
(1.00035 3.00671e-07 0)
(1.00035 2.57193e-07 0)
(1.00035 2.20003e-07 0)
(1.00035 1.88191e-07 0)
(1.00035 1.60979e-07 0)
(1.00035 1.37702e-07 0)
(1.00035 1.17791e-07 0)
(1.00035 1.00759e-07 0)
(1.00035 8.61899e-08 0)
(1.00035 7.37274e-08 0)
(1.00035 6.30668e-08 0)
(1.00035 5.39477e-08 0)
(1.00035 4.61472e-08 0)
(1.00035 3.94747e-08 0)
(1.00035 3.37671e-08 0)
(1.00035 2.88847e-08 0)
(1.00035 2.47082e-08 0)
(1.00035 2.11355e-08 0)
(1.00035 1.80795e-08 0)
(1.00035 1.54654e-08 0)
(1.00035 1.32293e-08 0)
(1.00035 1.13165e-08 0)
(1.00035 9.68023e-09 0)
(1.00035 8.28046e-09 0)
(1.00035 7.0831e-09 0)
(1.00035 6.05897e-09 0)
(1.00035 5.18304e-09 0)
(1.00035 4.43385e-09 0)
(1.00035 3.793e-09 0)
(1.00035 3.24477e-09 0)
(1.00035 2.77574e-09 0)
(1.00035 2.37446e-09 0)
(1.00035 2.03119e-09 0)
(1.00035 1.73758e-09 0)
(1.00035 1.48648e-09 0)
(1.00035 1.27177e-09 0)
(1.00035 1.08819e-09 0)
(1.00035 9.31209e-10 0)
(1.00035 7.96961e-10 0)
(1.00035 6.82125e-10 0)
(1.00035 5.83878e-10 0)
(1.00035 4.99824e-10 0)
(1.00035 4.27912e-10 0)
(1.00035 3.66381e-10 0)
(1.00035 3.13764e-10 0)
(1.00035 2.68744e-10 0)
(1.00035 2.30247e-10 0)
(1.00035 1.97306e-10 0)
(1.00035 1.69086e-10 0)
(1.00035 1.44923e-10 0)
(1.00035 1.242e-10 0)
(1.00035 1.0645e-10 0)
(1.00035 9.12519e-11 0)
(1.00035 7.82274e-11 0)
(1.00035 6.71045e-11 0)
(1.00035 5.75843e-11 0)
(1.00035 4.94247e-11 0)
(1.00035 4.24133e-11 0)
(1.00035 3.63725e-11 0)
(1.00035 3.11444e-11 0)
(1.00035 2.66022e-11 0)
(1.00035 2.26837e-11 0)
(1.00035 1.9297e-11 0)
(1.00035 1.63972e-11 0)
(1.00035 1.39221e-11 0)
(1.00035 1.17953e-11 0)
(1.00035 9.96163e-12 0)
(1.00035 8.36434e-12 0)
(1.00035 6.96614e-12 0)
(1.00035 5.73819e-12 0)
(1.00035 4.67849e-12 0)
(1.00035 3.77526e-12 0)
(1.00035 3.03447e-12 0)
(1.00035 2.4515e-12 0)
(1.00035 2.02534e-12 0)
(1.00035 1.74755e-12 0)
(1.00035 1.57502e-12 0)
(1.00035 1.4927e-12 0)
(1.00035 1.46232e-12 0)
(1.00035 1.47173e-12 0)
(1.00035 1.512e-12 0)
(1.00035 1.57647e-12 0)
(1.00035 1.68068e-12 0)
(1.00035 1.81837e-12 0)
(1.00035 1.99666e-12 0)
(1.00035 2.22659e-12 0)
(1.00035 2.48679e-12 0)
(1.00035 2.76807e-12 0)
(1.00035 3.0632e-12 0)
(1.00035 3.32621e-12 0)
(1.00035 3.538e-12 0)
(1.00035 3.65442e-12 0)
(1.00035 3.63788e-12 0)
(1.00035 3.47817e-12 0)
(1.00035 3.17701e-12 0)
(1.00035 2.70627e-12 0)
(1.00035 2.08854e-12 0)
(1.00035 1.35815e-12 0)
(1.00035 5.27815e-13 0)
(1.00035 -3.07302e-13 0)
(1.00035 -1.12834e-12 0)
(1.00035 -1.89191e-12 0)
(1.00035 -2.55173e-12 0)
(1.00035 -3.08745e-12 0)
(1.00035 -3.45691e-12 0)
(1.00035 -3.66077e-12 0)
(1.00035 -3.72442e-12 0)
(1.00035 -3.65255e-12 0)
(1.00035 -3.47842e-12 0)
(1.00035 -3.22177e-12 0)
(1.00035 -2.90994e-12 0)
(1.00035 -2.58866e-12 0)
(1.00035 -2.29294e-12 0)
(1.00035 -2.03406e-12 0)
(1.00035 -1.80304e-12 0)
(1.00035 -1.63594e-12 0)
(1.00035 -1.53358e-12 0)
(1.00035 -1.47393e-12 0)
(1.00035 -1.46702e-12 0)
(1.00035 -1.50198e-12 0)
(1.00035 -1.53513e-12 0)
(1.00035 -1.57353e-12 0)
(1.00035 -1.64789e-12 0)
(1.00035 -1.70729e-12 0)
(1.00035 -1.73047e-12 0)
(1.00035 -1.74512e-12 0)
(1.00035 -1.72757e-12 0)
(1.00035 -1.72779e-12 0)
(1.00035 -1.69075e-12 0)
(1.00035 -1.6366e-12 0)
(1.00035 -1.56822e-12 0)
(1.00035 -1.49232e-12 0)
(1.00035 -1.44194e-12 0)
(1.00035 -1.36934e-12 0)
(1.00035 -1.24304e-12 0)
(1.00035 -1.15709e-12 0)
(1.00035 -1.07431e-12 0)
(1.00035 -9.08802e-13 0)
(1.00035 -8.71956e-13 0)
(1.00035 -6.76324e-13 0)
(1.00035 -5.36304e-13 0)
(1.00035 -4.24438e-13 0)
(1.00035 -3.04895e-13 0)
(1.00035 -1.2171e-13 0)
(1 1.4042e-05 0)
(1 4.11242e-05 0)
(1.00001 6.96636e-05 0)
(1.00003 9.65514e-05 0)
(1.00004 0.000117982 0)
(1.00006 0.000135615 0)
(1.00008 0.000153943 0)
(1.00011 0.000174614 0)
(1.00013 0.000194847 0)
(1.00016 0.000209863 0)
(1.00019 0.000216191 0)
(1.00021 0.000213294 0)
(1.00024 0.000203008 0)
(1.00026 0.000188011 0)
(1.00028 0.000170691 0)
(1.00029 0.000152765 0)
(1.00031 0.000135315 0)
(1.00032 0.000118955 0)
(1.00032 0.00010398 0)
(1.00033 9.04924e-05 0)
(1.00034 7.84822e-05 0)
(1.00034 6.78794e-05 0)
(1.00034 5.85805e-05 0)
(1.00034 5.04671e-05 0)
(1.00035 4.34166e-05 0)
(1.00035 3.73094e-05 0)
(1.00035 3.20327e-05 0)
(1.00035 2.74828e-05 0)
(1.00035 2.35658e-05 0)
(1.00035 2.0198e-05 0)
(1.00035 1.73051e-05 0)
(1.00035 1.48223e-05 0)
(1.00035 1.26927e-05 0)
(1.00035 1.0867e-05 0)
(1.00035 9.30255e-06 0)
(1.00035 7.96231e-06 0)
(1.00035 6.81446e-06 0)
(1.00035 5.83161e-06 0)
(1.00035 4.99017e-06 0)
(1.00035 4.26991e-06 0)
(1.00035 3.65343e-06 0)
(1.00035 3.12584e-06 0)
(1.00035 2.67436e-06 0)
(1.00035 2.28802e-06 0)
(1.00035 1.95745e-06 0)
(1.00035 1.6746e-06 0)
(1.00035 1.43261e-06 0)
(1.00035 1.22557e-06 0)
(1.00035 1.04844e-06 0)
(1.00035 8.96896e-07 0)
(1.00035 7.67253e-07 0)
(1.00035 6.56345e-07 0)
(1.00035 5.61466e-07 0)
(1.00035 4.803e-07 0)
(1.00035 4.10865e-07 0)
(1.00035 3.51467e-07 0)
(1.00035 3.00655e-07 0)
(1.00035 2.57188e-07 0)
(1.00035 2.20005e-07 0)
(1.00035 1.88197e-07 0)
(1.00035 1.60987e-07 0)
(1.00035 1.37712e-07 0)
(1.00035 1.17801e-07 0)
(1.00035 1.00769e-07 0)
(1.00035 8.61996e-08 0)
(1.00035 7.37364e-08 0)
(1.00035 6.3075e-08 0)
(1.00035 5.39552e-08 0)
(1.00035 4.6154e-08 0)
(1.00035 3.94808e-08 0)
(1.00035 3.37724e-08 0)
(1.00035 2.88893e-08 0)
(1.00035 2.47122e-08 0)
(1.00035 2.1139e-08 0)
(1.00035 1.80825e-08 0)
(1.00035 1.5468e-08 0)
(1.00035 1.32316e-08 0)
(1.00035 1.13185e-08 0)
(1.00035 9.6819e-09 0)
(1.00035 8.28195e-09 0)
(1.00035 7.08446e-09 0)
(1.00035 6.06024e-09 0)
(1.00035 5.18421e-09 0)
(1.00035 4.43489e-09 0)
(1.00035 3.7939e-09 0)
(1.00035 3.24552e-09 0)
(1.00035 2.77637e-09 0)
(1.00035 2.37501e-09 0)
(1.00035 2.03169e-09 0)
(1.00035 1.73805e-09 0)
(1.00035 1.48694e-09 0)
(1.00035 1.2722e-09 0)
(1.00035 1.08856e-09 0)
(1.00035 9.315e-10 0)
(1.00035 7.97159e-10 0)
(1.00035 6.82227e-10 0)
(1.00035 5.83915e-10 0)
(1.00035 4.99791e-10 0)
(1.00035 4.27835e-10 0)
(1.00035 3.66293e-10 0)
(1.00035 3.13645e-10 0)
(1.00035 2.68632e-10 0)
(1.00035 2.30105e-10 0)
(1.00035 1.97143e-10 0)
(1.00035 1.68927e-10 0)
(1.00035 1.44771e-10 0)
(1.00035 1.24091e-10 0)
(1.00035 1.06379e-10 0)
(1.00035 9.12374e-11 0)
(1.00035 7.83022e-11 0)
(1.00035 6.72217e-11 0)
(1.00035 5.77415e-11 0)
(1.00035 4.95993e-11 0)
(1.00035 4.25742e-11 0)
(1.00035 3.6506e-11 0)
(1.00035 3.12306e-11 0)
(1.00035 2.66759e-11 0)
(1.00035 2.27303e-11 0)
(1.00035 1.93479e-11 0)
(1.00035 1.64482e-11 0)
(1.00035 1.3971e-11 0)
(1.00035 1.18329e-11 0)
(1.00035 9.99318e-12 0)
(1.00035 8.36756e-12 0)
(1.00035 6.95172e-12 0)
(1.00035 5.70637e-12 0)
(1.00035 4.62406e-12 0)
(1.00035 3.72975e-12 0)
(1.00035 2.98381e-12 0)
(1.00035 2.43085e-12 0)
(1.00035 2.03966e-12 0)
(1.00035 1.77652e-12 0)
(1.00035 1.6184e-12 0)
(1.00035 1.54597e-12 0)
(1.00035 1.51611e-12 0)
(1.00035 1.51277e-12 0)
(1.00035 1.53745e-12 0)
(1.00035 1.60176e-12 0)
(1.00035 1.69115e-12 0)
(1.00035 1.83168e-12 0)
(1.00035 2.01103e-12 0)
(1.00035 2.23542e-12 0)
(1.00035 2.49686e-12 0)
(1.00035 2.78486e-12 0)
(1.00035 3.07443e-12 0)
(1.00035 3.33142e-12 0)
(1.00035 3.52874e-12 0)
(1.00035 3.63088e-12 0)
(1.00035 3.60114e-12 0)
(1.00035 3.4387e-12 0)
(1.00035 3.11693e-12 0)
(1.00035 2.63573e-12 0)
(1.00035 2.00686e-12 0)
(1.00035 1.25763e-12 0)
(1.00035 4.64902e-13 0)
(1.00035 -3.79025e-13 0)
(1.00035 -1.17833e-12 0)
(1.00035 -1.92719e-12 0)
(1.00035 -2.57296e-12 0)
(1.00035 -3.07239e-12 0)
(1.00035 -3.42263e-12 0)
(1.00035 -3.60114e-12 0)
(1.00035 -3.665e-12 0)
(1.00035 -3.58161e-12 0)
(1.00035 -3.39029e-12 0)
(1.00035 -3.14213e-12 0)
(1.00035 -2.8335e-12 0)
(1.00035 -2.52865e-12 0)
(1.00035 -2.25362e-12 0)
(1.00035 -1.9916e-12 0)
(1.00035 -1.77573e-12 0)
(1.00035 -1.61296e-12 0)
(1.00035 -1.53213e-12 0)
(1.00035 -1.47945e-12 0)
(1.00035 -1.43917e-12 0)
(1.00035 -1.48062e-12 0)
(1.00035 -1.52281e-12 0)
(1.00035 -1.56456e-12 0)
(1.00035 -1.60142e-12 0)
(1.00035 -1.64118e-12 0)
(1.00035 -1.69113e-12 0)
(1.00035 -1.68271e-12 0)
(1.00035 -1.67749e-12 0)
(1.00035 -1.65878e-12 0)
(1.00035 -1.63955e-12 0)
(1.00035 -1.5981e-12 0)
(1.00035 -1.54209e-12 0)
(1.00035 -1.47119e-12 0)
(1.00035 -1.36402e-12 0)
(1.00035 -1.33835e-12 0)
(1.00035 -1.22794e-12 0)
(1.00035 -1.11871e-12 0)
(1.00035 -1.09216e-12 0)
(1.00035 -9.2756e-13 0)
(1.00035 -8.41012e-13 0)
(1.00035 -7.15452e-13 0)
(1.00035 -5.92373e-13 0)
(1.00035 -4.23431e-13 0)
(1.00035 -2.95965e-13 0)
(1.00035 -1.42481e-13 0)
(1 1.19414e-05 0)
(1 3.49998e-05 0)
(1.00001 5.93661e-05 0)
(1.00002 8.25061e-05 0)
(1.00004 0.000101157 0)
(1.00005 0.000116766 0)
(1.00007 0.000133201 0)
(1.00009 0.000151773 0)
(1.00012 0.000169919 0)
(1.00014 0.000183528 0)
(1.00017 0.000189723 0)
(1.00019 0.000188052 0)
(1.00022 0.000179993 0)
(1.00024 0.000167748 0)
(1.00026 0.000153324 0)
(1.00028 0.000138182 0)
(1.00029 0.000123258 0)
(1.0003 0.000109097 0)
(1.00031 9.59842e-05 0)
(1.00032 8.40429e-05 0)
(1.00032 7.32995e-05 0)
(1.00033 6.37231e-05 0)
(1.00033 5.52497e-05 0)
(1.00034 4.77966e-05 0)
(1.00034 4.12726e-05 0)
(1.00034 3.55844e-05 0)
(1.00034 3.0641e-05 0)
(1.00035 2.63564e-05 0)
(1.00035 2.26509e-05 0)
(1.00035 1.9452e-05 0)
(1.00035 1.66947e-05 0)
(1.00035 1.43209e-05 0)
(1.00035 1.22793e-05 0)
(1.00035 1.0525e-05 0)
(1.00035 9.01857e-06 0)
(1.00035 7.72579e-06 0)
(1.00035 6.61691e-06 0)
(1.00035 5.66615e-06 0)
(1.00035 4.85125e-06 0)
(1.00035 4.15301e-06 0)
(1.00035 3.55487e-06 0)
(1.00035 3.04259e-06 0)
(1.00035 2.60392e-06 0)
(1.00035 2.22835e-06 0)
(1.00035 1.90683e-06 0)
(1.00035 1.63162e-06 0)
(1.00035 1.39607e-06 0)
(1.00035 1.19449e-06 0)
(1.00035 1.02198e-06 0)
(1.00035 8.74355e-07 0)
(1.00035 7.4804e-07 0)
(1.00035 6.39961e-07 0)
(1.00035 5.47488e-07 0)
(1.00035 4.68371e-07 0)
(1.00035 4.00681e-07 0)
(1.00035 3.4277e-07 0)
(1.00035 2.93227e-07 0)
(1.00035 2.50842e-07 0)
(1.00035 2.14583e-07 0)
(1.00035 1.83563e-07 0)
(1.00035 1.57027e-07 0)
(1.00035 1.34326e-07 0)
(1.00035 1.14907e-07 0)
(1.00035 9.82947e-08 0)
(1.00035 8.40838e-08 0)
(1.00035 7.19272e-08 0)
(1.00035 6.1528e-08 0)
(1.00035 5.26323e-08 0)
(1.00035 4.50227e-08 0)
(1.00035 3.85133e-08 0)
(1.00035 3.29449e-08 0)
(1.00035 2.81815e-08 0)
(1.00035 2.41067e-08 0)
(1.00035 2.06211e-08 0)
(1.00035 1.76396e-08 0)
(1.00035 1.50892e-08 0)
(1.00035 1.29076e-08 0)
(1.00035 1.10413e-08 0)
(1.00035 9.44482e-09 0)
(1.00035 8.07923e-09 0)
(1.00035 6.91116e-09 0)
(1.00035 5.91208e-09 0)
(1.00035 5.05752e-09 0)
(1.00035 4.32651e-09 0)
(1.00035 3.70116e-09 0)
(1.00035 3.16617e-09 0)
(1.00035 2.70849e-09 0)
(1.00035 2.31699e-09 0)
(1.00035 1.98211e-09 0)
(1.00035 1.69571e-09 0)
(1.00035 1.45077e-09 0)
(1.00035 1.24128e-09 0)
(1.00035 1.0621e-09 0)
(1.00035 9.0881e-10 0)
(1.00035 7.7768e-10 0)
(1.00035 6.65477e-10 0)
(1.00035 5.69506e-10 0)
(1.00035 4.8742e-10 0)
(1.00035 4.1719e-10 0)
(1.00035 3.5716e-10 0)
(1.00035 3.05801e-10 0)
(1.00035 2.61877e-10 0)
(1.00035 2.24304e-10 0)
(1.00035 1.92138e-10 0)
(1.00035 1.64627e-10 0)
(1.00035 1.41071e-10 0)
(1.00035 1.20933e-10 0)
(1.00035 1.03731e-10 0)
(1.00035 8.90075e-11 0)
(1.00035 7.64454e-11 0)
(1.00035 6.569e-11 0)
(1.00035 5.64614e-11 0)
(1.00035 4.85288e-11 0)
(1.00035 4.16577e-11 0)
(1.00035 3.57162e-11 0)
(1.00035 3.05437e-11 0)
(1.00035 2.6073e-11 0)
(1.00035 2.22187e-11 0)
(1.00035 1.89185e-11 0)
(1.00035 1.60918e-11 0)
(1.00035 1.3674e-11 0)
(1.00035 1.1589e-11 0)
(1.00035 9.77056e-12 0)
(1.00035 8.17071e-12 0)
(1.00035 6.75771e-12 0)
(1.00035 5.53607e-12 0)
(1.00035 4.46948e-12 0)
(1.00035 3.59503e-12 0)
(1.00035 2.89453e-12 0)
(1.00035 2.36637e-12 0)
(1.00035 2.0046e-12 0)
(1.00035 1.76984e-12 0)
(1.00035 1.63862e-12 0)
(1.00035 1.54745e-12 0)
(1.00035 1.51668e-12 0)
(1.00035 1.50997e-12 0)
(1.00035 1.52195e-12 0)
(1.00035 1.58722e-12 0)
(1.00035 1.66941e-12 0)
(1.00035 1.79801e-12 0)
(1.00035 1.98146e-12 0)
(1.00035 2.19415e-12 0)
(1.00035 2.45063e-12 0)
(1.00035 2.72519e-12 0)
(1.00035 2.99819e-12 0)
(1.00035 3.23906e-12 0)
(1.00035 3.41452e-12 0)
(1.00035 3.50743e-12 0)
(1.00035 3.45747e-12 0)
(1.00035 3.29184e-12 0)
(1.00035 2.96212e-12 0)
(1.00035 2.46894e-12 0)
(1.00035 1.87231e-12 0)
(1.00035 1.13916e-12 0)
(1.00035 3.76163e-13 0)
(1.00035 -4.24495e-13 0)
(1.00035 -1.20411e-12 0)
(1.00035 -1.9055e-12 0)
(1.00035 -2.50759e-12 0)
(1.00035 -2.96625e-12 0)
(1.00035 -3.28734e-12 0)
(1.00035 -3.45654e-12 0)
(1.00035 -3.49586e-12 0)
(1.00035 -3.4014e-12 0)
(1.00035 -3.20804e-12 0)
(1.00035 -2.97094e-12 0)
(1.00035 -2.6911e-12 0)
(1.00035 -2.40072e-12 0)
(1.00035 -2.13072e-12 0)
(1.00035 -1.88882e-12 0)
(1.00035 -1.70572e-12 0)
(1.00035 -1.55274e-12 0)
(1.00035 -1.46941e-12 0)
(1.00035 -1.43426e-12 0)
(1.00035 -1.39519e-12 0)
(1.00035 -1.43402e-12 0)
(1.00035 -1.45752e-12 0)
(1.00035 -1.48681e-12 0)
(1.00035 -1.53405e-12 0)
(1.00035 -1.53426e-12 0)
(1.00035 -1.59238e-12 0)
(1.00035 -1.57357e-12 0)
(1.00035 -1.56789e-12 0)
(1.00035 -1.54875e-12 0)
(1.00035 -1.5185e-12 0)
(1.00035 -1.48753e-12 0)
(1.00035 -1.42477e-12 0)
(1.00035 -1.39835e-12 0)
(1.00035 -1.33672e-12 0)
(1.00035 -1.27125e-12 0)
(1.00035 -1.1828e-12 0)
(1.00035 -1.11895e-12 0)
(1.00035 -1.03327e-12 0)
(1.00035 -8.99718e-13 0)
(1.00035 -8.7609e-13 0)
(1.00035 -7.09431e-13 0)
(1.00035 -5.71817e-13 0)
(1.00035 -4.4534e-13 0)
(1.00035 -3.1846e-13 0)
(1.00035 -1.46859e-13 0)
(1 1.00979e-05 0)
(1 2.96148e-05 0)
(1.00001 5.02864e-05 0)
(1.00002 7.00272e-05 0)
(1.00003 8.60856e-05 0)
(1.00005 9.96852e-05 0)
(1.00007 0.000114134 0)
(1.00009 0.000130512 0)
(1.00011 0.000146546 0)
(1.00013 0.000158694 0)
(1.00016 0.000164539 0)
(1.00018 0.000163709 0)
(1.0002 0.000157413 0)
(1.00023 0.000147465 0)
(1.00024 0.000135536 0)
(1.00026 0.000122859 0)
(1.00028 0.000110232 0)
(1.00029 9.8128e-05 0)
(1.0003 8.68103e-05 0)
(1.00031 7.64065e-05 0)
(1.00032 6.69628e-05 0)
(1.00032 5.84746e-05 0)
(1.00033 5.09059e-05 0)
(1.00033 4.42013e-05 0)
(1.00033 3.82947e-05 0)
(1.00034 3.31148e-05 0)
(1.00034 2.85897e-05 0)
(1.00034 2.46493e-05 0)
(1.00034 2.12274e-05 0)
(1.00035 1.82626e-05 0)
(1.00035 1.56987e-05 0)
(1.00035 1.34852e-05 0)
(1.00035 1.15768e-05 0)
(1.00035 9.9333e-06 0)
(1.00035 8.51939e-06 0)
(1.00035 7.30399e-06 0)
(1.00035 6.25998e-06 0)
(1.00035 5.36373e-06 0)
(1.00035 4.59472e-06 0)
(1.00035 3.93517e-06 0)
(1.00035 3.36972e-06 0)
(1.00035 2.88509e-06 0)
(1.00035 2.46985e-06 0)
(1.00035 2.11415e-06 0)
(1.00035 1.8095e-06 0)
(1.00035 1.54863e-06 0)
(1.00035 1.32528e-06 0)
(1.00035 1.13407e-06 0)
(1.00035 9.70402e-07 0)
(1.00035 8.30318e-07 0)
(1.00035 7.10429e-07 0)
(1.00035 6.07831e-07 0)
(1.00035 5.20036e-07 0)
(1.00035 4.44911e-07 0)
(1.00035 3.80631e-07 0)
(1.00035 3.25632e-07 0)
(1.00035 2.78576e-07 0)
(1.00035 2.38316e-07 0)
(1.00035 2.03873e-07 0)
(1.00035 1.74406e-07 0)
(1.00035 1.49196e-07 0)
(1.00035 1.2763e-07 0)
(1.00035 1.0918e-07 0)
(1.00035 9.33972e-08 0)
(1.00035 7.98951e-08 0)
(1.00035 6.83448e-08 0)
(1.00035 5.8464e-08 0)
(1.00035 5.00117e-08 0)
(1.00035 4.27813e-08 0)
(1.00035 3.65961e-08 0)
(1.00035 3.1305e-08 0)
(1.00035 2.67787e-08 0)
(1.00035 2.29068e-08 0)
(1.00035 1.95948e-08 0)
(1.00035 1.67617e-08 0)
(1.00035 1.43383e-08 0)
(1.00035 1.22652e-08 0)
(1.00035 1.04918e-08 0)
(1.00035 8.97488e-09 0)
(1.00035 7.6773e-09 0)
(1.00035 6.56742e-09 0)
(1.00035 5.61808e-09 0)
(1.00035 4.80604e-09 0)
(1.00035 4.11137e-09 0)
(1.00035 3.51708e-09 0)
(1.00035 3.00869e-09 0)
(1.00035 2.5738e-09 0)
(1.00035 2.20182e-09 0)
(1.00035 1.88367e-09 0)
(1.00035 1.61157e-09 0)
(1.00035 1.37884e-09 0)
(1.00035 1.17975e-09 0)
(1.00035 1.00942e-09 0)
(1.00035 8.6367e-10 0)
(1.00035 7.38969e-10 0)
(1.00035 6.32297e-10 0)
(1.00035 5.41044e-10 0)
(1.00035 4.63011e-10 0)
(1.00035 3.96284e-10 0)
(1.00035 3.39224e-10 0)
(1.00035 2.90434e-10 0)
(1.00035 2.48688e-10 0)
(1.00035 2.12978e-10 0)
(1.00035 1.82413e-10 0)
(1.00035 1.56278e-10 0)
(1.00035 1.33937e-10 0)
(1.00035 1.14829e-10 0)
(1.00035 9.85281e-11 0)
(1.00035 8.4612e-11 0)
(1.00035 7.27089e-11 0)
(1.00035 6.25295e-11 0)
(1.00035 5.37752e-11 0)
(1.00035 4.62283e-11 0)
(1.00035 3.96871e-11 0)
(1.00035 3.40054e-11 0)
(1.00035 2.90839e-11 0)
(1.00035 2.48209e-11 0)
(1.00035 2.11637e-11 0)
(1.00035 1.80339e-11 0)
(1.00035 1.53542e-11 0)
(1.00035 1.30453e-11 0)
(1.00035 1.10554e-11 0)
(1.00035 9.31129e-12 0)
(1.00035 7.77434e-12 0)
(1.00035 6.41263e-12 0)
(1.00035 5.23004e-12 0)
(1.00035 4.21633e-12 0)
(1.00035 3.38463e-12 0)
(1.00035 2.74922e-12 0)
(1.00035 2.2717e-12 0)
(1.00035 1.94881e-12 0)
(1.00035 1.72976e-12 0)
(1.00035 1.60513e-12 0)
(1.00035 1.52376e-12 0)
(1.00035 1.4744e-12 0)
(1.00035 1.4575e-12 0)
(1.00035 1.46735e-12 0)
(1.00035 1.51881e-12 0)
(1.00035 1.60272e-12 0)
(1.00035 1.72092e-12 0)
(1.00035 1.89227e-12 0)
(1.00035 2.09835e-12 0)
(1.00035 2.34052e-12 0)
(1.00035 2.5932e-12 0)
(1.00035 2.8357e-12 0)
(1.00035 3.05127e-12 0)
(1.00035 3.2045e-12 0)
(1.00035 3.27456e-12 0)
(1.00035 3.22201e-12 0)
(1.00035 3.04532e-12 0)
(1.00035 2.71457e-12 0)
(1.00035 2.24755e-12 0)
(1.00035 1.67566e-12 0)
(1.00035 1.00715e-12 0)
(1.00035 2.75366e-13 0)
(1.00035 -4.68748e-13 0)
(1.00035 -1.19058e-12 0)
(1.00035 -1.82147e-12 0)
(1.00035 -2.36377e-12 0)
(1.00035 -2.78461e-12 0)
(1.00035 -3.05637e-12 0)
(1.00035 -3.20605e-12 0)
(1.00035 -3.21508e-12 0)
(1.00035 -3.11976e-12 0)
(1.00035 -2.95237e-12 0)
(1.00035 -2.72815e-12 0)
(1.00035 -2.46396e-12 0)
(1.00035 -2.20047e-12 0)
(1.00035 -1.95652e-12 0)
(1.00035 -1.74651e-12 0)
(1.00035 -1.59444e-12 0)
(1.00035 -1.45579e-12 0)
(1.00035 -1.3578e-12 0)
(1.00035 -1.35266e-12 0)
(1.00035 -1.32563e-12 0)
(1.00035 -1.31978e-12 0)
(1.00035 -1.35915e-12 0)
(1.00035 -1.35752e-12 0)
(1.00035 -1.40533e-12 0)
(1.00035 -1.40349e-12 0)
(1.00035 -1.41216e-12 0)
(1.00035 -1.42694e-12 0)
(1.00035 -1.41643e-12 0)
(1.00035 -1.38386e-12 0)
(1.00035 -1.36834e-12 0)
(1.00035 -1.33644e-12 0)
(1.00035 -1.29118e-12 0)
(1.00035 -1.25942e-12 0)
(1.00035 -1.17783e-12 0)
(1.00035 -1.19013e-12 0)
(1.00035 -1.11223e-12 0)
(1.00035 -1.01333e-12 0)
(1.00035 -1.00263e-12 0)
(1.00035 -8.54017e-13 0)
(1.00035 -7.95707e-13 0)
(1.00035 -6.90015e-13 0)
(1.00035 -5.91834e-13 0)
(1.00035 -4.47815e-13 0)
(1.00035 -3.18168e-13 0)
(1.00035 -1.5511e-13 0)
(1 8.44734e-06 0)
(1 2.47864e-05 0)
(1.00001 4.21251e-05 0)
(1.00002 5.87478e-05 0)
(1.00003 7.23698e-05 0)
(1.00004 8.40087e-05 0)
(1.00006 9.64573e-05 0)
(1.00008 0.000110609 0)
(1.0001 0.000124503 0)
(1.00012 0.000135128 0)
(1.00015 0.000140457 0)
(1.00017 0.000140183 0)
(1.00019 0.000135295 0)
(1.00021 0.000127283 0)
(1.00023 0.000117523 0)
(1.00025 0.000107041 0)
(1.00026 9.65045e-05 0)
(1.00028 8.63198e-05 0)
(1.00029 7.67176e-05 0)
(1.0003 6.78206e-05 0)
(1.00031 5.96835e-05 0)
(1.00031 5.23175e-05 0)
(1.00032 4.57059e-05 0)
(1.00032 3.98134e-05 0)
(1.00033 3.45931e-05 0)
(1.00033 2.99918e-05 0)
(1.00034 2.59538e-05 0)
(1.00034 2.24231e-05 0)
(1.00034 1.93458e-05 0)
(1.00034 1.66708e-05 0)
(1.00034 1.43509e-05 0)
(1.00035 1.23429e-05 0)
(1.00035 1.06078e-05 0)
(1.00035 9.11064e-06 0)
(1.00035 7.82039e-06 0)
(1.00035 6.70962e-06 0)
(1.00035 5.75423e-06 0)
(1.00035 4.93311e-06 0)
(1.00035 4.22787e-06 0)
(1.00035 3.62249e-06 0)
(1.00035 3.10308e-06 0)
(1.00035 2.65764e-06 0)
(1.00035 2.27575e-06 0)
(1.00035 1.94845e-06 0)
(1.00035 1.66802e-06 0)
(1.00035 1.4278e-06 0)
(1.00035 1.22206e-06 0)
(1.00035 1.04588e-06 0)
(1.00035 8.95038e-07 0)
(1.00035 7.65907e-07 0)
(1.00035 6.55374e-07 0)
(1.00035 5.60767e-07 0)
(1.00035 4.798e-07 0)
(1.00035 4.10509e-07 0)
(1.00035 3.51216e-07 0)
(1.00035 3.00479e-07 0)
(1.00035 2.57067e-07 0)
(1.00035 2.19922e-07 0)
(1.00035 1.88142e-07 0)
(1.00035 1.60952e-07 0)
(1.00035 1.3769e-07 0)
(1.00035 1.17789e-07 0)
(1.00035 1.00763e-07 0)
(1.00035 8.61978e-08 0)
(1.00035 7.37373e-08 0)
(1.00035 6.30777e-08 0)
(1.00035 5.39589e-08 0)
(1.00035 4.61583e-08 0)
(1.00035 3.94852e-08 0)
(1.00035 3.37766e-08 0)
(1.00035 2.88932e-08 0)
(1.00035 2.47157e-08 0)
(1.00035 2.11422e-08 0)
(1.00035 1.80854e-08 0)
(1.00035 1.54706e-08 0)
(1.00035 1.32338e-08 0)
(1.00035 1.13205e-08 0)
(1.00035 9.68371e-09 0)
(1.00035 8.28365e-09 0)
(1.00035 7.08607e-09 0)
(1.00035 6.06172e-09 0)
(1.00035 5.1855e-09 0)
(1.00035 4.43595e-09 0)
(1.00035 3.79474e-09 0)
(1.00035 3.2462e-09 0)
(1.00035 2.77697e-09 0)
(1.00035 2.37563e-09 0)
(1.00035 2.03237e-09 0)
(1.00035 1.7388e-09 0)
(1.00035 1.48769e-09 0)
(1.00035 1.27287e-09 0)
(1.00035 1.08907e-09 0)
(1.00035 9.3178e-10 0)
(1.00035 7.97194e-10 0)
(1.00035 6.82015e-10 0)
(1.00035 5.83491e-10 0)
(1.00035 4.99253e-10 0)
(1.00035 4.27206e-10 0)
(1.00035 3.65627e-10 0)
(1.00035 3.12964e-10 0)
(1.00035 2.67928e-10 0)
(1.00035 2.29403e-10 0)
(1.00035 1.96437e-10 0)
(1.00035 1.68241e-10 0)
(1.00035 1.44116e-10 0)
(1.00035 1.2352e-10 0)
(1.00035 1.05943e-10 0)
(1.00035 9.0928e-11 0)
(1.00035 7.81298e-11 0)
(1.00035 6.71847e-11 0)
(1.00035 5.7808e-11 0)
(1.00035 4.9743e-11 0)
(1.00035 4.27486e-11 0)
(1.00035 3.67013e-11 0)
(1.00035 3.14365e-11 0)
(1.00035 2.68809e-11 0)
(1.00035 2.2948e-11 0)
(1.00035 1.95807e-11 0)
(1.00035 1.67022e-11 0)
(1.00035 1.4236e-11 0)
(1.00035 1.21016e-11 0)
(1.00035 1.02449e-11 0)
(1.00035 8.62145e-12 0)
(1.00035 7.17449e-12 0)
(1.00035 5.91123e-12 0)
(1.00035 4.80475e-12 0)
(1.00035 3.87779e-12 0)
(1.00035 3.13308e-12 0)
(1.00035 2.55953e-12 0)
(1.00035 2.1435e-12 0)
(1.00035 1.86231e-12 0)
(1.00035 1.67446e-12 0)
(1.00035 1.54138e-12 0)
(1.00035 1.45474e-12 0)
(1.00035 1.39453e-12 0)
(1.00035 1.36911e-12 0)
(1.00035 1.37634e-12 0)
(1.00035 1.41305e-12 0)
(1.00035 1.48939e-12 0)
(1.00035 1.60732e-12 0)
(1.00035 1.76536e-12 0)
(1.00035 1.95098e-12 0)
(1.00035 2.16364e-12 0)
(1.00035 2.39152e-12 0)
(1.00035 2.59853e-12 0)
(1.00035 2.77124e-12 0)
(1.00035 2.90557e-12 0)
(1.00035 2.94307e-12 0)
(1.00035 2.881e-12 0)
(1.00035 2.70287e-12 0)
(1.00035 2.38518e-12 0)
(1.00035 1.97669e-12 0)
(1.00035 1.43753e-12 0)
(1.00035 8.30691e-13 0)
(1.00035 1.77478e-13 0)
(1.00035 -4.94297e-13 0)
(1.00035 -1.12611e-12 0)
(1.00035 -1.68503e-12 0)
(1.00035 -2.15273e-12 0)
(1.00035 -2.52006e-12 0)
(1.00035 -2.74613e-12 0)
(1.00035 -2.85885e-12 0)
(1.00035 -2.85271e-12 0)
(1.00035 -2.76239e-12 0)
(1.00035 -2.61196e-12 0)
(1.00035 -2.40862e-12 0)
(1.00035 -2.16541e-12 0)
(1.00035 -1.94099e-12 0)
(1.00035 -1.74508e-12 0)
(1.00035 -1.55794e-12 0)
(1.00035 -1.43077e-12 0)
(1.00035 -1.32206e-12 0)
(1.00035 -1.23344e-12 0)
(1.00035 -1.21512e-12 0)
(1.00035 -1.20558e-12 0)
(1.00035 -1.17798e-12 0)
(1.00035 -1.20693e-12 0)
(1.00035 -1.21705e-12 0)
(1.00035 -1.2122e-12 0)
(1.00035 -1.2388e-12 0)
(1.00035 -1.20648e-12 0)
(1.00035 -1.21104e-12 0)
(1.00035 -1.20161e-12 0)
(1.00035 -1.16699e-12 0)
(1.00035 -1.14989e-12 0)
(1.00035 -1.12399e-12 0)
(1.00035 -1.1265e-12 0)
(1.00035 -1.08717e-12 0)
(1.00035 -1.04578e-12 0)
(1.00035 -1.02037e-12 0)
(1.00035 -1.00776e-12 0)
(1.00035 -9.78796e-13 0)
(1.00035 -9.02617e-13 0)
(1.00035 -8.04327e-13 0)
(1.00035 -7.66142e-13 0)
(1.00035 -6.45088e-13 0)
(1.00035 -5.54272e-13 0)
(1.00035 -4.08315e-13 0)
(1.00035 -3.00766e-13 0)
(1.00035 -1.64713e-13 0)
(1 6.943e-06 0)
(1 2.03805e-05 0)
(1.00001 3.46611e-05 0)
(1.00002 4.83926e-05 0)
(1.00003 5.97085e-05 0)
(1.00004 6.94456e-05 0)
(1.00006 7.99089e-05 0)
(1.00007 9.18305e-05 0)
(1.00009 0.000103571 0)
(1.00011 0.000112625 0)
(1.00014 0.000117312 0)
(1.00016 0.000117378 0)
(1.00018 0.000113628 0)
(1.0002 0.000107266 0)
(1.00022 9.94102e-05 0)
(1.00024 9.08965e-05 0)
(1.00025 8.22747e-05 0)
(1.00027 7.38815e-05 0)
(1.00028 6.59142e-05 0)
(1.00029 5.84833e-05 0)
(1.0003 5.1644e-05 0)
(1.00031 4.5416e-05 0)
(1.00031 3.97946e-05 0)
(1.00032 3.47586e-05 0)
(1.00032 3.02758e-05 0)
(1.00033 2.63076e-05 0)
(1.00033 2.28114e-05 0)
(1.00034 1.97436e-05 0)
(1.00034 1.70613e-05 0)
(1.00034 1.47231e-05 0)
(1.00034 1.26901e-05 0)
(1.00034 1.09266e-05 0)
(1.00035 9.39971e-06 0)
(1.00035 8.07995e-06 0)
(1.00035 6.94084e-06 0)
(1.00035 5.95887e-06 0)
(1.00035 5.11328e-06 0)
(1.00035 4.3858e-06 0)
(1.00035 3.76041e-06 0)
(1.00035 3.22317e-06 0)
(1.00035 2.76192e-06 0)
(1.00035 2.36611e-06 0)
(1.00035 2.02661e-06 0)
(1.00035 1.73551e-06 0)
(1.00035 1.48599e-06 0)
(1.00035 1.27219e-06 0)
(1.00035 1.08902e-06 0)
(1.00035 9.32129e-07 0)
(1.00035 7.97775e-07 0)
(1.00035 6.82737e-07 0)
(1.00035 5.84251e-07 0)
(1.00035 4.99944e-07 0)
(1.00035 4.27783e-07 0)
(1.00035 3.66022e-07 0)
(1.00035 3.13167e-07 0)
(1.00035 2.67937e-07 0)
(1.00035 2.29233e-07 0)
(1.00035 1.96116e-07 0)
(1.00035 1.6778e-07 0)
(1.00035 1.43535e-07 0)
(1.00035 1.22793e-07 0)
(1.00035 1.05046e-07 0)
(1.00035 8.98637e-08 0)
(1.00035 7.68746e-08 0)
(1.00035 6.57624e-08 0)
(1.00035 5.62562e-08 0)
(1.00035 4.81239e-08 0)
(1.00035 4.1167e-08 0)
(1.00035 3.52156e-08 0)
(1.00035 3.01244e-08 0)
(1.00035 2.57691e-08 0)
(1.00035 2.20433e-08 0)
(1.00035 1.88563e-08 0)
(1.00035 1.61301e-08 0)
(1.00035 1.3798e-08 0)
(1.00035 1.18031e-08 0)
(1.00035 1.00966e-08 0)
(1.00035 8.63681e-09 0)
(1.00035 7.38815e-09 0)
(1.00035 6.32009e-09 0)
(1.00035 5.40648e-09 0)
(1.00035 4.62497e-09 0)
(1.00035 3.95641e-09 0)
(1.00035 3.38447e-09 0)
(1.00035 2.89523e-09 0)
(1.00035 2.47675e-09 0)
(1.00035 2.11887e-09 0)
(1.00035 1.81279e-09 0)
(1.00035 1.551e-09 0)
(1.00035 1.32706e-09 0)
(1.00035 1.13544e-09 0)
(1.00035 9.71464e-10 0)
(1.00035 8.31106e-10 0)
(1.00035 7.10991e-10 0)
(1.00035 6.08227e-10 0)
(1.00035 5.20313e-10 0)
(1.00035 4.45165e-10 0)
(1.00035 3.80913e-10 0)
(1.00035 3.25987e-10 0)
(1.00035 2.79034e-10 0)
(1.00035 2.38858e-10 0)
(1.00035 2.04497e-10 0)
(1.00035 1.75094e-10 0)
(1.00035 1.49948e-10 0)
(1.00035 1.28467e-10 0)
(1.00035 1.1011e-10 0)
(1.00035 9.44559e-11 0)
(1.00035 8.11099e-11 0)
(1.00035 6.97239e-11 0)
(1.00035 5.99932e-11 0)
(1.00035 5.16321e-11 0)
(1.00035 4.44376e-11 0)
(1.00035 3.81937e-11 0)
(1.00035 3.27703e-11 0)
(1.00035 2.8066e-11 0)
(1.00035 2.39944e-11 0)
(1.00035 2.04955e-11 0)
(1.00035 1.75079e-11 0)
(1.00035 1.49539e-11 0)
(1.00035 1.27617e-11 0)
(1.00035 1.08593e-11 0)
(1.00035 9.18691e-12 0)
(1.00035 7.71381e-12 0)
(1.00035 6.40783e-12 0)
(1.00035 5.26376e-12 0)
(1.00035 4.27977e-12 0)
(1.00035 3.46788e-12 0)
(1.00035 2.82421e-12 0)
(1.00035 2.33251e-12 0)
(1.00035 1.98675e-12 0)
(1.00035 1.73259e-12 0)
(1.00035 1.56329e-12 0)
(1.00035 1.431e-12 0)
(1.00035 1.32954e-12 0)
(1.00035 1.27129e-12 0)
(1.00035 1.22866e-12 0)
(1.00035 1.23908e-12 0)
(1.00035 1.27302e-12 0)
(1.00035 1.34436e-12 0)
(1.00035 1.4587e-12 0)
(1.00035 1.5934e-12 0)
(1.00035 1.75599e-12 0)
(1.00035 1.9311e-12 0)
(1.00035 2.10761e-12 0)
(1.00035 2.27805e-12 0)
(1.00035 2.40968e-12 0)
(1.00035 2.50878e-12 0)
(1.00035 2.51956e-12 0)
(1.00035 2.44029e-12 0)
(1.00035 2.27718e-12 0)
(1.00035 1.99417e-12 0)
(1.00035 1.63221e-12 0)
(1.00035 1.1718e-12 0)
(1.00035 6.36301e-13 0)
(1.00035 7.49218e-14 0)
(1.00035 -4.92647e-13 0)
(1.00035 -1.0224e-12 0)
(1.00035 -1.49493e-12 0)
(1.00035 -1.88337e-12 0)
(1.00035 -2.16971e-12 0)
(1.00035 -2.35308e-12 0)
(1.00035 -2.42765e-12 0)
(1.00035 -2.41442e-12 0)
(1.00035 -2.32825e-12 0)
(1.00035 -2.18793e-12 0)
(1.00035 -2.00248e-12 0)
(1.00035 -1.80316e-12 0)
(1.00035 -1.63417e-12 0)
(1.00035 -1.4707e-12 0)
(1.00035 -1.31251e-12 0)
(1.00035 -1.2233e-12 0)
(1.00035 -1.14837e-12 0)
(1.00035 -1.07804e-12 0)
(1.00035 -1.04449e-12 0)
(1.00035 -1.04164e-12 0)
(1.00035 -1.02248e-12 0)
(1.00035 -1.00398e-12 0)
(1.00035 -1.03095e-12 0)
(1.00035 -9.95203e-13 0)
(1.00035 -1.00643e-12 0)
(1.00035 -9.7712e-13 0)
(1.00035 -9.51406e-13 0)
(1.00035 -9.56983e-13 0)
(1.00035 -9.17513e-13 0)
(1.00035 -8.92069e-13 0)
(1.00035 -8.87899e-13 0)
(1.00035 -8.91185e-13 0)
(1.00035 -8.60374e-13 0)
(1.00035 -8.84186e-13 0)
(1.00035 -8.6258e-13 0)
(1.00035 -8.16678e-13 0)
(1.00035 -8.26404e-13 0)
(1.00035 -8.03142e-13 0)
(1.00035 -7.27775e-13 0)
(1.00035 -7.1094e-13 0)
(1.00035 -5.80538e-13 0)
(1.00035 -5.3098e-13 0)
(1.00035 -4.53319e-13 0)
(1.00035 -3.29425e-13 0)
(1.00035 -1.56138e-13 0)
(1 5.54932e-06 0)
(1 1.62946e-05 0)
(1.00001 2.77271e-05 0)
(1.00002 3.87446e-05 0)
(1.00003 4.78622e-05 0)
(1.00004 5.57512e-05 0)
(1.00005 6.42563e-05 0)
(1.00007 7.39644e-05 0)
(1.00009 8.35521e-05 0)
(1.00011 9.09969e-05 0)
(1.00013 9.49459e-05 0)
(1.00015 9.51916e-05 0)
(1.00017 9.23712e-05 0)
(1.0002 8.7437e-05 0)
(1.00021 8.12742e-05 0)
(1.00023 7.45454e-05 0)
(1.00025 6.76892e-05 0)
(1.00026 6.09764e-05 0)
(1.00027 5.45691e-05 0)
(1.00028 4.85609e-05 0)
(1.00029 4.30028e-05 0)
(1.0003 3.79166e-05 0)
(1.00031 3.33047e-05 0)
(1.00032 2.91555e-05 0)
(1.00032 2.54476e-05 0)
(1.00033 2.21535e-05 0)
(1.00033 1.92417e-05 0)
(1.00033 1.66792e-05 0)
(1.00034 1.44327e-05 0)
(1.00034 1.24697e-05 0)
(1.00034 1.07593e-05 0)
(1.00034 9.27283e-06 0)
(1.00034 7.98367e-06 0)
(1.00035 6.86773e-06 0)
(1.00035 5.90329e-06 0)
(1.00035 5.07095e-06 0)
(1.00035 4.35349e-06 0)
(1.00035 3.73569e-06 0)
(1.00035 3.2042e-06 0)
(1.00035 2.74731e-06 0)
(1.00035 2.35482e-06 0)
(1.00035 2.01784e-06 0)
(1.00035 1.72867e-06 0)
(1.00035 1.48064e-06 0)
(1.00035 1.26797e-06 0)
(1.00035 1.08568e-06 0)
(1.00035 9.29475e-07 0)
(1.00035 7.95653e-07 0)
(1.00035 6.81031e-07 0)
(1.00035 5.82872e-07 0)
(1.00035 4.98824e-07 0)
(1.00035 4.26869e-07 0)
(1.00035 3.65273e-07 0)
(1.00035 3.1255e-07 0)
(1.00035 2.67427e-07 0)
(1.00035 2.2881e-07 0)
(1.00035 1.95764e-07 0)
(1.00035 1.67486e-07 0)
(1.00035 1.43289e-07 0)
(1.00035 1.22586e-07 0)
(1.00035 1.04872e-07 0)
(1.00035 8.9717e-08 0)
(1.00035 7.67508e-08 0)
(1.00035 6.56576e-08 0)
(1.00035 5.61673e-08 0)
(1.00035 4.80484e-08 0)
(1.00035 4.11029e-08 0)
(1.00035 3.51611e-08 0)
(1.00035 3.00781e-08 0)
(1.00035 2.57297e-08 0)
(1.00035 2.20098e-08 0)
(1.00035 1.88276e-08 0)
(1.00035 1.61056e-08 0)
(1.00035 1.37771e-08 0)
(1.00035 1.17853e-08 0)
(1.00035 1.00814e-08 0)
(1.00035 8.62379e-09 0)
(1.00035 7.37697e-09 0)
(1.00035 6.31047e-09 0)
(1.00035 5.39822e-09 0)
(1.00035 4.61787e-09 0)
(1.00035 3.95032e-09 0)
(1.00035 3.37925e-09 0)
(1.00035 2.89073e-09 0)
(1.00035 2.47287e-09 0)
(1.00035 2.11548e-09 0)
(1.00035 1.80984e-09 0)
(1.00035 1.54846e-09 0)
(1.00035 1.32489e-09 0)
(1.00035 1.1336e-09 0)
(1.00035 9.69912e-10 0)
(1.00035 8.29798e-10 0)
(1.00035 7.09877e-10 0)
(1.00035 6.07236e-10 0)
(1.00035 5.19422e-10 0)
(1.00035 4.44337e-10 0)
(1.00035 3.80139e-10 0)
(1.00035 3.25272e-10 0)
(1.00035 2.78374e-10 0)
(1.00035 2.38262e-10 0)
(1.00035 2.03943e-10 0)
(1.00035 1.74593e-10 0)
(1.00035 1.49484e-10 0)
(1.00035 1.27999e-10 0)
(1.00035 1.09657e-10 0)
(1.00035 9.40189e-11 0)
(1.00035 8.06718e-11 0)
(1.00035 6.93101e-11 0)
(1.00035 5.9593e-11 0)
(1.00035 5.12899e-11 0)
(1.00035 4.41624e-11 0)
(1.00035 3.79878e-11 0)
(1.00035 3.26498e-11 0)
(1.00035 2.80064e-11 0)
(1.00035 2.39886e-11 0)
(1.00035 2.05291e-11 0)
(1.00035 1.75522e-11 0)
(1.00035 1.50081e-11 0)
(1.00035 1.28391e-11 0)
(1.00035 1.09586e-11 0)
(1.00035 9.33257e-12 0)
(1.00035 7.90316e-12 0)
(1.00035 6.63412e-12 0)
(1.00035 5.51376e-12 0)
(1.00035 4.52256e-12 0)
(1.00035 3.68413e-12 0)
(1.00035 3.00705e-12 0)
(1.00035 2.48174e-12 0)
(1.00035 2.08003e-12 0)
(1.00035 1.79918e-12 0)
(1.00035 1.59247e-12 0)
(1.00035 1.42071e-12 0)
(1.00035 1.28552e-12 0)
(1.00035 1.18921e-12 0)
(1.00035 1.11338e-12 0)
(1.00035 1.07312e-12 0)
(1.00035 1.07028e-12 0)
(1.00035 1.10065e-12 0)
(1.00035 1.17163e-12 0)
(1.00035 1.27491e-12 0)
(1.00035 1.38927e-12 0)
(1.00035 1.51877e-12 0)
(1.00035 1.64491e-12 0)
(1.00035 1.77924e-12 0)
(1.00035 1.89716e-12 0)
(1.00035 1.98243e-12 0)
(1.00035 2.04119e-12 0)
(1.00035 2.02002e-12 0)
(1.00035 1.95044e-12 0)
(1.00035 1.79285e-12 0)
(1.00035 1.56981e-12 0)
(1.00035 1.25873e-12 0)
(1.00035 8.69974e-13 0)
(1.00035 4.41769e-13 0)
(1.00035 -9.9216e-15 0)
(1.00035 -4.64027e-13 0)
(1.00035 -8.9155e-13 0)
(1.00035 -1.25149e-12 0)
(1.00035 -1.55804e-12 0)
(1.00035 -1.76201e-12 0)
(1.00035 -1.88554e-12 0)
(1.00035 -1.94605e-12 0)
(1.00035 -1.92304e-12 0)
(1.00035 -1.83638e-12 0)
(1.00035 -1.72022e-12 0)
(1.00035 -1.5754e-12 0)
(1.00035 -1.42489e-12 0)
(1.00035 -1.2929e-12 0)
(1.00035 -1.16784e-12 0)
(1.00035 -1.05848e-12 0)
(1.00035 -9.8211e-13 0)
(1.00035 -9.30998e-13 0)
(1.00035 -8.81222e-13 0)
(1.00035 -8.51178e-13 0)
(1.00035 -8.44043e-13 0)
(1.00035 -8.25401e-13 0)
(1.00035 -7.99376e-13 0)
(1.00035 -7.80977e-13 0)
(1.00035 -7.4448e-13 0)
(1.00035 -7.21816e-13 0)
(1.00035 -6.91543e-13 0)
(1.00035 -6.61966e-13 0)
(1.00035 -6.47756e-13 0)
(1.00035 -6.44713e-13 0)
(1.00035 -6.13503e-13 0)
(1.00035 -6.04464e-13 0)
(1.00035 -6.19469e-13 0)
(1.00035 -6.3041e-13 0)
(1.00035 -6.70239e-13 0)
(1.00035 -6.27449e-13 0)
(1.00035 -6.74092e-13 0)
(1.00035 -6.88774e-13 0)
(1.00035 -6.69769e-13 0)
(1.00035 -6.41501e-13 0)
(1.00035 -6.07764e-13 0)
(1.00035 -5.2609e-13 0)
(1.00035 -4.57498e-13 0)
(1.00035 -3.37804e-13 0)
(1.00035 -2.93093e-13 0)
(1.00035 -1.85755e-13 0)
(1 4.23834e-06 0)
(1 1.24479e-05 0)
(1.00001 2.11903e-05 0)
(1.00001 2.96293e-05 0)
(1.00002 3.66346e-05 0)
(1.00004 4.27211e-05 0)
(1.00005 4.92987e-05 0)
(1.00007 5.68167e-05 0)
(1.00008 6.42583e-05 0)
(1.0001 7.00688e-05 0)
(1.00013 7.32073e-05 0)
(1.00015 7.35118e-05 0)
(1.00017 7.14654e-05 0)
(1.00019 6.779e-05 0)
(1.00021 6.31564e-05 0)
(1.00023 5.80673e-05 0)
(1.00024 5.28566e-05 0)
(1.00026 4.77321e-05 0)
(1.00027 4.28195e-05 0)
(1.00028 3.81937e-05 0)
(1.00029 3.38969e-05 0)
(1.0003 2.99499e-05 0)
(1.00031 2.6358e-05 0)
(1.00031 2.31155e-05 0)
(1.00032 2.02089e-05 0)
(1.00032 1.76192e-05 0)
(1.00033 1.53241e-05 0)
(1.00033 1.32995e-05 0)
(1.00033 1.15207e-05 0)
(1.00034 9.96343e-06 0)
(1.00034 8.60428e-06 0)
(1.00034 7.42121e-06 0)
(1.00034 6.39379e-06 0)
(1.00034 5.50335e-06 0)
(1.00035 4.73299e-06 0)
(1.00035 4.06752e-06 0)
(1.00035 3.49343e-06 0)
(1.00035 2.99874e-06 0)
(1.00035 2.57288e-06 0)
(1.00035 2.2066e-06 0)
(1.00035 1.89179e-06 0)
(1.00035 1.6214e-06 0)
(1.00035 1.38929e-06 0)
(1.00035 1.19013e-06 0)
(1.00035 1.01932e-06 0)
(1.00035 8.72878e-07 0)
(1.00035 7.47363e-07 0)
(1.00035 6.39815e-07 0)
(1.00035 5.47683e-07 0)
(1.00035 4.68774e-07 0)
(1.00035 4.012e-07 0)
(1.00035 3.43343e-07 0)
(1.00035 2.93812e-07 0)
(1.00035 2.51413e-07 0)
(1.00035 2.15123e-07 0)
(1.00035 1.84063e-07 0)
(1.00035 1.57483e-07 0)
(1.00035 1.34737e-07 0)
(1.00035 1.15274e-07 0)
(1.00035 9.86201e-08 0)
(1.00035 8.43706e-08 0)
(1.00035 7.21788e-08 0)
(1.00035 6.17477e-08 0)
(1.00035 5.28234e-08 0)
(1.00035 4.51885e-08 0)
(1.00035 3.86568e-08 0)
(1.00035 3.3069e-08 0)
(1.00035 2.82887e-08 0)
(1.00035 2.41993e-08 0)
(1.00035 2.07008e-08 0)
(1.00035 1.7708e-08 0)
(1.00035 1.51479e-08 0)
(1.00035 1.29579e-08 0)
(1.00035 1.10845e-08 0)
(1.00035 9.48194e-09 0)
(1.00035 8.11105e-09 0)
(1.00035 6.93836e-09 0)
(1.00035 5.93525e-09 0)
(1.00035 5.07719e-09 0)
(1.00035 4.34321e-09 0)
(1.00035 3.71533e-09 0)
(1.00035 3.17821e-09 0)
(1.00035 2.71872e-09 0)
(1.00035 2.32568e-09 0)
(1.00035 1.98953e-09 0)
(1.00035 1.70204e-09 0)
(1.00035 1.45618e-09 0)
(1.00035 1.24591e-09 0)
(1.00035 1.06602e-09 0)
(1.00035 9.12093e-10 0)
(1.00035 7.80349e-10 0)
(1.00035 6.67583e-10 0)
(1.00035 5.71074e-10 0)
(1.00035 4.88493e-10 0)
(1.00035 4.17841e-10 0)
(1.00035 3.57437e-10 0)
(1.00035 3.05792e-10 0)
(1.00035 2.6165e-10 0)
(1.00035 2.23922e-10 0)
(1.00035 1.91658e-10 0)
(1.00035 1.64062e-10 0)
(1.00035 1.40439e-10 0)
(1.00035 1.20239e-10 0)
(1.00035 1.02972e-10 0)
(1.00035 8.82077e-11 0)
(1.00035 7.5633e-11 0)
(1.00035 6.49276e-11 0)
(1.00035 5.58044e-11 0)
(1.00035 4.80144e-11 0)
(1.00035 4.13293e-11 0)
(1.00035 3.55793e-11 0)
(1.00035 3.05868e-11 0)
(1.00035 2.62654e-11 0)
(1.00035 2.2522e-11 0)
(1.00035 1.92904e-11 0)
(1.00035 1.65295e-11 0)
(1.00035 1.41736e-11 0)
(1.00035 1.21526e-11 0)
(1.00035 1.04157e-11 0)
(1.00035 8.90605e-12 0)
(1.00035 7.57417e-12 0)
(1.00035 6.39891e-12 0)
(1.00035 5.35184e-12 0)
(1.00035 4.44272e-12 0)
(1.00035 3.65235e-12 0)
(1.00035 3.00482e-12 0)
(1.00035 2.49401e-12 0)
(1.00035 2.09987e-12 0)
(1.00035 1.80834e-12 0)
(1.00035 1.57273e-12 0)
(1.00035 1.39011e-12 0)
(1.00035 1.22772e-12 0)
(1.00035 1.07944e-12 0)
(1.00035 9.79985e-13 0)
(1.00035 9.04263e-13 0)
(1.00035 8.65178e-13 0)
(1.00035 8.61804e-13 0)
(1.00035 8.92432e-13 0)
(1.00035 9.64329e-13 0)
(1.00035 1.05323e-12 0)
(1.00035 1.14089e-12 0)
(1.00035 1.22297e-12 0)
(1.00035 1.30227e-12 0)
(1.00035 1.38129e-12 0)
(1.00035 1.43414e-12 0)
(1.00035 1.47141e-12 0)
(1.00035 1.47833e-12 0)
(1.00035 1.43301e-12 0)
(1.00035 1.36601e-12 0)
(1.00035 1.2351e-12 0)
(1.00035 1.0572e-12 0)
(1.00035 8.24749e-13 0)
(1.00035 5.36135e-13 0)
(1.00035 2.21963e-13 0)
(1.00035 -9.95715e-14 0)
(1.00035 -4.26658e-13 0)
(1.00035 -7.28997e-13 0)
(1.00035 -9.72766e-13 0)
(1.00035 -1.15865e-12 0)
(1.00035 -1.29158e-12 0)
(1.00035 -1.36548e-12 0)
(1.00035 -1.38465e-12 0)
(1.00035 -1.34078e-12 0)
(1.00035 -1.26204e-12 0)
(1.00035 -1.17427e-12 0)
(1.00035 -1.08142e-12 0)
(1.00035 -9.79882e-13 0)
(1.00035 -8.87413e-13 0)
(1.00035 -8.26562e-13 0)
(1.00035 -7.67702e-13 0)
(1.00035 -7.01575e-13 0)
(1.00035 -6.95953e-13 0)
(1.00035 -6.63791e-13 0)
(1.00035 -6.25791e-13 0)
(1.00035 -6.22659e-13 0)
(1.00035 -5.81226e-13 0)
(1.00035 -5.64558e-13 0)
(1.00035 -5.0669e-13 0)
(1.00035 -4.67115e-13 0)
(1.00035 -4.36171e-13 0)
(1.00035 -3.67027e-13 0)
(1.00035 -3.39979e-13 0)
(1.00035 -2.9287e-13 0)
(1.00035 -3.04327e-13 0)
(1.00035 -3.01668e-13 0)
(1.00035 -2.81657e-13 0)
(1.00035 -3.47158e-13 0)
(1.00035 -3.43307e-13 0)
(1.00035 -4.26148e-13 0)
(1.00035 -4.93477e-13 0)
(1.00035 -4.4758e-13 0)
(1.00035 -5.2458e-13 0)
(1.00035 -5.59997e-13 0)
(1.00035 -5.16162e-13 0)
(1.00035 -5.53087e-13 0)
(1.00035 -4.67858e-13 0)
(1.00035 -4.07346e-13 0)
(1.00035 -3.51715e-13 0)
(1.00035 -2.74855e-13 0)
(1.00035 -1.50345e-13 0)
(1 2.98723e-06 0)
(1 8.77487e-06 0)
(1.00001 1.4942e-05 0)
(1.00001 2.09021e-05 0)
(1.00002 2.58604e-05 0)
(1.00004 3.01812e-05 0)
(1.00005 3.48584e-05 0)
(1.00006 4.02093e-05 0)
(1.00008 4.55148e-05 0)
(1.0001 4.96745e-05 0)
(1.00012 5.19506e-05 0)
(1.00014 5.22267e-05 0)
(1.00016 5.08411e-05 0)
(1.00018 4.83001e-05 0)
(1.0002 4.5074e-05 0)
(1.00022 4.1515e-05 0)
(1.00024 3.78578e-05 0)
(1.00025 3.42492e-05 0)
(1.00026 3.07788e-05 0)
(1.00028 2.75008e-05 0)
(1.00029 2.44469e-05 0)
(1.00029 2.16336e-05 0)
(1.0003 1.90666e-05 0)
(1.00031 1.67434e-05 0)
(1.00032 1.46559e-05 0)
(1.00032 1.27921e-05 0)
(1.00033 1.11371e-05 0)
(1.00033 9.67452e-06 0)
(1.00033 8.38748e-06 0)
(1.00034 7.25908e-06 0)
(1.00034 6.27295e-06 0)
(1.00034 5.41358e-06 0)
(1.00034 4.6665e-06 0)
(1.00034 4.01844e-06 0)
(1.00035 3.45731e-06 0)
(1.00035 2.97225e-06 0)
(1.00035 2.55353e-06 0)
(1.00035 2.19252e-06 0)
(1.00035 1.88159e-06 0)
(1.00035 1.61406e-06 0)
(1.00035 1.38403e-06 0)
(1.00035 1.1864e-06 0)
(1.00035 1.01669e-06 0)
(1.00035 8.7105e-07 0)
(1.00035 7.46111e-07 0)
(1.00035 6.38974e-07 0)
(1.00035 5.47135e-07 0)
(1.00035 4.68431e-07 0)
(1.00035 4.01001e-07 0)
(1.00035 3.43242e-07 0)
(1.00035 2.93776e-07 0)
(1.00035 2.5142e-07 0)
(1.00035 2.15157e-07 0)
(1.00035 1.84113e-07 0)
(1.00035 1.57541e-07 0)
(1.00035 1.34798e-07 0)
(1.00035 1.15334e-07 0)
(1.00035 9.86776e-08 0)
(1.00035 8.44243e-08 0)
(1.00035 7.22282e-08 0)
(1.00035 6.17927e-08 0)
(1.00035 5.28638e-08 0)
(1.00035 4.52244e-08 0)
(1.00035 3.86884e-08 0)
(1.00035 3.30967e-08 0)
(1.00035 2.83129e-08 0)
(1.00035 2.42204e-08 0)
(1.00035 2.07193e-08 0)
(1.00035 1.77241e-08 0)
(1.00035 1.51617e-08 0)
(1.00035 1.29698e-08 0)
(1.00035 1.10947e-08 0)
(1.00035 9.49078e-09 0)
(1.00035 8.11867e-09 0)
(1.00035 6.94488e-09 0)
(1.00035 5.94075e-09 0)
(1.00035 5.08182e-09 0)
(1.00035 4.3471e-09 0)
(1.00035 3.71866e-09 0)
(1.00035 3.18107e-09 0)
(1.00035 2.72118e-09 0)
(1.00035 2.32776e-09 0)
(1.00035 1.99119e-09 0)
(1.00035 1.70331e-09 0)
(1.00035 1.4571e-09 0)
(1.00035 1.24656e-09 0)
(1.00035 1.0665e-09 0)
(1.00035 9.12506e-10 0)
(1.00035 7.80761e-10 0)
(1.00035 6.68005e-10 0)
(1.00035 5.71487e-10 0)
(1.00035 4.88878e-10 0)
(1.00035 4.18184e-10 0)
(1.00035 3.57698e-10 0)
(1.00035 3.05964e-10 0)
(1.00035 2.61742e-10 0)
(1.00035 2.23937e-10 0)
(1.00035 1.91619e-10 0)
(1.00035 1.63983e-10 0)
(1.00035 1.40346e-10 0)
(1.00035 1.20132e-10 0)
(1.00035 1.02838e-10 0)
(1.00035 8.80377e-11 0)
(1.00035 7.53881e-11 0)
(1.00035 6.46011e-11 0)
(1.00035 5.53986e-11 0)
(1.00035 4.75713e-11 0)
(1.00035 4.08906e-11 0)
(1.00035 3.52035e-11 0)
(1.00035 3.03148e-11 0)
(1.00035 2.60836e-11 0)
(1.00035 2.24229e-11 0)
(1.00035 1.92413e-11 0)
(1.00035 1.64919e-11 0)
(1.00035 1.41278e-11 0)
(1.00035 1.21176e-11 0)
(1.00035 1.04179e-11 0)
(1.00035 8.97291e-12 0)
(1.00035 7.72811e-12 0)
(1.00035 6.64206e-12 0)
(1.00035 5.66463e-12 0)
(1.00035 4.79221e-12 0)
(1.00035 4.01168e-12 0)
(1.00035 3.32956e-12 0)
(1.00035 2.75824e-12 0)
(1.00035 2.29614e-12 0)
(1.00035 1.95022e-12 0)
(1.00035 1.68227e-12 0)
(1.00035 1.48513e-12 0)
(1.00035 1.30791e-12 0)
(1.00035 1.15094e-12 0)
(1.00035 1.00508e-12 0)
(1.00035 8.64089e-13 0)
(1.00035 7.64966e-13 0)
(1.00035 7.01275e-13 0)
(1.00035 6.62334e-13 0)
(1.00035 6.6624e-13 0)
(1.00035 7.01282e-13 0)
(1.00035 7.71094e-13 0)
(1.00035 8.32754e-13 0)
(1.00035 8.87145e-13 0)
(1.00035 9.24287e-13 0)
(1.00035 9.53414e-13 0)
(1.00035 9.78926e-13 0)
(1.00035 9.72114e-13 0)
(1.00035 9.67808e-13 0)
(1.00035 9.2479e-13 0)
(1.00035 8.80728e-13 0)
(1.00035 8.25804e-13 0)
(1.00035 7.34919e-13 0)
(1.00035 6.06016e-13 0)
(1.00035 4.45636e-13 0)
(1.00035 2.56536e-13 0)
(1.00035 5.33536e-14 0)
(1.00035 -1.55948e-13 0)
(1.00035 -3.60447e-13 0)
(1.00035 -5.3173e-13 0)
(1.00035 -6.76723e-13 0)
(1.00035 -7.65344e-13 0)
(1.00035 -8.33154e-13 0)
(1.00035 -8.61211e-13 0)
(1.00035 -8.38708e-13 0)
(1.00035 -7.92501e-13 0)
(1.00035 -7.24176e-13 0)
(1.00035 -6.58305e-13 0)
(1.00035 -5.90967e-13 0)
(1.00035 -5.3691e-13 0)
(1.00035 -4.82236e-13 0)
(1.00035 -4.50319e-13 0)
(1.00035 -4.40505e-13 0)
(1.00035 -4.0173e-13 0)
(1.00035 -4.21972e-13 0)
(1.00035 -4.19987e-13 0)
(1.00035 -3.78981e-13 0)
(1.00035 -3.75463e-13 0)
(1.00035 -3.10432e-13 0)
(1.00035 -2.73922e-13 0)
(1.00035 -2.27208e-13 0)
(1.00035 -1.61622e-13 0)
(1.00035 -1.12352e-13 0)
(1.00035 -6.65819e-14 0)
(1.00035 -7.81398e-15 0)
(1.00035 2.11127e-14 0)
(1.00035 5.11657e-14 0)
(1.00035 1.2996e-14 0)
(1.00035 -1.33828e-14 0)
(1.00035 -1.12963e-14 0)
(1.00035 -9.3366e-14 0)
(1.00035 -1.16528e-13 0)
(1.00035 -2.28232e-13 0)
(1.00035 -2.78167e-13 0)
(1.00035 -2.96156e-13 0)
(1.00035 -3.71699e-13 0)
(1.00035 -3.50944e-13 0)
(1.00035 -4.05504e-13 0)
(1.00035 -3.90875e-13 0)
(1.00035 -3.29081e-13 0)
(1.00035 -2.61221e-13 0)
(1.00035 -2.36257e-13 0)
(1.00035 -1.42327e-13 0)
(1 1.7767e-06 0)
(1 5.21951e-06 0)
(1.00001 8.88961e-06 0)
(1.00001 1.24391e-05 0)
(1.00002 1.53961e-05 0)
(1.00003 1.79777e-05 0)
(1.00005 2.07755e-05 0)
(1.00006 2.39779e-05 0)
(1.00008 2.71568e-05 0)
(1.0001 2.96559e-05 0)
(1.00012 3.10349e-05 0)
(1.00014 3.12234e-05 0)
(1.00016 3.04217e-05 0)
(1.00018 2.89301e-05 0)
(1.0002 2.70273e-05 0)
(1.00022 2.49219e-05 0)
(1.00023 2.27534e-05 0)
(1.00025 2.06089e-05 0)
(1.00026 1.85423e-05 0)
(1.00027 1.65862e-05 0)
(1.00028 1.47603e-05 0)
(1.00029 1.3075e-05 0)
(1.0003 1.15345e-05 0)
(1.00031 1.01381e-05 0)
(1.00031 8.88138e-06 0)
(1.00032 7.7577e-06 0)
(1.00032 6.7586e-06 0)
(1.00033 5.87463e-06 0)
(1.00033 5.09591e-06 0)
(1.00033 4.41251e-06 0)
(1.00034 3.81476e-06 0)
(1.00034 3.29344e-06 0)
(1.00034 2.83992e-06 0)
(1.00034 2.44628e-06 0)
(1.00035 2.10525e-06 0)
(1.00035 1.81031e-06 0)
(1.00035 1.5556e-06 0)
(1.00035 1.33592e-06 0)
(1.00035 1.14665e-06 0)
(1.00035 9.83748e-07 0)
(1.00035 8.43652e-07 0)
(1.00035 7.23257e-07 0)
(1.00035 6.19859e-07 0)
(1.00035 5.31104e-07 0)
(1.00035 4.54956e-07 0)
(1.00035 3.89651e-07 0)
(1.00035 3.33664e-07 0)
(1.00035 2.8568e-07 0)
(1.00035 2.44566e-07 0)
(1.00035 2.09347e-07 0)
(1.00035 1.79182e-07 0)
(1.00035 1.53352e-07 0)
(1.00035 1.31236e-07 0)
(1.00035 1.12303e-07 0)
(1.00035 9.60964e-08 0)
(1.00035 8.22248e-08 0)
(1.00035 7.03529e-08 0)
(1.00035 6.01931e-08 0)
(1.00035 5.14992e-08 0)
(1.00035 4.40598e-08 0)
(1.00035 3.76943e-08 0)
(1.00035 3.22477e-08 0)
(1.00035 2.75876e-08 0)
(1.00035 2.36007e-08 0)
(1.00035 2.01897e-08 0)
(1.00035 1.72717e-08 0)
(1.00035 1.47752e-08 0)
(1.00035 1.26394e-08 0)
(1.00035 1.08122e-08 0)
(1.00035 9.24903e-09 0)
(1.00035 7.9119e-09 0)
(1.00035 6.76809e-09 0)
(1.00035 5.78967e-09 0)
(1.00035 4.95265e-09 0)
(1.00035 4.2366e-09 0)
(1.00035 3.62404e-09 0)
(1.00035 3.10002e-09 0)
(1.00035 2.65177e-09 0)
(1.00035 2.26838e-09 0)
(1.00035 1.94042e-09 0)
(1.00035 1.65988e-09 0)
(1.00035 1.4199e-09 0)
(1.00035 1.21462e-09 0)
(1.00035 1.03904e-09 0)
(1.00035 8.88842e-10 0)
(1.00035 7.60389e-10 0)
(1.00035 6.50514e-10 0)
(1.00035 5.56528e-10 0)
(1.00035 4.76119e-10 0)
(1.00035 4.07319e-10 0)
(1.00035 3.48456e-10 0)
(1.00035 2.98093e-10 0)
(1.00035 2.55011e-10 0)
(1.00035 2.18148e-10 0)
(1.00035 1.86617e-10 0)
(1.00035 1.59656e-10 0)
(1.00035 1.36607e-10 0)
(1.00035 1.16906e-10 0)
(1.00035 1.00068e-10 0)
(1.00035 8.56644e-11 0)
(1.00035 7.33284e-11 0)
(1.00035 6.27803e-11 0)
(1.00035 5.37475e-11 0)
(1.00035 4.60128e-11 0)
(1.00035 3.94358e-11 0)
(1.00035 3.3828e-11 0)
(1.00035 2.90687e-11 0)
(1.00035 2.50053e-11 0)
(1.00035 2.15321e-11 0)
(1.00035 1.85493e-11 0)
(1.00035 1.59437e-11 0)
(1.00035 1.3688e-11 0)
(1.00035 1.17176e-11 0)
(1.00035 1.00293e-11 0)
(1.00035 8.60788e-12 0)
(1.00035 7.41823e-12 0)
(1.00035 6.41821e-12 0)
(1.00035 5.5857e-12 0)
(1.00035 4.86472e-12 0)
(1.00035 4.21071e-12 0)
(1.00035 3.61118e-12 0)
(1.00035 3.05484e-12 0)
(1.00035 2.56392e-12 0)
(1.00035 2.14661e-12 0)
(1.00035 1.82093e-12 0)
(1.00035 1.58296e-12 0)
(1.00035 1.42577e-12 0)
(1.00035 1.3157e-12 0)
(1.00035 1.22097e-12 0)
(1.00035 1.11879e-12 0)
(1.00035 9.83815e-13 0)
(1.00035 8.24452e-13 0)
(1.00035 6.75244e-13 0)
(1.00035 5.52767e-13 0)
(1.00035 4.62578e-13 0)
(1.00035 4.20315e-13 0)
(1.00035 4.23493e-13 0)
(1.00035 4.72892e-13 0)
(1.00035 5.28841e-13 0)
(1.00035 5.65451e-13 0)
(1.00035 5.88745e-13 0)
(1.00035 5.68988e-13 0)
(1.00035 5.17175e-13 0)
(1.00035 4.47052e-13 0)
(1.00035 3.41216e-13 0)
(1.00035 2.4906e-13 0)
(1.00035 1.36709e-13 0)
(1.00035 6.44341e-14 0)
(1.00035 1.54985e-14 0)
(1.00035 -4.7558e-14 0)
(1.00035 -9.93062e-14 0)
(1.00035 -1.49555e-13 0)
(1.00035 -1.9624e-13 0)
(1.00035 -2.25992e-13 0)
(1.00035 -2.64955e-13 0)
(1.00035 -3.01714e-13 0)
(1.00035 -2.94108e-13 0)
(1.00035 -2.90139e-13 0)
(1.00035 -2.68144e-13 0)
(1.00035 -2.12033e-13 0)
(1.00035 -1.56051e-13 0)
(1.00035 -1.02281e-13 0)
(1.00035 -4.87327e-14 0)
(1.00035 -8.21473e-15 0)
(1.00035 1.81489e-14 0)
(1.00035 3.37226e-14 0)
(1.00035 9.70351e-15 0)
(1.00035 -1.58692e-14 0)
(1.00035 -4.49934e-14 0)
(1.00035 -1.05945e-13 0)
(1.00035 -1.30748e-13 0)
(1.00035 -1.61163e-13 0)
(1.00035 -1.93089e-13 0)
(1.00035 -1.65163e-13 0)
(1.00035 -1.48573e-13 0)
(1.00035 -9.42779e-14 0)
(1.00035 -9.87156e-15 0)
(1.00035 5.47979e-14 0)
(1.00035 1.60529e-13 0)
(1.00035 2.62904e-13 0)
(1.00035 3.21188e-13 0)
(1.00035 3.88037e-13 0)
(1.00035 4.06181e-13 0)
(1.00035 4.37153e-13 0)
(1.00035 4.27513e-13 0)
(1.00035 3.27656e-13 0)
(1.00035 2.91632e-13 0)
(1.00035 2.00795e-13 0)
(1.00035 8.54372e-14 0)
(1.00035 -2.1717e-15 0)
(1.00035 -1.19697e-13 0)
(1.00035 -2.29458e-13 0)
(1.00035 -3.02994e-13 0)
(1.00035 -2.95075e-13 0)
(1.00035 -3.4901e-13 0)
(1.00035 -3.53041e-13 0)
(1.00035 -3.10635e-13 0)
(1.00035 -2.33571e-13 0)
(1.00035 -2.03943e-13 0)
(1.00035 -1.35409e-13 0)
(1 5.89667e-07 0)
(1 1.73239e-06 0)
(1.00001 2.95079e-06 0)
(1.00001 4.12958e-06 0)
(1.00002 5.1123e-06 0)
(1.00003 5.97102e-06 0)
(1.00005 6.90215e-06 0)
(1.00006 7.96824e-06 0)
(1.00008 9.02706e-06 0)
(1.0001 9.86063e-06 0)
(1.00012 1.03225e-05 0)
(1.00014 1.0389e-05 0)
(1.00016 1.01267e-05 0)
(1.00018 9.63492e-06 0)
(1.0002 9.00604e-06 0)
(1.00022 8.30923e-06 0)
(1.00023 7.59065e-06 0)
(1.00025 6.87929e-06 0)
(1.00026 6.19302e-06 0)
(1.00027 5.54281e-06 0)
(1.00028 4.93526e-06 0)
(1.00029 4.374e-06 0)
(1.0003 3.86049e-06 0)
(1.00031 3.39461e-06 0)
(1.00031 2.97503e-06 0)
(1.00032 2.5996e-06 0)
(1.00032 2.26557e-06 0)
(1.00033 1.96985e-06 0)
(1.00033 1.70921e-06 0)
(1.00033 1.48036e-06 0)
(1.00034 1.2801e-06 0)
(1.00034 1.10538e-06 0)
(1.00034 9.53333e-07 0)
(1.00034 8.21316e-07 0)
(1.00034 7.06915e-07 0)
(1.00035 6.07951e-07 0)
(1.00035 5.22468e-07 0)
(1.00035 4.48725e-07 0)
(1.00035 3.85182e-07 0)
(1.00035 3.30483e-07 0)
(1.00035 2.83436e-07 0)
(1.00035 2.43001e-07 0)
(1.00035 2.0827e-07 0)
(1.00035 1.78456e-07 0)
(1.00035 1.52875e-07 0)
(1.00035 1.30935e-07 0)
(1.00035 1.12125e-07 0)
(1.00035 9.60023e-08 0)
(1.00035 8.21876e-08 0)
(1.00035 7.0353e-08 0)
(1.00035 6.02168e-08 0)
(1.00035 5.15368e-08 0)
(1.00035 4.41049e-08 0)
(1.00035 3.77424e-08 0)
(1.00035 3.2296e-08 0)
(1.00035 2.76343e-08 0)
(1.00035 2.36445e-08 0)
(1.00035 2.023e-08 0)
(1.00035 1.73082e-08 0)
(1.00035 1.48079e-08 0)
(1.00035 1.26686e-08 0)
(1.00035 1.08381e-08 0)
(1.00035 9.27188e-09 0)
(1.00035 7.93195e-09 0)
(1.00035 6.78561e-09 0)
(1.00035 5.80491e-09 0)
(1.00035 4.96587e-09 0)
(1.00035 4.24804e-09 0)
(1.00035 3.63391e-09 0)
(1.00035 3.10853e-09 0)
(1.00035 2.65911e-09 0)
(1.00035 2.27468e-09 0)
(1.00035 1.94584e-09 0)
(1.00035 1.66454e-09 0)
(1.00035 1.42389e-09 0)
(1.00035 1.21801e-09 0)
(1.00035 1.04189e-09 0)
(1.00035 8.91223e-10 0)
(1.00035 7.62341e-10 0)
(1.00035 6.52098e-10 0)
(1.00035 5.57803e-10 0)
(1.00035 4.77155e-10 0)
(1.00035 4.08188e-10 0)
(1.00035 3.4921e-10 0)
(1.00035 2.98749e-10 0)
(1.00035 2.55566e-10 0)
(1.00035 2.18618e-10 0)
(1.00035 1.86998e-10 0)
(1.00035 1.59938e-10 0)
(1.00035 1.368e-10 0)
(1.00035 1.17024e-10 0)
(1.00035 1.00126e-10 0)
(1.00035 8.56716e-11 0)
(1.00035 7.33029e-11 0)
(1.00035 6.27246e-11 0)
(1.00035 5.36706e-11 0)
(1.00035 4.59258e-11 0)
(1.00035 3.93036e-11 0)
(1.00035 3.36527e-11 0)
(1.00035 2.8829e-11 0)
(1.00035 2.4694e-11 0)
(1.00035 2.11481e-11 0)
(1.00035 1.81069e-11 0)
(1.00035 1.54988e-11 0)
(1.00035 1.32832e-11 0)
(1.00035 1.13956e-11 0)
(1.00035 9.80115e-12 0)
(1.00035 8.44098e-12 0)
(1.00035 7.27818e-12 0)
(1.00035 6.27261e-12 0)
(1.00035 5.38045e-12 0)
(1.00035 4.6041e-12 0)
(1.00035 3.92293e-12 0)
(1.00035 3.34524e-12 0)
(1.00035 2.87318e-12 0)
(1.00035 2.49521e-12 0)
(1.00035 2.18616e-12 0)
(1.00035 1.93226e-12 0)
(1.00035 1.707e-12 0)
(1.00035 1.48715e-12 0)
(1.00035 1.26981e-12 0)
(1.00035 1.06051e-12 0)
(1.00035 8.79187e-13 0)
(1.00035 7.41803e-13 0)
(1.00035 6.50463e-13 0)
(1.00035 6.03496e-13 0)
(1.00035 5.83489e-13 0)
(1.00035 5.78415e-13 0)
(1.00035 5.67021e-13 0)
(1.00035 5.34315e-13 0)
(1.00035 4.64514e-13 0)
(1.00035 3.72211e-13 0)
(1.00035 2.82887e-13 0)
(1.00035 2.06925e-13 0)
(1.00035 1.50581e-13 0)
(1.00035 1.23938e-13 0)
(1.00035 1.24401e-13 0)
(1.00035 1.54143e-13 0)
(1.00035 1.80216e-13 0)
(1.00035 1.97738e-13 0)
(1.00035 1.99978e-13 0)
(1.00035 1.72093e-13 0)
(1.00035 1.19191e-13 0)
(1.00035 4.50027e-14 0)
(1.00035 -4.39092e-14 0)
(1.00035 -1.22877e-13 0)
(1.00035 -2.06999e-13 0)
(1.00035 -2.61848e-13 0)
(1.00035 -2.94217e-13 0)
(1.00035 -3.19058e-13 0)
(1.00035 -3.21006e-13 0)
(1.00035 -3.044e-13 0)
(1.00035 -2.74542e-13 0)
(1.00035 -2.28157e-13 0)
(1.00035 -1.86667e-13 0)
(1.00035 -1.47051e-13 0)
(1.00035 -8.2999e-14 0)
(1.00035 -2.66649e-14 0)
(1.00035 2.85725e-14 0)
(1.00035 1.02138e-13 0)
(1.00035 1.60282e-13 0)
(1.00035 2.0317e-13 0)
(1.00035 2.40267e-13 0)
(1.00035 2.45747e-13 0)
(1.00035 2.42007e-13 0)
(1.00035 2.28629e-13 0)
(1.00035 1.85332e-13 0)
(1.00035 1.35043e-13 0)
(1.00035 8.86395e-14 0)
(1.00035 3.04913e-14 0)
(1.00035 -9.74294e-15 0)
(1.00035 -3.3405e-14 0)
(1.00035 -5.2415e-14 0)
(1.00035 -4.60526e-14 0)
(1.00035 -3.15629e-14 0)
(1.00035 -5.31172e-15 0)
(1.00035 4.74108e-14 0)
(1.00035 9.74101e-14 0)
(1.00035 1.64343e-13 0)
(1.00035 2.2541e-13 0)
(1.00035 2.84633e-13 0)
(1.00035 3.14687e-13 0)
(1.00035 3.26516e-13 0)
(1.00035 3.17823e-13 0)
(1.00035 3.32939e-13 0)
(1.00035 2.83902e-13 0)
(1.00035 1.87271e-13 0)
(1.00035 1.89799e-13 0)
(1.00035 1.02294e-13 0)
(1.00035 1.96779e-14 0)
(1.00035 -2.13519e-14 0)
(1.00035 -9.68503e-14 0)
(1.00035 -1.68197e-13 0)
(1.00035 -1.86174e-13 0)
(1.00035 -1.72257e-13 0)
(1.00035 -2.12932e-13 0)
(1.00035 -2.43358e-13 0)
(1.00035 -2.14501e-13 0)
(1.00035 -1.25251e-13 0)
(1.00035 -4.03621e-14 0)
)
;

boundaryField
{
    inlet
    {
        type            fixedValue;
        value           uniform (1 0 0);
    }
    outlet
    {
        type            zeroGradient;
    }
    top
    {
        type            slip;
    }
    bottom
    {
        type            noSlip;
    }
    frontAndBack
    {
        type            empty;
    }
}


// ************************************************************************* //
